# %ECSV 0.9
# ---
# datatype:
# - name: sexcat_id
#   datatype: int32
# - name: x
#   datatype: int32
# - name: y
#   datatype: int32
# - name: sep
#   datatype: float64
# - name: weight
#   datatype: float64
# schema: astropy-2.0
sexcat_id x y sep weight
848 2694 1677 10.483846049995229 0.37987057349929854
848 2695 1677 10.28761527274424 0.4063940893048102
848 2696 1677 10.186217551181622 0.4254674856053746
848 2697 1677 10.1824863368433 0.43500793963080153
848 2698 1677 10.276528012903993 0.4338888799138858
848 2699 1677 10.465707238404889 0.42224542684773314
848 2691 1678 10.714244163728985 0.3351605673622449
848 2692 1678 10.23323155215402 0.38067786056102065
848 2693 1678 9.83071859021509 0.42664139776017235
848 2694 1678 9.516671056624817 0.47002323410968716
848 2695 1678 9.300055268653004 0.5070032719142857
848 2696 1678 9.18776512542634 0.5335214186723668
848 2697 1678 9.183628259027063 0.5461797392089405
848 2698 1678 9.287789187960742 0.5432065515132524
848 2699 1678 9.496685105867227 0.5250268561913486
848 2700 1678 9.803623207773766 0.49412146374918375
848 2701 1678 10.199756271597884 0.4542560820480569
848 2702 1678 10.675159389910784 0.40949107183254624
848 2689 1679 11.117689867953711 0.29470269851929637
848 2690 1679 10.465516136340366 0.34501017176652915
848 2691 1679 9.871728723987534 0.4013708633556564
848 2692 1679 9.347461045653013 0.4625097103060753
848 2693 1679 8.90500016844472 0.5257675947509474
848 2694 1679 8.557045518168083 0.5867800410152082
848 2695 1679 8.315469199029028 0.6395733273539985
848 2696 1679 8.189690348236644 0.6774242675948732
848 2697 1679 8.185049052999036 0.6945499727964621
848 2698 1679 8.301748490528992 0.6880554197097482
848 2699 1679 8.534812710305973 0.6590593795863251
848 2700 1679 8.875079041901563 0.6122479885508367
848 2701 1679 9.310801684065682 0.554162870304762
848 2702 1679 9.829294379557481 0.4912801810602646
848 2703 1679 10.418206563511797 0.42874831541896075
848 2688 1680 11.1505617795697 0.2876148279611305
848 2689 1680 10.404759872289246 0.34246168776182206
848 2690 1680 9.70479407303424 0.40682699556279334
848 2691 1680 9.061292843739269 0.48093055644324045
848 2692 1680 8.487109519736414 0.5637250890717
848 2693 1680 7.997188756056746 0.6520343356196452
848 2694 1680 7.607826759331499 0.7396758876048574
848 2695 1680 7.335054737355434 0.8171688374326427
848 2696 1680 7.192150443365348 0.8729579644486015
848 2697 1680 7.186864963250691 0.8966842393036499
848 2698 1680 7.319496430766281 0.8833897436855823
848 2699 1680 7.582811351998697 0.8358942041149454
848 2700 1680 7.9638576079686585 0.7634161869493326
848 2701 1680 8.44671699537757 0.6775830869756251
848 2702 1680 9.015044536772974 0.588684819727854
848 2703 1680 9.653757196035139 0.5038674478435159
848 2704 1680 10.349832269172298 0.42708976697494855
848 2688 1681 10.535227951971448 0.3279523850733409
848 2689 1681 9.742434398034224 0.39600118399394696
848 2690 1681 8.991052663620676 0.47804947841836415
848 2691 1681 8.29234755663319 0.5755057795088476
848 2692 1681 7.660745916684641 0.6882949168508166
848 2693 1681 7.114142815547098 0.8132681752286344
848 2694 1681 6.673456975211601 0.942096133128652
848 2695 1681 6.360741151784149 1.0596490820232278
848 2696 1681 6.19540378022291 1.145238905391289
848 2697 1681 6.189267161789052 1.1791004503904825
848 2698 1681 6.342793390928029 1.152228465230147
848 2699 1681 6.644924980765415 1.0718260537696316
848 2700 1681 7.076653728988033 0.9569014995649182
848 2701 1681 7.615971901208684 0.8284797094118037
848 2702 1681 8.241785486167435 0.7024966405674811
848 2703 1681 8.935940241519086 0.5880276691314634
848 2704 1681 9.683750719633387 0.4887179117061257
848 2687 1682 10.850024331769974 0.30383906411967193
848 2688 1682 9.982335798799822 0.3709366453912127
848 2689 1682 9.141719094349838 0.4544920120471061
848 2690 1682 8.33636779418953 0.5582200963341349
848 2691 1682 7.577534427503473 0.6858173322776222
848 2692 1682 6.88062700631275 0.839739017712055
848 2693 1682 6.266340878056376 1.018588752992951
848 2694 1682 5.761165507082775 1.2125700940993795
848 2695 1682 5.395834319176257 1.3979873453998972
848 2696 1682 5.19990653762164 1.5362172625299895
848 2697 1682 5.1925935716171985 1.5864389984764258
848 2698 1682 5.3746653849333015 1.5310074491950436
848 2699 1682 5.728091130560006 1.3893094971392803
848 2700 1682 6.2237471028312354 1.2026265290361824
848 2701 1682 6.830741394607188 1.0089801680645116
848 2702 1682 7.52216910206093 0.8312580628603077
848 2703 1682 8.276897244740937 0.6786916024351125
848 2704 1682 9.079153484769387 0.552388006252518
848 2687 1683 10.410524866691421 0.335902349274862
848 2688 1683 9.502790537521092 0.4150586283381758
848 2689 1683 8.615510896052559 0.5160608020546616
848 2690 1683 7.7557093808368265 0.6453076990266572
848 2691 1683 6.933615795528357 0.8104483645344123
848 2692 1683 6.164335162854167 1.0193439600505558
848 2693 1683 5.470194512080927 1.2766490163389068
848 2694 1683 4.883341888502204 1.5753790150697407
848 2695 1683 4.446462414099578 1.8815078084193906
848 2696 1683 4.206545851408282 2.12045756425148
848 2697 1683 4.197502590827098 2.19893883340968
848 2698 1683 4.420749710173624 2.078702531335512
848 2699 1683 4.844277861559983 1.8167627303819045
848 2700 1683 5.421349278546821 1.5073323783553518
848 2701 1683 6.108602786235172 1.216019691506031
848 2702 1683 6.8730654005327265 0.969350931049113
848 2703 1683 7.691750645984311 0.7706671591900054
848 2704 1683 8.549095156798762 0.6141106156653982
848 2687 1684 10.051618178184066 0.36657501548846366
848 2688 1684 9.108184670942963 0.4580408778014616
848 2689 1684 8.17820444841044 0.5774749702104989
848 2690 1684 7.266844432076436 0.7349175014420813
848 2691 1684 6.382086492676222 0.9440652138116621
848 2692 1684 5.5366982941099705 1.2226517795326255
848 2693 1684 4.751739470972734 1.59023893351706
848 2694 1684 4.0623919062542715 2.05694824531771
848 2695 1684 3.52519900147498 2.588505654880523
848 2696 1684 3.217301353619237 3.041935844164706
848 2697 1684 3.205468452504275 3.17423207869924
848 2698 1684 3.492710695147843 2.8900718145277784
848 2699 1684 4.015349050829841 2.3802139368690436
848 2700 1684 4.695426285226943 1.864377510701183
848 2701 1684 5.4745801665515925 1.4357364387179399
848 2702 1684 6.316251103304874 1.1048866816025076
848 2703 1684 7.19854346378488 0.8556114336182182
848 2704 1684 8.10820744677885 0.6684440789619174
848 2687 1685 9.782179102837993 0.3939092988067553
848 2688 1685 8.809939159835345 0.49687756192568744
848 2689 1685 7.844681510424771 0.6340427021357331
848 2690 1685 6.8893416231161195 0.8197154584666527
848 2691 1685 5.948699689848214 1.075462800812727
848 2692 1685 5.031006658711575 1.433988520749792
848 2693 1685 4.151509123198477 1.9436214379699641
848 2694 1685 3.3405131342355423 2.6662640567271825
848 2695 1685 2.661395874348674 3.630317923863365
848 2696 1685 2.2376389342340564 4.61183828516904
848 2697 1685 2.2205918130084377 4.8634752217387796
848 2698 1685 2.618210839485636 4.095766466790464
848 2699 1685 3.283143006327939 3.066296455104735
848 2700 1685 4.086933813997975 2.233574347084493
848 2701 1685 4.962562644440875 1.6374339324808553
848 2702 1685 5.878012249051544 1.2190209284604565
848 2703 1685 6.817259566717404 0.9226460285137486
848 2704 1685 7.771681156609549 0.7091712391428796
848 2687 1686 9.609736104597268 0.4157836261447608
848 2688 1686 8.618064051746208 0.528121796483861
848 2689 1686 7.628566575707406 0.6799903675540179
848 2690 1686 6.642215594212536 0.8897228338828339
848 2691 1686 5.660656145713161 1.186907457616455
848 2692 1686 4.686899614884039 1.6214581849702026
848 2693 1686 3.7270669433215358 2.281885647391608
848 2694 1686 2.795537157685463 3.3321668712198442
848 2695 1686 1.9336566396338553 5.063605419256577
848 2696 1686 1.2895844291864227 7.599892233482857
848 2697 1686 1.2597729954241954 8.193362935196204
848 2698 1686 1.8737737323380397 5.700446659260261
848 2699 1686 2.7267247752569395 3.723024206397435
848 2700 1686 3.6550004103966915 2.5211147186999017
848 2701 1686 4.613353227317409 1.774726846401658
848 2702 1686 5.5863250890008125 1.2894272037637686
848 2703 1686 6.567421716320638 0.960776169283121
848 2704 1686 7.553477874462855 0.7306792113982015
848 2687 1687 9.539550723173509 0.4302222726724399
848 2688 1687 8.539732314305889 0.5484584618155824
848 2689 1687 7.539962068870119 0.7095042113871675
848 2690 1687 6.5402620742597275 0.9341942011020473
848 2691 1687 5.540670356554352 1.2572555639539444
848 2692 1687 4.54125841590193 1.7402763817382796
848 2693 1687 3.5421784257713624 2.502151209407162
848 2694 1687 2.5438215346207103 3.8028392698380418
848 2695 1687 1.547587800417166 6.340385411392923
848 2696 1687 0.5648256368119462 12.986503462054534
848 2697 1687 0.4929787013654836 14.36436185166049
848 2698 1687 1.4720828781016293 6.746730459395501
848 2699 1687 2.4680008103726294 3.991328083184424
848 2700 1687 3.4662700414133827 2.6067308240785416
848 2701 1687 4.465313874746087 1.8043078544868745
848 2702 1687 5.464707494459323 1.2990392974034934
848 2703 1687 6.4642886692968675 0.9627209484405083
848 2704 1687 7.463982047138098 0.7296550070809729
848 2688 1688 8.578055024304762 0.5554555221991897
848 2689 1688 7.583338842488849 0.718280977178036
848 2690 1688 6.590222151035586 0.9450196403358437
848 2691 1688 5.599556053831417 1.269934423592476
848 2692 1688 4.612919682803946 1.7527392363510679
848 2693 1688 3.6335971158068743 2.50494930445117
848 2694 1688 2.6696494151854497 3.753232096490335
848 2695 1688 1.7467192104056082 5.9909144244505494
848 2696 1688 0.9874350611559068 9.807658608080606
848 2697 1688 0.948170870676772 9.552659573584208
848 2698 1688 1.6801868943661968 5.802986830510509
848 2699 1688 2.5975041867146054 3.651389799543166
848 2700 1688 3.5596387457156213 2.4454864481217204
848 2701 1688 4.538174522867081 1.7154842734751676
848 2702 1688 5.524402954166163 1.2453200553631543
848 2703 1688 6.514831386920141 0.9280882060114332
848 2704 1688 7.507797812940876 0.7062620160457557
848 2688 1689 8.731496320791763 0.5482245030233402
848 2689 1689 7.756482965880868 0.7049515670875837
848 2690 1689 6.7887427407436824 0.9200662664476322
848 2691 1689 5.831897461375673 1.2216744931422416
848 2692 1689 4.892343814573952 1.6544389301482008
848 2693 1689 3.982339513401637 2.2888350316033774
848 2694 1689 3.1277832405715014 3.2239570150202153
848 2695 1689 2.388938676483752 4.510856812499122
848 2696 1689 1.9055256492631945 5.695596458195658
848 2697 1689 1.885478188683151 5.495841949084903
848 2698 1689 2.340732364026241 4.187779177017501
848 2699 1689 3.0664357159412057 2.9742499177798836
848 2700 1689 3.914974840276733 2.118417759304492
848 2701 1689 4.821931977952386 1.538886142360835
848 2702 1689 5.7597767317839486 1.1418055101937414
848 2703 1689 6.715580987524442 0.8635587019895826
848 2704 1689 7.682644596751808 0.6640791155652419
848 2688 1690 8.994166331572929 0.527683124076888
848 2689 1690 8.051026518401242 0.6715789177317997
848 2690 1690 7.1234140691104 0.8641559481553085
848 2691 1690 6.2182817562410255 1.1244547734694341
848 2692 1690 5.347057882611703 1.4777878212420288
848 2693 1690 4.529351830008344 1.9520004312390888
848 2694 1690 3.7998721031108285 2.5558293870829414
848 2695 1690 3.219165730433879 3.2084967618108013
848 2696 1690 2.878719854379698 3.634332974758053
848 2697 1690 2.865489138000674 3.515882641932146
848 2698 1690 3.1835558735476632 2.953256199072856
848 2699 1690 3.7495370380888096 2.2997243116092725
848 2700 1690 4.470238024982538 1.7456545568223532
848 2701 1690 5.282710289235986 1.3229505001739077
848 2702 1690 6.150693294255513 1.010355218904473
848 2703 1690 7.0537244062976905 0.7799316277981114
848 2704 1690 7.979914034624664 0.6088418133650254
848 2688 1691 9.35687063071837 0.4962842107291421
848 2689 1691 8.45429050837502 0.6229158802857387
848 2690 1691 7.576214622091955 0.7869121717149589
848 2691 1691 6.732237963708645 0.9987246893408444
848 2692 1691 5.936920750692222 1.2683066346762246
848 2693 1691 5.212583620432374 1.5981500100265724
848 2694 1691 4.592932396628527 1.9665040013038302
848 2695 1691 4.125412464227042 2.3012733795683027
848 2696 1691 3.8656212954711195 2.47809964603266
848 2697 1691 3.8557785206103055 2.4043096484658615
848 2698 1691 4.097685688287935 2.1209988250852123
848 2699 1691 4.55137649508363 1.7545231375433046
848 2700 1691 5.161300998779255 1.4031393267579986
848 2701 1691 5.879032913668684 1.1070726802018296
848 2702 1691 6.669859668688666 0.8714562714139512
848 2703 1691 7.510727528009498 0.6882422880847154
848 2688 1692 9.80851813476429 0.45735101623229946
848 2689 1692 8.951593601141639 0.5648854142754994
848 2690 1692 8.12742443828301 0.6991140755924071
848 2691 1692 7.34704212591706 0.864275975338214
848 2692 1692 6.625936009349913 1.0614441706195505
848 2693 1692 5.985568310528236 1.283344065513292
848 2694 1692 5.454450293109271 1.5065329358806006
848 2695 1692 5.067053187011144 1.686189429455919
848 2696 1692 4.857883078049508 1.767332813876724
848 2697 1692 4.8500544326842085 1.7188778717256343
848 2698 1692 5.044504732875144 1.5598774630907484
848 2699 1692 5.419504405386133 1.3429151036531082
848 2700 1692 5.940961874982845 1.1175748760823487
848 2701 1692 6.574118039706897 0.9127450326922122
848 2702 1692 7.289926474251962 0.7391107566942956
848 2689 1693 9.528222709403883 0.5030985516353912
848 2690 1693 8.758483202016194 0.6098055030851982
848 2691 1693 8.039591283143679 0.735048309814268
848 2692 1693 7.3864083288158255 0.8760690017080839
848 2693 1693 6.817846287501632 1.0239797051875792
848 2694 1693 6.356652263573944 1.1612021281551097
848 2695 1693 6.027522542471304 1.2622935142162124
848 2696 1693 5.852779510625675 1.3020265520733667
848 2697 1693 5.846283263749687 1.268841745020706
848 2698 1693 6.008579532634953 1.1724593849975613
848 2699 1693 6.326691710522937 1.0374224568314092
848 2700 1693 6.778718757995469 0.8896184285931049
848 2701 1693 7.339961035318893 0.7474725728011432
848 2690 1694 9.453413563364283 0.5251115291844741
848 2691 1694 8.791531607177431 0.6185566977097863
848 2692 1694 8.198477175671085 0.7185407379823532
848 2693 1694 7.690190374756644 0.8175189915405492
848 2694 1694 7.284437383902734 0.9037592370894911
848 2695 1694 6.999073367239387 0.9630606391287655
848 2696 1694 6.849162576549023 0.983272477727913
848 2697 1694 6.843612204092196 0.9597800538825367
848 2698 1694 6.982766500463811 0.8979239158961705
848 2699 1694 7.2583075162188875 0.810216141552261
848 2692 1695 9.048261048400388 0.5884413910030828
848 2693 1695 8.590403250139056 0.6553638392954585
848 2694 1695 8.229157186492408 0.7108359601637987
848 2695 1695 7.9776580523358875 0.7468537820809014
848 2696 1695 7.846465956084918 0.7572835119462741
848 2697 1695 7.841621515987595 0.7402047171841627
848 2698 1695 7.963355322977844 0.6987278727119928
848 2694 1696 9.185588059563722 0.5648533477233565
848 2695 1696 8.96097249186714 0.5873625828916949
848 2696 1696 8.844378327502707 0.5926759767439899
848 2697 1696 8.840080768861762 0.5799865562501261
1865 3445 3500 9.154212418335153 0.12370548268750631
1865 3446 3500 8.798954767471066 0.1436409357204156
1865 3447 3500 8.546555153978831 0.16196736263434167
1865 3448 3500 8.406283661642783 0.17618736419827186
1865 3449 3500 8.383770333209439 0.18389655761877052
1865 3450 3500 8.47995312487062 0.1836145994447802
1865 3451 3500 8.6908920715887 0.17539786298852406
1865 3444 3501 8.74194514967927 0.13431138461495543
1865 3445 3501 8.248854768996797 0.16308064363036903
1865 3446 3501 7.852745061441986 0.19338061814939309
1865 3447 3501 7.568857575618781 0.2219741760111708
1865 3448 3501 7.410101551261096 0.24439089450356796
1865 3449 3501 7.38455178057561 0.25609412516039876
1865 3450 3501 7.493570911121259 0.2543378817695932
1865 3451 3501 7.731468489233012 0.23955111626942815
1865 3452 3501 8.086878569633855 0.21510983770315062
1865 3443 3502 8.546555153978725 0.13715218106104934
1865 3444 3502 7.91616100139459 0.17355564223418582
1865 3445 3502 7.368012282834557 0.21644902068148664
1865 3446 3502 6.9216764587779736 0.26358117401109654
1865 3447 3502 6.597848512962502 0.30971931939670516
1865 3448 3502 6.4151075595037215 0.34656945070206047
1865 3449 3502 6.385577890841367 0.3650334431156715
1865 3450 3502 6.511344331242388 0.35967636381314916
1865 3451 3502 6.783775128938362 0.3321368688309389
1865 3452 3502 7.186209362383132 0.2900473508035718
1865 3453 3502 7.698285848161477 0.2426120544216999
1865 3442 3503 8.582866945257843 0.13145520604670574
1865 3443 3503 7.828640047926586 0.17195110869448105
1865 3444 3503 7.135096705721674 0.22403665475728238
1865 3445 3503 6.521625947568642 0.28866202730213625
1865 3446 3503 6.012786791497008 0.36372494156861424
1865 3447 3503 5.636985453236613 0.44113247363083113
1865 3448 3503 5.421955827927914 0.5049799726890908
1865 3449 3503 5.386984778148326 0.5356049374845886
1865 3450 3503 5.535485976858949 0.5213141847463516
1865 3451 3503 5.853512193546911 0.4677519862511361
1865 3452 3503 6.3155051262747515 0.39318669293614483
1865 3453 3503 6.892576078651796 0.31587979335568805
1865 3454 3503 7.558412862499856 0.24683765925977325
1865 3442 3504 7.994348316154317 0.15876836558117383
1865 3443 3504 7.178551734159173 0.21343742948388456
1865 3444 3504 6.415107559503579 0.28746105344679446
1865 3445 3504 5.724998253274866 0.3852302698948527
1865 3446 3504 5.137859963058605 0.5073381310033975
1865 3447 3504 4.69250519445646 0.6430924058424505
1865 3448 3504 4.431885039122875 0.7614642119429182
1865 3449 3504 4.389032353492221 0.8158405798486679
1865 3450 3504 4.5700771328284775 0.7781037967117588
1865 3451 3504 4.950515629709905 0.6682291155894777
1865 3452 3504 5.489044087999509 0.5326844240857196
1865 3453 3504 6.144233475381828 0.4066503157805954
1865 3454 3504 6.882848610858948 0.3040927384345172
1865 3441 3505 8.398309651352394 0.13779564497754657
1865 3442 3505 7.493570911121016 0.188381750078154
1865 3443 3505 6.616313550611047 0.2604861710376842
1865 3444 3505 5.77906610102356 0.36372081667236034
1865 3445 3505 5.001960115794603 0.510399243682338
1865 3446 3505 4.317592500456737 0.7115237228685264
1865 3447 3505 3.776718813997218 0.9610581790466729
1865 3448 3505 3.447550579759614 1.2010338166955563
1865 3449 3505 3.3922861023211395 1.3076219124335418
1865 3450 3505 3.6234796811906436 1.2018977175056007
1865 3451 3505 4.092872463197668 0.9622068013795209
1865 3452 3505 4.7300745237260315 0.7125336954127399
1865 3453 3505 5.476824353583228 0.5111601589520268
1865 3454 3505 6.294251742661922 0.36426188413289645
1865 3455 3505 7.158184476527755 0.2608643640855665
1865 3441 3506 8.048329329742817 0.1563151805312381
1865 3442 3506 7.099127059012168 0.21806627543277446
1865 3443 3506 6.166003973401172 0.3097129708951296
1865 3444 3506 5.257528411715846 0.4484576603077321
1865 3445 3506 4.389032353492014 0.6618329855749862
1865 3446 3506 3.589652490144407 0.9897032027597451
1865 3447 3506 2.9167799025638255 1.4662202647561142
1865 3448 3506 2.475803909844344 2.0143712401904077
1865 3449 3506 2.398250403940514 2.2589931731396873
1865 3450 3506 2.7154382703352207 1.922461296343208
1865 3451 3506 3.315962152980856 1.3693467748627888
1865 3452 3506 4.076469673627137 0.9198641459587307
1865 3453 3506 4.923373335427858 0.6160213462703874
1865 3454 3506 5.819072520600025 0.4187786768688389
1865 3455 3506 6.744153393866618 0.29024598843254756
1865 3441 3507 7.811504656594537 0.17238892661514912
1865 3442 3507 6.829465938124184 0.24438438316616012
1865 3443 3507 5.8535121935466 0.3548124346887395
1865 3444 3507 4.887290148947475 0.5301864520380954
1865 3445 3507 3.9379696545300256 0.8204734373328387
1865 3446 3507 3.0215236222805917 1.323627943074194
1865 3447 3507 2.1798176529241906 2.22426578394423
1865 3448 3507 1.5406508364974283 3.674282221758338
1865 3449 3507 1.4126588406266123 4.422898473887218
1865 3450 3507 1.9020002628813757 3.096155368973633
1865 3451 3507 2.6906514081168376 1.83238829568888
1865 3452 3507 3.586307990120399 1.105137343774671
1865 3453 3507 4.525881682059499 0.6960068887496954
1865 3454 3507 5.486857479468736 0.4559265284454055
1865 3455 3507 6.459690782073265 0.30855451779944937
1865 3441 3508 7.698285848161123 0.18389100957994908
1865 3442 3508 6.699672006896914 0.2631933678519889
1865 3443 3508 5.701544089104146 0.38722648656209785
1865 3444 3508 4.704211411065485 0.5900403167480521
1865 3445 3508 3.708315655388443 0.9420144933899097
1865 3446 3508 2.715438270334886 1.6070518504560647
1865 3447 3508 1.730781615340195 3.043471277237753
1865 3448 3508 0.7858784893352869 6.976096404830619
1865 3449 3508 0.4894946373559275 10.8686109706257
1865 3450 3508 1.3644064643648202 4.275653306973667
1865 3451 3508 2.341709845390929 2.1046370506927956
1865 3452 3508 3.332507314320721 1.1850178323508223
1865 3453 3508 4.32754029443995 0.7228038518575778
1865 3454 3508 5.32443471177943 0.46537160811788103
1865 3455 3508 6.322310099955712 0.31172434390794906
1865 3441 3509 7.714117253451461 0.18902005603732916
1865 3442 3509 6.7178571732359575 0.27086179138425276
1865 3443 3509 5.72290179891269 0.39901987391104965
1865 3444 3509 4.730074523725647 0.6087678606864414
1865 3445 3509 3.7410700340943506 0.9727269105543533
1865 3446 3509 2.7600009057967725 1.6578775914041777
1865 3447 3509 1.7998902744332226 3.110528787572936
1865 3448 3509 0.9282268041807454 6.62183720673733
1865 3449 3509 0.6954171410023614 7.998950506052004
1865 3450 3509 1.4510702946446794 3.7495141823039715
1865 3451 3509 2.393241525630143 1.9344159186876007
1865 3452 3509 3.368917481922167 1.1108889879308912
1865 3453 3509 4.3556405958252675 0.6850385832221747
1865 3454 3509 5.347298850821916 0.4441676374363124
1865 3441 3510 7.858218945791546 0.18689515335317933
1865 3442 3510 6.882848610858552 0.2657423865127122
1865 3443 3510 5.915708326143015 0.38691647904484067
1865 3444 3510 4.961613144935636 0.5793402483764994
1865 3445 3510 4.029839326821652 0.8960956507295875
1865 3446 3510 3.1403192512861953 1.4337604390180148
1865 3447 3510 2.3417098453905405 2.330755795598635
1865 3448 3510 1.762272680375908 3.456473131733396
1865 3449 3510 1.6515462451895149 3.522167434905634
1865 3450 3510 2.0855706653095893 2.416850443057468
1865 3451 3510 2.8234030884732313 1.4885065467801057
1865 3452 3510 3.686950637044179 0.9281299296396445
1865 3453 3510 4.60604005627402 0.5984612536096917
1865 3454 3510 5.553161712034062 0.3987462717304377
1865 3441 3511 8.123767906581088 0.17788713666529804
1865 3442 3511 7.184539303253701 0.24894573335783718
1865 3443 3511 6.26415237681823 0.35427569238178147
1865 3444 3511 5.372299786869473 0.5125835004507661
1865 3445 3511 4.525881682059096 0.7510832825984705
1865 3446 3511 3.7557429358248653 1.0991143308470903
1865 3447 3511 3.1189108675944355 1.5442853745702043
1865 3448 3511 2.711015492393759 1.9116479298332258
1865 3449 3511 2.640379707541942 1.8860689538531072
1865 3450 3511 2.931485118502151 1.4946644096786523
1865 3451 3511 3.4950829746945735 1.0557335664338063
1865 3452 3511 4.223458890530387 0.7204300559958045
1865 3453 3511 5.045751182926132 0.49213775998093773
1865 3454 3511 5.9229726489323555 0.34072397042457064
1865 3441 3512 8.499388507416082 0.16347611667066234
1865 3442 3512 7.60668160238069 0.22381185584212385
1865 3443 3512 6.744153393866214 0.30906800485911246
1865 3444 3512 5.924998312235833 0.42871495045318603
1865 3445 3512 5.169874756703277 0.5917406394019221
1865 3446 3512 4.511053646322338 0.7969952504951232
1865 3447 3512 3.99644904884303 1.010713381434848
1865 3448 3512 3.6869506370439327 1.14750349616404
1865 3449 3512 3.6353273580241656 1.1216059288755453
1865 3450 3512 3.8519611887971115 0.9512092385698157
1865 3451 3512 4.296464244003382 0.7334024147088767
1865 3452 3512 4.9073011931202934 0.5390672809555657
1865 3453 3512 5.630595439205356 0.3894174539188178
1865 3442 3513 8.130535345227678 0.19449771116589165
1865 3443 3513 7.3299116638604085 0.2598354083276561
1865 3444 3513 6.58404169184834 0.3452058687196952
1865 3445 3513 5.91367948066155 0.45094530056374277
1865 3446 3513 5.347298850821576 0.5686326050902771
1865 3447 3513 4.920935378563516 0.6743361185155838
1865 3448 3513 4.673072329848784 0.73107435918221
1865 3449 3513 4.632451294940795 0.712327854225145
1865 3450 3513 4.804331899442309 0.6273936948375496
1865 3451 3513 5.1675530960019405 0.5118538562994942
1865 3452 3513 5.685561098079902 0.3979857040932611
1865 3443 3514 7.998225115611372 0.2128444962376049
1865 3444 3514 7.320765328843484 0.2717104286178599
1865 3445 3514 6.724254977318836 0.33881411016430735
1865 3446 3514 6.231982429371687 0.406561811140293
1865 3447 3514 5.870230404336591 0.46118920897153637
1865 3448 3514 5.66406258793086 0.48659706534339425
1865 3449 3514 5.6305954392051945 0.4736683869616329
1865 3450 3514 5.77283335979817 0.427174995659516
1865 3451 3514 6.078454162038152 0.36203425666338035
1865 3444 3515 8.114037527642852 0.21134558636238937
1865 3445 3515 7.580211408661161 0.253780491512863
1865 3446 3515 7.147139637645058 0.29346841595124645
1865 3447 3515 6.834003585014967 0.32293265164589785
1865 3448 3515 6.657747742292263 0.3349035427682829
1865 3449 3515 6.62929898254695 0.32598833120703724
452 3909 1012 9.112512112474912 0.0883659632730505
452 3910 1012 8.580552254954323 0.10133085807302628
452 3911 1012 8.137190977235417 0.1145236324006996
452 3912 1012 7.797555835003761 0.12714787981565853
452 3913 1012 7.575610668454454 0.1382072611348384
452 3914 1012 7.481836472417763 0.14663113416999843
452 3915 1012 7.521028985451419 0.15147513617980235
452 3916 1012 7.691155764902968 0.1521443742894032
452 3917 1012 7.9838510131389535 0.14855363789924908
452 3918 1012 8.38629101569935 0.14115150939705412
452 3919 1012 8.883573436404934 0.13079667680112636
452 3920 1012 9.4607545682149 0.11854458228307357
452 3921 1012 10.10415147352804 0.10543208467628028
452 3908 1013 8.971726533951097 0.10208001534944146
452 3909 1013 8.311430502627204 0.12073126395493007
452 3910 1013 7.7244984950481825 0.14115577653736622
452 3911 1013 7.228822656560429 0.1624961271609795
452 3912 1013 6.84425868885748 0.18334905392893777
452 3913 1013 6.590286564330936 0.20180058068472034
452 3914 1013 6.482274060852456 0.21567874913191123
452 3915 1013 6.5274709497630345 0.22303820518496878
452 3916 1013 6.722787888963928 0.22273486265239664
452 3917 1013 7.055769058012018 0.21481744614769663
452 3918 1013 7.508120736908773 0.20051006165218357
452 3919 1013 8.059769041355917 0.18179640017857943
452 3920 1013 8.691828173635223 0.16084320804739716
452 3921 1013 9.388070994618584 0.13953082073071324
452 3922 1013 10.135278831882156 0.11921932187047811
452 3923 1013 10.922997619701206 0.10072684060643082
452 3907 1014 9.05239620211148 0.11243638978522655
452 3908 1014 8.278519010064667 0.13710468753447702
452 3909 1014 7.557901626774579 0.1660655310903438
452 3910 1014 6.9072336720283 0.19899372318275288
452 3911 1014 6.3480608850263325 0.23467739863924192
452 3912 1014 5.906426753969022 0.27065232404849404
452 3913 1014 5.610158375661134 0.303078177673865
452 3914 1014 5.482871236861259 0.3272131948164087
452 3915 1014 5.536233105641439 0.3386823738216381
452 3916 1014 5.765230004084832 0.33514181903726226
452 3917 1014 6.150274546717385 0.31733367200815643
452 3918 1014 6.664373714010902 0.2887406644145007
452 3919 1014 7.280238801028384 0.2541097027834722
452 3920 1014 7.974326115729086 0.2178736558208895
452 3921 1014 8.727993870300246 0.18324749628252
452 3922 1014 9.52711273156765 0.1520756693298376
452 3923 1014 10.36117160363625 0.1251087532199125
452 3924 1014 11.2223828574861 0.10238902396012313
452 3907 1015 8.484566989540612 0.14680450988157503
452 3908 1015 7.653487897684427 0.1837650750329205
452 3909 1015 6.867596158773588 0.22915422036567137
452 3910 1015 6.144255609917403 0.28336388056002576
452 3911 1015 5.5081645763358615 0.3451845364414889
452 3912 1015 4.992782490756127 0.4105437541393063
452 3913 1015 4.638520992730408 0.47146020164957175
452 3914 1015 4.483734715613807 0.5166069496093081
452 3915 1015 4.548832487573066 0.5349182335699026
452 3916 1015 4.824922486423995 0.5212172967670389
452 3917 1015 5.279003409735558 0.4794157676746985
452 3918 1015 5.869912861363393 0.420065475588827
452 3919 1015 6.5607832611662396 0.3547609501836076
452 3920 1015 7.323378796702984 0.29207519286509676
452 3921 1015 8.137559646478703 0.23661145573432635
452 3922 1015 8.9893201633938 0.1899178958678489
452 3923 1015 9.868934947601897 0.1517713960954906
452 3924 1015 10.769581096774276 0.12115037924696698
452 3907 1016 8.00186709462249 0.18914924563312124
452 3908 1016 7.114624164353442 0.24393011166685574
452 3909 1016 6.261459654106353 0.31496569201196883
452 3910 1016 5.458376773364165 0.4053791516908886
452 3911 1016 4.7309488477472605 0.5161382666377186
452 3912 1016 4.119451055662741 0.6422246115448987
452 3913 1016 3.6821022527899205 0.7671915774819821
452 3914 1016 3.485093542503608 0.8609116526333142
452 3915 1016 3.56845582850623 0.8903734870239037
452 3916 1016 3.914316926361459 0.8432044338435122
452 3917 1016 4.462048520578811 0.7387446579326137
452 3918 1016 5.147608862374772 0.6112313012175695
452 3919 1016 5.923333267679528 0.4878422950787095
452 3920 1016 6.758245112453289 0.3818149637431078
452 3921 1016 7.632946809718938 0.2962648094482985
452 3922 1016 8.535213939907907 0.2294423210754424
452 3923 1016 9.457160091697611 0.1780438556204784
452 3924 1016 10.393549778588532 0.13873333438821597
452 3925 1016 11.340805835565543 0.10867363694369431
452 3906 1017 8.572273735713434 0.1804600041218292
452 3907 1017 7.620490601004773 0.2378974619732668
452 3908 1017 6.682804575924829 0.3167068916087055
452 3909 1017 5.766097206950432 0.4254343840015878
452 3910 1017 4.882200016386189 0.5751383796000186
452 3911 1017 4.052638276481266 0.7774630277256993
452 3912 1017 3.3184148324163427 1.0361975134298875
452 3913 1017 2.7567874419331866 1.3245148168360685
452 3914 1017 2.487544371463605 1.5531702570196138
452 3915 1017 2.603051478553584 1.596101920939535
452 3916 1017 3.0600452611031326 1.423665046327704
452 3917 1017 3.735221144724831 1.1433531332952784
452 3918 1017 4.532094107584177 0.8677131939772258
452 3919 1017 5.397024828551278 0.6438601546785857
452 3920 1017 6.302053395521073 0.47578010555496664
452 3921 1017 7.232141937213236 0.3531864545246847
452 3922 1017 8.17874544169203 0.2643682128514975
452 3923 1017 9.136732293331018 0.19980281110423856
452 3924 1017 10.102864791730989 0.15249970634590013
452 3925 1017 11.075011376969208 0.11751016787932866
452 3906 1018 8.338217855153598 0.21335096005536924
452 3907 1018 7.356213496086285 0.2878031755145695
452 3908 1018 6.379802269663359 0.39473967784706676
452 3909 1018 5.412012287495427 0.5516774188114143
452 3910 1018 4.45846128165326 0.787142068624198
452 3911 1018 3.5307048871296174 1.1467776333444144
452 3912 1018 2.6559135904619904 1.69446853721251
452 3913 1018 1.9083702470957882 2.4632622394210015
452 3914 1018 1.4932772682928572 3.203222964075116
452 3915 1018 1.6786533293089183 3.195882908488629
452 3916 1018 2.325054192916727 2.4507378601612655
452 3917 1018 3.1613093806205352 1.6846523372758244
452 3918 1018 4.072085092431042 1.1402281002399868
452 3919 1018 5.016958939437203 0.7828728452571952
452 3920 1018 5.979789043101655 0.5488590370911097
452 3921 1018 6.953119947189056 0.3928388713074713
452 3922 1018 7.933087482184857 0.2864925264724984
452 3923 1018 8.917503966917975 0.21242845583234884
452 3924 1018 9.905043008488027 0.15982536573367195
452 3925 1018 10.894855529101672 0.12180451583460006
452 3906 1019 8.219968187286504 0.24018538852051977
452 3907 1019 7.2219025886536246 0.32912103769228523
452 3908 1019 6.224457968369749 0.46097310841636385
452 3909 1019 5.227989766631282 0.6633814864984404
452 3910 1019 4.233187569669119 0.988324953952205
452 3911 1019 3.241585568822899 1.5421517425968565
452 3912 1019 2.257404926015848 2.5683661511961096
452 3913 1019 1.297642863040658 4.70197401186939
452 3914 1019 0.5214182582151243 8.97153309374805
452 3915 1019 0.9272955300225663 7.062371220201395
452 3916 1019 1.8568459817657388 3.637265358072092
452 3917 1019 2.8347622475261147 2.0720249289188666
452 3918 1019 3.8241178067626325 1.280941220431752
452 3919 1019 4.817870587718062 0.8378244231982291
452 3920 1019 5.813766163168116 0.5708955018224701
452 3921 1019 6.810864629398991 0.40135549809947124
452 3922 1019 7.808705206370515 0.28924486649771164
452 3923 1019 8.80703565338518 0.2127150904534851
452 3924 1019 9.805706348856132 0.15910664859128013
452 3925 1019 10.804622945757858 0.12073905930911198
452 3905 1020 9.220730827868383 0.18859929662676383
452 3906 1020 8.222522544815678 0.25455943390793606
452 3907 1020 7.224809824486859 0.35007989725385796
452 3908 1020 6.22783084227579 0.4924701340680195
452 3909 1020 5.232005064982384 0.7125349411810117
452 3910 1020 4.238145467064699 1.0688435903080158
452 3911 1020 3.2480574194433194 1.6827701502308843
452 3912 1020 2.266688553816014 2.8352547361586624
452 3913 1020 1.3137263794262002 5.237318211325655
452 3914 1020 0.5602472668385009 9.005892606274218
452 3915 1020 0.9496720486566658 6.016380871285603
452 3916 1020 1.868121248741496 3.199065069150941
452 3917 1020 2.842160621780413 1.8656256494679169
452 3918 1020 3.829605332145724 1.1704665131573186
452 3919 1020 4.822227389910051 0.7733250869793478
452 3920 1020 5.817377158135652 0.5308554895509608
452 3921 1020 6.813947240770079 0.37533880763209315
452 3922 1020 7.811394049719801 0.2717308092072754
452 3923 1020 8.80941978793142 0.20058535323562637
452 3924 1020 9.80784772516363 0.15050736777908216
452 3925 1020 10.806566383453957 0.11452183052340867
452 3905 1021 9.330802591417433 0.18839232896962635
452 3906 1021 8.345770006416545 0.25236346317206076
452 3907 1021 7.364772705250431 0.3433458279708881
452 3908 1021 6.38966955327124 0.47539360114151336
452 3909 1021 5.423640566999369 0.6711622942874519
452 3910 1021 4.472569395772521 0.9670042008354363
452 3911 1021 3.5485034873874244 1.4170186052729716
452 3912 1021 2.679529249700486 2.0741563771373728
452 3913 1021 1.9411020065932105 2.8510692119414665
452 3914 1021 1.5348866407653454 3.2107320091105422
452 3915 1021 1.7157730036341243 2.7212163507155633
452 3916 1021 2.351994260196951 1.9422789352332948
452 3917 1021 3.1811754116991318 1.3231232445639143
452 3918 1021 4.0875270029687725 0.9050405373621968
452 3919 1021 5.029500671040677 0.6303907750012617
452 3920 1021 5.990315267162351 0.44811087497703195
452 3921 1021 6.962174732078913 0.32469843648132685
452 3922 1021 7.941024933848138 0.2393498634357846
452 3923 1021 8.924565927819547 0.1791350029124893
452 3924 1021 9.91140136408557 0.1358783667356548
452 3904 1022 10.512748308601441 0.1364368205266544
452 3905 1022 9.544939863613715 0.177925130854026
452 3906 1022 8.584513789376889 0.23425670735226778
452 3907 1022 7.63425680731279 0.3113777640913187
452 3908 1022 6.698498115249523 0.4174859182399294
452 3909 1022 5.784278433823976 0.5630959652833817
452 3910 1022 4.903659551804233 0.7591151227005902
452 3911 1022 4.078465029885709 1.0087820006237815
452 3912 1022 3.349907013634911 1.2864547159909514
452 3913 1022 2.794615715979588 1.508455324291958
452 3914 1022 2.5294024986150077 1.5560037740617287
452 3915 1022 2.64308096735601 1.3970753413566848
452 3916 1022 3.0941682242566126 1.129494637965955
452 3917 1022 3.763226939741883 0.8616400628105404
452 3918 1022 4.555203288548031 0.6416580539596314
452 3919 1022 5.416445051876603 0.47530289968097733
452 3920 1022 6.318692665417291 0.35340858163122446
452 3921 1022 7.24664591380026 0.26482918263641975
452 3922 1022 8.191573536262599 0.20030553376117757
452 3923 1022 9.1482171487125 0.1529660853519178
452 3924 1022 10.113252543074221 0.11791468105890053
452 3904 1023 10.796289964612953 0.12479603986200868
452 3905 1023 9.856362259982236 0.15968388182249438
452 3906 1023 8.929494778541608 0.2052447829845615
452 3907 1023 8.020216767644225 0.2645343362229335
452 3908 1023 7.135255916924167 0.3408185485011825
452 3909 1023 6.284892759626139 0.43654041241513525
452 3910 1023 5.485241744900658 0.5508853767145855
452 3911 1023 4.761919465929736 0.6754032293691699
452 3912 1023 4.154982190094235 0.7892048578791665
452 3913 1023 3.7218109839163005 0.8604509702133153
452 3914 1023 3.5270209809412476 0.8622406811649425
452 3915 1023 3.6094150495612856 0.7938251668660963
452 3916 1023 3.951692928353522 0.6812784782210397
452 3917 1023 4.494872300744369 0.5566865999404754
452 3918 1023 5.176087035589598 0.44158429151202444
452 3919 1023 5.948098603755527 0.34491814952932326
452 3920 1023 6.779961430568627 0.26775157285784834
452 3921 1023 7.652181192313596 0.2077270165987313
452 3922 1023 8.552419365302292 0.16158616837385706
452 3923 1023 9.472691117100641 0.1262525813986761
452 3904 1024 11.16252108620639 0.10976115413654339
452 3905 1024 10.25621163003192 0.13734109791343507
452 3906 1024 9.368984843621094 0.17179630825364411
452 3907 1024 8.506813563256308 0.21423123698439686
452 3908 1024 7.678142809299736 0.26521871184230944
452 3909 1024 6.895061783624639 0.3240193513567118
452 3910 1024 6.174939432901405 0.38743635912477287
452 3911 1024 5.542371063001869 0.4486945775176687
452 3912 1024 5.030494707282794 0.49748059781965703
452 3913 1024 4.67908933447524 0.5226350831693628
452 3914 1024 4.525690776003115 0.517310619576962
452 3915 1024 4.590193568903104 0.4830206479712745
452 3916 1024 4.863936368827121 0.4286931155426981
452 3917 1024 5.3146850330004405 0.3656963544657425
452 3918 1024 5.902023127707873 0.30328522771663047
452 3919 1024 6.58952782830442 0.24693202021449012
452 3920 1024 7.34914124234921 0.19885571777972583
452 3921 1024 8.160752232484322 0.15923694412681605
452 3905 1025 10.734611171346726 0.1143004474461281
452 3906 1025 9.890393167109266 0.1391320550327748
452 3907 1025 9.07787844157441 0.16812676037626
452 3908 1025 8.306375683774553 0.2008506276180358
452 3909 1025 7.58840411417321 0.23595468508084488
452 3910 1025 6.940596300030758 0.2708441524232001
452 3911 1025 6.3843462468760555 0.301628479805342
452 3912 1025 5.945408060007329 0.32368822920724577
452 3913 1025 5.651183681318442 0.3329819629664573
452 3914 1025 5.524841807690026 0.32761643172249066
452 3915 1025 5.577802165727943 0.30869867562289854
452 3916 1025 5.805159515465451 0.2798292877240911
452 3906 1026 10.481501657682529 0.1102311452353409
452 3907 1026 9.7185326567338 0.1295246944799489
452 3908 1026 9.002104031836172 0.15015022630119348
452 3909 1026 8.344212185700986 0.17099230353087874
452 3910 1026 7.7597601122715485 0.1904060912337374
452 3911 1026 7.26649000549786 0.20635612147261664
452 3912 1026 6.884030578084326 0.2167849072750277
452 3913 1026 6.631581787175648 0.22015111291178446
452 3914 1026 6.52425298405875 0.2159232674459717
452 3906 1027 11.13121183878923 0.0861719002568673
452 3907 1027 10.415943404224183 0.09885150680759454
452 3908 1027 9.750891087485337 0.11179829501342584
452 3909 1027 9.147014649600203 0.12425382813325189
452 3910 1027 8.617184981187329 0.1352606492629333
452 3911 1027 8.175810479701704 0.14377725844445138
452 3912 1027 7.837849003393721 0.14886692379476407
452 3907 1028 11.159474763625802 0.07518708406808669
452 3908 1028 10.541436192474007 0.08334600213285434
452 3909 1028 9.98548331329038 0.09088063753761812
452 3910 1028 9.5025195080042 0.09724982251605044
452 3911 1028 9.104168111365261 0.10191819922376268
2252 1006 4327 23.908975720427488 0.045257464085522406
2252 1007 4327 23.111190363111785 0.04807622037952297
2252 1008 4327 22.329691444352537 0.05035232603300005
2252 1009 4327 21.566249558047655 0.05194675513081509
2252 1010 4327 20.82285090951742 0.052755045910892376
2252 1011 4327 20.101719329450162 0.05272199640020227
2252 1012 4327 19.405337410104213 0.05184989345637578
2252 1013 4327 18.73646498142032 0.05019816568718245
2252 1005 4328 24.162100902032343 0.04718275927676278
2252 1006 4328 23.33013330437681 0.0518341521946151
2252 1007 4328 22.511843993773407 0.0562376695049012
2252 1008 4328 21.708779790674363 0.06016545842519159
2252 1009 4328 20.922693899208856 0.06338165232901352
2252 1010 4328 20.155572926612415 0.06566970507998873
2252 1011 4328 19.40966563338975 0.06686251439791378
2252 1012 4328 18.687512408022396 0.06686861579505253
2252 1013 4328 17.991973766098894 0.06568753370787202
2252 1014 4328 17.326255221483684 0.0634098631245653
2252 1015 4328 16.693924643414157 0.060202057499624054
2252 1016 4328 16.098916733742996 0.05628031206719769
2252 1017 4328 15.545517681955468 0.051880444144338476
2252 1018 4328 15.038321714871973 0.04723050317142814
2252 1005 4329 23.631824305372472 0.0514947023087293
2252 1006 4329 22.780498677596874 0.057792129596959514
2252 1007 4329 21.941720989931323 0.06413459037406309
2252 1008 4329 21.11698652743787 0.07024255039696378
2252 1009 4329 20.308006302933638 0.0757811893494845
2252 1010 4329 19.516739481788246 0.08038934734538677
2252 1011 4329 18.74542930956749 0.08372365531079347
2252 1012 4329 17.996641908978237 0.08551084926435505
2252 1013 4329 17.27330657401737 0.08559575610806898
2252 1014 4329 16.57875507992055 0.08397085150922226
2252 1015 4329 15.916755950883688 0.08077773397100867
2252 1016 4329 15.291537528973047 0.07628001636486977
2252 1017 4329 14.707791132593329 0.07081654704844928
2252 1018 4329 14.17064289296681 0.0647489001042638
2252 1019 4329 13.685580733019355 0.05841602911688973
2252 1004 4330 24.01314473366606 0.04717129059454571
2252 1005 4330 23.1326418724709 0.054474682909156164
2252 1006 4330 22.26223528758947 0.06244665619132027
2252 1007 4330 21.403156776512983 0.07092285395365468
2252 1008 4330 20.556826603345016 0.07963256719161656
2252 1009 4330 19.724885804485492 0.08818885879911505
2252 1010 4330 18.909233723236724 0.09609889493204678
2252 1011 4330 18.1120711129344 0.10280337977668774
2252 1012 4330 17.335948777035327 0.10774744486663333
2252 1013 4330 16.5838210313544 0.11047308552162251
2252 1014 4330 15.859102118341767 0.11070973899428349
2252 1015 4330 15.165721875334262 0.10843330166814154
2252 1016 4330 14.508174247643705 0.10387157569063288
2252 1017 4330 13.891548509795149 0.09745402258763905
2252 1018 4330 13.321528440835595 0.08972482627205336
2252 1019 4330 12.804339889271585 0.08124868964282751
2252 1020 4330 12.34662383001893 0.07253475842660001
2252 1021 4330 11.95521308885756 0.06399121441317639
2252 1005 4331 22.66660803913975 0.05571874917278274
2252 1006 4331 21.777582969650112 0.06515965909295508
2252 1007 4331 20.89859134008784 0.07568661559917363
2252 1008 4331 20.03095404617549 0.08713325560065126
2252 1009 4331 19.176212347593413 0.09917087256046639
2252 1010 4331 18.336169719982248 0.11127579152844466
2252 1011 4331 17.51294150050167 0.12272559437927828
2252 1012 4331 16.709013136627593 0.13264613533085934
2252 1013 4331 15.927307368164694 0.14012300243122033
2252 1014 4331 15.171259670837923 0.14436716985178868
2252 1015 4331 14.444899445824918 0.14489159903375073
2252 1016 4331 13.752931323903018 0.14163411398771156
2252 1017 4331 13.100806082069633 0.13497380534981449
2252 1018 4331 12.494763703247553 0.12563352073069736
2252 1019 4331 11.9418223064988 0.11451132268977018
2252 1020 4331 11.44967772472187 0.10250620672981542
2252 1021 4331 11.026473597664486 0.09038942750901027
2252 1022 4331 10.680408231897871 0.07874046949661055
2252 1023 4331 10.419170792341953 0.06793900843577345
2252 1005 4332 22.235807158724768 0.05504618101877385
2252 1006 4332 21.328833067001003 0.06551668330783807
2252 1007 4332 20.430543800887808 0.07767522971437756
2252 1008 4332 19.54213703769358 0.09155668024766962
2252 1009 4332 18.66502397533941 0.10703927075014745
2252 1010 4332 17.80087413583936 0.12376337645065254
2252 1011 4332 16.95167012420884 0.1410508242966613
2252 1012 4332 16.11977419196666 0.1578580073935264
2252 1013 4332 15.3080083616385 0.1728120648568772
2252 1014 4332 14.519749309130445 0.1843763941987401
2252 1015 4332 13.759037757052413 0.19114947876540012
2252 1016 4332 13.030699137037647 0.1922212117527295
2252 1017 4332 12.340466765888296 0.18744143038793373
2252 1018 4332 11.695089567848267 0.17746683296032062
2252 1019 4332 11.102392534944583 0.16356119202271227
2252 1020 4332 10.571240229982148 0.14725228888756936
2252 1021 4332 10.111336212390173 0.12999892180201225
2252 1022 4332 9.73278582934982 0.11297398876541279
2252 1023 4332 9.445375588085025 0.09698564107211748
2252 1024 4332 9.2575979605939 0.08250028665272618
2252 1025 4332 9.175571916779475 0.06971589244119866
2252 1005 4333 21.842324052169825 0.05255556749379781
2252 1006 4333 20.918296297738884 0.06346083097866899
2252 1007 4333 20.001577937752714 0.07654854964150636
2252 1008 4333 19.093221833938767 0.09210501902973017
2252 1009 4333 18.1944804817284 0.1103334760879725
2252 1010 4333 17.306851822327353 0.131254445746681
2252 1011 4333 16.43213680566211 0.15456316433562484
2252 1012 4333 15.572511679237723 0.1794564175101985
2252 1013 4333 14.730618452732902 0.2044774871360749
2252 1014 4333 13.909677206894303 0.22747867345057174
2252 1015 4333 13.113623450442473 0.24583200347544798
2252 1016 4333 12.347271763429951 0.2569626360141911
2252 1017 4333 11.616502055265792 0.2590930871477374
2252 1018 4333 10.928454602549905 0.25186408565255486
2252 1019 4333 10.29170151141171 0.23646973310764996
2252 1020 4333 9.71633264148536 0.2152206201510113
2252 1021 4333 9.213854785050268 0.1908048573976664
2252 1022 4333 8.796767588153818 0.16563125287451255
2252 1023 4333 8.47768364590195 0.1414744382580191
2252 1024 4333 8.267957426111554 0.11941643856270913
2252 1025 4333 8.176008806257062 0.09996413290264042
2252 1026 4333 8.205797950229634 0.08322319738207636
2252 1027 4333 8.356022977469166 0.06905765578127716
2252 1028 4333 8.620389782370198 0.05720886612551963
2252 1006 4334 20.548263186945924 0.05931221800688907
2252 1007 4334 19.61425807926461 0.07250124139622412
2252 1008 4334 18.687084309757818 0.08867427516282493
2252 1009 4334 17.7678113452388 0.10837825941263893
2252 1010 4334 16.857731757267835 0.13212580063149204
2252 1011 4334 15.958418468006041 0.16026292344376641
2252 1012 4334 15.071798830929112 0.192744013774948
2252 1013 4334 14.200250702012129 0.22880038221277565
2252 1014 4334 13.346726939590686 0.2665469890487575
2252 1015 4334 12.514915900636153 0.3026958231392011
2252 1016 4334 11.709445759727291 0.3326986845909436
2252 1017 4334 10.93613825808705 0.3516504988094246
2252 1018 4334 10.20230954245141 0.35589222937647763
2252 1019 4334 9.51709619579391 0.3445434328609545
2252 1020 4334 8.891744485757265 0.3199089700066828
2252 1021 4334 8.339731410542822 0.2864446704149951
2252 1022 4334 7.876491604768864 0.2490568703354748
2252 1023 4334 7.518451968323947 0.2117717059957229
2252 1024 4334 7.281148261091382 0.17721113618394588
2252 1025 4334 7.176567424611426 0.14669602331912898
2252 1026 4334 7.210486807421099 0.12061338233069935
2252 1027 4334 7.380997222597604 0.09879288212950488
2252 1028 4334 7.679005143896791 0.08078973954388749
2252 1029 4334 8.090433857339988 0.06606360028522754
2252 1030 4334 8.59901854864804 0.05407748386338555
2252 1007 4335 19.271095454073123 0.06619068714239215
2252 1008 4335 18.326568691383493 0.08189659843629599
2252 1009 4335 17.38824660510649 0.10157896968345503
2252 1010 4335 16.45719052572453 0.12617676913255374
2252 1011 4335 15.53470694927964 0.15671968892619742
2252 1012 4335 14.622418404627771 0.19418888230976422
2252 1013 4335 13.722358397884701 0.23921460958980623
2252 1014 4335 12.837099360836802 0.2915216887357601
2252 1015 4335 11.96992564722089 0.34908188662826833
2252 1016 4335 11.125067190808165 0.4071557665833698
2252 1017 4335 10.308012417532106 0.4578898933162403
2252 1018 4335 9.52591832843406 0.49159207252948445
2252 1019 4335 8.788123804316584 0.5002400423424211
2252 1020 4335 8.106733004114272 0.4815617242035446
2252 1021 4335 7.497140788326936 0.44035399918431317
2252 1022 4335 6.978188876778505 0.3857796142119343
2252 1023 4335 6.571386459492022 0.327140400934947
2252 1024 4335 6.298501409065089 0.2711570524129572
2252 1025 4335 6.177306856551223 0.22145506624359493
2252 1026 4335 6.216680786399972 0.1792914300316414
2252 1027 4335 6.413666658004172 0.1445181053546994
2252 1028 4335 6.754488877775596 0.11632387901105924
2252 1029 4335 7.218803224911596 0.09368465070977362
2252 1030 4335 7.784543660356327 0.07559454362472001
2252 1031 4335 8.431317809215455 0.06116427745048274
2252 1008 4336 18.014414228611447 0.07289263902523133
2252 1009 4336 17.058930798851325 0.09124165301070183
2252 1010 4336 16.108852224786165 0.1147281267676003
2252 1011 4336 15.165194360772235 0.14483432874780194
2252 1012 4336 14.229234694810463 0.18337673948873343
2252 1013 4336 13.30259824244864 0.23243394510426574
2252 1014 4336 12.387377446416876 0.29405289896554637
2252 1015 4336 11.486301406457926 0.3694991588767824
2252 1016 4336 10.60297694046333 0.4577271115917928
2252 1017 4336 9.742233830082142 0.5529244633998145
2252 1018 4336 8.91061838482587 0.6420261111616871
2252 1019 4336 8.11708814785183 0.7052894271310205
2252 1020 4336 7.373948738633627 0.7237484418944077
2252 1021 4336 6.697993729468272 0.6910427865288751
2252 1022 4336 6.111556266614594 0.6181821653633525
2252 1023 4336 5.6426164143946504 0.5255365227791264
2252 1024 4336 5.3223228011833115 0.4313518220794416
2252 1025 4336 5.178331777705596 0.34645598149609913
2252 1026 4336 5.225238750525705 0.2750061834349626
2252 1027 4336 5.4581242199124835 0.21717220170977494
2252 1028 4336 5.854837316270632 0.17134854183600437
2252 1029 4336 6.384913468481379 0.13542816093417487
2252 1030 4336 7.018199199224452 0.10739066071297625
2252 1031 4336 7.7293673738537345 0.08551372832486451
2252 1032 4336 8.498889339201588 0.06840926692933681
2252 1008 4337 17.753172110921454 0.06289377959512987
2252 1009 4337 16.782822170302563 0.07904972341233717
2252 1010 4337 15.816166412882707 0.10000138433553843
2252 1011 4337 14.853926080333066 0.12735097514557034
2252 1012 4337 13.897018385250798 0.16326352972512018
2252 1013 4337 12.946625815246168 0.2106308829567728
2252 1014 4337 12.004295897719214 0.2732079968158777
2252 1015 4337 11.072087427400408 0.35557058646698303
2252 1016 4337 10.152788779443705 0.46250227469115496
2252 1017 4337 9.250249726358625 0.5969453723470146
2252 1018 4337 8.369893667185842 0.7550848732703378
2252 1019 4337 7.519515941867367 0.9179276638871553
2252 1020 4337 6.710523079462384 1.0450434100305275
2252 1021 4337 5.959791942676954 1.0874580710650803
2252 1022 4337 5.292175356126909 1.0251100544224463
2252 1023 4337 4.742902065191395 0.8868304988969156
2252 1024 4337 4.356962244499788 0.722384380285386
2252 1025 4337 4.179846887147478 0.5680633781051583
2252 1026 4337 4.237820194391958 0.43910014584139057
2252 1027 4337 4.521849179262409 0.33739148142914416
2252 1028 4337 4.993507785114183 0.259351851090402
2252 1029 4337 5.605632881307495 0.20013901960456348
2252 1030 4337 6.317524831767233 0.1553183557365771
2252 1031 4337 7.099233761469996 0.12131226299509645
2252 1032 4337 7.930139973543674 0.09538631987850316
2252 1033 4337 8.79631286392174 0.07550006213551201
2252 1034 4337 9.688298096156771 0.06014514056299601
2252 1009 4338 16.562581924325688 0.06653562982764893
2252 1010 4338 15.5822694110967 0.0842534788058019
2252 1011 4338 14.604626664177339 0.10754916344108191
2252 1012 4338 13.630228171237617 0.1384798072427899
2252 1013 4338 12.659823063534473 0.179968428924007
2252 1014 4338 11.69440550006708 0.23619237118923533
2252 1015 4338 10.735321140981252 0.31311628414569
2252 1016 4338 9.784432533366402 0.41912649637423804
2252 1017 4338 8.844383528545032 0.5654465509972572
2252 1018 4338 7.919035294781715 0.7650985130633898
2252 1019 4338 7.014208437165119 1.0266529762617878
2252 1020 4338 6.138983629233603 1.3345540825689846
2252 1021 4338 5.30802411448912 1.6126283281900338
2252 1022 4338 4.5456704675985735 1.7220138439212498
2252 1023 4338 3.8924439623452076 1.5874348097886068
2252 1024 4338 3.411615453124442 1.2998042782901273
2252 1025 4338 3.1823136237645278 0.9947256565874832
2252 1026 4338 3.258085327304543 0.7399756958199882
2252 1027 4338 3.619823200102041 0.5468397598565684
2252 1028 4338 4.194176915676878 0.405620326021618
2252 1029 4338 4.907047992428506 0.3033348364760271
2252 1030 4338 5.706760902648408 0.22906863165364832
2252 1031 4338 6.561640038892433 0.1747337351346248
2252 1032 4338 7.4527256758850395 0.1345941175787485
2252 1033 4338 8.368459834401785 0.10463500835003045
2252 1034 4338 9.3015654596415 0.08204602039245115
2252 1035 4338 10.24729818049595 0.06484758334117592
2252 1010 4339 15.409838415765453 0.0691854224323048
2252 1011 4339 14.420510393186525 0.08810476862591418
2252 1012 4339 13.432762932472247 0.1132441215763086
2252 1013 4339 12.446972322617265 0.14706692100186863
2252 1014 4339 11.463643399896913 0.19320663119473241
2252 1015 4339 10.483468891545389 0.257122653434741
2252 1016 4339 9.507424467225587 0.34717250471322764
2252 1017 4339 8.536926847525375 0.47636278008243993
2252 1018 4339 7.574108528401172 0.6651002070087608
2252 1019 4339 6.6223198352238475 0.9448392993581879
2252 1020 4339 5.687101194809094 1.359301929132549
2252 1021 4339 4.778192126735682 1.943930319177149
2252 1022 4339 3.9139647417929933 2.6142316784345745
2252 1023 4339 3.1316321623074637 2.954637368780422
2252 1024 4339 2.509007772008359 2.600281395167818
2252 1025 4339 2.187034521903616 1.9287639688155118
2252 1026 4339 2.295891983521439 1.3479486380233492
2252 1027 4339 2.7855197001632996 0.9371016805249983
2252 1028 4339 3.4995885472434707 0.6598993322213974
2252 1029 4339 4.328408483495694 0.4728301073596037
2252 1030 4339 5.217577982167332 0.34473089760384734
2252 1031 4339 6.140938039094447 0.2554037486396748
2252 1032 4339 7.085133731976905 0.1919751084807755
2252 1033 4339 8.042830347582672 0.1461703034926443
2252 1034 4339 9.009723636160913 0.11258179504907076
2252 1035 4339 9.983141790037667 0.08760908259060861
2252 1036 4339 10.961346632599312 0.06881006341221173
2252 1011 4340 14.304094518703428 0.0706418376744385
2252 1012 4340 13.307709044009087 0.09027562504240731
2252 1013 4340 12.311909681280198 0.11653895256967643
2252 1014 4340 11.316851152153628 0.15217429612502636
2252 1015 4340 10.322747696228982 0.20132257902366096
2252 1016 4340 9.329904608301232 0.27040536159676754
2252 1017 4340 8.338772091861031 0.36969581192136514
2252 1018 4340 7.350042176749752 0.5162406021466294
2252 1019 4340 6.364834640428615 0.7395631839757839
2252 1020 4340 5.385083100565849 1.093346363364557
2252 1021 4340 4.414421819445862 1.6799771285903626
2252 1022 4340 3.4605086331346655 2.6958268529848812
2252 1023 4340 2.5422667051274104 4.400154374329158
2252 1024 4340 1.7178824173962572 5.871689879082256
2252 1025 4340 1.1996332772972904 4.531567055271675
2252 1026 4340 1.3882074772881994 2.7836289285620324
2252 1027 4340 2.101218693996105 1.7301193910617707
2252 1028 4340 2.9838096454027565 1.1228842631315166
2252 1029 4340 3.923151794157136 0.7578117156103432
2252 1030 4340 4.886626648312533 0.5280014160028101
2252 1031 4340 5.862347652604544 0.3775460080999141
2252 1032 4340 6.84507998492332 0.2757993528030835
2252 1033 4340 7.832184880350927 0.20511963425728355
2252 1034 4340 8.82219473827219 0.15490246790366716
2252 1035 4340 9.814230484352674 0.1185338194560117
2252 1036 4340 10.807734267643573 0.09175665117757956
2252 1037 4340 11.802335362122065 0.07175613867106427
2252 1012 4341 13.257115825095672 0.0707879723831699
2252 1013 4341 12.25720685963984 0.09056877040584504
2252 1014 4341 11.257314066863453 0.11709142848263702
2252 1015 4341 10.257442176293347 0.15318896485020514
2252 1016 4341 9.257597960594392 0.20317667441509651
2252 1017 4341 8.257791472300646 0.27382700560922163
2252 1018 4341 7.258038302461698 0.376158745369705
2252 1019 4341 6.258364003475743 0.5289155387126728
2252 1020 4341 5.258813554405665 0.765840224492965
2252 1021 4341 4.259474145948134 1.152414788106284
2252 1022 4341 3.260539832604474 1.8298369214169956
2252 1023 4341 2.2625472370759994 3.155927926616559
2252 1024 4341 1.2677223670820308 6.34152260311505
2252 1025 4341 0.3084153044190513 18.368604886601858
2252 1026 4341 0.763622943604843 7.227110002104197
2252 1027 4341 1.7524611265302161 3.4668010896636887
2252 1028 4341 2.7493853858634267 1.9761877403112376
2252 1029 4341 3.747948772328567 1.2319088134291243
2252 1030 4341 4.747117019834148 0.8129470548469426
2252 1031 4341 5.746574631900196 0.5585447931727077
2252 1032 4341 6.74619300050026 0.39563109607816677
2252 1033 4341 7.745909888450712 0.28706616795199813
2252 1034 4341 8.745691510681036 0.21242627241083747
2252 1035 4341 9.745517944162751 0.1597977382520709
2252 1036 4341 10.74537668022848 0.12190324691269978
2252 1037 4341 11.74525946924962 0.09412923253519362
2252 1038 4341 12.745160650223193 0.07345966027417124
2252 1013 4342 12.283937479489335 0.06961185019321567
2252 1014 4342 11.28641307059079 0.08895687303020319
2252 1015 4342 10.289369271243133 0.11484230696486236
2252 1016 4342 9.29296077684622 0.14998418300473843
2252 1017 4342 8.297416465382591 0.19849500034783077
2252 1018 4342 7.303089757082406 0.26677866879827394
2252 1019 4342 6.310556235388587 0.3651444755137332
2252 1020 4342 5.320819485756081 0.5108680468975799
2252 1021 4342 4.335795198115501 0.7343593358813068
2252 1022 4342 3.359630932111631 1.092533116572187
2252 1023 4342 2.4031479355214684 1.7003515502539222
2252 1024 4342 1.5043669765057082 2.8108314181174308
2252 1025 4342 0.8666717948570581 4.980610250706229
2252 1026 4342 1.113157670772916 7.889504173680928
2252 1027 4342 1.930575043866571 5.73520529303278
2252 1028 4342 2.8662030632877777 3.2069439999202713
2252 1029 4342 3.8344647605630793 1.9073063348771595
2252 1030 4342 4.81571593846646 1.209717818655792
2252 1031 4342 5.803371433916644 0.8052660198801082
2252 1032 4342 6.794639063261532 0.5560076162887615
2252 1033 4342 7.78813970085279 0.3950375197650673
2252 1034 4342 8.783115620325125 0.2872080983898565
2252 1035 4342 9.779116524512787 0.2128206684882567
2252 1036 4342 10.775858202482013 0.16024762624508787
2252 1037 4342 11.773152508992597 0.12233057344597996
2252 1038 4342 12.770869978196416 0.09450673232546745
2252 1014 4343 11.40346964743641 0.06720858361774754
2252 1015 4343 10.417635048320868 0.08558818090317895
2252 1016 4343 9.434782456421724 0.11002942114756742
2252 1017 4343 8.455951750099038 0.14295463594549104
2252 1018 4343 7.482721430068262 0.18795944305951703
2252 1019 4343 6.517600785565394 0.2504972375417876
2252 1020 4343 5.564810868304732 0.33903576877338487
2252 1021 4343 4.63196718468539 0.4670517769867362
2252 1022 4343 3.7340487409783667 0.6564959121264866
2252 1023 4343 2.9036390960313843 0.9435930679283343
2252 1024 4343 2.2179089250917823 1.3866229549441844
2252 1025 4343 1.845838562822224 2.063163411984825
2252 1026 4343 1.9736058370407812 2.9740005001853627
2252 1027 4343 2.5264837224888805 3.6419938297928294
2252 1028 4343 3.297138153004981 3.267348700753743
2252 1029 4343 4.166427726482356 2.3443775947648953
2252 1030 4343 5.084006294252669 1.5795827807579
2252 1031 4343 6.027861975858487 1.0684136848369878
2252 1032 4343 6.987354291861864 0.7377629766543294
2252 1033 4343 7.956828513924392 0.5211337710920873
2252 1034 4343 8.933035318412218 0.37590137603642465
2252 1035 4343 9.913986080280722 0.2761989109576684
2252 1036 4343 10.898399882551555 0.20624262563079637
2252 1037 4343 11.885416273736464 0.15619431258637628
2252 1038 4343 12.874436686705923 0.11976880779236745
2252 1039 4343 13.86503227547629 0.09285315247621924
2252 1015 4344 10.638755566324672 0.06376351411421348
2252 1016 4344 9.678384162658766 0.08075653023981041
2252 1017 4344 8.726919273145812 0.10313218255583338
2252 1018 4344 7.78762608244667 0.13290889945287437
2252 1019 4344 6.865502166630166 0.17298761800553253
2252 1020 4344 5.968510702009617 0.22758450074828182
2252 1021 4344 5.109904108689629 0.3028764281116936
2252 1022 4344 4.312669706806097 0.40791469285871307
2252 1023 4344 3.6176124723362526 0.5557200568793433
2252 1024 4344 3.0943690794736565 0.7638155739849725
2252 1025 4344 2.8395633467141517 1.0510564203371628
2252 1026 4344 2.924229813130682 1.420739003038691
2252 1027 4344 3.322517118090158 1.811481674325599
2252 1028 4344 3.9404466751882277 2.042774191795666
2252 1029 4344 4.692027280398292 1.9407391367099158
2252 1030 4344 5.522962972897937 1.588514148315839
2252 1031 4344 6.402430788380413 1.1962962657532956
2252 1032 4344 7.312941952456704 0.8729746019432326
2252 1033 4344 8.24421736734307 0.6339484977407109
2252 1034 4344 9.189946681020567 0.46338382890881
2252 1035 4344 10.146088901640907 0.3423742025719507
2252 1036 4344 11.109955895502042 0.25599304138678763
2252 1037 4344 12.07969867173848 0.19366658709021542
2252 1038 4344 13.054007813694621 0.14814718528354062
2252 1039 4344 14.031932154910102 0.1144949403030586
2252 1040 4344 15.012765234959211 0.08932418413181684
2252 1041 4344 15.995971992973724 0.07029067049831667
2252 1017 4345 9.100281314333348 0.07484614771832611
2252 1018 4345 8.203847877673288 0.09476869386575935
2252 1019 4345 7.334242973886559 0.12086921713225914
2252 1020 4345 6.502239614164044 0.15532331687447118
2252 1021 4345 5.724257157047019 0.20111930154465457
2252 1022 4345 5.025447243778791 0.2623108078419945
2252 1023 4345 4.443323080758777 0.344217909054273
2252 1024 4345 4.028786417769438 0.45328869834183133
2252 1025 4345 3.8365505340088157 0.595834359952542
2252 1026 4345 3.8996307517511397 0.7738621739478446
2252 1027 4345 4.20655678673223 0.9753680473437686
2252 1028 4345 4.709895964881052 1.1602867369903738
2252 1029 4345 5.354541997220925 1.2608477687295185
2252 1030 4345 6.095828081565496 1.2259866331505975
2252 1031 4345 6.9026893309783475 1.0745968260069259
2252 1032 4345 7.754683745969408 0.87428936543028
2252 1033 4345 8.638467456673201 0.6814757400223507
2252 1034 4345 9.545214507804515 0.5207104246319939
2252 1035 4345 10.468959833718039 0.3954205647993086
2252 1036 4345 11.405574075863145 0.3006588861879471
2252 1037 4345 12.352130180661199 0.22976300073470748
2252 1038 4345 13.306506679064986 0.17678324270296975
2252 1039 4345 14.267134260250057 0.13704151740956094
2252 1040 4345 15.232830334511075 0.10704388087634559
2252 1041 4345 16.20268866577398 0.08423493476033592
2252 1042 4345 17.17600419189517 0.06675810164842137
2252 1018 4346 8.7154529429058 0.06826867719490286
2252 1019 4346 7.902349017855717 0.08558242941552066
2252 1020 4346 7.1368844743350754 0.10786106298960181
2252 1021 4346 6.436079552025819 0.13663254739083217
2252 1022 4346 5.823325510393928 0.17385600143862495
2252 1023 4346 5.329082472621767 0.2219474837165357
2252 1024 4346 4.988699229258501 0.2836564064469924
2252 1025 4346 4.834782311542495 0.36157051892823977
2252 1026 4346 4.884989252803328 0.4568416052990649
2252 1027 4346 5.1333341991345005 0.5666021388783764
2252 1028 4346 5.5532981191363815 0.680077747447837
2252 1029 4346 6.1095924577670075 0.775803308462222
2252 1030 4346 6.768686726389642 0.8261460386343661
2252 1031 4346 7.503540497658633 0.8127190013817768
2252 1032 4346 8.294041234525121 0.7406970414291327
2252 1033 4346 9.125739422096316 0.6345102942346819
2252 1034 4346 9.988349212958198 0.5205767726576869
2252 1035 4346 10.87451700076847 0.41596482281733554
2252 1036 4346 11.778926946033849 0.3277267025262707
2252 1037 4346 12.697681678164804 0.25667996888493777
2252 1038 4346 13.62788024602513 0.20086103096532013
2252 1039 4346 14.567330572208547 0.15751817821831265
2252 1040 4346 15.514352065104157 0.12400607825914821
2252 1041 4346 16.467638567809335 0.09809183901176984
2252 1042 4346 17.42616194117343 0.07799927752234091
2252 1043 4346 18.38910329515828 0.06235622085044974
2252 1020 4347 7.848001019368302 0.07615091937143008
2252 1021 4347 7.216586450670825 0.09475848912292331
2252 1022 4347 6.675860993160774 0.118242542723828
2252 1023 4347 6.2494095721120235 0.1477974588520675
2252 1024 4347 5.961805095774703 0.18473097525677387
2252 1025 4347 5.833619802490135 0.23025922648164857
2252 1026 4347 5.875297439279553 0.28505346509038604
2252 1027 4347 6.083347762540352 0.3484030691970025
2252 1028 4347 6.441670590771041 0.41696232628710594
2252 1029 4347 6.926984914088117 0.4834790171343855
2252 1030 4347 7.514726874611225 0.5367441759580105
2252 1031 4347 8.182855247406252 0.5644707540117203
2252 1032 4347 8.91331139364063 0.5590097678289364
2252 1033 4347 9.692013206759661 0.5219378725503441
2252 1034 4347 10.508240575853005 0.4630545205429772
2252 1035 4347 11.35390329358161 0.3948308092490086
2252 1036 4347 12.222893274507602 0.32735501387010335
2252 1037 4347 13.110572832641715 0.2665314007639641
2252 1038 4347 14.01339073886127 0.21471005651832312
2252 1039 4347 14.928600738180476 0.17204134580836675
2252 1040 4347 15.854056894057194 0.13760965216402365
2252 1041 4347 16.788064808071308 0.11013487780936926
2252 1042 4347 17.729272968737384 0.08833155577959181
2252 1043 4347 18.67659283702469 0.0710604514115738
2252 1044 4347 19.629139563414434 0.05737215829442181
2252 1022 4348 7.56459648626458 0.08220936972205897
2252 1023 4348 7.191044430401348 0.10105153723318043
2252 1024 4348 6.942558606162866 0.12413469473890171
2252 1025 4348 6.8327973773562105 0.15208803973569623
2252 1026 4348 6.868414664244271 0.18531362045017555
2252 1027 4348 7.047206538764531 0.22367452859595763
2252 1028 4348 7.358744458126359 0.2660350427911443
2252 1029 4348 7.7871124301633925 0.30973191257747157
2252 1030 4348 8.314272066753952 0.35025616510236623
2252 1031 4348 8.922730523780537 0.3816464396122964
2252 1032 4348 9.59703704275464 0.39800669938780275
2252 1033 4348 10.324297554797834 0.39579662571353885
2252 1034 4348 11.094102938047959 0.3755136746572133
2252 1035 4348 11.898198182918462 0.3414440784837304
2252 1036 4348 12.730087195302474 0.29969087107279324
2252 1037 4348 13.584664883610632 0.25597048653232546
2252 1038 4348 14.45790856244442 0.21436385826894924
2252 1039 4348 15.346632203842102 0.17713731205314726
2252 1040 4348 16.248295910648704 0.14514776192694276
2252 1041 4348 17.160860118304186 0.11837139402176439
2252 1042 4348 18.082674580935283 0.09633115505546654
2252 1043 4348 19.01239385243223 0.07837493039654912
2252 1044 4348 19.948912752328198 0.06383138827827776
2252 1024 4349 7.928122097950241 0.0855618921177089
2252 1025 4349 7.832184880351508 0.10339730163119198
2252 1026 4349 7.8632766707020165 0.12438271519138624
2252 1027 4349 8.019920199104629 0.1485351215146034
2252 1028 4349 8.29500572633957 0.1754538419807293
2252 1029 4349 8.677276070288768 0.20409313322212266
2252 1030 4349 9.153311968899885 0.23256586309588237
2252 1031 4349 9.709331593884604 0.2581237623045412
2252 1032 4349 10.332430498193808 0.2774968692107186
2252 1033 4349 11.011226997932855 0.28766763956855157
2252 1034 4349 11.736060667873408 0.2868578352936055
2252 1035 4349 12.498924753754023 0.27521403807925854
2252 1036 4349 13.29327348699352 0.25474844243736194
2252 1037 4349 14.113791836356548 0.22857541410700533
2252 1038 4349 14.956173307367248 0.19992801315176917
2252 1039 4349 15.816925112043881 0.17144128319197052
2252 1040 4349 16.69320580355985 0.1448738996319762
2252 1041 4349 17.5826937640398 0.12116472680930113
2252 1042 4349 18.48348235587666 0.10064082535181774
2252 1043 4349 19.39399700938421 0.0832418429287437
2252 1044 4349 20.31292987237448 0.06869890121756674
2252 1027 4350 8.998617671620863 0.1013657099867644
2252 1028 4350 9.244626547352095 0.1189356477120287
2252 1029 4350 9.589114661949086 0.1379450213547332
2252 1030 4350 10.021931949479939 0.15756896801508194
2252 1031 4350 10.532194453199514 0.1765285457019426
2252 1032 4350 11.10923579729976 0.19314376209259565
2252 1033 4350 11.743215913880075 0.2055602419077269
2252 1034 4350 12.425422326826807 0.2121476578900875
2252 1035 4350 13.148350466883894 0.21195329111378028
2252 1036 4350 13.905650650005764 0.20500613789005886
2252 1037 4350 14.692008712221947 0.1923072558079204
2252 1038 4350 15.503003579952027 0.1755118388361029
2252 1039 4350 16.334966176885864 0.1564737234324245
2252 1040 4350 17.184851468662888 0.13685464824763274
2252 1041 4350 18.05012797738578 0.1179081561236667
2252 1042 4350 18.92868511017088 0.1004347353378103
2252 1043 4350 19.818756772310532 0.08484485244041402
2252 1044 4350 20.718859041945443 0.07126333958461262
2252 1029 4351 10.516991965386671 0.09533029228360529
2252 1030 4351 10.913071061805088 0.1088689356622197
2252 1031 4351 11.383458174035141 0.12250717765406743
2252 1032 4351 11.91935904317037 0.135391688229421
2252 1033 4351 12.51235869051104 0.14648267848329605
2252 1034 4351 13.154737549643738 0.15469426328789598
2252 1035 4351 13.839621382104598 0.1591043454165957
2252 1036 4351 14.561013700975856 0.15917513849827705
2252 1037 4351 15.313755907680076 0.15489776386930376
2252 1038 4351 16.09344959913835 0.1467947312002078
2252 1039 4351 16.896364105925453 0.13577911251954133
2252 1040 4351 17.719343102948425 0.12293506619423135
2252 1041 4351 18.559717670266586 0.10930647111288244
2252 1042 4351 19.415229074105863 0.09575390433826289
2252 1043 4351 20.28396213761023 0.08289507923376142
2252 1044 4351 21.164288790318594 0.07111071289298793
2252 1031 4352 12.2572068596401 0.08632049901011188
2252 1032 4352 12.75645405275338 0.09593278390584142
2252 1033 4352 13.312216945347908 0.10485419036739944
2252 1034 4352 13.917726825886755 0.11243062880453732
2252 1035 4352 14.566781387801756 0.11800708717417284
2252 1036 4352 15.253823127334584 0.12104129062450136
2252 1037 4352 15.973951295781745 0.12121630589372952
2252 1038 4352 16.72289209437193 0.11851337666484817
2252 1039 4352 17.496946019234528 0.11321638846239332
2252 1040 4352 18.292925408474357 0.10584613153350725
2252 1041 4352 19.10809043311253 0.09705042219164821
2252 1042 4352 19.940088264599193 0.08748868678289877
2252 1043 4352 20.78689779644876 0.07774258287798555
2252 1044 4352 21.646780823023228 0.06826642479017742
2252 1033 4353 14.137578293329053 0.07565395964072648
2252 1034 4353 14.70915089323679 0.08193746567199478
2252 1035 4353 15.324722509722925 0.087219035232534
2252 1036 4353 15.979208991686926 0.09109276593596946
2252 1037 4353 16.668026877828346 0.09322887178555445
2252 1038 4353 17.387096364833546 0.09343369375761468
2252 1039 4353 18.132818865251146 0.0916882180034051
2252 1040 4353 18.902040101534215 0.08815198264038197
2252 1041 4353 19.692006500100682 0.08313098738410632
2252 1042 4353 20.500319997502658 0.07702069143810235
2252 1043 4353 21.324894372540445 0.07024193259137336
2252 1037 4354 17.391926862771964 0.0710544200959235
2252 1038 4354 18.082232163093384 0.07258805949714797
2252 1039 4354 18.800402123359188 0.07278909633581963
2252 1040 4354 19.543365114534613 0.07164117798767343
