# %ECSV 0.9
# ---
# datatype:
# - name: sexcat_id
#   datatype: int32
# - name: x
#   datatype: int32
# - name: y
#   datatype: int32
# schema: astropy-2.0
sexcat_id x y
5789 1757 3387
5789 1758 3387
5789 1759 3387
5789 1760 3387
5789 1755 3388
5789 1756 3388
5789 1757 3388
5789 1758 3388
5789 1759 3388
5789 1760 3388
5789 1761 3388
5789 1762 3388
5789 1754 3389
5789 1755 3389
5789 1756 3389
5789 1757 3389
5789 1758 3389
5789 1759 3389
5789 1760 3389
5789 1761 3389
5789 1762 3389
5789 1763 3389
5789 1753 3390
5789 1754 3390
5789 1755 3390
5789 1756 3390
5789 1757 3390
5789 1758 3390
5789 1759 3390
5789 1760 3390
5789 1761 3390
5789 1762 3390
5789 1763 3390
5789 1753 3391
5789 1754 3391
5789 1755 3391
5789 1756 3391
5789 1757 3391
5789 1758 3391
5789 1759 3391
5789 1760 3391
5789 1761 3391
5789 1762 3391
5789 1763 3391
5789 1764 3391
5789 1753 3392
5789 1754 3392
5789 1755 3392
5789 1756 3392
5789 1757 3392
5789 1758 3392
5789 1759 3392
5789 1760 3392
5789 1761 3392
5789 1762 3392
5789 1763 3392
5789 1764 3392
5789 1753 3393
5789 1754 3393
5789 1755 3393
5789 1756 3393
5789 1757 3393
5789 1758 3393
5789 1759 3393
5789 1760 3393
5789 1761 3393
5789 1762 3393
5789 1763 3393
5789 1764 3393
5789 1753 3394
5789 1754 3394
5789 1755 3394
5789 1756 3394
5789 1757 3394
5789 1758 3394
5789 1759 3394
5789 1760 3394
5789 1761 3394
5789 1762 3394
5789 1763 3394
5789 1770 3394
5789 1754 3395
5789 1755 3395
5789 1756 3395
5789 1757 3395
5789 1758 3395
5789 1759 3395
5789 1760 3395
5789 1761 3395
5789 1762 3395
5789 1763 3395
5789 1769 3395
5789 1770 3395
5789 1756 3396
5789 1757 3396
5789 1758 3396
5789 1759 3396
5789 1760 3396
5789 1761 3396
5789 1762 3396
5789 1763 3396
5789 1768 3396
5789 1769 3396
5789 1770 3396
5789 1757 3397
5789 1758 3397
5789 1759 3397
5789 1760 3397
5789 1761 3397
5789 1762 3397
5789 1763 3397
5789 1764 3397
5789 1765 3397
5789 1766 3397
5789 1767 3397
5789 1768 3397
5789 1769 3397
5789 1770 3397
5789 1771 3397
5789 1752 3398
5789 1753 3398
5789 1754 3398
5789 1755 3398
5789 1756 3398
5789 1757 3398
5789 1758 3398
5789 1759 3398
5789 1760 3398
5789 1761 3398
5789 1762 3398
5789 1763 3398
5789 1764 3398
5789 1765 3398
5789 1766 3398
5789 1767 3398
5789 1768 3398
5789 1769 3398
5789 1770 3398
5789 1771 3398
5789 1772 3398
5789 1776 3398
5789 1745 3399
5789 1746 3399
5789 1747 3399
5789 1748 3399
5789 1749 3399
5789 1750 3399
5789 1751 3399
5789 1752 3399
5789 1753 3399
5789 1754 3399
5789 1755 3399
5789 1756 3399
5789 1757 3399
5789 1758 3399
5789 1759 3399
5789 1760 3399
5789 1761 3399
5789 1762 3399
5789 1763 3399
5789 1764 3399
5789 1765 3399
5789 1766 3399
5789 1767 3399
5789 1768 3399
5789 1769 3399
5789 1770 3399
5789 1771 3399
5789 1772 3399
5789 1773 3399
5789 1774 3399
5789 1775 3399
5789 1776 3399
5789 1777 3399
5789 1743 3400
5789 1744 3400
5789 1745 3400
5789 1746 3400
5789 1747 3400
5789 1748 3400
5789 1749 3400
5789 1750 3400
5789 1751 3400
5789 1752 3400
5789 1753 3400
5789 1754 3400
5789 1755 3400
5789 1756 3400
5789 1757 3400
5789 1758 3400
5789 1759 3400
5789 1760 3400
5789 1761 3400
5789 1762 3400
5789 1763 3400
5789 1764 3400
5789 1765 3400
5789 1766 3400
5789 1767 3400
5789 1768 3400
5789 1769 3400
5789 1770 3400
5789 1771 3400
5789 1772 3400
5789 1773 3400
5789 1774 3400
5789 1775 3400
5789 1776 3400
5789 1777 3400
5789 1742 3401
5789 1743 3401
5789 1744 3401
5789 1745 3401
5789 1746 3401
5789 1747 3401
5789 1748 3401
5789 1749 3401
5789 1750 3401
5789 1751 3401
5789 1752 3401
5789 1753 3401
5789 1754 3401
5789 1755 3401
5789 1756 3401
5789 1757 3401
5789 1758 3401
5789 1759 3401
5789 1760 3401
5789 1761 3401
5789 1762 3401
5789 1763 3401
5789 1764 3401
5789 1765 3401
5789 1766 3401
5789 1767 3401
5789 1768 3401
5789 1769 3401
5789 1770 3401
5789 1771 3401
5789 1772 3401
5789 1773 3401
5789 1774 3401
5789 1775 3401
5789 1776 3401
5789 1777 3401
5789 1741 3402
5789 1742 3402
5789 1743 3402
5789 1744 3402
5789 1745 3402
5789 1746 3402
5789 1747 3402
5789 1748 3402
5789 1749 3402
5789 1750 3402
5789 1751 3402
5789 1752 3402
5789 1753 3402
5789 1754 3402
5789 1755 3402
5789 1756 3402
5789 1757 3402
5789 1758 3402
5789 1759 3402
5789 1760 3402
5789 1761 3402
5789 1762 3402
5789 1763 3402
5789 1764 3402
5789 1765 3402
5789 1766 3402
5789 1767 3402
5789 1768 3402
5789 1769 3402
5789 1770 3402
5789 1771 3402
5789 1772 3402
5789 1773 3402
5789 1774 3402
5789 1775 3402
5789 1776 3402
5789 1777 3402
5789 1778 3402
5789 1741 3403
5789 1742 3403
5789 1743 3403
5789 1744 3403
5789 1745 3403
5789 1746 3403
5789 1747 3403
5789 1748 3403
5789 1749 3403
5789 1750 3403
5789 1751 3403
5789 1752 3403
5789 1753 3403
5789 1754 3403
5789 1755 3403
5789 1756 3403
5789 1757 3403
5789 1758 3403
5789 1759 3403
5789 1760 3403
5789 1761 3403
5789 1762 3403
5789 1763 3403
5789 1764 3403
5789 1765 3403
5789 1766 3403
5789 1767 3403
5789 1768 3403
5789 1769 3403
5789 1770 3403
5789 1771 3403
5789 1772 3403
5789 1773 3403
5789 1774 3403
5789 1775 3403
5789 1776 3403
5789 1777 3403
5789 1778 3403
5789 1779 3403
5789 1780 3403
5789 1781 3403
5789 1782 3403
5789 1740 3404
5789 1741 3404
5789 1742 3404
5789 1743 3404
5789 1744 3404
5789 1745 3404
5789 1746 3404
5789 1747 3404
5789 1748 3404
5789 1749 3404
5789 1750 3404
5789 1751 3404
5789 1752 3404
5789 1753 3404
5789 1754 3404
5789 1755 3404
5789 1756 3404
5789 1757 3404
5789 1758 3404
5789 1759 3404
5789 1760 3404
5789 1761 3404
5789 1762 3404
5789 1763 3404
5789 1764 3404
5789 1765 3404
5789 1766 3404
5789 1767 3404
5789 1768 3404
5789 1769 3404
5789 1770 3404
5789 1771 3404
5789 1772 3404
5789 1773 3404
5789 1774 3404
5789 1775 3404
5789 1776 3404
5789 1777 3404
5789 1778 3404
5789 1779 3404
5789 1780 3404
5789 1781 3404
5789 1782 3404
5789 1740 3405
5789 1741 3405
5789 1742 3405
5789 1743 3405
5789 1744 3405
5789 1745 3405
5789 1746 3405
5789 1747 3405
5789 1748 3405
5789 1749 3405
5789 1750 3405
5789 1751 3405
5789 1752 3405
5789 1753 3405
5789 1754 3405
5789 1755 3405
5789 1756 3405
5789 1757 3405
5789 1758 3405
5789 1759 3405
5789 1760 3405
5789 1761 3405
5789 1762 3405
5789 1763 3405
5789 1764 3405
5789 1765 3405
5789 1766 3405
5789 1767 3405
5789 1768 3405
5789 1769 3405
5789 1770 3405
5789 1771 3405
5789 1772 3405
5789 1773 3405
5789 1774 3405
5789 1775 3405
5789 1776 3405
5789 1777 3405
5789 1778 3405
5789 1779 3405
5789 1780 3405
5789 1781 3405
5789 1782 3405
5789 1740 3406
5789 1741 3406
5789 1742 3406
5789 1743 3406
5789 1744 3406
5789 1745 3406
5789 1746 3406
5789 1747 3406
5789 1748 3406
5789 1749 3406
5789 1750 3406
5789 1751 3406
5789 1752 3406
5789 1753 3406
5789 1754 3406
5789 1755 3406
5789 1756 3406
5789 1757 3406
5789 1758 3406
5789 1759 3406
5789 1760 3406
5789 1761 3406
5789 1762 3406
5789 1763 3406
5789 1764 3406
5789 1765 3406
5789 1766 3406
5789 1767 3406
5789 1768 3406
5789 1769 3406
5789 1770 3406
5789 1771 3406
5789 1772 3406
5789 1773 3406
5789 1774 3406
5789 1775 3406
5789 1776 3406
5789 1777 3406
5789 1778 3406
5789 1779 3406
5789 1780 3406
5789 1781 3406
5789 1782 3406
5789 1739 3407
5789 1740 3407
5789 1741 3407
5789 1742 3407
5789 1743 3407
5789 1744 3407
5789 1745 3407
5789 1746 3407
5789 1747 3407
5789 1748 3407
5789 1749 3407
5789 1750 3407
5789 1751 3407
5789 1752 3407
5789 1753 3407
5789 1754 3407
5789 1755 3407
5789 1756 3407
5789 1757 3407
5789 1758 3407
5789 1759 3407
5789 1760 3407
5789 1761 3407
5789 1762 3407
5789 1763 3407
5789 1764 3407
5789 1765 3407
5789 1766 3407
5789 1767 3407
5789 1768 3407
5789 1769 3407
5789 1770 3407
5789 1771 3407
5789 1772 3407
5789 1773 3407
5789 1774 3407
5789 1775 3407
5789 1776 3407
5789 1777 3407
5789 1778 3407
5789 1779 3407
5789 1780 3407
5789 1781 3407
5789 1782 3407
5789 1738 3408
5789 1739 3408
5789 1740 3408
5789 1741 3408
5789 1742 3408
5789 1743 3408
5789 1744 3408
5789 1745 3408
5789 1746 3408
5789 1747 3408
5789 1748 3408
5789 1749 3408
5789 1750 3408
5789 1751 3408
5789 1752 3408
5789 1753 3408
5789 1754 3408
5789 1755 3408
5789 1756 3408
5789 1757 3408
5789 1758 3408
5789 1759 3408
5789 1760 3408
5789 1761 3408
5789 1762 3408
5789 1763 3408
5789 1764 3408
5789 1765 3408
5789 1766 3408
5789 1767 3408
5789 1768 3408
5789 1769 3408
5789 1770 3408
5789 1771 3408
5789 1772 3408
5789 1773 3408
5789 1774 3408
5789 1775 3408
5789 1776 3408
5789 1777 3408
5789 1778 3408
5789 1779 3408
5789 1780 3408
5789 1781 3408
5789 1782 3408
5789 1736 3409
5789 1737 3409
5789 1738 3409
5789 1739 3409
5789 1740 3409
5789 1741 3409
5789 1742 3409
5789 1743 3409
5789 1744 3409
5789 1745 3409
5789 1746 3409
5789 1747 3409
5789 1748 3409
5789 1749 3409
5789 1750 3409
5789 1751 3409
5789 1752 3409
5789 1753 3409
5789 1754 3409
5789 1755 3409
5789 1756 3409
5789 1757 3409
5789 1758 3409
5789 1759 3409
5789 1760 3409
5789 1761 3409
5789 1762 3409
5789 1763 3409
5789 1764 3409
5789 1765 3409
5789 1766 3409
5789 1767 3409
5789 1768 3409
5789 1769 3409
5789 1770 3409
5789 1771 3409
5789 1772 3409
5789 1773 3409
5789 1774 3409
5789 1775 3409
5789 1776 3409
5789 1777 3409
5789 1778 3409
5789 1779 3409
5789 1780 3409
5789 1781 3409
5789 1782 3409
5789 1783 3409
5789 1734 3410
5789 1735 3410
5789 1736 3410
5789 1737 3410
5789 1738 3410
5789 1739 3410
5789 1740 3410
5789 1741 3410
5789 1742 3410
5789 1743 3410
5789 1744 3410
5789 1745 3410
5789 1746 3410
5789 1747 3410
5789 1748 3410
5789 1749 3410
5789 1750 3410
5789 1751 3410
5789 1752 3410
5789 1753 3410
5789 1754 3410
5789 1755 3410
5789 1756 3410
5789 1757 3410
5789 1758 3410
5789 1759 3410
5789 1760 3410
5789 1761 3410
5789 1762 3410
5789 1763 3410
5789 1764 3410
5789 1765 3410
5789 1766 3410
5789 1767 3410
5789 1768 3410
5789 1769 3410
5789 1770 3410
5789 1771 3410
5789 1772 3410
5789 1773 3410
5789 1774 3410
5789 1775 3410
5789 1776 3410
5789 1777 3410
5789 1778 3410
5789 1779 3410
5789 1780 3410
5789 1781 3410
5789 1782 3410
5789 1783 3410
5789 1733 3411
5789 1734 3411
5789 1735 3411
5789 1736 3411
5789 1737 3411
5789 1738 3411
5789 1739 3411
5789 1740 3411
5789 1741 3411
5789 1742 3411
5789 1743 3411
5789 1744 3411
5789 1745 3411
5789 1746 3411
5789 1747 3411
5789 1748 3411
5789 1749 3411
5789 1750 3411
5789 1751 3411
5789 1752 3411
5789 1753 3411
5789 1754 3411
5789 1755 3411
5789 1756 3411
5789 1757 3411
5789 1758 3411
5789 1759 3411
5789 1760 3411
5789 1761 3411
5789 1762 3411
5789 1763 3411
5789 1764 3411
5789 1765 3411
5789 1766 3411
5789 1767 3411
5789 1768 3411
5789 1769 3411
5789 1770 3411
5789 1771 3411
5789 1772 3411
5789 1773 3411
5789 1774 3411
5789 1775 3411
5789 1776 3411
5789 1777 3411
5789 1778 3411
5789 1779 3411
5789 1780 3411
5789 1781 3411
5789 1782 3411
5789 1783 3411
5789 1732 3412
5789 1733 3412
5789 1734 3412
5789 1735 3412
5789 1736 3412
5789 1737 3412
5789 1738 3412
5789 1739 3412
5789 1740 3412
5789 1741 3412
5789 1742 3412
5789 1743 3412
5789 1744 3412
5789 1745 3412
5789 1746 3412
5789 1747 3412
5789 1748 3412
5789 1749 3412
5789 1750 3412
5789 1751 3412
5789 1752 3412
5789 1753 3412
5789 1754 3412
5789 1755 3412
5789 1756 3412
5789 1757 3412
5789 1758 3412
5789 1759 3412
5789 1760 3412
5789 1761 3412
5789 1762 3412
5789 1763 3412
5789 1764 3412
5789 1765 3412
5789 1766 3412
5789 1767 3412
5789 1768 3412
5789 1769 3412
5789 1770 3412
5789 1771 3412
5789 1772 3412
5789 1773 3412
5789 1774 3412
5789 1775 3412
5789 1776 3412
5789 1777 3412
5789 1778 3412
5789 1779 3412
5789 1780 3412
5789 1781 3412
5789 1782 3412
5789 1783 3412
5789 1784 3412
5789 1785 3412
5789 1731 3413
5789 1732 3413
5789 1733 3413
5789 1734 3413
5789 1735 3413
5789 1736 3413
5789 1737 3413
5789 1738 3413
5789 1739 3413
5789 1740 3413
5789 1741 3413
5789 1742 3413
5789 1743 3413
5789 1744 3413
5789 1745 3413
5789 1746 3413
5789 1747 3413
5789 1748 3413
5789 1749 3413
5789 1750 3413
5789 1751 3413
5789 1752 3413
5789 1753 3413
5789 1754 3413
5789 1755 3413
5789 1756 3413
5789 1757 3413
5789 1758 3413
5789 1759 3413
5789 1760 3413
5789 1761 3413
5789 1762 3413
5789 1763 3413
5789 1764 3413
5789 1765 3413
5789 1766 3413
5789 1767 3413
5789 1768 3413
5789 1769 3413
5789 1770 3413
5789 1771 3413
5789 1772 3413
5789 1773 3413
5789 1774 3413
5789 1775 3413
5789 1776 3413
5789 1777 3413
5789 1778 3413
5789 1779 3413
5789 1780 3413
5789 1781 3413
5789 1782 3413
5789 1783 3413
5789 1784 3413
5789 1785 3413
5789 1786 3413
5789 1730 3414
5789 1731 3414
5789 1732 3414
5789 1733 3414
5789 1734 3414
5789 1735 3414
5789 1736 3414
5789 1737 3414
5789 1738 3414
5789 1739 3414
5789 1740 3414
5789 1741 3414
5789 1742 3414
5789 1743 3414
5789 1744 3414
5789 1745 3414
5789 1746 3414
5789 1747 3414
5789 1748 3414
5789 1749 3414
5789 1750 3414
5789 1751 3414
5789 1752 3414
5789 1753 3414
5789 1754 3414
5789 1755 3414
5789 1756 3414
5789 1757 3414
5789 1758 3414
5789 1759 3414
5789 1760 3414
5789 1761 3414
5789 1762 3414
5789 1763 3414
5789 1764 3414
5789 1765 3414
5789 1766 3414
5789 1767 3414
5789 1768 3414
5789 1769 3414
5789 1770 3414
5789 1771 3414
5789 1772 3414
5789 1773 3414
5789 1774 3414
5789 1775 3414
5789 1776 3414
5789 1777 3414
5789 1778 3414
5789 1779 3414
5789 1780 3414
5789 1781 3414
5789 1782 3414
5789 1783 3414
5789 1784 3414
5789 1785 3414
5789 1786 3414
5789 1729 3415
5789 1730 3415
5789 1731 3415
5789 1732 3415
5789 1733 3415
5789 1734 3415
5789 1735 3415
5789 1736 3415
5789 1737 3415
5789 1738 3415
5789 1739 3415
5789 1740 3415
5789 1741 3415
5789 1742 3415
5789 1743 3415
5789 1744 3415
5789 1745 3415
5789 1746 3415
5789 1747 3415
5789 1748 3415
5789 1749 3415
5789 1750 3415
5789 1751 3415
5789 1752 3415
5789 1753 3415
5789 1754 3415
5789 1755 3415
5789 1756 3415
5789 1757 3415
5789 1758 3415
5789 1759 3415
5789 1760 3415
5789 1761 3415
5789 1762 3415
5789 1763 3415
5789 1764 3415
5789 1765 3415
5789 1766 3415
5789 1767 3415
5789 1768 3415
5789 1769 3415
5789 1770 3415
5789 1771 3415
5789 1772 3415
5789 1773 3415
5789 1774 3415
5789 1775 3415
5789 1776 3415
5789 1777 3415
5789 1778 3415
5789 1779 3415
5789 1780 3415
5789 1781 3415
5789 1782 3415
5789 1783 3415
5789 1784 3415
5789 1785 3415
5789 1729 3416
5789 1730 3416
5789 1731 3416
5789 1732 3416
5789 1733 3416
5789 1734 3416
5789 1735 3416
5789 1736 3416
5789 1737 3416
5789 1738 3416
5789 1739 3416
5789 1740 3416
5789 1741 3416
5789 1742 3416
5789 1743 3416
5789 1744 3416
5789 1745 3416
5789 1746 3416
5789 1747 3416
5789 1748 3416
5789 1749 3416
5789 1750 3416
5789 1751 3416
5789 1752 3416
5789 1753 3416
5789 1754 3416
5789 1755 3416
5789 1756 3416
5789 1757 3416
5789 1758 3416
5789 1759 3416
5789 1760 3416
5789 1761 3416
5789 1762 3416
5789 1763 3416
5789 1764 3416
5789 1765 3416
5789 1766 3416
5789 1767 3416
5789 1768 3416
5789 1769 3416
5789 1770 3416
5789 1771 3416
5789 1772 3416
5789 1773 3416
5789 1774 3416
5789 1775 3416
5789 1776 3416
5789 1777 3416
5789 1778 3416
5789 1779 3416
5789 1780 3416
5789 1781 3416
5789 1782 3416
5789 1783 3416
5789 1784 3416
5789 1728 3417
5789 1729 3417
5789 1730 3417
5789 1731 3417
5789 1732 3417
5789 1733 3417
5789 1734 3417
5789 1735 3417
5789 1736 3417
5789 1737 3417
5789 1738 3417
5789 1739 3417
5789 1740 3417
5789 1741 3417
5789 1742 3417
5789 1743 3417
5789 1744 3417
5789 1745 3417
5789 1746 3417
5789 1747 3417
5789 1748 3417
5789 1749 3417
5789 1750 3417
5789 1751 3417
5789 1752 3417
5789 1753 3417
5789 1754 3417
5789 1755 3417
5789 1756 3417
5789 1757 3417
5789 1758 3417
5789 1759 3417
5789 1760 3417
5789 1761 3417
5789 1762 3417
5789 1763 3417
5789 1764 3417
5789 1765 3417
5789 1766 3417
5789 1767 3417
5789 1768 3417
5789 1769 3417
5789 1770 3417
5789 1771 3417
5789 1772 3417
5789 1773 3417
5789 1774 3417
5789 1775 3417
5789 1776 3417
5789 1777 3417
5789 1778 3417
5789 1779 3417
5789 1780 3417
5789 1781 3417
5789 1782 3417
5789 1728 3418
5789 1729 3418
5789 1730 3418
5789 1731 3418
5789 1732 3418
5789 1733 3418
5789 1734 3418
5789 1735 3418
5789 1736 3418
5789 1737 3418
5789 1738 3418
5789 1739 3418
5789 1740 3418
5789 1741 3418
5789 1742 3418
5789 1743 3418
5789 1744 3418
5789 1745 3418
5789 1746 3418
5789 1747 3418
5789 1748 3418
5789 1749 3418
5789 1750 3418
5789 1751 3418
5789 1752 3418
5789 1753 3418
5789 1754 3418
5789 1755 3418
5789 1756 3418
5789 1757 3418
5789 1758 3418
5789 1759 3418
5789 1760 3418
5789 1761 3418
5789 1762 3418
5789 1763 3418
5789 1764 3418
5789 1765 3418
5789 1766 3418
5789 1767 3418
5789 1768 3418
5789 1769 3418
5789 1770 3418
5789 1771 3418
5789 1772 3418
5789 1773 3418
5789 1774 3418
5789 1775 3418
5789 1776 3418
5789 1777 3418
5789 1778 3418
5789 1779 3418
5789 1780 3418
5789 1781 3418
5789 1782 3418
5789 1727 3419
5789 1728 3419
5789 1729 3419
5789 1730 3419
5789 1731 3419
5789 1732 3419
5789 1733 3419
5789 1734 3419
5789 1735 3419
5789 1736 3419
5789 1737 3419
5789 1738 3419
5789 1739 3419
5789 1740 3419
5789 1741 3419
5789 1742 3419
5789 1743 3419
5789 1744 3419
5789 1745 3419
5789 1746 3419
5789 1747 3419
5789 1748 3419
5789 1749 3419
5789 1750 3419
5789 1751 3419
5789 1752 3419
5789 1753 3419
5789 1754 3419
5789 1755 3419
5789 1756 3419
5789 1757 3419
5789 1758 3419
5789 1759 3419
5789 1760 3419
5789 1761 3419
5789 1762 3419
5789 1763 3419
5789 1764 3419
5789 1765 3419
5789 1766 3419
5789 1767 3419
5789 1768 3419
5789 1769 3419
5789 1770 3419
5789 1771 3419
5789 1772 3419
5789 1773 3419
5789 1774 3419
5789 1775 3419
5789 1776 3419
5789 1777 3419
5789 1778 3419
5789 1779 3419
5789 1780 3419
5789 1781 3419
5789 1727 3420
5789 1728 3420
5789 1729 3420
5789 1730 3420
5789 1731 3420
5789 1732 3420
5789 1733 3420
5789 1734 3420
5789 1735 3420
5789 1736 3420
5789 1737 3420
5789 1738 3420
5789 1739 3420
5789 1740 3420
5789 1741 3420
5789 1742 3420
5789 1743 3420
5789 1744 3420
5789 1745 3420
5789 1746 3420
5789 1747 3420
5789 1748 3420
5789 1749 3420
5789 1750 3420
5789 1751 3420
5789 1752 3420
5789 1753 3420
5789 1754 3420
5789 1755 3420
5789 1756 3420
5789 1757 3420
5789 1758 3420
5789 1759 3420
5789 1760 3420
5789 1761 3420
5789 1762 3420
5789 1763 3420
5789 1764 3420
5789 1765 3420
5789 1766 3420
5789 1767 3420
5789 1768 3420
5789 1769 3420
5789 1770 3420
5789 1771 3420
5789 1772 3420
5789 1773 3420
5789 1774 3420
5789 1775 3420
5789 1776 3420
5789 1777 3420
5789 1778 3420
5789 1779 3420
5789 1780 3420
5789 1781 3420
5789 1726 3421
5789 1727 3421
5789 1728 3421
5789 1729 3421
5789 1730 3421
5789 1731 3421
5789 1732 3421
5789 1733 3421
5789 1734 3421
5789 1735 3421
5789 1736 3421
5789 1737 3421
5789 1738 3421
5789 1739 3421
5789 1740 3421
5789 1741 3421
5789 1742 3421
5789 1743 3421
5789 1744 3421
5789 1745 3421
5789 1746 3421
5789 1747 3421
5789 1748 3421
5789 1749 3421
5789 1750 3421
5789 1751 3421
5789 1752 3421
5789 1753 3421
5789 1754 3421
5789 1755 3421
5789 1756 3421
5789 1757 3421
5789 1758 3421
5789 1759 3421
5789 1760 3421
5789 1761 3421
5789 1762 3421
5789 1763 3421
5789 1764 3421
5789 1765 3421
5789 1766 3421
5789 1767 3421
5789 1768 3421
5789 1769 3421
5789 1770 3421
5789 1771 3421
5789 1772 3421
5789 1773 3421
5789 1774 3421
5789 1775 3421
5789 1776 3421
5789 1777 3421
5789 1778 3421
5789 1779 3421
5789 1780 3421
5789 1781 3421
5789 1725 3422
5789 1726 3422
5789 1727 3422
5789 1728 3422
5789 1729 3422
5789 1730 3422
5789 1731 3422
5789 1732 3422
5789 1733 3422
5789 1734 3422
5789 1735 3422
5789 1736 3422
5789 1737 3422
5789 1738 3422
5789 1739 3422
5789 1740 3422
5789 1741 3422
5789 1742 3422
5789 1743 3422
5789 1744 3422
5789 1745 3422
5789 1746 3422
5789 1747 3422
5789 1748 3422
5789 1749 3422
5789 1750 3422
5789 1751 3422
5789 1752 3422
5789 1753 3422
5789 1754 3422
5789 1755 3422
5789 1756 3422
5789 1757 3422
5789 1758 3422
5789 1759 3422
5789 1760 3422
5789 1761 3422
5789 1762 3422
5789 1763 3422
5789 1764 3422
5789 1765 3422
5789 1766 3422
5789 1767 3422
5789 1768 3422
5789 1769 3422
5789 1770 3422
5789 1771 3422
5789 1772 3422
5789 1773 3422
5789 1774 3422
5789 1775 3422
5789 1776 3422
5789 1777 3422
5789 1778 3422
5789 1779 3422
5789 1780 3422
5789 1724 3423
5789 1725 3423
5789 1726 3423
5789 1727 3423
5789 1728 3423
5789 1729 3423
5789 1730 3423
5789 1731 3423
5789 1732 3423
5789 1733 3423
5789 1734 3423
5789 1735 3423
5789 1736 3423
5789 1737 3423
5789 1738 3423
5789 1739 3423
5789 1740 3423
5789 1741 3423
5789 1742 3423
5789 1743 3423
5789 1744 3423
5789 1745 3423
5789 1746 3423
5789 1747 3423
5789 1748 3423
5789 1749 3423
5789 1750 3423
5789 1751 3423
5789 1752 3423
5789 1753 3423
5789 1754 3423
5789 1755 3423
5789 1756 3423
5789 1757 3423
5789 1758 3423
5789 1759 3423
5789 1760 3423
5789 1761 3423
5789 1762 3423
5789 1763 3423
5789 1764 3423
5789 1765 3423
5789 1766 3423
5789 1767 3423
5789 1768 3423
5789 1769 3423
5789 1770 3423
5789 1771 3423
5789 1772 3423
5789 1773 3423
5789 1774 3423
5789 1775 3423
5789 1776 3423
5789 1777 3423
5789 1778 3423
5789 1779 3423
5789 1780 3423
5789 1723 3424
5789 1724 3424
5789 1725 3424
5789 1726 3424
5789 1727 3424
5789 1728 3424
5789 1729 3424
5789 1730 3424
5789 1731 3424
5789 1732 3424
5789 1733 3424
5789 1734 3424
5789 1735 3424
5789 1736 3424
5789 1737 3424
5789 1738 3424
5789 1739 3424
5789 1740 3424
5789 1741 3424
5789 1742 3424
5789 1743 3424
5789 1744 3424
5789 1745 3424
5789 1746 3424
5789 1747 3424
5789 1748 3424
5789 1749 3424
5789 1750 3424
5789 1751 3424
5789 1752 3424
5789 1753 3424
5789 1754 3424
5789 1755 3424
5789 1756 3424
5789 1757 3424
5789 1758 3424
5789 1759 3424
5789 1760 3424
5789 1761 3424
5789 1762 3424
5789 1763 3424
5789 1764 3424
5789 1765 3424
5789 1766 3424
5789 1767 3424
5789 1768 3424
5789 1769 3424
5789 1770 3424
5789 1771 3424
5789 1772 3424
5789 1773 3424
5789 1774 3424
5789 1775 3424
5789 1776 3424
5789 1777 3424
5789 1778 3424
5789 1779 3424
5789 1780 3424
5789 1723 3425
5789 1724 3425
5789 1725 3425
5789 1726 3425
5789 1727 3425
5789 1728 3425
5789 1729 3425
5789 1730 3425
5789 1731 3425
5789 1732 3425
5789 1733 3425
5789 1734 3425
5789 1735 3425
5789 1736 3425
5789 1737 3425
5789 1738 3425
5789 1739 3425
5789 1740 3425
5789 1741 3425
5789 1742 3425
5789 1743 3425
5789 1744 3425
5789 1745 3425
5789 1746 3425
5789 1747 3425
5789 1748 3425
5789 1749 3425
5789 1750 3425
5789 1751 3425
5789 1752 3425
5789 1753 3425
5789 1754 3425
5789 1755 3425
5789 1756 3425
5789 1757 3425
5789 1758 3425
5789 1759 3425
5789 1760 3425
5789 1761 3425
5789 1762 3425
5789 1763 3425
5789 1764 3425
5789 1765 3425
5789 1766 3425
5789 1767 3425
5789 1768 3425
5789 1769 3425
5789 1770 3425
5789 1771 3425
5789 1772 3425
5789 1773 3425
5789 1774 3425
5789 1775 3425
5789 1776 3425
5789 1777 3425
5789 1778 3425
5789 1779 3425
5789 1780 3425
5789 1723 3426
5789 1724 3426
5789 1725 3426
5789 1726 3426
5789 1727 3426
5789 1728 3426
5789 1729 3426
5789 1730 3426
5789 1731 3426
5789 1732 3426
5789 1733 3426
5789 1734 3426
5789 1735 3426
5789 1736 3426
5789 1737 3426
5789 1738 3426
5789 1739 3426
5789 1740 3426
5789 1741 3426
5789 1742 3426
5789 1743 3426
5789 1744 3426
5789 1745 3426
5789 1746 3426
5789 1747 3426
5789 1748 3426
5789 1749 3426
5789 1750 3426
5789 1751 3426
5789 1752 3426
5789 1753 3426
5789 1754 3426
5789 1755 3426
5789 1756 3426
5789 1757 3426
5789 1758 3426
5789 1759 3426
5789 1760 3426
5789 1761 3426
5789 1762 3426
5789 1763 3426
5789 1764 3426
5789 1765 3426
5789 1766 3426
5789 1767 3426
5789 1768 3426
5789 1769 3426
5789 1770 3426
5789 1771 3426
5789 1772 3426
5789 1773 3426
5789 1774 3426
5789 1775 3426
5789 1776 3426
5789 1777 3426
5789 1778 3426
5789 1779 3426
5789 1723 3427
5789 1724 3427
5789 1725 3427
5789 1726 3427
5789 1727 3427
5789 1728 3427
5789 1729 3427
5789 1730 3427
5789 1731 3427
5789 1732 3427
5789 1733 3427
5789 1734 3427
5789 1735 3427
5789 1736 3427
5789 1737 3427
5789 1738 3427
5789 1739 3427
5789 1740 3427
5789 1741 3427
5789 1742 3427
5789 1743 3427
5789 1744 3427
5789 1745 3427
5789 1746 3427
5789 1747 3427
5789 1748 3427
5789 1749 3427
5789 1750 3427
5789 1751 3427
5789 1752 3427
5789 1753 3427
5789 1754 3427
5789 1755 3427
5789 1756 3427
5789 1757 3427
5789 1758 3427
5789 1759 3427
5789 1760 3427
5789 1761 3427
5789 1762 3427
5789 1763 3427
5789 1764 3427
5789 1765 3427
5789 1766 3427
5789 1767 3427
5789 1768 3427
5789 1769 3427
5789 1770 3427
5789 1771 3427
5789 1772 3427
5789 1773 3427
5789 1774 3427
5789 1775 3427
5789 1776 3427
5789 1777 3427
5789 1778 3427
5789 1779 3427
5789 1722 3428
5789 1723 3428
5789 1724 3428
5789 1725 3428
5789 1726 3428
5789 1727 3428
5789 1728 3428
5789 1729 3428
5789 1730 3428
5789 1731 3428
5789 1732 3428
5789 1733 3428
5789 1734 3428
5789 1735 3428
5789 1736 3428
5789 1737 3428
5789 1738 3428
5789 1739 3428
5789 1740 3428
5789 1741 3428
5789 1742 3428
5789 1743 3428
5789 1744 3428
5789 1745 3428
5789 1746 3428
5789 1747 3428
5789 1748 3428
5789 1749 3428
5789 1750 3428
5789 1751 3428
5789 1752 3428
5789 1753 3428
5789 1754 3428
5789 1755 3428
5789 1756 3428
5789 1757 3428
5789 1758 3428
5789 1759 3428
5789 1760 3428
5789 1761 3428
5789 1762 3428
5789 1763 3428
5789 1764 3428
5789 1765 3428
5789 1766 3428
5789 1767 3428
5789 1768 3428
5789 1769 3428
5789 1770 3428
5789 1771 3428
5789 1772 3428
5789 1773 3428
5789 1774 3428
5789 1775 3428
5789 1776 3428
5789 1777 3428
5789 1778 3428
5789 1723 3429
5789 1724 3429
5789 1725 3429
5789 1726 3429
5789 1727 3429
5789 1728 3429
5789 1729 3429
5789 1730 3429
5789 1731 3429
5789 1732 3429
5789 1733 3429
5789 1734 3429
5789 1735 3429
5789 1736 3429
5789 1737 3429
5789 1738 3429
5789 1739 3429
5789 1740 3429
5789 1741 3429
5789 1742 3429
5789 1743 3429
5789 1744 3429
5789 1745 3429
5789 1746 3429
5789 1747 3429
5789 1748 3429
5789 1749 3429
5789 1750 3429
5789 1751 3429
5789 1752 3429
5789 1753 3429
5789 1754 3429
5789 1755 3429
5789 1756 3429
5789 1757 3429
5789 1758 3429
5789 1759 3429
5789 1760 3429
5789 1761 3429
5789 1762 3429
5789 1763 3429
5789 1764 3429
5789 1765 3429
5789 1766 3429
5789 1767 3429
5789 1768 3429
5789 1769 3429
5789 1770 3429
5789 1771 3429
5789 1772 3429
5789 1773 3429
5789 1774 3429
5789 1775 3429
5789 1776 3429
5789 1777 3429
5789 1778 3429
5789 1723 3430
5789 1724 3430
5789 1725 3430
5789 1726 3430
5789 1727 3430
5789 1728 3430
5789 1729 3430
5789 1730 3430
5789 1731 3430
5789 1732 3430
5789 1733 3430
5789 1734 3430
5789 1735 3430
5789 1736 3430
5789 1737 3430
5789 1738 3430
5789 1739 3430
5789 1740 3430
5789 1741 3430
5789 1742 3430
5789 1743 3430
5789 1744 3430
5789 1745 3430
5789 1746 3430
5789 1747 3430
5789 1748 3430
5789 1749 3430
5789 1750 3430
5789 1751 3430
5789 1752 3430
5789 1753 3430
5789 1754 3430
5789 1755 3430
5789 1756 3430
5789 1757 3430
5789 1758 3430
5789 1759 3430
5789 1760 3430
5789 1761 3430
5789 1762 3430
5789 1763 3430
5789 1764 3430
5789 1765 3430
5789 1766 3430
5789 1767 3430
5789 1768 3430
5789 1769 3430
5789 1770 3430
5789 1771 3430
5789 1772 3430
5789 1773 3430
5789 1774 3430
5789 1775 3430
5789 1776 3430
5789 1723 3431
5789 1724 3431
5789 1725 3431
5789 1726 3431
5789 1727 3431
5789 1728 3431
5789 1729 3431
5789 1730 3431
5789 1731 3431
5789 1732 3431
5789 1733 3431
5789 1734 3431
5789 1735 3431
5789 1736 3431
5789 1737 3431
5789 1738 3431
5789 1739 3431
5789 1740 3431
5789 1741 3431
5789 1742 3431
5789 1743 3431
5789 1744 3431
5789 1745 3431
5789 1746 3431
5789 1747 3431
5789 1748 3431
5789 1749 3431
5789 1750 3431
5789 1751 3431
5789 1752 3431
5789 1753 3431
5789 1754 3431
5789 1755 3431
5789 1756 3431
5789 1757 3431
5789 1758 3431
5789 1759 3431
5789 1760 3431
5789 1761 3431
5789 1762 3431
5789 1763 3431
5789 1764 3431
5789 1765 3431
5789 1766 3431
5789 1767 3431
5789 1768 3431
5789 1769 3431
5789 1770 3431
5789 1771 3431
5789 1772 3431
5789 1773 3431
5789 1774 3431
5789 1721 3432
5789 1722 3432
5789 1723 3432
5789 1724 3432
5789 1725 3432
5789 1726 3432
5789 1727 3432
5789 1728 3432
5789 1729 3432
5789 1730 3432
5789 1731 3432
5789 1732 3432
5789 1733 3432
5789 1734 3432
5789 1735 3432
5789 1736 3432
5789 1737 3432
5789 1738 3432
5789 1739 3432
5789 1740 3432
5789 1741 3432
5789 1742 3432
5789 1743 3432
5789 1744 3432
5789 1745 3432
5789 1746 3432
5789 1747 3432
5789 1748 3432
5789 1749 3432
5789 1750 3432
5789 1751 3432
5789 1752 3432
5789 1753 3432
5789 1754 3432
5789 1755 3432
5789 1756 3432
5789 1757 3432
5789 1758 3432
5789 1759 3432
5789 1760 3432
5789 1761 3432
5789 1762 3432
5789 1763 3432
5789 1764 3432
5789 1765 3432
5789 1766 3432
5789 1767 3432
5789 1768 3432
5789 1769 3432
5789 1770 3432
5789 1771 3432
5789 1720 3433
5789 1721 3433
5789 1722 3433
5789 1723 3433
5789 1724 3433
5789 1725 3433
5789 1726 3433
5789 1727 3433
5789 1728 3433
5789 1729 3433
5789 1730 3433
5789 1731 3433
5789 1732 3433
5789 1733 3433
5789 1734 3433
5789 1735 3433
5789 1736 3433
5789 1737 3433
5789 1738 3433
5789 1739 3433
5789 1740 3433
5789 1741 3433
5789 1742 3433
5789 1743 3433
5789 1744 3433
5789 1745 3433
5789 1746 3433
5789 1747 3433
5789 1748 3433
5789 1749 3433
5789 1750 3433
5789 1751 3433
5789 1752 3433
5789 1753 3433
5789 1754 3433
5789 1755 3433
5789 1756 3433
5789 1757 3433
5789 1758 3433
5789 1759 3433
5789 1760 3433
5789 1761 3433
5789 1762 3433
5789 1763 3433
5789 1764 3433
5789 1765 3433
5789 1766 3433
5789 1767 3433
5789 1768 3433
5789 1720 3434
5789 1721 3434
5789 1722 3434
5789 1723 3434
5789 1724 3434
5789 1725 3434
5789 1726 3434
5789 1727 3434
5789 1728 3434
5789 1729 3434
5789 1730 3434
5789 1731 3434
5789 1732 3434
5789 1733 3434
5789 1734 3434
5789 1735 3434
5789 1736 3434
5789 1737 3434
5789 1738 3434
5789 1739 3434
5789 1740 3434
5789 1741 3434
5789 1742 3434
5789 1743 3434
5789 1744 3434
5789 1745 3434
5789 1746 3434
5789 1747 3434
5789 1748 3434
5789 1749 3434
5789 1750 3434
5789 1751 3434
5789 1752 3434
5789 1753 3434
5789 1754 3434
5789 1755 3434
5789 1756 3434
5789 1757 3434
5789 1758 3434
5789 1759 3434
5789 1760 3434
5789 1761 3434
5789 1762 3434
5789 1763 3434
5789 1764 3434
5789 1765 3434
5789 1766 3434
5789 1721 3435
5789 1722 3435
5789 1723 3435
5789 1724 3435
5789 1725 3435
5789 1726 3435
5789 1727 3435
5789 1728 3435
5789 1729 3435
5789 1730 3435
5789 1731 3435
5789 1732 3435
5789 1733 3435
5789 1734 3435
5789 1735 3435
5789 1736 3435
5789 1737 3435
5789 1738 3435
5789 1739 3435
5789 1740 3435
5789 1741 3435
5789 1742 3435
5789 1743 3435
5789 1744 3435
5789 1745 3435
5789 1746 3435
5789 1747 3435
5789 1748 3435
5789 1749 3435
5789 1750 3435
5789 1751 3435
5789 1752 3435
5789 1753 3435
5789 1754 3435
5789 1755 3435
5789 1756 3435
5789 1757 3435
5789 1758 3435
5789 1759 3435
5789 1760 3435
5789 1761 3435
5789 1762 3435
5789 1763 3435
5789 1726 3436
5789 1727 3436
5789 1728 3436
5789 1729 3436
5789 1730 3436
5789 1731 3436
5789 1732 3436
5789 1733 3436
5789 1734 3436
5789 1735 3436
5789 1736 3436
5789 1737 3436
5789 1738 3436
5789 1739 3436
5789 1740 3436
5789 1741 3436
5789 1742 3436
5789 1743 3436
5789 1744 3436
5789 1745 3436
5789 1746 3436
5789 1747 3436
5789 1748 3436
5789 1749 3436
5789 1750 3436
5789 1751 3436
5789 1752 3436
5789 1753 3436
5789 1754 3436
5789 1755 3436
5789 1756 3436
5789 1757 3436
5789 1758 3436
5789 1759 3436
5789 1760 3436
5789 1761 3436
5789 1762 3436
5789 1763 3436
5789 1731 3437
5789 1732 3437
5789 1733 3437
5789 1734 3437
5789 1735 3437
5789 1736 3437
5789 1737 3437
5789 1738 3437
5789 1739 3437
5789 1740 3437
5789 1741 3437
5789 1742 3437
5789 1743 3437
5789 1744 3437
5789 1745 3437
5789 1746 3437
5789 1747 3437
5789 1748 3437
5789 1749 3437
5789 1750 3437
5789 1751 3437
5789 1752 3437
5789 1753 3437
5789 1754 3437
5789 1755 3437
5789 1756 3437
5789 1757 3437
5789 1758 3437
5789 1759 3437
5789 1760 3437
5789 1761 3437
5789 1762 3437
5789 1732 3438
5789 1733 3438
5789 1734 3438
5789 1735 3438
5789 1736 3438
5789 1737 3438
5789 1738 3438
5789 1739 3438
5789 1740 3438
5789 1741 3438
5789 1742 3438
5789 1743 3438
5789 1744 3438
5789 1745 3438
5789 1746 3438
5789 1747 3438
5789 1748 3438
5789 1749 3438
5789 1750 3438
5789 1751 3438
5789 1752 3438
5789 1753 3438
5789 1754 3438
5789 1755 3438
5789 1756 3438
5789 1757 3438
5789 1758 3438
5789 1759 3438
5789 1760 3438
5789 1761 3438
5789 1733 3439
5789 1734 3439
5789 1735 3439
5789 1736 3439
5789 1737 3439
5789 1738 3439
5789 1739 3439
5789 1740 3439
5789 1741 3439
5789 1742 3439
5789 1743 3439
5789 1744 3439
5789 1745 3439
5789 1746 3439
5789 1747 3439
5789 1748 3439
5789 1749 3439
5789 1750 3439
5789 1751 3439
5789 1752 3439
5789 1753 3439
5789 1754 3439
5789 1755 3439
5789 1756 3439
5789 1757 3439
5789 1758 3439
5789 1759 3439
5789 1760 3439
5789 1734 3440
5789 1735 3440
5789 1736 3440
5789 1737 3440
5789 1738 3440
5789 1739 3440
5789 1740 3440
5789 1741 3440
5789 1742 3440
5789 1743 3440
5789 1744 3440
5789 1745 3440
5789 1746 3440
5789 1747 3440
5789 1748 3440
5789 1749 3440
5789 1750 3440
5789 1751 3440
5789 1752 3440
5789 1753 3440
5789 1754 3440
5789 1755 3440
5789 1756 3440
5789 1757 3440
5789 1741 3441
5789 1742 3441
5789 1743 3441
5789 1744 3441
5789 1745 3441
5789 1746 3441
5789 1747 3441
5789 1748 3441
5789 1749 3441
5789 1750 3441
5789 1751 3441
5789 1752 3441
5789 1753 3441
5789 1754 3441
5789 1755 3441
5789 1742 3442
5789 1743 3442
5789 1744 3442
5789 1745 3442
5789 1746 3442
5789 1747 3442
5789 1748 3442
5789 1749 3442
5789 1750 3442
5789 1743 3443
5789 1798 3449
5789 1799 3449
5789 1798 3450
5789 1799 3450
5789 1800 3450
5311 4036 3063
5311 4037 3063
5311 4038 3063
5311 4039 3063
5311 4040 3063
5311 4034 3064
5311 4035 3064
5311 4036 3064
5311 4037 3064
5311 4038 3064
5311 4039 3064
5311 4040 3064
5311 4041 3064
5311 4042 3064
5311 4023 3065
5311 4024 3065
5311 4025 3065
5311 4026 3065
5311 4027 3065
5311 4028 3065
5311 4029 3065
5311 4030 3065
5311 4032 3065
5311 4033 3065
5311 4034 3065
5311 4035 3065
5311 4036 3065
5311 4037 3065
5311 4038 3065
5311 4039 3065
5311 4040 3065
5311 4041 3065
5311 4042 3065
5311 4043 3065
5311 4022 3066
5311 4023 3066
5311 4024 3066
5311 4025 3066
5311 4026 3066
5311 4027 3066
5311 4028 3066
5311 4029 3066
5311 4030 3066
5311 4031 3066
5311 4032 3066
5311 4033 3066
5311 4034 3066
5311 4035 3066
5311 4036 3066
5311 4037 3066
5311 4038 3066
5311 4039 3066
5311 4040 3066
5311 4041 3066
5311 4042 3066
5311 4043 3066
5311 4021 3067
5311 4022 3067
5311 4023 3067
5311 4024 3067
5311 4025 3067
5311 4026 3067
5311 4027 3067
5311 4028 3067
5311 4029 3067
5311 4030 3067
5311 4031 3067
5311 4032 3067
5311 4033 3067
5311 4034 3067
5311 4035 3067
5311 4036 3067
5311 4037 3067
5311 4038 3067
5311 4039 3067
5311 4040 3067
5311 4041 3067
5311 4042 3067
5311 4043 3067
5311 4020 3068
5311 4021 3068
5311 4022 3068
5311 4023 3068
5311 4024 3068
5311 4025 3068
5311 4026 3068
5311 4027 3068
5311 4028 3068
5311 4029 3068
5311 4030 3068
5311 4031 3068
5311 4032 3068
5311 4033 3068
5311 4034 3068
5311 4035 3068
5311 4036 3068
5311 4037 3068
5311 4038 3068
5311 4039 3068
5311 4040 3068
5311 4041 3068
5311 4042 3068
5311 4043 3068
5311 4019 3069
5311 4020 3069
5311 4021 3069
5311 4022 3069
5311 4023 3069
5311 4024 3069
5311 4025 3069
5311 4026 3069
5311 4027 3069
5311 4028 3069
5311 4029 3069
5311 4030 3069
5311 4031 3069
5311 4032 3069
5311 4033 3069
5311 4034 3069
5311 4035 3069
5311 4036 3069
5311 4037 3069
5311 4038 3069
5311 4039 3069
5311 4040 3069
5311 4041 3069
5311 4042 3069
5311 4043 3069
5311 4019 3070
5311 4020 3070
5311 4021 3070
5311 4022 3070
5311 4023 3070
5311 4024 3070
5311 4025 3070
5311 4026 3070
5311 4027 3070
5311 4028 3070
5311 4029 3070
5311 4030 3070
5311 4031 3070
5311 4032 3070
5311 4033 3070
5311 4034 3070
5311 4035 3070
5311 4036 3070
5311 4037 3070
5311 4038 3070
5311 4039 3070
5311 4040 3070
5311 4041 3070
5311 4042 3070
5311 4043 3070
5311 4019 3071
5311 4020 3071
5311 4021 3071
5311 4022 3071
5311 4023 3071
5311 4024 3071
5311 4025 3071
5311 4026 3071
5311 4027 3071
5311 4028 3071
5311 4029 3071
5311 4030 3071
5311 4031 3071
5311 4032 3071
5311 4033 3071
5311 4034 3071
5311 4035 3071
5311 4036 3071
5311 4037 3071
5311 4038 3071
5311 4039 3071
5311 4040 3071
5311 4041 3071
5311 4042 3071
5311 4019 3072
5311 4020 3072
5311 4021 3072
5311 4022 3072
5311 4023 3072
5311 4024 3072
5311 4025 3072
5311 4026 3072
5311 4027 3072
5311 4028 3072
5311 4029 3072
5311 4030 3072
5311 4031 3072
5311 4032 3072
5311 4033 3072
5311 4034 3072
5311 4035 3072
5311 4036 3072
5311 4037 3072
5311 4038 3072
5311 4039 3072
5311 4040 3072
5311 4041 3072
5311 4042 3072
5311 4020 3073
5311 4021 3073
5311 4022 3073
5311 4023 3073
5311 4024 3073
5311 4025 3073
5311 4026 3073
5311 4027 3073
5311 4028 3073
5311 4029 3073
5311 4030 3073
5311 4031 3073
5311 4032 3073
5311 4033 3073
5311 4034 3073
5311 4020 3074
5311 4021 3074
5311 4022 3074
5311 4023 3074
5311 4024 3074
5311 4025 3074
5311 4026 3074
5311 4027 3074
5311 4028 3074
5311 4029 3074
5311 4030 3074
5311 4031 3074
5311 4032 3074
5311 4033 3074
5311 4034 3074
5311 4020 3075
5311 4021 3075
5311 4022 3075
5311 4023 3075
5311 4024 3075
5311 4025 3075
5311 4026 3075
5311 4027 3075
5311 4028 3075
5311 4029 3075
5311 4030 3075
5311 4031 3075
5311 4032 3075
5311 4033 3075
5311 4034 3075
5311 4021 3076
5311 4022 3076
5311 4023 3076
5311 4024 3076
5311 4025 3076
5311 4026 3076
5311 4027 3076
5311 4028 3076
5311 4029 3076
5311 4030 3076
5311 4031 3076
5311 4032 3076
5311 4033 3076
5311 4034 3076
5311 4021 3077
5311 4022 3077
5311 4023 3077
5311 4024 3077
5311 4025 3077
5311 4026 3077
5311 4027 3077
5311 4028 3077
5311 4029 3077
5311 4030 3077
5311 4031 3077
5311 4032 3077
5311 4033 3077
5311 4020 3078
5311 4021 3078
5311 4022 3078
5311 4023 3078
5311 4024 3078
5311 4025 3078
5311 4026 3078
5311 4027 3078
5311 4028 3078
5311 4029 3078
5311 4030 3078
5311 4031 3078
5311 4032 3078
5311 4033 3078
5311 4020 3079
5311 4021 3079
5311 4022 3079
5311 4023 3079
5311 4024 3079
5311 4025 3079
5311 4026 3079
5311 4020 3080
5311 4021 3080
5311 4022 3080
5311 4023 3080
5311 4024 3080
5311 4025 3080
5311 4020 3081
5311 4021 3081
5311 4022 3081
5311 4023 3081
5311 4024 3081
5311 4025 3081
5311 4021 3082
5311 4022 3082
5311 4023 3082
5311 4024 3082
