# %ECSV 0.9
# ---
# datatype:
# - name: sexcat_id
#   datatype: int32
# - name: x
#   datatype: int32
# - name: y
#   datatype: int32
# schema: astropy-2.0
sexcat_id x y
5256 3055 2862
5256 3056 2862
5256 3057 2862
5256 3058 2862
5256 3053 2863
5256 3054 2863
5256 3055 2863
5256 3056 2863
5256 3057 2863
5256 3058 2863
5256 3059 2863
5256 3060 2863
5256 3052 2864
5256 3053 2864
5256 3054 2864
5256 3055 2864
5256 3056 2864
5256 3057 2864
5256 3058 2864
5256 3059 2864
5256 3060 2864
5256 3061 2864
5256 3051 2865
5256 3052 2865
5256 3053 2865
5256 3054 2865
5256 3055 2865
5256 3056 2865
5256 3057 2865
5256 3058 2865
5256 3059 2865
5256 3060 2865
5256 3061 2865
5256 3051 2866
5256 3052 2866
5256 3053 2866
5256 3054 2866
5256 3055 2866
5256 3056 2866
5256 3057 2866
5256 3058 2866
5256 3059 2866
5256 3060 2866
5256 3061 2866
5256 3062 2866
5256 3051 2867
5256 3052 2867
5256 3053 2867
5256 3054 2867
5256 3055 2867
5256 3056 2867
5256 3057 2867
5256 3058 2867
5256 3059 2867
5256 3060 2867
5256 3061 2867
5256 3062 2867
5256 3050 2868
5256 3051 2868
5256 3052 2868
5256 3053 2868
5256 3054 2868
5256 3055 2868
5256 3056 2868
5256 3057 2868
5256 3058 2868
5256 3059 2868
5256 3060 2868
5256 3061 2868
5256 3062 2868
5256 3050 2869
5256 3051 2869
5256 3052 2869
5256 3053 2869
5256 3054 2869
5256 3055 2869
5256 3056 2869
5256 3057 2869
5256 3058 2869
5256 3059 2869
5256 3060 2869
5256 3061 2869
5256 3062 2869
5256 3050 2870
5256 3051 2870
5256 3052 2870
5256 3053 2870
5256 3054 2870
5256 3055 2870
5256 3056 2870
5256 3057 2870
5256 3058 2870
5256 3059 2870
5256 3060 2870
5256 3061 2870
5256 3062 2870
5256 3051 2871
5256 3052 2871
5256 3053 2871
5256 3054 2871
5256 3055 2871
5256 3056 2871
5256 3057 2871
5256 3058 2871
5256 3059 2871
5256 3060 2871
5256 3061 2871
5256 3062 2871
5256 3051 2872
5256 3052 2872
5256 3053 2872
5256 3054 2872
5256 3055 2872
5256 3056 2872
5256 3057 2872
5256 3058 2872
5256 3059 2872
5256 3060 2872
5256 3061 2872
5256 3051 2873
5256 3052 2873
5256 3053 2873
5256 3054 2873
5256 3055 2873
5256 3056 2873
5256 3057 2873
5256 3058 2873
5256 3059 2873
5256 3060 2873
5256 3061 2873
5256 3052 2874
5256 3053 2874
5256 3054 2874
5256 3055 2874
5256 3056 2874
5256 3057 2874
5256 3058 2874
5256 3059 2874
5256 3060 2874
5256 3053 2875
5256 3054 2875
5256 3055 2875
5256 3056 2875
5256 3057 2875
5256 3058 2875
5256 3059 2875
5256 3055 2876
5256 3056 2876
5256 3057 2876
7377 742 3907
7377 743 3907
7377 740 3908
7377 741 3908
7377 742 3908
7377 743 3908
7377 744 3908
7377 745 3908
7377 739 3909
7377 740 3909
7377 741 3909
7377 742 3909
7377 743 3909
7377 744 3909
7377 745 3909
7377 738 3910
7377 739 3910
7377 740 3910
7377 741 3910
7377 742 3910
7377 743 3910
7377 744 3910
7377 745 3910
7377 738 3911
7377 739 3911
7377 740 3911
7377 741 3911
7377 742 3911
7377 743 3911
7377 744 3911
7377 745 3911
7377 746 3911
7377 738 3912
7377 739 3912
7377 740 3912
7377 741 3912
7377 742 3912
7377 743 3912
7377 744 3912
7377 745 3912
7377 737 3913
7377 738 3913
7377 739 3913
7377 740 3913
7377 741 3913
7377 742 3913
7377 743 3913
7377 744 3913
7377 745 3913
7377 735 3914
7377 736 3914
7377 737 3914
7377 738 3914
7377 739 3914
7377 740 3914
7377 741 3914
7377 742 3914
7377 743 3914
7377 744 3914
7377 733 3915
7377 734 3915
7377 735 3915
7377 736 3915
7377 737 3915
7377 738 3915
7377 739 3915
7377 740 3915
7377 741 3915
7377 742 3915
7377 743 3915
7377 732 3916
7377 733 3916
7377 734 3916
7377 735 3916
7377 736 3916
7377 737 3916
7377 738 3916
7377 739 3916
7377 740 3916
7377 741 3916
7377 742 3916
7377 743 3916
7377 731 3917
7377 732 3917
7377 733 3917
7377 734 3917
7377 735 3917
7377 736 3917
7377 737 3917
7377 738 3917
7377 739 3917
7377 740 3917
7377 741 3917
7377 742 3917
7377 743 3917
7377 730 3918
7377 731 3918
7377 732 3918
7377 733 3918
7377 734 3918
7377 735 3918
7377 736 3918
7377 737 3918
7377 738 3918
7377 739 3918
7377 740 3918
7377 741 3918
7377 742 3918
7377 743 3918
7377 744 3918
7377 730 3919
7377 731 3919
7377 732 3919
7377 733 3919
7377 734 3919
7377 735 3919
7377 736 3919
7377 737 3919
7377 738 3919
7377 739 3919
7377 740 3919
7377 741 3919
7377 742 3919
7377 743 3919
7377 744 3919
7377 730 3920
7377 731 3920
7377 732 3920
7377 733 3920
7377 734 3920
7377 735 3920
7377 736 3920
7377 737 3920
7377 738 3920
7377 739 3920
7377 740 3920
7377 741 3920
7377 742 3920
7377 743 3920
7377 744 3920
7377 729 3921
7377 730 3921
7377 731 3921
7377 732 3921
7377 733 3921
7377 734 3921
7377 735 3921
7377 736 3921
7377 737 3921
7377 738 3921
7377 739 3921
7377 740 3921
7377 741 3921
7377 742 3921
7377 743 3921
7377 744 3921
7377 729 3922
7377 730 3922
7377 731 3922
7377 732 3922
7377 733 3922
7377 734 3922
7377 735 3922
7377 736 3922
7377 737 3922
7377 738 3922
7377 739 3922
7377 740 3922
7377 741 3922
7377 742 3922
7377 743 3922
7377 744 3922
7377 729 3923
7377 730 3923
7377 731 3923
7377 732 3923
7377 733 3923
7377 734 3923
7377 735 3923
7377 736 3923
7377 737 3923
7377 738 3923
7377 739 3923
7377 740 3923
7377 741 3923
7377 742 3923
7377 743 3923
7377 744 3923
7377 730 3924
7377 731 3924
7377 732 3924
7377 733 3924
7377 734 3924
7377 735 3924
7377 736 3924
7377 737 3924
7377 738 3924
7377 739 3924
7377 740 3924
7377 741 3924
7377 742 3924
7377 743 3924
7377 730 3925
7377 731 3925
7377 732 3925
7377 733 3925
7377 734 3925
7377 735 3925
7377 736 3925
7377 737 3925
7377 738 3925
7377 739 3925
7377 740 3925
7377 741 3925
7377 742 3925
7377 743 3925
7377 730 3926
7377 731 3926
7377 732 3926
7377 733 3926
7377 734 3926
7377 735 3926
7377 736 3926
7377 737 3926
7377 738 3926
7377 739 3926
7377 740 3926
7377 741 3926
7377 742 3926
7377 731 3927
7377 732 3927
7377 733 3927
7377 734 3927
7377 735 3927
7377 736 3927
7377 737 3927
7377 738 3927
7377 739 3927
7377 740 3927
7377 741 3927
7377 742 3927
7377 731 3928
7377 732 3928
7377 733 3928
7377 734 3928
7377 735 3928
7377 736 3928
7377 737 3928
7377 738 3928
7377 739 3928
7377 740 3928
7377 741 3928
7377 731 3929
7377 732 3929
7377 733 3929
7377 734 3929
7377 735 3929
7377 736 3929
7377 737 3929
7377 738 3929
7377 739 3929
7377 740 3929
7377 741 3929
7377 732 3930
7377 733 3930
7377 734 3930
7377 735 3930
7377 736 3930
7377 737 3930
7377 738 3930
7377 739 3930
7377 740 3930
7377 733 3931
7377 734 3931
7377 735 3931
7377 736 3931
7377 737 3931
7377 738 3931
7377 739 3931
7377 734 3932
7377 735 3932
7377 736 3932
7377 737 3932
7377 738 3932
7666 3522 4032
7666 3523 4032
7666 3524 4032
7666 3525 4032
7666 3526 4032
7666 3519 4033
7666 3520 4033
7666 3521 4033
7666 3522 4033
7666 3523 4033
7666 3524 4033
7666 3525 4033
7666 3526 4033
7666 3527 4033
7666 3528 4033
7666 3514 4034
7666 3515 4034
7666 3516 4034
7666 3517 4034
7666 3518 4034
7666 3519 4034
7666 3520 4034
7666 3521 4034
7666 3522 4034
7666 3523 4034
7666 3524 4034
7666 3525 4034
7666 3526 4034
7666 3527 4034
7666 3528 4034
7666 3529 4034
7666 3514 4035
7666 3515 4035
7666 3516 4035
7666 3517 4035
7666 3518 4035
7666 3519 4035
7666 3520 4035
7666 3521 4035
7666 3522 4035
7666 3523 4035
7666 3524 4035
7666 3525 4035
7666 3526 4035
7666 3527 4035
7666 3528 4035
7666 3529 4035
7666 3530 4035
7666 3514 4036
7666 3515 4036
7666 3516 4036
7666 3517 4036
7666 3518 4036
7666 3519 4036
7666 3520 4036
7666 3521 4036
7666 3522 4036
7666 3523 4036
7666 3524 4036
7666 3525 4036
7666 3526 4036
7666 3527 4036
7666 3528 4036
7666 3529 4036
7666 3530 4036
7666 3514 4037
7666 3515 4037
7666 3516 4037
7666 3517 4037
7666 3518 4037
7666 3519 4037
7666 3520 4037
7666 3521 4037
7666 3522 4037
7666 3523 4037
7666 3524 4037
7666 3525 4037
7666 3526 4037
7666 3527 4037
7666 3528 4037
7666 3529 4037
7666 3530 4037
7666 3514 4038
7666 3515 4038
7666 3516 4038
7666 3517 4038
7666 3518 4038
7666 3519 4038
7666 3520 4038
7666 3521 4038
7666 3522 4038
7666 3523 4038
7666 3524 4038
7666 3525 4038
7666 3526 4038
7666 3527 4038
7666 3528 4038
7666 3529 4038
7666 3530 4038
7666 3515 4039
7666 3516 4039
7666 3517 4039
7666 3518 4039
7666 3519 4039
7666 3520 4039
7666 3521 4039
7666 3522 4039
7666 3523 4039
7666 3524 4039
7666 3525 4039
7666 3526 4039
7666 3527 4039
7666 3528 4039
7666 3529 4039
7666 3515 4040
7666 3516 4040
7666 3517 4040
7666 3518 4040
7666 3519 4040
7666 3520 4040
7666 3521 4040
7666 3522 4040
7666 3523 4040
7666 3524 4040
7666 3525 4040
7666 3526 4040
7666 3527 4040
7666 3528 4040
7666 3529 4040
7666 3516 4041
7666 3517 4041
7666 3518 4041
7666 3519 4041
7666 3520 4041
7666 3521 4041
7666 3522 4041
7666 3523 4041
7666 3524 4041
7666 3525 4041
7666 3526 4041
7666 3527 4041
7666 3528 4041
7666 3516 4042
7666 3517 4042
7666 3518 4042
7666 3519 4042
7666 3520 4042
7666 3521 4042
7666 3522 4042
7666 3523 4042
7666 3524 4042
7666 3525 4042
7666 3526 4042
7666 3527 4042
7666 3528 4042
7666 3516 4043
7666 3517 4043
7666 3518 4043
7666 3519 4043
7666 3520 4043
7666 3521 4043
7666 3522 4043
7666 3523 4043
7666 3524 4043
7666 3525 4043
7666 3526 4043
7666 3527 4043
7666 3517 4044
7666 3518 4044
7666 3519 4044
7666 3520 4044
7666 3521 4044
7666 3522 4044
7666 3523 4044
7666 3524 4044
7666 3525 4044
7666 3518 4045
7666 3519 4045
7666 3520 4045
7666 3521 4045
7666 3522 4045
7666 3523 4045
7666 3524 4045
7666 3520 4046
7666 3521 4046
7666 3522 4046
12 847 380
12 848 380
12 849 380
12 850 380
12 846 381
12 847 381
12 848 381
12 849 381
12 850 381
12 851 381
12 845 382
12 846 382
12 847 382
12 848 382
12 849 382
12 850 382
12 845 383
12 846 383
12 847 383
12 848 383
12 849 383
12 850 383
12 845 384
12 846 384
12 847 384
12 848 384
12 849 384
12 845 385
12 846 385
12 847 385
12 848 385
12 849 385
12 844 386
12 845 386
12 846 386
12 847 386
12 848 386
12 849 386
12 850 386
12 851 386
12 852 386
12 853 386
12 842 387
12 843 387
12 844 387
12 845 387
12 846 387
12 847 387
12 848 387
12 849 387
12 850 387
12 851 387
12 852 387
12 853 387
12 854 387
12 838 388
12 839 388
12 840 388
12 841 388
12 842 388
12 843 388
12 844 388
12 845 388
12 846 388
12 847 388
12 848 388
12 849 388
12 850 388
12 851 388
12 852 388
12 853 388
12 854 388
12 837 389
12 838 389
12 839 389
12 840 389
12 841 389
12 842 389
12 843 389
12 844 389
12 845 389
12 846 389
12 847 389
12 848 389
12 849 389
12 850 389
12 851 389
12 852 389
12 853 389
12 826 390
12 827 390
12 828 390
12 829 390
12 830 390
12 831 390
12 832 390
12 837 390
12 838 390
12 839 390
12 840 390
12 841 390
12 842 390
12 843 390
12 844 390
12 845 390
12 846 390
12 847 390
12 848 390
12 849 390
12 850 390
12 851 390
12 852 390
12 824 391
12 825 391
12 826 391
12 827 391
12 828 391
12 829 391
12 830 391
12 831 391
12 832 391
12 833 391
12 836 391
12 837 391
12 838 391
12 839 391
12 840 391
12 841 391
12 842 391
12 843 391
12 844 391
12 845 391
12 846 391
12 847 391
12 848 391
12 849 391
12 850 391
12 851 391
12 823 392
12 824 392
12 825 392
12 826 392
12 827 392
12 828 392
12 829 392
12 830 392
12 831 392
12 832 392
12 833 392
12 835 392
12 836 392
12 837 392
12 838 392
12 839 392
12 840 392
12 841 392
12 842 392
12 843 392
12 844 392
12 845 392
12 846 392
12 847 392
12 848 392
12 849 392
12 850 392
12 851 392
12 822 393
12 823 393
12 824 393
12 825 393
12 826 393
12 827 393
12 828 393
12 829 393
12 830 393
12 831 393
12 832 393
12 833 393
12 834 393
12 835 393
12 836 393
12 837 393
12 838 393
12 839 393
12 840 393
12 841 393
12 842 393
12 843 393
12 844 393
12 845 393
12 846 393
12 847 393
12 848 393
12 849 393
12 850 393
12 851 393
12 821 394
12 822 394
12 823 394
12 824 394
12 825 394
12 826 394
12 827 394
12 828 394
12 829 394
12 830 394
12 831 394
12 832 394
12 833 394
12 834 394
12 835 394
12 836 394
12 837 394
12 838 394
12 839 394
12 840 394
12 841 394
12 842 394
12 843 394
12 844 394
12 845 394
12 846 394
12 847 394
12 848 394
12 849 394
12 850 394
12 820 395
12 821 395
12 822 395
12 823 395
12 824 395
12 825 395
12 826 395
12 827 395
12 828 395
12 829 395
12 830 395
12 831 395
12 832 395
12 833 395
12 834 395
12 835 395
12 836 395
12 837 395
12 838 395
12 839 395
12 840 395
12 841 395
12 842 395
12 843 395
12 844 395
12 845 395
12 846 395
12 847 395
12 848 395
12 849 395
12 850 395
12 820 396
12 821 396
12 822 396
12 823 396
12 824 396
12 825 396
12 826 396
12 827 396
12 828 396
12 829 396
12 830 396
12 831 396
12 832 396
12 833 396
12 834 396
12 835 396
12 836 396
12 837 396
12 838 396
12 839 396
12 840 396
12 841 396
12 842 396
12 843 396
12 844 396
12 845 396
12 846 396
12 847 396
12 848 396
12 849 396
12 821 397
12 822 397
12 823 397
12 824 397
12 825 397
12 826 397
12 827 397
12 828 397
12 829 397
12 830 397
12 831 397
12 832 397
12 833 397
12 834 397
12 835 397
12 836 397
12 837 397
12 838 397
12 839 397
12 840 397
12 841 397
12 842 397
12 843 397
12 844 397
12 845 397
12 846 397
12 847 397
12 848 397
12 822 398
12 823 398
12 824 398
12 825 398
12 826 398
12 827 398
12 828 398
12 829 398
12 830 398
12 833 398
12 834 398
12 835 398
12 836 398
12 837 398
12 838 398
12 839 398
12 840 398
12 841 398
12 842 398
12 843 398
12 844 398
12 845 398
12 846 398
12 847 398
12 848 398
12 822 399
12 823 399
12 824 399
12 825 399
12 826 399
12 827 399
12 828 399
12 829 399
12 833 399
12 834 399
12 835 399
12 836 399
12 837 399
12 838 399
12 839 399
12 840 399
12 841 399
12 842 399
12 843 399
12 844 399
12 845 399
12 846 399
12 847 399
12 823 400
12 824 400
12 825 400
12 826 400
12 827 400
12 828 400
12 829 400
12 833 400
12 834 400
12 835 400
12 836 400
12 837 400
12 838 400
12 839 400
12 840 400
12 841 400
12 842 400
12 843 400
12 844 400
12 845 400
12 846 400
12 847 400
12 817 401
12 818 401
12 819 401
12 822 401
12 823 401
12 824 401
12 825 401
12 826 401
12 827 401
12 828 401
12 829 401
12 830 401
12 833 401
12 834 401
12 835 401
12 836 401
12 837 401
12 838 401
12 839 401
12 840 401
12 841 401
12 842 401
12 843 401
12 844 401
12 845 401
12 846 401
12 847 401
12 815 402
12 816 402
12 817 402
12 818 402
12 819 402
12 820 402
12 821 402
12 822 402
12 823 402
12 824 402
12 825 402
12 826 402
12 827 402
12 828 402
12 829 402
12 830 402
12 831 402
12 832 402
12 833 402
12 834 402
12 835 402
12 836 402
12 837 402
12 838 402
12 839 402
12 840 402
12 841 402
12 842 402
12 843 402
12 844 402
12 845 402
12 846 402
12 847 402
12 813 403
12 814 403
12 815 403
12 816 403
12 817 403
12 818 403
12 819 403
12 820 403
12 821 403
12 822 403
12 823 403
12 824 403
12 825 403
12 826 403
12 827 403
12 828 403
12 829 403
12 830 403
12 831 403
12 832 403
12 833 403
12 834 403
12 835 403
12 836 403
12 837 403
12 838 403
12 839 403
12 840 403
12 841 403
12 842 403
12 843 403
12 844 403
12 845 403
12 846 403
12 847 403
12 848 403
12 849 403
12 850 403
12 812 404
12 813 404
12 814 404
12 815 404
12 816 404
12 817 404
12 818 404
12 819 404
12 820 404
12 821 404
12 822 404
12 823 404
12 824 404
12 825 404
12 826 404
12 827 404
12 828 404
12 829 404
12 830 404
12 831 404
12 832 404
12 833 404
12 834 404
12 835 404
12 836 404
12 837 404
12 838 404
12 839 404
12 840 404
12 841 404
12 842 404
12 843 404
12 844 404
12 845 404
12 846 404
12 847 404
12 848 404
12 849 404
12 850 404
12 851 404
12 852 404
12 810 405
12 811 405
12 812 405
12 813 405
12 814 405
12 815 405
12 816 405
12 817 405
12 818 405
12 819 405
12 820 405
12 821 405
12 822 405
12 823 405
12 824 405
12 825 405
12 826 405
12 827 405
12 828 405
12 829 405
12 830 405
12 831 405
12 832 405
12 833 405
12 834 405
12 835 405
12 836 405
12 837 405
12 838 405
12 839 405
12 840 405
12 841 405
12 842 405
12 843 405
12 844 405
12 845 405
12 846 405
12 847 405
12 848 405
12 849 405
12 850 405
12 851 405
12 852 405
12 853 405
12 809 406
12 810 406
12 811 406
12 812 406
12 813 406
12 814 406
12 815 406
12 816 406
12 817 406
12 818 406
12 819 406
12 820 406
12 821 406
12 822 406
12 823 406
12 824 406
12 825 406
12 826 406
12 827 406
12 828 406
12 829 406
12 830 406
12 831 406
12 832 406
12 833 406
12 834 406
12 835 406
12 836 406
12 837 406
12 838 406
12 839 406
12 840 406
12 841 406
12 842 406
12 843 406
12 844 406
12 845 406
12 846 406
12 847 406
12 848 406
12 849 406
12 850 406
12 851 406
12 852 406
12 853 406
12 854 406
12 807 407
12 808 407
12 809 407
12 810 407
12 811 407
12 812 407
12 813 407
12 814 407
12 815 407
12 816 407
12 817 407
12 818 407
12 819 407
12 820 407
12 821 407
12 822 407
12 823 407
12 824 407
12 825 407
12 826 407
12 827 407
12 828 407
12 829 407
12 830 407
12 831 407
12 832 407
12 833 407
12 834 407
12 835 407
12 836 407
12 837 407
12 838 407
12 839 407
12 840 407
12 841 407
12 842 407
12 843 407
12 844 407
12 845 407
12 846 407
12 847 407
12 848 407
12 849 407
12 850 407
12 851 407
12 852 407
12 853 407
12 854 407
12 855 407
12 806 408
12 807 408
12 808 408
12 809 408
12 810 408
12 811 408
12 812 408
12 813 408
12 814 408
12 815 408
12 816 408
12 817 408
12 818 408
12 819 408
12 820 408
12 821 408
12 822 408
12 823 408
12 824 408
12 825 408
12 826 408
12 827 408
12 828 408
12 829 408
12 830 408
12 831 408
12 832 408
12 833 408
12 834 408
12 835 408
12 836 408
12 837 408
12 838 408
12 839 408
12 840 408
12 841 408
12 842 408
12 843 408
12 844 408
12 845 408
12 846 408
12 847 408
12 848 408
12 849 408
12 850 408
12 851 408
12 852 408
12 853 408
12 854 408
12 855 408
12 805 409
12 806 409
12 807 409
12 808 409
12 809 409
12 810 409
12 811 409
12 812 409
12 813 409
12 814 409
12 815 409
12 816 409
12 817 409
12 818 409
12 819 409
12 820 409
12 821 409
12 822 409
12 823 409
12 824 409
12 825 409
12 826 409
12 827 409
12 828 409
12 829 409
12 830 409
12 831 409
12 832 409
12 833 409
12 834 409
12 835 409
12 836 409
12 837 409
12 838 409
12 843 409
12 844 409
12 845 409
12 846 409
12 847 409
12 848 409
12 849 409
12 850 409
12 851 409
12 852 409
12 853 409
12 854 409
12 855 409
12 801 410
12 802 410
12 803 410
12 804 410
12 805 410
12 806 410
12 807 410
12 808 410
12 809 410
12 810 410
12 811 410
12 812 410
12 813 410
12 814 410
12 815 410
12 816 410
12 817 410
12 818 410
12 819 410
12 820 410
12 821 410
12 822 410
12 823 410
12 824 410
12 825 410
12 826 410
12 827 410
12 828 410
12 829 410
12 830 410
12 831 410
12 832 410
12 833 410
12 834 410
12 835 410
12 836 410
12 837 410
12 844 410
12 845 410
12 846 410
12 847 410
12 848 410
12 849 410
12 850 410
12 851 410
12 852 410
12 853 410
12 854 410
12 855 410
12 800 411
12 801 411
12 802 411
12 803 411
12 804 411
12 805 411
12 806 411
12 807 411
12 808 411
12 809 411
12 810 411
12 811 411
12 812 411
12 813 411
12 814 411
12 815 411
12 816 411
12 817 411
12 818 411
12 819 411
12 820 411
12 821 411
12 822 411
12 823 411
12 824 411
12 825 411
12 826 411
12 827 411
12 828 411
12 829 411
12 830 411
12 831 411
12 832 411
12 833 411
12 834 411
12 835 411
12 836 411
12 845 411
12 846 411
12 847 411
12 848 411
12 849 411
12 850 411
12 851 411
12 852 411
12 853 411
12 854 411
12 863 411
12 864 411
12 865 411
12 799 412
12 800 412
12 801 412
12 802 412
12 803 412
12 804 412
12 805 412
12 806 412
12 807 412
12 808 412
12 809 412
12 810 412
12 811 412
12 812 412
12 813 412
12 814 412
12 815 412
12 816 412
12 817 412
12 818 412
12 819 412
12 820 412
12 821 412
12 822 412
12 823 412
12 824 412
12 825 412
12 826 412
12 827 412
12 828 412
12 829 412
12 830 412
12 831 412
12 832 412
12 833 412
12 834 412
12 835 412
12 845 412
12 846 412
12 847 412
12 848 412
12 849 412
12 850 412
12 851 412
12 852 412
12 853 412
12 854 412
12 862 412
12 863 412
12 864 412
12 865 412
12 799 413
12 800 413
12 801 413
12 802 413
12 803 413
12 804 413
12 805 413
12 806 413
12 807 413
12 808 413
12 809 413
12 810 413
12 811 413
12 812 413
12 813 413
12 814 413
12 815 413
12 816 413
12 817 413
12 818 413
12 819 413
12 820 413
12 821 413
12 822 413
12 823 413
12 824 413
12 825 413
12 826 413
12 827 413
12 828 413
12 829 413
12 830 413
12 831 413
12 832 413
12 833 413
12 834 413
12 847 413
12 848 413
12 849 413
12 850 413
12 851 413
12 852 413
12 853 413
12 862 413
12 863 413
12 864 413
12 865 413
12 798 414
12 799 414
12 800 414
12 801 414
12 802 414
12 803 414
12 804 414
12 805 414
12 806 414
12 807 414
12 808 414
12 809 414
12 810 414
12 811 414
12 812 414
12 813 414
12 814 414
12 815 414
12 816 414
12 817 414
12 818 414
12 819 414
12 820 414
12 821 414
12 822 414
12 823 414
12 824 414
12 825 414
12 826 414
12 827 414
12 828 414
12 829 414
12 830 414
12 831 414
12 832 414
12 833 414
12 863 414
12 864 414
12 865 414
12 798 415
12 799 415
12 800 415
12 801 415
12 802 415
12 803 415
12 804 415
12 805 415
12 806 415
12 807 415
12 808 415
12 809 415
12 810 415
12 811 415
12 812 415
12 813 415
12 814 415
12 815 415
12 816 415
12 817 415
12 818 415
12 819 415
12 820 415
12 821 415
12 822 415
12 823 415
12 824 415
12 825 415
12 826 415
12 827 415
12 828 415
12 829 415
12 830 415
12 831 415
12 832 415
12 798 416
12 799 416
12 800 416
12 801 416
12 802 416
12 803 416
12 804 416
12 805 416
12 806 416
12 807 416
12 808 416
12 809 416
12 810 416
12 811 416
12 812 416
12 813 416
12 814 416
12 815 416
12 816 416
12 817 416
12 818 416
12 819 416
12 820 416
12 821 416
12 822 416
12 823 416
12 824 416
12 825 416
12 826 416
12 827 416
12 828 416
12 829 416
12 830 416
12 831 416
12 796 417
12 797 417
12 798 417
12 799 417
12 800 417
12 801 417
12 802 417
12 803 417
12 804 417
12 805 417
12 806 417
12 807 417
12 808 417
12 809 417
12 810 417
12 811 417
12 812 417
12 813 417
12 814 417
12 815 417
12 816 417
12 817 417
12 818 417
12 819 417
12 820 417
12 821 417
12 822 417
12 823 417
12 824 417
12 825 417
12 826 417
12 827 417
12 828 417
12 829 417
12 830 417
12 795 418
12 796 418
12 797 418
12 798 418
12 799 418
12 800 418
12 801 418
12 802 418
12 803 418
12 804 418
12 805 418
12 806 418
12 807 418
12 808 418
12 809 418
12 810 418
12 811 418
12 812 418
12 813 418
12 814 418
12 815 418
12 816 418
12 817 418
12 818 418
12 819 418
12 820 418
12 821 418
12 822 418
12 823 418
12 824 418
12 825 418
12 826 418
12 827 418
12 828 418
12 829 418
12 793 419
12 794 419
12 795 419
12 796 419
12 797 419
12 798 419
12 799 419
12 800 419
12 801 419
12 802 419
12 803 419
12 804 419
12 805 419
12 806 419
12 807 419
12 808 419
12 809 419
12 810 419
12 811 419
12 812 419
12 813 419
12 814 419
12 815 419
12 816 419
12 817 419
12 818 419
12 819 419
12 820 419
12 821 419
12 822 419
12 823 419
12 824 419
12 825 419
12 826 419
12 827 419
12 828 419
12 792 420
12 793 420
12 794 420
12 795 420
12 796 420
12 797 420
12 798 420
12 799 420
12 800 420
12 801 420
12 802 420
12 803 420
12 804 420
12 805 420
12 806 420
12 807 420
12 808 420
12 809 420
12 810 420
12 811 420
12 812 420
12 813 420
12 814 420
12 815 420
12 816 420
12 817 420
12 818 420
12 819 420
12 820 420
12 821 420
12 822 420
12 823 420
12 824 420
12 825 420
12 826 420
12 827 420
12 791 421
12 792 421
12 793 421
12 794 421
12 795 421
12 796 421
12 797 421
12 798 421
12 799 421
12 800 421
12 801 421
12 802 421
12 803 421
12 804 421
12 805 421
12 806 421
12 807 421
12 808 421
12 809 421
12 810 421
12 811 421
12 812 421
12 813 421
12 814 421
12 815 421
12 816 421
12 817 421
12 818 421
12 819 421
12 820 421
12 821 421
12 822 421
12 823 421
12 824 421
12 825 421
12 826 421
12 827 421
12 790 422
12 791 422
12 792 422
12 793 422
12 794 422
12 795 422
12 796 422
12 797 422
12 798 422
12 799 422
12 800 422
12 801 422
12 802 422
12 803 422
12 804 422
12 805 422
12 806 422
12 807 422
12 808 422
12 809 422
12 810 422
12 811 422
12 812 422
12 813 422
12 814 422
12 815 422
12 816 422
12 817 422
12 818 422
12 819 422
12 820 422
12 821 422
12 822 422
12 823 422
12 824 422
12 825 422
12 826 422
12 789 423
12 790 423
12 791 423
12 792 423
12 793 423
12 794 423
12 795 423
12 796 423
12 797 423
12 798 423
12 799 423
12 800 423
12 801 423
12 802 423
12 803 423
12 804 423
12 805 423
12 806 423
12 807 423
12 808 423
12 809 423
12 810 423
12 811 423
12 812 423
12 813 423
12 814 423
12 815 423
12 816 423
12 817 423
12 818 423
12 819 423
12 820 423
12 821 423
12 822 423
12 823 423
12 824 423
12 825 423
12 788 424
12 789 424
12 790 424
12 791 424
12 792 424
12 793 424
12 794 424
12 795 424
12 796 424
12 797 424
12 798 424
12 799 424
12 800 424
12 801 424
12 802 424
12 803 424
12 804 424
12 805 424
12 806 424
12 807 424
12 808 424
12 809 424
12 810 424
12 811 424
12 812 424
12 813 424
12 814 424
12 815 424
12 816 424
12 817 424
12 818 424
12 819 424
12 820 424
12 821 424
12 822 424
12 823 424
12 824 424
12 785 425
12 786 425
12 787 425
12 788 425
12 789 425
12 790 425
12 791 425
12 792 425
12 793 425
12 794 425
12 795 425
12 796 425
12 797 425
12 798 425
12 799 425
12 800 425
12 801 425
12 802 425
12 803 425
12 804 425
12 805 425
12 806 425
12 807 425
12 808 425
12 809 425
12 810 425
12 811 425
12 812 425
12 813 425
12 814 425
12 815 425
12 816 425
12 817 425
12 818 425
12 819 425
12 820 425
12 821 425
12 822 425
12 823 425
12 784 426
12 785 426
12 786 426
12 787 426
12 788 426
12 789 426
12 790 426
12 791 426
12 792 426
12 793 426
12 794 426
12 795 426
12 796 426
12 797 426
12 798 426
12 799 426
12 800 426
12 801 426
12 802 426
12 803 426
12 804 426
12 805 426
12 806 426
12 807 426
12 808 426
12 809 426
12 810 426
12 811 426
12 812 426
12 813 426
12 814 426
12 815 426
12 816 426
12 817 426
12 818 426
12 819 426
12 820 426
12 821 426
12 822 426
12 823 426
12 783 427
12 784 427
12 785 427
12 786 427
12 787 427
12 788 427
12 789 427
12 790 427
12 791 427
12 792 427
12 793 427
12 794 427
12 795 427
12 796 427
12 797 427
12 798 427
12 799 427
12 800 427
12 801 427
12 802 427
12 803 427
12 804 427
12 805 427
12 806 427
12 807 427
12 808 427
12 809 427
12 810 427
12 811 427
12 812 427
12 813 427
12 814 427
12 815 427
12 816 427
12 817 427
12 818 427
12 819 427
12 820 427
12 821 427
12 822 427
12 782 428
12 783 428
12 784 428
12 785 428
12 786 428
12 787 428
12 788 428
12 789 428
12 790 428
12 791 428
12 792 428
12 793 428
12 794 428
12 795 428
12 796 428
12 797 428
12 798 428
12 799 428
12 800 428
12 801 428
12 802 428
12 803 428
12 804 428
12 805 428
12 806 428
12 807 428
12 808 428
12 809 428
12 810 428
12 811 428
12 812 428
12 813 428
12 814 428
12 815 428
12 816 428
12 817 428
12 818 428
12 819 428
12 820 428
12 821 428
12 781 429
12 782 429
12 783 429
12 784 429
12 785 429
12 786 429
12 787 429
12 788 429
12 789 429
12 790 429
12 791 429
12 792 429
12 793 429
12 794 429
12 795 429
12 796 429
12 797 429
12 798 429
12 799 429
12 800 429
12 801 429
12 802 429
12 803 429
12 804 429
12 805 429
12 806 429
12 807 429
12 808 429
12 809 429
12 810 429
12 811 429
12 812 429
12 813 429
12 814 429
12 815 429
12 816 429
12 817 429
12 818 429
12 819 429
12 820 429
12 780 430
12 781 430
12 782 430
12 783 430
12 784 430
12 785 430
12 786 430
12 787 430
12 788 430
12 789 430
12 790 430
12 791 430
12 792 430
12 793 430
12 794 430
12 795 430
12 796 430
12 797 430
12 798 430
12 799 430
12 800 430
12 801 430
12 802 430
12 803 430
12 804 430
12 805 430
12 806 430
12 807 430
12 808 430
12 809 430
12 810 430
12 811 430
12 812 430
12 813 430
12 814 430
12 815 430
12 816 430
12 817 430
12 818 430
12 819 430
12 778 431
12 779 431
12 780 431
12 781 431
12 782 431
12 783 431
12 784 431
12 785 431
12 786 431
12 787 431
12 788 431
12 789 431
12 790 431
12 791 431
12 792 431
12 793 431
12 794 431
12 795 431
12 796 431
12 797 431
12 798 431
12 799 431
12 800 431
12 801 431
12 802 431
12 803 431
12 804 431
12 805 431
12 806 431
12 807 431
12 808 431
12 809 431
12 810 431
12 811 431
12 812 431
12 813 431
12 814 431
12 815 431
12 816 431
12 817 431
12 818 431
12 777 432
12 778 432
12 779 432
12 780 432
12 781 432
12 782 432
12 783 432
12 784 432
12 785 432
12 786 432
12 787 432
12 788 432
12 789 432
12 790 432
12 791 432
12 792 432
12 793 432
12 794 432
12 795 432
12 796 432
12 797 432
12 798 432
12 799 432
12 800 432
12 801 432
12 802 432
12 803 432
12 804 432
12 805 432
12 806 432
12 807 432
12 808 432
12 809 432
12 810 432
12 811 432
12 812 432
12 813 432
12 814 432
12 815 432
12 816 432
12 817 432
12 818 432
12 777 433
12 778 433
12 779 433
12 780 433
12 781 433
12 782 433
12 783 433
12 784 433
12 785 433
12 786 433
12 787 433
12 788 433
12 789 433
12 790 433
12 791 433
12 792 433
12 793 433
12 794 433
12 795 433
12 796 433
12 797 433
12 798 433
12 799 433
12 800 433
12 801 433
12 802 433
12 803 433
12 804 433
12 805 433
12 806 433
12 807 433
12 808 433
12 809 433
12 810 433
12 811 433
12 812 433
12 813 433
12 814 433
12 815 433
12 776 434
12 777 434
12 778 434
12 779 434
12 780 434
12 781 434
12 782 434
12 783 434
12 784 434
12 785 434
12 786 434
12 787 434
12 788 434
12 789 434
12 790 434
12 791 434
12 792 434
12 793 434
12 794 434
12 795 434
12 796 434
12 797 434
12 798 434
12 799 434
12 800 434
12 801 434
12 802 434
12 803 434
12 804 434
12 805 434
12 806 434
12 807 434
12 808 434
12 809 434
12 810 434
12 811 434
12 812 434
12 813 434
12 814 434
12 776 435
12 777 435
12 778 435
12 779 435
12 780 435
12 781 435
12 782 435
12 783 435
12 784 435
12 785 435
12 786 435
12 787 435
12 788 435
12 789 435
12 790 435
12 791 435
12 792 435
12 793 435
12 794 435
12 795 435
12 796 435
12 797 435
12 798 435
12 799 435
12 800 435
12 801 435
12 802 435
12 803 435
12 804 435
12 805 435
12 806 435
12 807 435
12 808 435
12 809 435
12 810 435
12 811 435
12 812 435
12 813 435
12 775 436
12 776 436
12 777 436
12 778 436
12 779 436
12 780 436
12 781 436
12 782 436
12 783 436
12 784 436
12 785 436
12 786 436
12 787 436
12 788 436
12 789 436
12 790 436
12 791 436
12 792 436
12 793 436
12 794 436
12 795 436
12 796 436
12 797 436
12 798 436
12 799 436
12 800 436
12 801 436
12 802 436
12 803 436
12 804 436
12 805 436
12 806 436
12 807 436
12 808 436
12 809 436
12 810 436
12 811 436
12 775 437
12 776 437
12 777 437
12 778 437
12 779 437
12 780 437
12 781 437
12 782 437
12 783 437
12 784 437
12 785 437
12 786 437
12 787 437
12 788 437
12 789 437
12 790 437
12 791 437
12 792 437
12 793 437
12 794 437
12 795 437
12 796 437
12 797 437
12 798 437
12 799 437
12 800 437
12 801 437
12 802 437
12 803 437
12 804 437
12 805 437
12 806 437
12 807 437
12 808 437
12 809 437
12 810 437
12 774 438
12 775 438
12 776 438
12 777 438
12 778 438
12 779 438
12 780 438
12 781 438
12 782 438
12 783 438
12 784 438
12 785 438
12 786 438
12 787 438
12 788 438
12 789 438
12 790 438
12 791 438
12 792 438
12 793 438
12 794 438
12 795 438
12 796 438
12 797 438
12 798 438
12 799 438
12 800 438
12 801 438
12 802 438
12 803 438
12 804 438
12 805 438
12 806 438
12 807 438
12 808 438
12 774 439
12 775 439
12 776 439
12 777 439
12 778 439
12 779 439
12 780 439
12 781 439
12 782 439
12 783 439
12 784 439
12 785 439
12 786 439
12 787 439
12 788 439
12 789 439
12 790 439
12 791 439
12 792 439
12 793 439
12 794 439
12 795 439
12 796 439
12 797 439
12 798 439
12 799 439
12 800 439
12 801 439
12 802 439
12 803 439
12 804 439
12 805 439
12 806 439
12 807 439
12 774 440
12 775 440
12 776 440
12 777 440
12 778 440
12 779 440
12 780 440
12 781 440
12 782 440
12 783 440
12 784 440
12 785 440
12 786 440
12 787 440
12 788 440
12 789 440
12 790 440
12 791 440
12 792 440
12 793 440
12 794 440
12 795 440
12 796 440
12 797 440
12 798 440
12 799 440
12 800 440
12 801 440
12 802 440
12 803 440
12 804 440
12 805 440
12 806 440
12 774 441
12 775 441
12 776 441
12 777 441
12 778 441
12 779 441
12 780 441
12 781 441
12 782 441
12 783 441
12 784 441
12 785 441
12 786 441
12 787 441
12 788 441
12 789 441
12 790 441
12 791 441
12 792 441
12 793 441
12 794 441
12 795 441
12 796 441
12 797 441
12 798 441
12 799 441
12 800 441
12 801 441
12 802 441
12 803 441
12 804 441
12 805 441
12 806 441
12 773 442
12 774 442
12 775 442
12 776 442
12 777 442
12 778 442
12 779 442
12 780 442
12 781 442
12 782 442
12 783 442
12 784 442
12 785 442
12 786 442
12 787 442
12 788 442
12 789 442
12 790 442
12 791 442
12 792 442
12 793 442
12 794 442
12 795 442
12 796 442
12 797 442
12 798 442
12 799 442
12 800 442
12 801 442
12 802 442
12 803 442
12 804 442
12 805 442
12 806 442
12 772 443
12 773 443
12 774 443
12 775 443
12 776 443
12 777 443
12 778 443
12 779 443
12 780 443
12 781 443
12 782 443
12 783 443
12 784 443
12 785 443
12 786 443
12 787 443
12 788 443
12 789 443
12 790 443
12 791 443
12 792 443
12 793 443
12 794 443
12 795 443
12 796 443
12 797 443
12 798 443
12 799 443
12 800 443
12 801 443
12 802 443
12 803 443
12 804 443
12 805 443
12 771 444
12 772 444
12 773 444
12 774 444
12 775 444
12 776 444
12 777 444
12 778 444
12 779 444
12 780 444
12 781 444
12 782 444
12 783 444
12 784 444
12 785 444
12 786 444
12 787 444
12 788 444
12 789 444
12 790 444
12 791 444
12 792 444
12 793 444
12 794 444
12 795 444
12 796 444
12 797 444
12 798 444
12 799 444
12 800 444
12 801 444
12 802 444
12 771 445
12 772 445
12 773 445
12 774 445
12 775 445
12 776 445
12 777 445
12 778 445
12 779 445
12 780 445
12 781 445
12 782 445
12 783 445
12 784 445
12 785 445
12 786 445
12 787 445
12 788 445
12 789 445
12 790 445
12 791 445
12 792 445
12 793 445
12 794 445
12 795 445
12 796 445
12 797 445
12 798 445
12 771 446
12 772 446
12 773 446
12 774 446
12 775 446
12 776 446
12 777 446
12 778 446
12 779 446
12 780 446
12 781 446
12 782 446
12 783 446
12 784 446
12 785 446
12 786 446
12 787 446
12 788 446
12 789 446
12 790 446
12 791 446
12 792 446
12 793 446
12 794 446
12 795 446
12 796 446
12 771 447
12 772 447
12 773 447
12 774 447
12 775 447
12 776 447
12 777 447
12 778 447
12 779 447
12 780 447
12 781 447
12 782 447
12 783 447
12 784 447
12 785 447
12 786 447
12 787 447
12 788 447
12 789 447
12 790 447
12 791 447
12 792 447
12 793 447
12 794 447
12 795 447
12 771 448
12 772 448
12 773 448
12 774 448
12 775 448
12 776 448
12 777 448
12 778 448
12 779 448
12 780 448
12 781 448
12 782 448
12 783 448
12 784 448
12 785 448
12 786 448
12 787 448
12 788 448
12 789 448
12 790 448
12 791 448
12 792 448
12 793 448
12 794 448
12 770 449
12 771 449
12 772 449
12 773 449
12 774 449
12 775 449
12 776 449
12 777 449
12 778 449
12 779 449
12 780 449
12 781 449
12 782 449
12 783 449
12 784 449
12 785 449
12 786 449
12 787 449
12 788 449
12 789 449
12 790 449
12 770 450
12 771 450
12 772 450
12 773 450
12 774 450
12 775 450
12 776 450
12 777 450
12 778 450
12 779 450
12 780 450
12 781 450
12 782 450
12 783 450
12 784 450
12 785 450
12 786 450
12 787 450
12 788 450
12 789 450
12 770 451
12 771 451
12 772 451
12 773 451
12 774 451
12 775 451
12 776 451
12 777 451
12 778 451
12 779 451
12 780 451
12 781 451
12 782 451
12 783 451
12 784 451
12 785 451
12 786 451
12 787 451
12 788 451
12 789 451
12 770 452
12 771 452
12 772 452
12 773 452
12 774 452
12 775 452
12 776 452
12 777 452
12 778 452
12 779 452
12 780 452
12 781 452
12 782 452
12 783 452
12 784 452
12 785 452
12 786 452
12 787 452
12 788 452
12 770 453
12 771 453
12 772 453
12 773 453
12 774 453
12 775 453
12 776 453
12 777 453
12 778 453
12 779 453
12 780 453
12 781 453
12 782 453
12 783 453
12 784 453
12 785 453
12 786 453
12 770 454
12 771 454
12 772 454
12 773 454
12 774 454
12 775 454
12 776 454
12 777 454
12 778 454
12 779 454
12 780 454
12 781 454
12 782 454
12 783 454
12 784 454
12 770 455
12 771 455
12 772 455
12 773 455
12 774 455
12 775 455
12 776 455
12 777 455
12 778 455
12 779 455
12 780 455
12 781 455
12 782 455
12 771 456
12 772 456
12 773 456
12 774 456
12 775 456
12 776 456
12 777 456
12 778 456
12 779 456
12 780 456
12 781 456
12 780 457
12 816 504
12 815 505
12 816 505
12 817 505
12 816 506
12 817 506
5182 1957 2831
5182 1958 2831
5182 1959 2831
5182 1960 2831
5182 1961 2831
5182 1954 2832
5182 1955 2832
5182 1956 2832
5182 1957 2832
5182 1958 2832
5182 1959 2832
5182 1960 2832
5182 1961 2832
5182 1962 2832
5182 1963 2832
5182 1964 2832
5182 1954 2833
5182 1955 2833
5182 1956 2833
5182 1957 2833
5182 1958 2833
5182 1959 2833
5182 1960 2833
5182 1961 2833
5182 1962 2833
5182 1963 2833
5182 1964 2833
5182 1965 2833
5182 1954 2834
5182 1955 2834
5182 1956 2834
5182 1957 2834
5182 1958 2834
5182 1959 2834
5182 1960 2834
5182 1961 2834
5182 1962 2834
5182 1963 2834
5182 1964 2834
5182 1965 2834
5182 1966 2834
5182 1953 2835
5182 1954 2835
5182 1955 2835
5182 1956 2835
5182 1957 2835
5182 1958 2835
5182 1959 2835
5182 1960 2835
5182 1961 2835
5182 1962 2835
5182 1963 2835
5182 1964 2835
5182 1965 2835
5182 1966 2835
5182 1967 2835
5182 1953 2836
5182 1954 2836
5182 1955 2836
5182 1956 2836
5182 1957 2836
5182 1958 2836
5182 1959 2836
5182 1960 2836
5182 1961 2836
5182 1962 2836
5182 1963 2836
5182 1964 2836
5182 1965 2836
5182 1966 2836
5182 1967 2836
5182 1953 2837
5182 1954 2837
5182 1955 2837
5182 1956 2837
5182 1957 2837
5182 1958 2837
5182 1959 2837
5182 1960 2837
5182 1961 2837
5182 1962 2837
5182 1963 2837
5182 1964 2837
5182 1965 2837
5182 1966 2837
5182 1967 2837
5182 1968 2837
5182 1953 2838
5182 1954 2838
5182 1955 2838
5182 1956 2838
5182 1957 2838
5182 1958 2838
5182 1959 2838
5182 1960 2838
5182 1961 2838
5182 1962 2838
5182 1963 2838
5182 1964 2838
5182 1965 2838
5182 1966 2838
5182 1967 2838
5182 1968 2838
5182 1953 2839
5182 1954 2839
5182 1955 2839
5182 1956 2839
5182 1957 2839
5182 1958 2839
5182 1959 2839
5182 1960 2839
5182 1961 2839
5182 1962 2839
5182 1963 2839
5182 1964 2839
5182 1965 2839
5182 1966 2839
5182 1967 2839
5182 1968 2839
5182 1953 2840
5182 1954 2840
5182 1955 2840
5182 1956 2840
5182 1957 2840
5182 1958 2840
5182 1959 2840
5182 1960 2840
5182 1961 2840
5182 1962 2840
5182 1963 2840
5182 1964 2840
5182 1965 2840
5182 1966 2840
5182 1967 2840
5182 1968 2840
5182 1953 2841
5182 1954 2841
5182 1955 2841
5182 1956 2841
5182 1957 2841
5182 1958 2841
5182 1959 2841
5182 1960 2841
5182 1961 2841
5182 1962 2841
5182 1963 2841
5182 1964 2841
5182 1965 2841
5182 1966 2841
5182 1967 2841
5182 1968 2841
5182 1954 2842
5182 1955 2842
5182 1956 2842
5182 1957 2842
5182 1958 2842
5182 1959 2842
5182 1960 2842
5182 1961 2842
5182 1962 2842
5182 1963 2842
5182 1964 2842
5182 1965 2842
5182 1966 2842
5182 1967 2842
5182 1955 2843
5182 1956 2843
5182 1957 2843
5182 1958 2843
5182 1959 2843
5182 1960 2843
5182 1961 2843
5182 1962 2843
5182 1963 2843
5182 1964 2843
5182 1965 2843
5182 1966 2843
5182 1956 2844
5182 1957 2844
5182 1958 2844
5182 1959 2844
5182 1960 2844
5182 1961 2844
5182 1962 2844
5182 1963 2844
5182 1964 2844
5182 1965 2844
5182 1958 2845
5182 1959 2845
5182 1960 2845
5182 1961 2845
5182 1962 2845
5182 1963 2845
5182 1964 2845
5182 1960 2846
5182 1961 2846
5182 1962 2846
