# %ECSV 0.9
# ---
# datatype:
# - name: sexcat_id
#   datatype: int32
# - name: x
#   datatype: int32
# - name: y
#   datatype: int32
# - name: sep
#   datatype: float64
# - name: weight
#   datatype: float64
# schema: astropy-2.0
sexcat_id x y sep weight
352 1146 1847 8.058684383942623 0.36559990202759296
352 1147 1847 7.566531173529959 0.4181348580015314
352 1148 1847 7.1806959272761715 0.4630520923194299
352 1149 1847 6.918987931771564 0.49280831254839047
352 1150 1847 6.7957629446590095 0.5013425519383451
352 1151 1847 6.818533126706978 0.4867529816300182
352 1152 1847 6.985871026579319 0.4522461070885211
352 1144 1848 8.587688513214761 0.317854674389096
352 1145 1848 7.8777150240409615 0.38920736957726715
352 1146 1848 7.236600997706081 0.4695206241416285
352 1147 1848 6.684189853677151 0.5530143815712205
352 1148 1848 6.244068705579763 0.6289129125181272
352 1149 1848 5.941245155689208 0.682552879714457
352 1150 1848 5.797274704548718 0.7004666142006772
352 1151 1848 5.823950034126355 0.6775470147577691
352 1152 1848 6.019002741318558 0.6202727419893421
352 1153 1848 6.3669768336315045 0.5426615883534222
352 1154 1848 6.844588665507972 0.45908187692974467
352 1144 1849 7.94823213048038 0.38091629429185836
352 1145 1849 7.175262643276595 0.48085408215146613
352 1146 1849 6.464858389787093 0.6007885306108534
352 1147 1849 5.83989674566259 0.7350938972468359
352 1148 1849 5.330515359700266 0.8675160124202834
352 1149 1849 4.972363019732208 0.9693698372618188
352 1150 1849 4.799416006140784 1.0086550662538223
352 1151 1849 4.831603667520785 0.9705071210213445
352 1152 1849 5.065016683091995 0.8693805689818042
352 1153 1849 5.473974241810075 0.7371812404359938
352 1154 1849 6.0228227601349955 0.6027501637805047
352 1143 1850 8.263800215397312 0.34387477601025374
352 1144 1850 7.389207941315538 0.4471807680790504
352 1145 1850 6.550602567703261 0.5833947209607965
352 1146 1850 5.76371355985015 0.7592784030969443
352 1147 1850 5.052761027398827 0.9752458492139301
352 1148 1850 4.454255717850109 1.2128828248341412
352 1149 1850 4.018755279934365 1.418864303004954
352 1150 1850 3.802682474254231 1.5118149435281334
352 1151 1850 3.8432270294636806 1.4428808012571677
352 1152 1850 4.132843331170464 1.2490461665825123
352 1153 1850 4.624975026959618 1.011809977903186
352 1154 1850 5.263116377204675 0.7905296276783134
352 1155 1850 6.0008661041553 0.608121577443853
352 1143 1851 7.8559782331674395 0.38250059656460034
352 1144 1851 6.9301077913695215 0.5096774284593433
352 1145 1851 6.027967650875416 0.6869485383809943
352 1146 1851 5.162014529231822 0.9342314406035258
352 1147 1851 4.353894119061736 1.2724375938368715
352 1148 1851 3.642306137600232 1.7031325704667528
352 1149 1851 3.0945749304226364 2.1500481068980233
352 1150 1851 2.808272422682709 2.3984020005039497
352 1151 1851 2.862934508506989 2.2569587361233188
352 1152 1851 3.2413568146688356 1.8412185122572027
352 1153 1851 3.8492069313041677 1.391949405375192
352 1154 1851 4.59634572241906 1.0244672659850393
352 1155 1851 5.425531679015425 0.7521112231063353
352 1143 1852 7.55925882610197 0.4111107339342601
352 1144 1852 6.591842989635029 0.5585590707657603
352 1145 1852 5.635813517141995 0.7738794231701804
352 1146 1852 4.6981266479311055 1.0959965313973234
352 1147 1852 3.7924126885137786 1.587600091762968
352 1148 1852 2.948286621073374 2.334686752719491
352 1149 1852 2.236603228111816 3.3546333589349673
352 1150 1852 1.8199983516476443 4.15965719867341
352 1151 1852 1.9032587842960524 3.7971046838490623
352 1152 1852 2.435650631761467 2.7569241973702203
352 1153 1852 3.200374040639622 1.8783904043359922
352 1154 1852 4.068463346277059 1.28576705639504
352 1155 1852 4.986220412296259 0.8988033115749411
352 1143 1853 7.387042303926549 0.4247262451409925
352 1144 1853 6.393621352566979 0.5836679863275339
352 1145 1853 5.402628434382689 0.8225105544210081
352 1146 1853 4.415698585728004 1.196612321301151
352 1147 1853 3.4363343841949137 1.8152062869509051
352 1148 1853 2.4735387605615125 2.914236186410341
352 1149 1853 1.5583305169315422 5.032269535710207
352 1150 1853 0.859298551145103 8.49080966877998
352 1151 1853 1.0239111289560334 7.020996015941928
352 1152 1853 1.8325921532081175 3.9623116243352334
352 1153 1853 2.769186523150781 2.3684493907747894
352 1154 1853 3.73876904876456 1.5141776565879985
352 1155 1853 4.7210585677366685 1.017411413763225
352 1143 1854 7.34808777846321 0.4206826734431672
352 1144 1854 6.348574170630783 0.5788891722589607
352 1145 1854 5.3492423762622945 0.8177037210348722
352 1146 1854 4.350217695702161 1.1948122449440852
352 1147 1854 3.3517747537685416 1.8284925130232452
352 1148 1854 2.354653690035992 2.997251483206509
352 1149 1854 1.3617613594165678 5.528197466060135
352 1150 1854 0.40545529963240595 13.331113506420808
352 1151 1854 0.6887626586858129 9.958457728837333
352 1152 1854 1.6686503528300634 4.578602282396229
352 1153 1854 2.663530364009361 2.5866997136295526
352 1154 1854 3.661201169015407 1.613941693763268
352 1155 1854 4.659870599061709 1.0701534622932514
352 1144 1855 6.459906655672376 0.545434881386988
352 1145 1855 5.4809117854605365 0.7610559151671049
352 1146 1855 4.511141097327831 1.0914167444992817
352 1147 1855 3.5581447412942744 1.6186314488084812
352 1148 1855 2.6401503745052186 2.497063757636662
352 1149 1855 1.8111857994142924 3.977259270767781
352 1150 1855 1.2611082427769376 5.886690056201331
352 1151 1855 1.378547786621806 5.66443756282389
352 1152 1855 2.0519244625472512 3.7270981214105796
352 1153 1855 2.918971394172915 2.3453245345515974
352 1154 1855 3.851025058344819 1.5288823952628485
352 1155 1855 4.810446341037354 1.036138441563229
352 1144 1856 6.719850742390057 0.49115770727812447
352 1145 1856 5.785014606723144 0.6697304772575936
352 1146 1856 4.876104387725931 0.9285329045560059
352 1147 1856 4.010784711250409 1.3065833704942291
352 1148 1856 3.2243439642817227 1.848391496772893
352 1149 1856 2.5896706354283587 2.5474164065006697
352 1150 1856 2.239730787393848 3.158320812403731
352 1151 1856 2.3078981779965533 3.1590707861645777
352 1152 1856 2.763402612722177 2.54883671331573
352 1153 1856 3.4563555951319165 1.8496233797790964
352 1154 1856 4.272750168217145 1.307466487545304
352 1155 1856 5.154259791667431 0.9291385814778436
352 1145 1857 6.236376672395604 0.56530302673705
352 1146 1857 5.403923944690563 0.7537684650371248
352 1147 1857 4.638145534585989 1.0045917077445417
352 1148 1857 3.9777372965041202 1.3191197301528972
352 1149 1857 3.483158624007791 1.6589105895695224
352 1150 1857 3.2314693252450652 1.9105502336346913
352 1151 1857 3.2790843234048954 1.9300409494745743
352 1152 1857 3.614193409323813 1.7038985624975098
352 1153 1857 4.168020393424153 1.3678589700489174
352 1154 1857 4.866456000006532 1.045919908767242
352 1146 1858 6.052139621654472 0.5960745503965694
352 1147 1858 5.3794417926026386 0.7578917519804367
352 1148 1858 4.8216588431783345 0.9412628611079482
352 1149 1858 4.422487309196012 1.118706988994693
352 1150 1858 4.227102317190788 1.240591682394063
352 1151 1858 4.263612787296669 1.2574801217341345
352 1152 1858 4.52641071932272 1.1614571375068394
352 1153 1858 4.979798590304588 0.9940409380564497
352 1154 1858 5.57748993723875 0.8085113216561973
352 1148 1859 5.716152027369441 0.6798752792633647
352 1149 1859 5.3837156314203405 0.7790737831859401
352 1150 1859 5.224403698030969 0.8448861764695862
352 1151 1859 5.253988389785383 0.8574399314605989
352 1152 1859 5.469405269313982 0.8124834846857497
583 805 2555 5.704371832200421 0.34738054414372677
583 806 2555 5.539481744712365 0.41755720438495697
583 807 2555 5.552644234957026 0.4521398107212379
583 804 2556 5.133016462081663 0.3746067885626616
583 805 2556 4.742769022417317 0.5089456074176174
583 806 2556 4.543111048609892 0.6354711761349743
583 807 2556 4.559151017459416 0.6921432079992382
583 808 2556 4.7887219589365575 0.6404786183935408
583 803 2557 4.91486093394321 0.34979585264491514
583 804 2557 4.278067086898133 0.5251846195341756
583 805 2557 3.8010338067427174 0.7649389495868107
583 806 2557 3.5487826081631133 1.0130146909402116
583 807 2557 3.5692937676802323 1.1108722130799595
583 808 2557 3.8582195375588606 0.9659040970715307
583 803 2558 4.255567882198666 0.45407835029149946
583 804 2558 3.5008367571197603 0.732586614343886
583 805 2558 2.8985958669674456 1.1774564392575648
583 806 2558 2.558878269867622 1.7234349576124741
583 807 2558 2.5872491182722768 1.902598770471703
583 808 2558 2.973189869483722 1.467650669986878
583 809 2558 3.603589599274672 0.9416509726802081
583 802 2559 4.68165120443638 0.3436704022149257
583 803 2559 3.750181062295601 0.5691036168617574
583 804 2559 2.865284977100973 0.9927294085112889
583 805 2559 2.087069236992506 1.8239394851055277
583 806 2559 1.5817262721471244 3.234433432456909
583 807 2559 1.6272240165387177 3.5625594939611838
583 808 2559 2.1894880680196356 2.138635507524338
583 809 2559 2.989959531498765 1.1554864066468384
583 802 2560 4.457786221881926 0.3915991354531202
583 803 2560 3.4666782371602194 0.6717053482268943
583 804 2560 2.4827118237927346 1.249028137070429
583 805 2560 1.5198217000688614 2.6428635023104468
583 806 2560 0.6751725705330175 6.953577208079936
583 807 2560 0.7757950760349801 6.8968307323242435
583 808 2560 1.6576664320664996 2.625690005216865
583 809 2560 2.6256157373081153 1.2425280485613042
583 802 2561 4.452623720908837 0.4197018653552297
583 803 2561 3.460037283036125 0.7269144870104698
583 804 2561 2.4734304113922367 1.3722758620194067
583 805 2561 1.5046122424066368 2.9857549025474928
583 806 2561 0.6402015307697148 8.278643083735314
583 807 2561 0.7455588507957263 6.133074940316751
583 808 2561 1.6437329466795396 2.370090286070322
583 802 2562 4.666889542296858 0.41939868792267326
583 803 2562 3.7317365930622346 0.7097589018564369
583 804 2562 2.8411015469355707 1.2710416413417722
583 805 2562 2.0537424376001123 2.376648430346394
583 806 2562 1.5374843088628936 3.817554964819725
583 807 2562 1.5842531363388768 3.1086790762211414
583 808 2562 2.1577437289908934 1.6959537976075327
583 803 2563 4.228458111415963 0.6284775248376542
583 804 2563 3.467831887505422 1.021858209654791
583 805 2563 2.85864618307327 1.5812277361294291
583 806 2563 2.5135349609661954 1.9744759983367188
583 807 2563 2.5424118470458894 1.6936142742600837
583 804 2564 4.240266265224289 0.758095241817463
583 805 2564 3.7584382394818063 1.0187786013034401
583 806 2564 3.503121179748005 1.138572638674845
490 1717 2240 10.245764490754057 0.07779648641382733
490 1718 2240 10.721459322312281 0.07621689448398193
490 1712 2241 8.227009784848708 0.08599564832600083
490 1713 2241 8.225429472069926 0.09505017157482883
490 1714 2241 8.344560503705196 0.10260795126959875
490 1715 2241 8.579375851423976 0.10786695934397249
490 1716 2241 8.92074492405186 0.1101958916790705
490 1717 2241 9.357012878050195 0.10929561538899718
490 1718 2241 9.875610867181702 0.1052831990137045
490 1719 2241 10.464305519240037 0.09865847395039455
490 1720 2241 11.111961573007607 0.09016939161350705
490 1709 2242 8.021202528299378 0.0802189840499612
490 1710 2242 7.636340091954817 0.09466414376251542
490 1711 2242 7.368018051009149 0.11004538200377738
490 1712 2242 7.229224716385349 0.12545851162870741
490 1713 2242 7.227426236219709 0.13960214177591412
490 1714 2242 7.362723001715951 0.15091194568307578
490 1715 2242 7.62782341169467 0.1578695176195011
490 1716 2242 8.009849561633319 0.15941852819498065
490 1717 2242 8.493037736875872 0.1553108773414383
490 1718 2242 9.0612190129142 0.1461941240079802
490 1719 2242 9.699468542141778 0.13338809003612326
490 1720 2242 10.394887685780839 0.11848041510891845
490 1707 2243 8.304799214911608 0.07660788025103825
490 1708 2243 7.677479404075052 0.09391776172733787
490 1709 2243 7.1356632487805065 0.1142790801231658
490 1710 2243 6.700126118215756 0.13745472071890366
490 1711 2243 6.392627785191086 0.16258434795652413
490 1712 2243 6.232149709369733 0.18794190336758268
490 1713 2243 6.230063402566415 0.21086523144007288
490 1714 2243 6.386524093745954 0.22808676287536053
490 1715 2243 6.690417774698209 0.23658070340416393
490 1716 2243 7.122898988473576 0.23466707600792877
490 1717 2243 7.6622248727114535 0.22273537744341354
490 1718 2243 8.28756236778935 0.2030703005013984
490 1719 2243 8.980962643280417 0.17890986288159633
490 1720 2243 9.727882092213008 0.15337450649652326
490 1721 2243 10.516923979947688 0.12880076446035066
490 1704 2244 9.98126695364854 0.05316874726064815
490 1705 2244 9.143286608216794 0.06681141401799898
490 1706 2244 8.341084461866858 0.08407668453809095
490 1707 2244 7.586019377776258 0.1057844692194151
490 1708 2244 6.89359775443832 0.13274668788537755
490 1709 2244 6.284559650444668 0.16554496829588844
490 1710 2244 5.785299473665764 0.2041109383195912
490 1711 2244 5.426204013856973 0.2470691341701188
490 1712 2244 5.236190409066279 0.290969601601116
490 1713 2244 5.233707099179113 0.3299110601687236
490 1714 2244 5.419011902551793 0.3564313714197278
490 1715 2244 5.77405316913502 0.36415872248243214
490 1716 2244 6.270062998088482 0.3510314185667657
490 1717 2244 6.8766045400327105 0.32049632469708234
490 1718 2244 7.567145432724195 0.27954618590734825
490 1719 2244 8.320798639553706 0.23541929439674614
490 1720 2244 9.121934553591084 0.1933859138642632
490 1721 2244 9.959100863029711 0.15628047856654356
490 1722 2244 10.823940594811083 0.12505709473618604
490 1703 2245 10.403349941244727 0.05407349523191024
490 1704 2245 9.497562318826702 0.06896016887695701
490 1705 2245 8.612647095986054 0.08837901093274422
490 1706 2245 7.755752058955801 0.11374242010201434
490 1707 2245 6.937268194325293 0.1468023497204704
490 1708 2245 6.1724946334523025 0.18956691597924644
490 1709 2245 5.483948395088856 0.24395652928603162
490 1710 2245 4.903844410255875 0.31092137047309815
490 1711 2245 4.47456031359484 0.38867021389051193
490 1712 2245 4.242132718338515 0.4700241713926631
490 1713 2245 4.239067114354086 0.5404468368616061
490 1714 2245 4.465835868009306 0.5807094558560354
490 1715 2245 4.890571541241227 0.5767950478167343
490 1716 2245 5.467329329754954 0.5301668299201229
490 1717 2245 6.153510380262547 0.4565965644267903
490 1718 2245 6.916624176576249 0.37503700250251176
490 1719 2245 7.7339310832201775 0.29878474870561844
490 1720 2245 8.589976135007559 0.23391726676322702
490 1721 2245 9.474264615261681 0.18159551366617363
490 1722 2245 10.37958043468038 0.14060989200358176
490 1702 2246 10.992437855180121 0.05299124099094608
490 1703 2246 10.040303282271761 0.06828889732939965
490 1704 2246 9.098444372528595 0.08869133520435207
490 1705 2246 8.170415534108251 0.1161162167153738
490 1706 2246 7.261521190494288 0.1532365400971317
490 1707 2246 6.379944357123951 0.20372090028969267
490 1708 2246 5.538744442560778 0.272407774335302
490 1709 2246 4.759379161192987 0.3650906315104908
490 1710 2246 4.07746121992573 0.48704302425948276
490 1711 2246 3.5496042032877946 0.6384214035435924
490 1712 2246 3.2517210827496474 0.8043505868132563
490 1713 2246 3.2477207392260037 0.943479401792627
490 1714 2246 3.5386000056517917 0.9969278563166291
490 1715 2246 4.061488643342367 0.935627937145306
490 1716 2246 4.740220459008123 0.7926083723423639
490 1717 2246 5.517580085508442 0.6266985512351105
490 1718 2246 6.357490857248597 0.4772018025925374
490 1719 2246 7.238210414183858 0.3574712473228293
490 1720 2246 8.146513978383625 0.2667191741346093
490 1721 2246 9.074121996094167 0.19953252675933628
490 1702 2247 10.742983291432477 0.0649158351339878
490 1703 2247 9.766559783260302 0.08495093500707838
490 1704 2247 8.795435748159251 0.11236120458920536
490 1705 2247 7.831582854059443 0.15036405002762226
490 1706 2247 6.878058592364419 0.2038013097580627
490 1707 2247 5.9398392234132205 0.28002535527109723
490 1708 2247 5.025503954828643 0.39018293853911945
490 1709 2247 4.1508661746674616 0.5506922603084117
490 1710 2247 3.3471913599312852 0.7832756006504844
490 1711 2247 2.6791211245479007 1.1064803854406242
490 1712 2247 2.269733464528152 1.4978715992945764
490 1713 2247 2.2639986749110803 1.8130148851218135
490 1714 2247 2.664524347796298 1.817549967228941
490 1715 2247 3.3277154325451943 1.5072878628255795
490 1716 2247 4.128884837337996 1.1153788576237293
490 1717 2247 5.00216852974785 0.7899614959420223
490 1718 2247 5.915715510401082 0.5553580833046394
490 1719 2247 6.853443659942065 0.3933826168760222
490 1720 2247 7.806643965238856 0.2822278635593348
490 1721 2247 8.77027308582808 0.20533508319876034
490 1702 2248 10.582518131333288 0.07788280149268331
490 1703 2248 9.589770070236197 0.10332940068587966
490 1704 2248 8.598702809145 0.13895421046768766
490 1705 2248 7.609973061713049 0.1897825421427233
490 1706 2248 6.624627536699587 0.26391393843660027
490 1707 2248 5.6444388560776 0.3748421003838563
490 1708 2248 4.672653421772126 0.5458836451667389
490 1709 2248 3.7158700192551026 0.8188239123878928
490 1710 2248 2.789568066923458 1.2701444440184337
490 1711 2248 1.9379602679103713 2.030978321941764
490 1712 2248 1.315176794198939 3.2061354124384596
490 1713 2248 1.3052547644040828 4.113156969344622
490 1714 2248 1.9177304294398934 3.3617797198247508
490 1715 2248 2.7661688307115093 2.15104396935497
490 1716 2248 3.691299229268746 1.3421605307138023
490 1717 2248 4.647546664639334 0.8616910653839025
490 1718 2248 5.61904707223568 0.5722431122833479
490 1719 2248 6.599067358346975 0.39164379034769553
490 1720 2248 7.584305505450099 0.27497489206380027
490 1721 2248 8.57296273175154 0.19726940378197547
490 1701 2249 11.514933347614223 0.0687027338610447
490 1702 2249 10.515117212851136 0.09085945801497287
490 1703 2249 9.515339720682514 0.12179391268409888
490 1704 2249 8.515614481644795 0.16583619542243805
490 1705 2249 7.51596234689868 0.23001232487837373
490 1706 2249 6.516416960262662 0.32619317314493346
490 1707 2249 5.517036342095186 0.47547372624832346
490 1708 2249 4.517929835665798 0.7178647860978499
490 1709 2249 3.5193309023164256 1.1362394074399274
490 1710 2249 2.521842580336748 1.925498556780471
490 1711 2249 1.5276419737620681 3.6471196076765726
490 1712 2249 0.5546981160954374 8.656391951423597
490 1713 2249 0.5307447597480237 10.997481955784389
490 1714 2249 1.5018954690657227 4.2860672959577695
490 1715 2249 2.4959346946585574 2.1856486638637764
490 1716 2249 3.493378021342733 1.265195155621797
490 1717 2249 4.491958370243499 0.7893694333423205
490 1718 2249 5.491055454099948 0.518150938917778
490 1719 2249 6.490430648269879 0.35304378092983063
490 1720 2249 7.489972630123631 0.2475948498502409
490 1701 2250 11.540003899479347 0.07701280408792555
490 1702 2250 10.542565627018817 0.10228532584742728
490 1703 2250 9.545663413299193 0.1377610599078643
490 1704 2250 8.549484779798076 0.18856959848162205
490 1705 2250 7.554315984918763 0.26308591363448386
490 1706 2250 6.5606165868765185 0.37553677307855116
490 1707 2250 5.56917318818507 0.5512790069884618
490 1708 2250 4.581450643628022 0.8382339160547967
490 1709 2250 3.6005124635251264 1.3335157548936272
490 1710 2250 2.6339495059700626 2.2479220491871605
490 1711 2250 1.7063674867976406 4.012965914466887
490 1712 2250 0.9411110455202705 6.285500752858643
490 1713 2250 0.9271946936865075 4.797604087524613
490 1714 2250 1.6833567655136497 2.682380029249943
490 1715 2250 2.609155035639074 1.5595980537700125
490 1716 2250 3.5751489479462104 0.9640807434302711
490 1717 2250 4.555841305401348 0.6259084608682299
490 1718 2250 5.543436659690559 0.42208211149410846
490 1719 2250 6.5348060414982 0.2932984352160513
490 1701 2251 11.651166894350064 0.08319554339789603
490 1702 2251 10.6641310006957 0.11032632006302151
490 1703 2251 9.679756711818703 0.14818329939943264
490 1704 2251 8.698947637501872 0.20190119977183946
490 1705 2251 7.723062216504511 0.279544978131359
490 1706 2251 6.754234967781305 0.3940030632176363
490 1707 2251 5.79600638370938 0.5660193769950324
490 1708 2251 4.8546565275001745 0.8281548559216333
490 1709 2251 3.9422950168652022 1.2249472536273118
490 1710 2251 3.084751205527014 1.78215533598189
490 1711 2251 2.3430087494502714 2.3610396390923984
490 1712 2251 1.861099137606776 2.4999157386066306
490 1713 2251 1.854100860255678 2.0363289237857884
490 1714 2251 2.3263039354308384 1.4350103203744915
490 1715 2251 3.0636073508204613 0.9716128629399753
490 1716 2251 3.9191440392005656 0.6600754106620198
490 1717 2251 4.830495833762978 0.45590454266214975
490 1718 2251 5.771281486810503 0.32097798652703546
490 1719 2251 6.729167110423236 0.2301890154409406
490 1701 2252 11.845998902583073 0.08623288676784198
490 1702 2252 10.876658034525105 0.11342341414143801
490 1703 2252 9.913409605176197 0.15064642969055125
490 1704 2252 8.958219131055001 0.20207895969080145
490 1705 2252 8.013968430184885 0.27365158852664967
490 1706 2252 7.08503281573206 0.37344231904777536
490 1707 2252 6.178324206449538 0.5112662756401934
490 1708 2252 5.305251172187843 0.6952545429622706
490 1709 2252 4.485497742726066 0.9203569928935322
490 1710 2252 3.754156363286004 1.1443757551380758
490 1711 2252 3.1729623382575713 1.2740679717858707
490 1712 2252 2.8357873686158337 1.22856743555791
490 1713 2252 2.8311993924839123 1.0385919437946458
490 1714 2252 3.160647085645823 0.8053441238624739
490 1715 2252 3.7368021087557732 0.5982959645100285
490 1716 2252 4.4651640507378625 0.4377364231220918
490 1717 2252 5.28315152158273 0.3199813891825642
490 1718 2252 6.155135254403601 0.2352904843402892
490 1701 2253 12.120465750126924 0.08557019959513709
490 1702 2253 11.174958165469791 0.11091563684228005
490 1703 2253 10.239809080251453 0.1445296680722372
490 1704 2253 9.318137689474236 0.1890494165274813
490 1705 2253 8.414374011178753 0.24754071210020998
490 1706 2253 7.5349644989210525 0.32287846869818937
490 1707 2253 6.689520909601879 0.4160430826543748
490 1708 2253 5.892681053646202 0.5225989905523781
490 1709 2253 5.166980743142078 0.6277423296860962
490 1710 2253 4.546613025099147 0.7045880784482003
490 1711 2253 4.079912989268446 0.72472564087188
490 1712 2253 3.8235703210483187 0.6794017286300961
490 1713 2253 3.8201688444362905 0.5875415941051136
490 1714 2253 4.070342737411908 0.4792267411339101
490 1715 2253 4.532294121082835 0.3769184611371154
490 1716 2253 5.149338792505517 0.29072637997529355
490 1717 2253 5.8727923511735325 0.2223759382623328
490 1701 2254 12.469309924771308 0.08133158377451717
490 1702 2254 11.552388930433409 0.10334080210354764
490 1703 2254 10.650431446659827 0.1313390723412524
490 1704 2254 9.767583631584667 0.16649177754623348
490 1705 2254 8.909528045861961 0.20959981430317054
490 1706 2254 8.084162912757327 0.2603894294235526
490 1707 2254 7.302581050560218 0.316384579845368
490 1708 2254 6.580401963406288 0.3716650762929621
490 1709 2254 5.939334137763382 0.4166195835428734
490 1710 2254 5.408298253610063 0.4403706937855876
490 1711 2254 5.022319185396506 0.435985838914513
490 1712 2254 4.816398031724743 0.40480848461219776
490 1713 2254 4.8136981625359665 0.35556506669439103
490 1714 2254 5.014547836046865 0.2992079156161396
490 1715 2254 5.3962663018055785 0.24433815625282657
490 1701 2255 12.886492540641175 0.07427007442371943
490 1702 2255 12.001486991202416 0.09218925663029436
490 1703 2255 11.13596381100446 0.11392260668490826
490 1704 2255 10.294838026894894 0.13965376878686905
490 1705 2255 9.484602785567843 0.1690129621429551
490 1706 2255 8.713879159134665 0.2006854085359517
490 1707 2255 7.994103451920147 0.23204746519013808
490 1708 2255 7.340278605066825 0.25913386344077055
490 1709 2255 6.771535276434874 0.2773301848354144
490 1710 2255 6.310918316695446 0.2828791783035471
490 1711 2255 5.983451345168794 0.2745261990074614
490 1712 2255 5.811685641877269 0.2541403362410684
490 1713 2255 5.809448338698139 0.225801629399601
490 1702 2256 12.514539144531101 0.07929601580512306
490 1703 2256 11.687073628586473 0.09523030536910915
490 1704 2256 10.888603675403084 0.11301256045970781
490 1705 2256 10.125990815717824 0.13193517567529708
490 1706 2256 9.407958864706089 0.15073820305950783
490 1707 2256 8.745495411925047 0.167609023882437
490 1708 2256 8.152158609840845 0.18041315765298996
490 1709 2256 7.644062401629277 0.18719312811265876
271 561 1602 5.590796454889042 0.531712551915391
271 562 1602 5.643137868243151 0.5980465574097098
271 560 1603 4.742889941797083 0.6283583589800762
271 561 1603 4.5916233512778355 0.7911710885048487
271 562 1603 4.655212669685443 0.8942133356260169
271 563 1603 4.925343135254622 0.8767993680277079
271 559 1604 4.211057468142651 0.658426970813599
271 560 1604 3.784310373106303 0.9335759561093502
271 561 1604 3.5929103801792674 1.231450647003634
271 562 1604 3.6738270236906767 1.3957311860004695
271 563 1604 4.010611549377459 1.2877569168447764
271 558 1605 4.119587964833383 0.6043409842082044
271 559 1605 3.3998536733218416 0.9327124391798695
271 560 1605 2.8542958851527613 1.4352196306840064
271 561 1605 2.595188817793409 2.045061892700395
271 562 1605 2.7061051346908007 2.3036313382996223
271 563 1605 3.1481748680783097 1.8817897868554367
271 557 1606 4.4954426923274315 0.49648641837039953
271 558 1606 3.5772901755379136 0.7892456329323606
271 559 1606 2.717536568291224 1.313411589871956
271 560 1606 1.9932398250085228 2.279334734511555
271 561 1606 1.6003140316825233 3.772064310976865
271 562 1606 1.7745436032963342 4.045947864319093
271 563 1606 2.39520458416393 2.568466655505043
271 557 1607 4.246764062200787 0.5960768285186593
271 558 1607 3.259295169204547 0.988292757425378
271 559 1607 2.282762580734156 1.7710011319481667
271 560 1607 1.341269920634929 3.5923299609203734
271 561 1607 0.6220972592770316 8.6004906640468
271 562 1607 0.9874234147517263 6.639068636466472
271 563 1607 1.8875923818451708 2.8748539050201507
271 557 1608 4.226228223842171 0.6777202506174135
271 558 1608 3.2324920726894475 1.1463601761660784
271 559 1608 2.2443272934222596 2.1230547168093876
271 560 1608 1.2747568395580589 4.607572136612761
271 561 1608 0.46152464722917685 12.331590000200826
271 562 1608 0.8949888267458882 5.566286029410336
271 563 1608 1.8409250392126093 2.444719566381846
271 557 1609 4.437004056793297 0.716817160881727
271 558 1609 3.503570321828883 1.1905996525317397
271 559 1609 2.619733765099062 2.0906140543696514
271 560 1609 1.8576880793071995 3.7280750276327415
271 561 1609 1.4279373235545172 4.794817457563707
271 562 1609 1.6208038129274016 3.153505791757733
271 557 1610 4.849021035219398 0.6987566307220053
271 558 1610 4.012605761846055 1.0955782876675073
271 559 1610 3.2694043800056503 1.7047079420644544
271 560 1610 2.697592445125856 2.3818848764178853
271 561 1610 2.421777239962433 2.467963869731157
271 562 1610 2.5402765597469945 1.841771064412939
432 487 2145 5.786000777739274 0.47556927176372765
432 488 2145 5.246885266517604 0.572681947523631
432 489 2145 4.856110068768987 0.6179347976819226
432 490 2145 4.651215432550889 0.5865056259713811
432 487 2146 5.022330634277236 0.633433646009728
432 488 2146 4.3904219614975055 0.8385246754750557
432 489 2146 3.9150740733732774 0.9809101254145981
432 490 2146 3.65784157666781 0.9616339446958412
432 491 2146 3.6649427007798727 0.7961003337496213
432 486 2147 5.188237176536908 0.5166174052301047
432 487 2147 4.355433962304982 0.793313657270151
432 488 2147 3.60857381800618 1.1902113899034104
432 489 2147 3.0122757177920683 1.6032048218813615
432 490 2147 2.6694203490645196 1.696154305742999
432 491 2147 2.6791425867242977 1.3602391332684476
432 492 2147 3.0380594135072116 0.9317651319839919
432 486 2148 4.760651741095935 0.5431526083235584
432 487 2148 3.8361184809648115 0.8943379875469171
432 488 2148 2.9610479563829752 1.5285688887978952
432 489 2148 2.195405429527725 2.5764595033427495
432 490 2148 1.694640079780906 3.3516412005438636
432 491 2148 1.7099137405143736 2.5506754569017467
432 492 2148 2.2306512501957534 1.5104999563001598
432 486 2149 4.51772121760516 0.5180455618253987
432 487 2149 3.53012818464144 0.8785129778751858
432 488 2149 2.5522157040500884 1.6147095936638491
432 489 2149 1.6018130352821798 3.3589231608291357
432 490 2149 0.7860057251699448 7.726795444584548
432 491 2149 0.8184161533107419 5.4913487856684835
432 492 2149 1.649789380496787 2.413174034185919
432 493 2149 2.602653453689137 1.2311655980140401
432 487 2150 3.493966943175044 0.7559671147618878
432 488 2150 2.501960231498491 1.3637160545797218
432 489 2150 1.5204621008101464 2.782001803333771
432 490 2150 0.6031624988342904 7.175833448223801
432 491 2150 0.6448294348120643 8.705819680721904
432 492 2150 1.570924886810336 3.2004045274044057
432 493 2150 2.5533908827283156 1.5235669732646435
432 488 2151 2.829453127372864 0.9957240609117871
432 489 2151 2.0143994142175723 1.7631176209279122
432 490 2151 1.4525167813144604 3.1380285150247627
432 491 2151 1.4703077909064282 4.072819471928145
432 492 2151 2.0527554652223343 2.765814524898022
432 493 2151 2.8750313041774316 1.5365999912420965
432 489 2152 2.793529129971655 1.075714465954473
432 490 2152 2.419877062993121 1.6077440962661291
432 491 2152 2.4305976631273705 1.9980690818518747
432 492 2152 2.82131263776283 1.7945171659569303
432 491 2153 3.41376698091717 1.1077686761454992
440 1146 2116 6.030272713567903 0.5262577308865147
440 1147 2116 5.798636822564577 0.586398112541903
440 1148 2116 5.734473733482614 0.623687278174431
440 1144 2117 6.1137704405710895 0.5089549707799181
440 1145 2117 5.535177413597601 0.6239051511099447
440 1146 2117 5.089026331234812 0.7435637395474639
440 1147 2117 4.8122956060493065 0.8482989159490474
440 1148 2117 4.734785000398823 0.9116545926342454
440 1149 2117 4.866023941577137 0.912934945370576
440 1150 2117 5.190201248506855 0.8516832242881811
440 1144 2118 5.377005579316471 0.6761090932715726
440 1145 2118 4.708735392863001 0.8645988824490366
440 1146 2118 4.175187301187924 1.0764224067154056
440 1147 2118 3.8330391336380996 1.2735070767819687
440 1148 2118 3.7352629090870337 1.390825666026172
440 1149 2118 3.9002806309292093 1.3739812543782697
440 1150 2118 4.297928454500117 1.2315501158599622
440 1143 2119 5.584459597848291 0.658665101986187
440 1144 2119 4.737740917357144 0.8897359532047526
440 1145 2119 3.9631034556267046 1.2024046163681168
440 1146 2119 3.3115236674377773 1.5970091601022784
440 1147 2119 2.8681333651001597 2.0085807291279516
440 1148 2119 2.7360900935460775 2.256671009235511
440 1149 2119 2.957395644820152 2.164995921967081
440 1150 2119 3.464994805191116 1.8049554177782972
440 1151 2119 4.155260400985917 1.3871519202750369
440 1143 2120 5.169157474869531 0.8038450257588156
440 1144 2120 4.240305295612541 1.1377739754725138
440 1145 2120 3.352639109716401 1.644318652878168
440 1146 2120 2.549546822476535 2.401373785243636
440 1147 2120 1.9391206770081162 3.386281756195625
440 1148 2120 1.7378690974871018 4.0476927552858815
440 1149 2120 2.0688617643527687 3.5912285854232087
440 1150 2120 2.7459404582039046 2.600973463221904
440 1151 2120 3.5777351774553257 1.7838702981301953
440 1152 2120 4.4788602344794715 1.229711941075658
440 1142 2121 5.915588643575462 0.6547255566304809
440 1143 2121 4.924854211040079 0.9306809836597194
440 1144 2121 3.9388055295989686 1.369496966377243
440 1145 2121 2.9621257569521973 2.1099985890752557
440 1146 2121 2.008529063767773 3.460995671122717
440 1147 2121 1.1376242789251934 6.0976973844003926
440 1148 2121 0.744438714737677 8.970380049279884
440 1149 2121 1.3469183345698812 5.892037584449204
440 1150 2121 2.2525960578853725 3.3546186508233133
440 1151 2121 3.2146833436593623 2.0537869085301317
440 1152 2121 4.194542764116389 1.3371715075068005
440 1142 2122 5.876069179306744 0.6967216543977304
440 1143 2122 4.877313707359702 0.9995912213550003
440 1144 2122 3.8791995308309497 1.4915475780313199
440 1145 2122 2.8823929294943946 2.3527873168156863
440 1146 2122 1.8889650605555146 4.049645656672144
440 1147 2122 0.9100488997849054 8.211905963322343
440 1148 2122 0.29696632805746703 15.066322067424423
440 1149 2122 1.1611154120069862 6.315232498763743
440 1150 2122 2.1466692805367975 3.3360690269467637
440 1151 2122 3.1413673774330486 2.0058419056072974
440 1152 2122 4.13862163044664 1.298570127672931
440 1142 2123 6.005180180477375 0.6931870309510401
440 1143 2123 5.032115757809879 0.9823758592807098
440 1144 2123 4.0721234018628065 1.4341923028612389
440 1145 2123 3.1372263227250485 2.1660033432853485
440 1146 2123 2.258802558879184 3.3635410231134895
440 1147 2123 1.536941443256498 5.013832303670843
440 1148 2123 1.2736518362565123 5.503736085241227
440 1149 2123 1.697701092654359 3.9887443696110765
440 1150 2123 2.4783440035636746 2.569070734785552
440 1151 2123 3.3767127505904675 1.679050380369673
440 1143 2124 5.371795696040398 0.8865429972033253
440 1144 2124 4.485107468054513 1.2320543560192758
440 1145 2124 3.657347262702652 1.713549419876008
440 1146 2124 2.9387393555738828 2.3131508576527384
440 1147 2124 2.428206951641276 2.828129838527818
440 1148 2124 2.2707243337752905 2.8641030657806814
440 1149 2124 2.5330197393623792 2.385228550515246
440 1150 2124 3.1106573260325017 1.779709702028711
440 1143 2125 5.864314878994629 0.748311962620659
440 1144 2125 5.064601563795321 0.9814890279924754
440 1145 2125 4.348584712294131 1.259868425567237
440 1146 2125 3.7643311490885667 1.5383671553248932
440 1147 2125 3.3808562524896955 1.7181827723826746
248 1068 1510 7.082384414870379 0.3734121307742303
248 1069 1510 6.891020896790175 0.39677750318787247
248 1070 1510 6.841941902705611 0.40161635647571914
248 1071 1510 6.938167553468199 0.38679845085458664
248 1066 1511 6.987715578069771 0.38513036943459045
248 1067 1511 6.492624199813122 0.4556237745935393
248 1068 1511 6.122104948463314 0.5181944883520556
248 1069 1511 5.8996753300498685 0.5596329869312505
248 1070 1511 5.8422743003045525 0.5687785754474145
248 1071 1511 5.954676229653386 0.5428957150088372
248 1072 1511 6.227693714369638 0.48946859108239466
248 1065 1512 6.842672650361049 0.4022824270756199
248 1066 1512 6.176420403437506 0.5071705590744863
248 1067 1512 5.610184399821377 0.6233951621484328
248 1068 1512 5.176887964791122 0.7343018265274068
248 1069 1512 4.911839675722243 0.8125117561000148
248 1070 1512 4.842743953586562 0.8310577378918171
248 1071 1512 4.977767471467428 0.7825500478639481
248 1072 1512 5.301336529593198 0.6854995692291882
248 1073 1512 5.7818828248243905 0.5692967942679239
248 1064 1513 6.98685687559143 0.38058410669465503
248 1065 1513 6.175934666105144 0.503939134127291
248 1066 1513 5.428459173651331 0.6638779522702871
248 1067 1513 4.774323931196888 0.8583732294706578
248 1068 1513 4.256779181493836 1.0642412331586666
248 1069 1513 3.9301614470654194 1.2241882581886117
248 1070 1513 3.8434579482543287 1.265712556479112
248 1071 1513 4.012252359959352 1.1656092429873597
248 1072 1513 4.407285899507702 0.9766920037946695
248 1073 1513 4.974954170643127 0.7708429424680785
248 1074 1513 5.663582700022968 0.5900682291340036
248 1063 1514 7.40338902125232 0.3293305940754218
248 1064 1514 6.4912378634586645 0.44760401267167266
248 1065 1514 5.609114814299974 0.6153400249315751
248 1066 1514 4.773695528623443 0.8522351196478031
248 1067 1514 4.014245757299803 1.1759398225631923
248 1068 1514 3.3823318879139426 1.5738526271315358
248 1069 1514 2.9607716899483343 1.9369387423387192
248 1070 1514 2.844673795007002 2.044857073646517
248 1071 1514 3.068903550129844 1.8072426927049743
248 1072 1514 3.5698976175794708 1.4077526654406278
248 1073 1514 4.2509021395463344 1.0340282203196949
248 1074 1514 5.039461181515304 0.7466968497091284
248 1063 1515 7.080266167313171 0.36386417218404954
248 1064 1515 6.120144524437276 0.5065397732339891
248 1065 1515 5.17514917659381 0.7204732304527501
248 1066 1515 4.2553694316709585 1.0490485947695605
248 1067 1515 3.3814448095451204 1.5608479809491385
248 1068 1515 2.600032499796812 2.333168773084781
248 1069 1515 2.0214274659259184 3.2691739795265695
248 1070 1515 1.84720572757874 3.6286414038811254
248 1071 1515 2.17673356201436 2.9260736617143293
248 1072 1515 2.839748052204587 2.0090811942410887
248 1073 1515 3.659257984892534 1.3409906805139598
248 1074 1515 4.551501840052334 0.9079776714992331
248 1063 1516 6.888408306713512 0.38563879986580824
248 1064 1516 5.897132269162676 0.5453014463626707
248 1065 1516 4.909395991361845 0.7939617876207403
248 1066 1516 3.927870797264057 1.2002190599038618
248 1067 1516 2.958744497248757 1.9068677742919877
248 1068 1516 2.0199428209728665 3.2370843418801742
248 1069 1516 1.185819969472535 5.837840383389139
248 1070 1516 0.8556687443163189 7.757018133460712
248 1071 1516 1.4346320085652238 4.7454207405638185
248 1072 1516 2.3203812186793598 2.6679134116854506
248 1073 1516 3.272639454629845 1.6114662096892878
248 1074 1516 4.246901105512106 1.033813135598903
248 1063 1517 6.8388719098985815 0.3901441382830137
248 1064 1517 5.8391924955425045 0.5538505959657304
248 1065 1517 4.839645544872054 0.811371661159254
248 1066 1517 3.8403344906400982 1.2393841286262466
248 1067 1517 2.8415082262770177 2.0092431216822746
248 1068 1517 1.8439547174483395 3.5809675012541073
248 1069 1517 0.8521555022412328 7.7071334586625095
248 1070 1517 0.22840534144373625 17.02616678429372
248 1071 1517 1.1739544284170709 5.829964404979044
248 1072 1517 2.168909633894431 2.932576693389665
248 1073 1517 3.1670442055645665 1.706266657167934
248 1074 1517 4.166073571121868 1.0756826598083102
248 1064 1518 5.951148544608852 0.5297391222795345
248 1065 1518 4.974150078154064 0.7660514894811454
248 1066 1518 4.008512068087123 1.145504812142472
248 1067 1518 3.0649908645867328 1.7851866912071346
248 1068 1518 2.172594992169537 2.912248786241621
248 1069 1518 1.4304436374776084 4.780562446852539
248 1070 1518 1.1713961755103153 5.912904664442851
248 1071 1518 1.642610422467913 4.165132722171852
248 1072 1518 2.4544182610142546 2.5113278433926887
248 1073 1518 3.369001187295763 1.5595413930845015
248 1074 1518 4.321593340424371 1.013775641095267
248 1064 1519 6.223838767191855 0.4796521865500887
248 1065 1519 5.297373783300575 0.6746164375892889
248 1066 1519 4.403199859193342 0.9663140997947627
248 1067 1519 3.5656933407123352 1.4024782276470449
248 1068 1519 2.8355191764472893 2.019739160631055
248 1069 1519 2.3164992985106507 2.708488616364285
248 1070 1519 2.166141500456597 2.9871744711016723
248 1071 1519 2.453195670956636 2.538421408401754
248 1072 1519 3.056823351127834 1.8387557492736493
248 1073 1519 3.8301656622136364 1.269361912395564
248 1074 1519 4.690007356071037 0.8767201572641415
248 1065 1520 5.7777304367719 0.5639301719235862
248 1066 1520 4.9707312339333365 0.7683855245749929
248 1067 1520 4.246665633176275 1.0385166752861292
248 1068 1520 3.6551564945978 1.3580916507980756
248 1069 1520 3.268970633089337 1.643639226477739
248 1070 1520 3.164201163011056 1.7438730629611168
248 1071 1520 3.367219773047275 1.5863842833875657
248 1072 1520 3.8293823261722726 1.2803357708067244
248 1073 1520 4.471036680681627 0.9682324875203544
248 1066 1521 5.659343513164808 0.592287818169602
248 1067 1521 5.035292345038232 0.7549312725002754
248 1068 1521 4.54754538185169 0.9244966391321358
248 1069 1521 4.2433676484604375 1.0581602629392848
248 1070 1521 4.163192164673723 1.1025553305216464
248 1071 1521 4.319510273167631 1.0357636561989902
248 1072 1521 4.688727865850259 0.8899483044509223
248 1069 1522 5.22744383040132 0.7121166435635072
248 1070 1522 5.162573873563539 0.7345189558865622
410 1193 2218 7.263467491494849 0.2879642983344804
410 1194 2218 7.3518677898886615 0.3131134349490805
410 1195 2218 7.572447424710343 0.32676692405494673
410 1196 2218 7.914161989749908 0.32620030336749684
410 1191 2219 6.530693684441363 0.3057422760558304
410 1192 2219 6.319965189777727 0.36008253629512516
410 1193 2219 6.263701780896192 0.4099848558865211
410 1194 2219 6.366000314169176 0.44670417435198123
410 1195 2219 6.619513577295688 0.4619493803818283
410 1196 2219 7.007849884237096 0.4517897741631346
410 1197 2219 7.510123833865976 0.4188773392490794
410 1190 2220 5.986147341989006 0.34926756741414794
410 1191 2220 5.579064437699385 0.4322181696777776
410 1192 2220 5.330849838440572 0.5205577487673397
410 1193 2220 5.264025075928285 0.6013177841743016
410 1194 2220 5.385346785491321 0.6558658345614663
410 1195 2220 5.682777489925294 0.6675479099511787
410 1196 2220 6.130738944042679 0.632345761224898
410 1197 2220 6.699101432281903 0.5618791622278418
410 1189 2221 5.746125651254224 0.37613044058313394
410 1190 2221 5.1293235421448795 0.48857762442014596
410 1191 2221 4.647790873092465 0.6257945453366847
410 1192 2221 4.346718302351962 0.7778321996694314
410 1193 2221 4.2644999706884095 0.916807591635208
410 1194 2221 4.413384189032421 0.998351988272281
410 1195 2221 4.7717879248769295 0.9869439358859236
410 1196 2221 5.297354056507946 0.8879978248632658
410 1197 2221 5.945919609278375 0.7424425490734409
410 1187 2222 6.701489386696185 0.2822531945187091
410 1188 2222 5.848244180948802 0.37847643654741914
410 1189 2222 5.04915438464714 0.5113752561068923
410 1190 2222 4.334277333074263 0.6928484625434009
410 1191 2222 3.752060767098698 0.9310689297426125
410 1192 2222 3.371937128714174 1.2134904781066582
410 1193 2222 3.265265685974283 1.4748203888100262
410 1194 2222 3.457449927330983 1.591248233369355
410 1195 2222 3.9046075346955083 1.4852825273025843
410 1196 2222 4.531882611012873 1.228033432212386
410 1197 2222 5.275410884471537 0.9445230617800752
410 1198 2222 6.092779332948197 0.7034802603389534
410 1186 2223 7.2176145643835365 0.2611957050652146
410 1187 2223 6.275823451946467 0.3555596403574241
410 1188 2223 5.355180669221271 0.4919678454106994
410 1189 2223 4.468776118804912 0.6924188459968942
410 1190 2223 3.641697406430278 0.9897686998584913
410 1191 2223 2.9247153707670304 1.4246637331551277
410 1192 2223 2.417842013035766 2.007346970831487
410 1193 2223 2.2667068623888627 2.5734781268084066
410 1194 2223 2.535736579378993 2.682460394083854
410 1195 2223 3.1180057729261175 2.214913345995025
410 1196 2223 3.8747851553344876 1.6042401343473116
410 1197 2223 4.7229185891777155 1.1171561288098293
410 1198 2223 5.621206276236475 0.7785333769249623
410 1186 2224 6.969215163847433 0.3142527331018871
410 1187 2224 5.988485618251155 0.43776727437788604
410 1188 2224 5.015372369027133 0.6247152100729603
410 1189 2224 4.055361882742495 0.9179874759983075
410 1190 2224 3.120570460669118 1.3976428808360761
410 1191 2224 2.242757231623741 2.2148222123349233
410 1192 2224 1.5237978868604927 3.596372983300932
410 1193 2224 1.2704172542910535 5.197935290237966
410 1194 2224 1.7046876546747018 4.67322723584509
410 1195 2224 2.4895702440381657 2.985357196662853
410 1196 2224 3.3896843510864207 1.845759091990225
410 1197 2224 4.333815870569501 1.1829656018895272
410 1198 2224 5.2984865763725395 0.788284277692732
410 1185 2225 7.858368787477509 0.2646850423925074
410 1186 2225 6.8590057588546065 0.3662592438157013
410 1187 2225 5.859860066588671 0.5192453119421332
410 1188 2225 4.861065726772319 0.7590122157561537
410 1189 2225 3.862895287216625 1.1551895117419624
410 1190 2225 2.8660006978366788 1.8606799634388347
410 1191 2225 1.8724208928550878 3.2724815033639527
410 1192 2225 0.893286068401473 6.773286343568031
410 1193 2225 0.29993332592440836 15.709827582200957
410 1194 2225 1.1755679478447827 6.205095817730981
410 1195 2225 2.1619343190763014 3.0686929075797678
410 1196 2225 3.156890875529249 1.7648605968536475
410 1197 2225 4.154270092326658 1.103363681581662
410 1185 2226 7.888596833404557 0.29370375749471095
410 1186 2226 6.8936173377988075 0.4087536402718326
410 1187 2226 5.900335583676596 0.5833611499559633
410 1188 2226 4.9097820725568 0.8593365711314714
410 1189 2226 3.9240234453937797 1.3192450264698161
410 1190 2226 2.94787381005361 2.1422162614492577
410 1191 2226 1.99548490347582 3.758441932716073
410 1192 2226 1.1286983653748326 7.009558236236315
410 1193 2226 0.7523031303934176 7.693407970456379
410 1194 2226 1.363070064229881 4.193221222625753
410 1195 2226 2.269352330511851 2.3527951736198247
410 1196 2226 3.2314021724321913 1.4315135767918994
410 1197 2226 4.211170858561713 0.9243724352114033
410 1185 2227 8.044001491794992 0.31209582478522796
410 1186 2227 7.0709235606107335 0.4322504897542314
410 1187 2227 6.10655058113825 0.611424006373348
410 1188 2227 5.155769583679997 0.8857774024606
410 1189 2227 4.2277606365545015 1.3158177388105048
410 1190 2227 3.341550538297999 1.9906710710864999
410 1191 2227 2.541251660107586 2.950142389579279
410 1192 2227 1.9364813451204421 3.745962794771107
410 1193 2227 1.7441215553966969 3.40097038852738
410 1194 2227 2.0818165144890437 2.4034570694664557
410 1195 2227 2.7615140774580937 1.5899730042126918
410 1196 2227 3.594156368328894 1.0594077730161533
410 1197 2227 4.495548909754965 0.722828216824886
410 1186 2228 7.380647668057298 0.4304433422410527
410 1187 2228 6.462658895532051 0.5935825854131053
410 1188 2228 5.572966893854607 0.8257627035309685
410 1189 2228 4.727574430931721 1.1471969851799
410 1190 2228 3.9549917825451044 1.5518427641316832
410 1191 2228 3.3066538978246904 1.9389923425531617
410 1192 2228 2.8680934433869365 2.0788965105898773
410 1193 2228 2.741889859202782 1.8522387525171153
410 1194 2228 2.9681576777521386 1.4424719551797385
410 1195 2228 3.4787871449686145 1.0550677222850677
410 1196 2228 4.170606670497567 0.7579611665515991
410 1186 2229 7.807045535924541 0.4038449354886462
410 1187 2229 6.945643238750405 0.5362210002868172
410 1188 2229 6.1264965518638075 0.7065738275447567
410 1189 2229 5.368981281397715 0.9092469292021668
410 1190 2229 4.702973527460999 1.1125370711228213
410 1191 2229 4.172524415746285 1.249334197337249
410 1192 2229 3.834313497876614 1.2511252297472557
410 1193 2229 3.7408501707497868 1.1168797258869776
410 1194 2229 3.909726333133641 0.9142684788856548
410 1188 2230 6.783064204325268 0.5695973264358379
410 1189 2230 6.1075330535330465 0.6849958983745742
410 1190 2230 5.531180705780513 0.7793715479235658
410 1191 2230 5.087824682513985 0.8231808946418782
410 1192 2230 4.814349384911574 0.79935644549336
