# %ECSV 0.9
# ---
# datatype:
# - name: sexcat_id
#   datatype: int32
# - name: x
#   datatype: int32
# - name: y
#   datatype: int32
# - name: sep
#   datatype: float64
# - name: weight
#   datatype: float64
# schema: astropy-2.0
sexcat_id x y sep weight
681 806 2555 6.537585028127723 0.17303318330801368
681 807 2555 6.366004869617979 0.20565145164471957
681 808 2555 6.349174592023744 0.21753492408604408
681 805 2556 5.9396984771956 0.18587756574188463
681 806 2556 5.5736898011999 0.2534609717881453
681 807 2556 5.371407450566364 0.31276196173484383
681 808 2556 5.351450083855768 0.33334476423755877
681 809 2556 5.515797131874954 0.3015590645566251
681 804 2557 5.640923505951813 0.16975020497215582
681 805 2557 5.060238927165371 0.25957541247666494
681 806 2557 4.625150592142899 0.3787210604908687
681 807 2557 4.379271400587074 0.49394856668302345
681 808 2557 4.354769569104653 0.5322375020787686
681 809 2557 4.555218765328399 0.4602052105660475
681 804 2558 4.9138597863593665 0.21924895726940732
681 805 2558 4.234621352612271 0.36006459707500227
681 806 2558 3.703784280975315 0.5757365299113639
681 807 2558 3.391757361604732 0.8192064030562097
681 808 2558 3.3600622018051913 0.8980887880689279
681 809 2558 3.6160777093419894 0.7186591525168537
681 810 2558 4.106338758553666 0.4724306822036664
681 803 2559 5.165851139938092 0.1602153593195191
681 804 2559 4.297908561149217 0.2743497921067961
681 805 2559 3.5011452412031976 0.48739781431956386
681 806 2559 2.8361978069238853 0.8795888247967686
681 807 2559 2.414543020946182 1.4498824788706
681 808 2559 2.3698139167453576 1.6401586328589826
681 809 2559 2.7206649922399544 1.133158081009181
681 810 2559 3.344849473444222 0.6396190527114385
681 803 2560 4.797084322794389 0.18277877727223105
681 804 2560 3.84681920552549 0.32655184667744686
681 805 2560 2.929849484188534 0.624512253715702
681 806 2560 2.0904588013160836 1.2986522011290333
681 807 2560 1.4683385168277565 2.7818823118437472
681 808 2560 1.3935630592118873 3.378948264033579
681 809 2560 1.9308076030511305 1.71218711629501
681 810 2560 2.7411709176919468 0.8011471309137715
681 803 2561 4.619309255722086 0.1979025290842197
681 804 2561 3.6227086551363445 0.3624217478402789
681 805 2561 2.6286913093780795 0.7260103364421159
681 806 2561 1.6419555414200162 1.6835342006121872
681 807 2561 0.6942751615893783 5.268362364973103
681 808 2561 0.5177045489466126 7.637004865600979
681 809 2561 1.4331845659230613 2.152635956718934
681 810 2561 2.4166129189425707 0.8801971096621976
681 803 2562 4.654462160121161 0.20185751503205657
681 804 2562 3.667426618216076 0.36943026140883617
681 805 2562 2.6899847583211067 0.7376252401564191
681 806 2562 1.738395236992992 1.6861050724749596
681 807 2562 0.8988982144825849 4.750177131917865
681 808 2562 0.7707256321156299 5.555511287575652
681 809 2562 1.542730695876664 1.9307999481456006
681 810 2562 2.4831467938887855 0.8231111264771266
681 804 2563 3.971903573854711 0.34480198528325223
681 805 2563 3.092251283450277 0.6519657057308582
681 806 2563 2.312578214893486 1.3033529918187043
681 807 2563 1.770315791038424 2.4285824993066085
681 808 2563 1.7088060159070306 2.4705623694078573
681 809 2563 2.169335843063521 1.3405792028098267
681 810 2563 2.914106724195285 0.6697210364717169
681 804 2564 4.483527405960607 0.29781376805562493
681 805 2564 3.72666311866258 0.5178158367434418
681 806 2564 3.110308344842994 0.883426713580168
681 807 2564 2.7313033518816656 1.2863627504062591
681 808 2564 2.691842863170152 1.2676689889741786
681 809 2564 3.005331595681272 0.8556687494502394
681 804 2565 5.140818806377042 0.24256984190874895
681 805 2565 4.496000222419915 0.3859764434721566
681 806 2565 4.0000022499993655 0.5782973125785067
681 807 2565 3.71295273333772 0.7373872610090839
681 808 2565 3.6840219869050865 0.7196464771202825
681 806 2566 4.932141319954245 0.3803515675593245
492 1717 2239 10.471012224231272 0.05057854096026923
492 1718 2239 10.852653915056935 0.0517572934941444
492 1713 2240 8.85449586368422 0.053002183070198716
492 1714 2240 8.862285089072731 0.05931671889282412
492 1715 2240 8.982098696852578 0.06499335469217835
492 1716 2240 9.20956551635313 0.06951491451213754
492 1717 2240 9.536985739739816 0.07240155679633337
492 1718 2240 9.954501343613378 0.0733148143747422
492 1719 2240 10.451320347209746 0.07214232853757317
492 1720 2240 11.016718976174365 0.06902788717830043
492 1721 2240 11.640708612451403 0.06433315049699204
492 1710 2241 8.56154758206722 0.048411803763263705
492 1711 2241 8.212070201843199 0.05743250157984812
492 1712 2241 7.973462046062608 0.06724023812844189
492 1713 2241 7.855832037410222 0.0773907121210559
492 1714 2241 7.864610416288956 0.08719638040673107
492 1715 2241 7.9993810385554625 0.09576104309196848
492 1716 2241 8.253974618327863 0.10210699860877184
492 1717 2241 8.617777961864677 0.10538858994292749
492 1718 2241 9.07767024076114 0.10512711548444478
492 1719 2241 9.619880300710625 0.1013617639156026
492 1720 2241 10.231329190286093 0.0946368007901026
492 1721 2241 10.900371415690394 0.08583208336355208
492 1722 2241 11.617060600685534 0.0759251161771677
492 1723 2241 12.373119937994622 0.06578742536768267
492 1709 2242 8.15316484562903 0.056803152447256304
492 1710 2242 7.655853773420765 0.06925029144623716
492 1711 2242 7.262926200919358 0.08355742431351558
492 1712 2242 6.992002359839477 0.09935049884962609
492 1713 2242 6.857557655608937 0.11579907669129007
492 1714 2242 6.867612176004164 0.1315328467517539
492 1715 2242 7.021545200310297 0.14472400043122668
492 1716 2242 7.310273387500668 0.15342845676344688
492 1717 2242 7.718684926851232 0.15614942956900885
492 1718 2242 8.228979098284327 0.15238330344966378
492 1719 2242 8.82349686915569 0.1428225825754975
492 1720 2242 9.4864164466884 0.1290792355772026
492 1721 2242 10.204415563862543 0.11311284947930986
492 1722 2242 10.96668122086167 0.09669227674795108
492 1723 2242 11.764612063302382 0.08109924749105511
492 1724 2242 12.591429505818624 0.0670810936731117
492 1707 2243 8.689654596127577 0.05134746833879412
492 1708 2243 7.977975745764149 0.06454057822342064
492 1709 2243 7.33390053109537 0.08088833318468584
492 1710 2243 6.7767320295258004 0.10076474711982919
492 1711 2243 6.329462615420111 0.12422547029961319
492 1712 2243 6.016651643563944 0.15068564646190322
492 1713 2243 5.859871756275954 0.17852657907047836
492 1714 2243 5.871634951186982 0.20482091366178137
492 1715 2243 6.0509583538478 0.22554288393623523
492 1716 2243 6.383736915005222 0.23659580667505442
492 1717 2243 6.8476344090496175 0.2354460951046459
492 1718 2243 7.418092544583158 0.22236883034735508
492 1719 2243 8.072552074777848 0.2003047180912985
492 1720 2243 8.792274847842284 0.17345102297739676
492 1721 2243 9.56253611757885 0.14568354301244799
492 1722 2243 10.372082577766141 0.11968616378729716
492 1723 2243 11.21240817130735 0.09686066480552952
492 1724 2243 12.07708975705653 0.07764615032337636
492 1704 2244 10.602268483678445 0.033648444387990153
492 1705 2244 9.723481732383785 0.04291098939427812
492 1706 2244 8.870405684071113 0.05493820658007431
492 1707 2244 8.051217112958824 0.07055267981050652
492 1708 2244 7.277368823963846 0.09075451604404508
492 1709 2244 6.564914089308469 0.116666679371558
492 1710 2244 5.93600008423187 0.14934898407085478
492 1711 2244 5.419787541961464 0.18936160201585134
492 1712 2244 5.050950108642987 0.23594170173653345
492 1713 2244 4.863136539312928 0.285802712879136
492 1714 2244 4.877304275929527 0.33210620101554555
492 1715 2244 5.091767571286063 0.3650416755537162
492 1716 2244 5.483073681795667 0.3754274118319309
492 1717 2244 6.0168178466694675 0.3599698054817845
492 1718 2244 6.658836009393844 0.3235005709250175
492 1719 2244 7.3809279226937345 0.27575407800834134
492 1720 2244 8.161868474804036 0.2261263868841269
492 1721 2244 8.986328338092253 0.1807071210348523
492 1722 2244 9.843378332666067 0.14217026676261343
492 1723 2244 10.725208482822127 0.11092423729745249
492 1724 2244 11.62618153135412 0.08625585788293147
492 1703 2245 11.116748490453547 0.0337252592492941
492 1704 2245 10.184306407409448 0.04349891238905098
492 1705 2245 9.265964439819584 0.05647882612865191
492 1706 2245 8.36636701322629 0.07381530585449393
492 1707 2245 7.492269148929509 0.09707023131586165
492 1708 2245 6.653728052753646 0.1283159180923381
492 1709 2245 5.866012018398935 0.17016834801848799
492 1710 2245 5.1524845463136195 0.22558394067769658
492 1711 2245 4.548197115341483 0.2970340731522465
492 1712 2245 4.101718786070116 0.38437222732207776
492 1713 2245 3.8680869948852528 0.4807865688369523
492 1714 2245 3.885884326636647 0.5682715255557248
492 1715 2245 4.151878731369724 0.6193512393333845
492 1716 2245 4.623429138637272 0.6125910186139691
492 1717 2245 5.245388164854924 0.5510654484477571
492 1718 2245 5.970937698552885 0.45943856144917516
492 1719 2245 6.7668380355968285 0.36392024963922653
492 1720 2245 7.611050978675669 0.27981651812002745
492 1721 2245 8.489175283854125 0.2120349540619132
492 1722 2245 9.39170362607337 0.15986518049866502
492 1723 2245 10.312230457083453 0.1206039331422298
492 1724 2245 11.246337048123694 0.09132931669311971
492 1703 2246 10.811757350218379 0.042497103064431226
492 1704 2246 9.850487145314238 0.05570432492806551
492 1705 2246 8.897757976029746 0.07370102151962214
492 1706 2246 7.956638549035697 0.09848370505125745
492 1707 2246 7.031791876897438 0.1329668124462185
492 1708 2246 6.13058700288975 0.18139378207402573
492 1709 2246 5.265177774776522 0.24982871818311064
492 1710 2246 4.456466874105603 0.34646717107128555
492 1711 2246 3.741403079060112 0.4807683078316924
492 1712 2246 3.1837237631428397 0.6584849751179946
492 1713 2246 2.8764730139530816 0.8668052558095889
492 1714 2246 2.900361529189119 1.049627574885446
492 1715 2246 3.2480912856630377 1.1127823281139615
492 1716 2246 3.8325053163694482 1.0130559650576811
492 1717 2246 4.56356187642942 0.8161332854849177
492 1718 2246 5.381830264882006 0.612063425222425
492 1719 2246 6.253166957630337 0.4446652568963846
492 1720 2246 7.158218842701008 0.32021034689915545
492 1721 2246 8.08567232826063 0.23118752861140263
492 1722 2246 9.028626528990975 0.16821807033415778
492 1723 2246 9.982689867966425 0.1236114930723191
492 1703 2247 10.592737936907579 0.052749522481140836
492 1704 2247 9.60958360180091 0.0702326655480656
492 1705 2247 8.630301095558652 0.0946692169913311
492 1706 2247 7.656376231612497 0.1293807650218985
492 1707 2247 6.690149250951036 0.1795777753748752
492 1708 2247 5.73551192135459 0.2535997125856535
492 1709 2247 4.799385064776585 0.36500700258641877
492 1710 2247 3.8951376098926804 0.5358747743641503
492 1711 2247 3.0512451556701214 0.8005375880775554
492 1712 2247 2.3341158925812366 1.2016745009449408
492 1713 2247 1.89369928975015 1.7383079693611785
492 1714 2247 1.9297919576991045 2.185143313984634
492 1715 2247 2.4211767799977064 2.104646578501553
492 1716 2247 3.162292997177836 1.592512705789751
492 1717 2247 4.017225037261405 1.0828690995814283
492 1718 2247 4.927077937276802 0.7206165966226054
492 1719 2247 5.86635295562752 0.4842634281589645
492 1720 2247 6.822909716535875 0.3315380797270895
492 1721 2247 7.790384907050458 0.23151433332663007
492 1722 2247 8.76516383189724 0.16470367759792373
492 1723 2247 9.745055002410167 0.11916125698059422
492 1702 2248 11.462115729654844 0.04809918226879523
492 1703 2248 10.465089440611624 0.06407364346136836
492 1704 2248 9.468690352947489 0.08648626583199384
492 1705 2248 8.473139736839041 0.11852003277408708
492 1706 2248 7.4787764373593015 0.16530686687207902
492 1707 2248 6.4861465447521764 0.2354176060374876
492 1708 2248 5.49618931624453 0.34378279230768677
492 1709 2248 4.51066480687719 0.5177718473678912
492 1710 2248 3.5332841663246337 0.8107384032935036
492 1711 2248 2.5733435448848025 1.3342369056432826
492 1712 2248 1.6613539658965517 2.3334561108770395
492 1713 2248 0.9476797982441751 4.22305124072245
492 1714 2248 1.017888500770119 5.590927500826496
492 1715 2248 1.781599562191224 3.5971238377849097
492 1716 2248 2.7040889408449345 1.9851397549585394
492 1717 2248 3.6674373886952454 1.1550995943697808
492 1718 2248 4.646299280072229 0.7125466698378383
492 1719 2248 5.632592387169486 0.4604507724582663
492 1720 2248 6.622997584175882 0.3085723190972793
492 1721 2248 7.615910779414336 0.21289197945016058
492 1722 2248 8.610464389334608 0.15041429824202954
492 1703 2249 10.432166457644396 0.07557159867574378
492 1704 2249 9.432290124884876 0.10300349791672238
492 1705 2249 8.432443121658197 0.14280428885770635
492 1706 2249 7.432637284302294 0.2020219271999509
492 1707 2249 6.4328918069559125 0.29287375322629783
492 1708 2249 5.433240009423513 0.43773159688845054
492 1709 2249 4.433745256552336 0.6806029275899087
492 1710 2249 3.4345446568650493 1.1170112499720966
492 1711 2249 2.4360002052545435 1.986940477536033
492 1712 2249 1.4394780303985533 4.06230186919151
492 1713 2249 0.4583633929536898 11.557598792486441
492 1714 2249 0.5899974576215888 7.9720874473013446
492 1715 2249 1.5767361859232694 3.2170342318673972
492 1716 2249 2.5737321150422354 1.656502898429274
492 1717 2249 3.5724077314886244 0.9575844804941727
492 1718 2249 4.571662389109635 0.5941108026031195
492 1719 2249 5.571184523958935 0.3870763997763616
492 1720 2249 6.570852075644335 0.2615404042368401
492 1721 2249 7.570607439300982 0.1818209735433324
492 1702 2250 11.489303590731721 0.0636790602156428
492 1703 2250 10.49486050407535 0.0858211874972462
492 1704 2250 9.501583920589274 0.11737195223806342
492 1705 2250 8.509882314109905 0.16326378569452085
492 1706 2250 7.520378780354117 0.23163818733825822
492 1707 2250 6.534072007561624 0.33643446406413346
492 1708 2250 5.552665756193174 0.5025233632969536
492 1709 2250 4.579311847865379 0.7762172748412198
492 1710 2250 3.620510599349235 1.2462373880837818
492 1711 2250 2.6918575370921984 2.0713372569122517
492 1712 2250 1.8395915307480617 3.3514134113404412
492 1713 2250 1.2337329532763226 4.0238292637591515
492 1714 2250 1.2884475154230524 2.91688939540037
492 1715 2250 1.948870698635432 1.7600590093103932
492 1716 2250 2.8171079141558772 1.0684250235696189
492 1717 2250 3.751545948005915 0.6738800439114842
492 1718 2250 4.712971143556845 0.44119927700021294
492 1719 2250 5.687714567381123 0.298171906701323
492 1720 2250 6.66993980482578 0.2069114758086815
492 1702 2251 11.632544734493854 0.0692969599413059
492 1703 2251 10.65148332393196 0.0930989997021507
492 1704 2251 9.674300853291701 0.12668703124624733
492 1705 2251 8.702304120174176 0.1748300794573414
492 1706 2251 7.737447705800691 0.24495490353514787
492 1707 2251 6.7827794450358105 0.34864920671525945
492 1708 2251 5.84329504646139 0.5035495355588394
492 1709 2251 4.927686779818715 0.7338465599667061
492 1710 2251 4.05217188677875 1.060774456634189
492 1711 2251 3.2493225447775993 1.4558900432365927
492 1712 2251 2.5876817810542114 1.7432884083733955
492 1713 2251 2.198657999780733 1.6769588321319062
492 1714 2251 2.22981994788811 1.3227535622882907
492 1715 2251 2.6664765140536404 0.9402428005713184
492 1716 2251 3.3538182717612437 0.646652298028031
492 1717 2251 4.169663895327715 0.44455981735837125
492 1718 2251 5.052137864310456 0.3092207693990396
492 1719 2251 5.971775029252135 0.21840026851648395
492 1720 2251 6.9137614219756856 0.15668787622092034
492 1701 2252 12.825369273436172 0.05474744606513571
492 1702 2252 11.85867180589802 0.07214307951204721
492 1703 2252 10.897985914837681 0.0959112888151596
492 1704 2252 9.945053896284344 0.12864884222214457
492 1705 2252 9.002338418433311 0.17401207161023716
492 1706 2252 8.073419164146022 0.23697064929251432
492 1707 2252 7.163665053588156 0.3237041557358534
492 1708 2252 6.28140883878769 0.4401809872212471
492 1709 2252 5.440045679955274 0.5872060326859562
492 1710 2252 4.6617697283327875 0.7490913603343348
492 1711 2252 3.983729031949823 0.8804839238671096
492 1712 2252 3.465270119341318 0.9189473320791649
492 1713 2252 3.1852938639942963 0.8415051288437169
492 1714 2252 3.2068827543269545 0.6922127604390245
492 1715 2252 3.5244995389416003 0.5321103638101563
492 1716 2252 4.069409908082433 0.3952805136172079
492 1717 2252 4.764251987458199 0.2898613344873674
492 1718 2252 5.553025931868076 0.212296376572068
492 1719 2252 6.401101233381584 0.1562230221123925
492 1701 2253 13.10732989590178 0.05512973054963398
492 1702 2253 12.163062813288455 0.071666439311109
492 1703 2253 11.22845033831474 0.09361950990734796
492 1704 2253 10.306119395776488 0.12273032051669065
492 1705 2253 9.399686005394024 0.16107181474400215
492 1706 2253 8.514229090176055 0.2107495219580488
492 1707 2253 7.6570292542212535 0.27303926162318604
492 1708 2253 6.838720421248409 0.3465282950934999
492 1709 2253 6.075038847612411 0.4241730193500124
492 1710 2253 5.3892575555450914 0.490965767478945
492 1711 2253 4.814779018812781 0.5269015396372579
492 1712 2253 4.395463229285361 0.518274120250525
492 1713 2253 4.1782887645541695 0.46856838519576904
492 1714 2253 4.194770196327748 0.3954888225204874
492 1715 2253 4.4423076210455585 0.31808325112839325
492 1716 2253 4.885908001589814 0.24832254630129752
492 1717 2253 5.47814722328629 0.19077221029892746
492 1700 2254 14.386663859283033 0.04182447399526339
492 1701 2254 13.457863760641972 0.05326212892027484
492 1702 2254 12.540019816571279 0.06796207246393685
492 1703 2254 11.63572503112721 0.0867466205065435
492 1704 2254 10.748399741356861 0.11047617359120261
492 1705 2254 9.882615898637372 0.13984839886523198
492 1706 2254 9.044561736203699 0.1749891804305057
492 1707 2254 8.242699618450256 0.2147701085014437
492 1708 2254 7.48866456719754 0.2559544161816759
492 1709 2254 6.79838929453145 0.2926983223639478
492 1710 2254 6.1932299327572 0.317420070201594
492 1711 2254 5.700359374635925 0.3236701317174709
492 1712 2254 5.350896840717413 0.3096393016828183
492 1713 2254 5.173982701942432 0.27928741196090123
492 1714 2254 5.187301514274973 0.23995169044871067
492 1715 2254 5.389443106666898 0.198766030953304
492 1716 2254 5.760563948086964 0.16055440988910552
492 1700 2255 14.774576034526353 0.03956478852536118
492 1701 2255 13.87177339059431 0.049463150563898474
492 1702 2255 12.983223675189468 0.06173075934567132
492 1703 2255 12.112064109803919 0.07672460613725758
492 1704 2255 11.262330886632666 0.09465860405044424
492 1705 2255 10.439257492753018 0.11541845866909103
492 1706 2255 9.64966823263888 0.13830112878515072
492 1707 2255 8.902477014853782 0.16173919389286895
492 1708 2255 8.209268968671925 0.1831797288970007
492 1709 2255 7.584859721840591 0.1993797541729798
492 1710 2255 7.047559648559184 0.20727913575141346
492 1711 2255 6.618617453819156 0.20518798791968865
492 1712 2255 6.320134254903094 0.1935664898826722
492 1713 2255 6.1710693562784895 0.17480449626222677
492 1714 2255 6.182240451486769 0.15217583715725133
492 1715 2255 6.352802295050528 0.12871239942775597
492 1701 2256 14.343573369282854 0.044321946722839164
492 1702 2256 13.486144630694133 0.054001994404354735
492 1703 2256 12.64966786125233 0.06528214805747175
492 1704 2256 11.838585092822537 0.07803179755905772
492 1705 2256 11.058485294107866 0.09183446709397013
492 1706 2256 10.316399420340407 0.10589019200900948
492 1707 2256 9.62112763661307 0.11898366229391685
492 1708 2256 8.983545903483753 0.12959644721950347
492 1709 2256 8.416774738580072 0.13621108190953576
492 1710 2256 7.936000063004004 0.13774746844042138
492 1711 2256 7.55765155322733 0.13393968691669889
431 1150 1846 8.436657454229175 0.4151626633739377
431 1151 1846 8.383149109970587 0.42236828572324925
431 1147 1847 8.373242442447305 0.4015334429674744
431 1148 1847 7.950546459206489 0.4605347109134662
431 1149 1847 7.636176333741957 0.5117965140222688
431 1150 1847 7.443869222387014 0.5467692480305587
431 1151 1847 7.3831693059282175 0.5582858151672686
431 1152 1847 7.45729099606556 0.5437372402791916
431 1153 1847 7.6623226896288035 0.5063985571863855
431 1146 1848 8.077449411788411 0.42045274001092564
431 1147 1848 7.5063432508779435 0.5061379725939057
431 1148 1848 7.031727312687883 0.5951420734595005
431 1149 1848 6.674218231373669 0.6760462030559395
431 1150 1848 6.453308376329197 0.7332952737674925
431 1151 1848 6.3831958296765805 0.7525651049381891
431 1152 1848 6.46878574386263 0.7283748113177699
431 1153 1848 6.704117316992618 0.6675505118126497
431 1154 1848 7.074262435052874 0.5849552580395089
431 1145 1849 8.023664312519621 0.4102450676677454
431 1146 1849 7.312946670118746 0.5145945753366029
431 1147 1849 6.6767648603197625 0.6383765025842824
431 1148 1849 6.138337641414057 0.7749430648644835
431 1149 1849 5.725311257914332 0.9069370418514231
431 1150 1849 5.466185964637546 1.005365097920004
431 1151 1849 5.383232207512546 1.0395683175607564
431 1152 1849 5.484449744504941 0.9969260334646012
431 1153 1849 5.760137932376292 0.8930128372736961
431 1154 1849 6.187017779188948 0.7592218955266049
431 1155 1849 6.736407722221098 0.6234679306563169
431 1144 1850 8.216640980352068 0.37420974689994013
431 1145 1850 7.3900736802822795 0.48273898938011284
431 1146 1850 6.6115950420455105 0.6236072202258238
431 1147 1850 5.900270248048025 0.8016182032617614
431 1148 1850 5.283293385758603 1.0136043816375786
431 1149 1850 4.79720637454764 1.236615396943146
431 1150 1850 4.484773015437952 1.4165266640875132
431 1151 1850 4.3832851835125135 1.4822405505832372
431 1152 1850 4.5070155313688725 1.400963579495951
431 1153 1850 4.838717702036372 1.212703960417294
431 1154 1850 5.3397742461643505 0.9888493894319248
431 1155 1850 5.9676786944338716 0.7799924093381047
431 1156 1850 6.686792130760449 0.6061774317885197
431 1144 1851 7.729630586257075 0.42190838162456723
431 1145 1851 6.844500639199386 0.5572629484778295
431 1146 1851 5.9955974681428295 0.7424134956180489
431 1147 1851 5.200691204061304 0.9935261548404447
431 1148 1851 4.488562019177247 1.3220536921527084
431 1149 1851 3.904764909696925 1.7107844976557274
431 1150 1851 3.513856713071884 2.065773029438339
431 1151 1851 3.383369474355447 2.2070402251431602
431 1152 1851 3.5422011518263843 2.0340966019695217
431 1153 1851 3.955652790627619 1.6676334685054777
431 1154 1851 4.554908231786891 1.282726230420206
431 1155 1851 5.277043585190469 0.962613795658701
431 1156 1851 6.078419942715359 0.7194169130009251
431 1144 1852 7.347189190431999 0.4642159966804105
431 1145 1852 6.409460897766732 0.6262582505686664
431 1146 1852 5.493740893052805 0.8591404865235178
431 1147 1852 4.613153910287466 1.1985769028122597
431 1148 1852 3.7922538153452297 1.6930016729026138
431 1149 1852 3.0791539422380882 2.378074662369271
431 1150 1852 2.5653828174368574 3.145030776573809
431 1151 1852 2.3835244911685254 3.5057109602333454
431 1152 1852 2.6040716195988325 3.0710622663070932
431 1153 1852 3.143435859056137 2.297217087771829
431 1154 1852 3.870554094700125 1.6317362521246364
431 1155 1852 4.699062566086965 1.156161756959596
431 1156 1852 5.584011909013064 0.8301420051224034
431 1144 1853 7.086267635363537 0.4957784950035264
431 1145 1853 6.108615964357282 0.6796259924099224
431 1146 1853 5.13957089648548 0.954342358521457
431 1147 1853 4.185115171653041 1.3799971927213728
431 1148 1853 3.2580959163291023 2.067150362371717
431 1149 1853 2.3906461469653517 3.213056779044061
431 1150 1853 1.677852496496695 4.999757082055594
431 1151 1853 1.3839035371007984 6.232259931080353
431 1152 1853 1.7364299582764662 4.794171040828479
431 1153 1853 2.472890818455178 3.065521511396893
431 1154 1853 3.348908628195136 1.9789563153541243
431 1155 1853 4.2796248667377075 1.3262739008300823
431 1156 1853 5.235951584955656 0.9202327295090436
431 1144 1854 6.960545165430698 0.5117397951880058
431 1145 1854 5.962314064186872 0.707283592083531
431 1146 1854 4.9647949605195665 1.0055456081147378
431 1147 1854 3.9685247888857123 1.4836758142761417
431 1148 1854 2.9747586456719977 2.305737598407368
431 1149 1854 1.9872566517690176 3.87990937239004
431 1150 1854 1.0242992726738196 7.516823442689879
431 1151 1854 0.3862499190938747 14.847957365715008
431 1152 1854 1.1176712396764683 6.9644451145701
431 1153 1854 2.085470930029916 3.663204290951284
431 1154 1854 3.073953317797743 2.198766940263319
431 1155 1854 4.068069443851673 1.4236227952742535
431 1156 1854 5.064502838383998 0.9689911889208448
431 1144 1855 6.977333946429724 0.5093488544037722
431 1145 1855 5.981905131310635 0.7031696476350964
431 1146 1855 4.988305223219646 0.9979539968708826
431 1147 1855 3.997898072737762 1.4682365009623572
431 1148 1855 3.0138329416210548 2.2694210586551273
431 1149 1855 2.045284576776574 3.7708809241570562
431 1150 1855 1.1327793253763239 6.983929116675978
431 1151 1855 0.6190226167111734 11.469142809119617
431 1152 1855 1.2178624717101094 6.537297654449274
431 1153 1855 2.1408383871744654 3.572099436167605
431 1154 1855 3.1117822867288893 2.168263897215508
431 1155 1855 4.09672906109247 1.4107674942362005
431 1156 1855 5.087552358452883 0.9627647718534973
431 1144 1856 7.1356281433382245 0.4890307133693811
431 1145 1856 6.16580805734337 0.6682231251088532
431 1146 1856 5.20741673001118 0.9338864949265289
431 1147 1856 4.268159907969737 1.340353390753735
431 1148 1856 3.364103000801275 1.9821750128327442
431 1149 1856 2.533217124527634 3.0072387157571034
431 1150 1856 1.8754170202917437 4.468885810858924
431 1151 1856 1.6177728517934375 5.367083799121567
431 1152 1856 1.928001296680005 4.3219096726443755
431 1153 1856 2.6109747222061896 2.8879775996537815
431 1154 1856 3.4521281841785076 1.9066760993952956
431 1155 1856 4.36087021132245 1.2930607610805525
431 1156 1856 5.302564379618546 0.9033971620871802
431 1145 1857 6.500091460895019 0.6098962236432415
431 1146 1857 5.599213248305538 0.8311883029716869
431 1147 1857 4.738268565626073 1.1484704595150124
431 1148 1857 3.9434995879294914 1.5989908382077496
431 1149 1857 3.263615939414437 2.198908886844334
431 1150 1857 2.784095723929026 2.8347457866278747
431 1151 1857 2.617477602578443 3.12241526956599
431 1152 1857 2.819785275512961 2.782389900799455
431 1153 1857 3.3243328654031643 2.1378458654250085
431 1154 1857 4.018854189940153 1.5504063086353035
431 1155 1857 4.821948672476661 1.1137767419851974
431 1156 1857 5.6878105629494495 0.8070013299951515
431 1145 1858 6.963130689567751 0.5386258555019163
431 1146 1858 6.13067606386116 0.7123947707857557
431 1147 1858 5.355855580577214 0.9441533074239732
431 1148 1858 4.667460658645126 1.240492006890647
431 1149 1858 4.109159159730845 1.5809467848200516
431 1150 1858 3.7396776599059725 1.8823944199824683
431 1151 1858 3.617345573759814 2.0012868170865787
431 1152 1858 3.766323007921603 1.8602980065750923
431 1153 1858 4.157546031013912 1.549789246155287
431 1154 1858 4.731298870289156 1.2111026983519722
431 1155 1858 5.43002661135278 0.9204233143155581
431 1146 1859 6.768987295009505 0.5952216590672887
431 1147 1859 6.07611627604344 0.7585260924154273
431 1148 1859 5.478977003054486 0.949447740318022
431 1149 1859 5.011904727745713 1.1462523394608923
431 1150 1859 4.713723475130858 1.3023385522597515
431 1151 1859 4.617270730637271 1.359676843227736
431 1152 1859 4.734890600636888 1.29175090803433
431 1153 1859 5.051652105994578 1.1296582697668163
431 1154 1859 5.5334608519442305 0.9318632038770275
431 1146 1860 7.486867769635044 0.4896516878487191
431 1147 1860 6.8668179675887675 0.6030201794338407
431 1148 1860 6.3445400936553185 0.7263513986943324
431 1149 1860 5.945854774546697 0.843938413057014
431 1150 1860 5.696770049773789 0.9308485608785312
431 1151 1860 5.617222534313517 0.9614973092167038
431 1152 1860 5.714296894631874 0.9252909224442294
431 1148 1861 7.244804276169217 0.5587517479381
431 1149 1861 6.898346830944329 0.631498249366375
431 1150 1861 6.6848477170388545 0.682782039314525
337 561 1602 6.544700451510332 0.2307912671885081
337 562 1602 6.583092282506714 0.2685051983741539
337 563 1602 6.77060588130777 0.2849834851488185
337 560 1603 5.678829456851096 0.2689063722440801
337 561 1603 5.545548124396688 0.3447179829375811
337 562 1603 5.590805308718908 0.40451854992034536
337 563 1603 5.810430620874793 0.42097791625291314
337 564 1603 6.185879403932745 0.38492566058420363
337 559 1604 5.066073824965432 0.283713946754513
337 560 1604 4.7084077988211455 0.4015002341723337
337 561 1604 4.546768522808225 0.5343240040808792
337 562 1604 4.601858754894548 0.632950280169172
337 563 1604 4.8663234582176615 0.6355999425096005
337 564 1604 5.308964494136254 0.540306892284843
337 558 1605 4.804279758715145 0.2684260005335214
337 559 1605 4.193459669533016 0.4106255638516747
337 560 1605 3.75354552390135 0.6186292792186867
337 561 1605 3.5486763729593274 0.8703554716065482
337 562 1605 3.6189921248877663 1.0403180954333984
337 563 1605 3.9498232871863492 0.9750983573606079
337 564 1605 4.48387154142483 0.7400961140366437
337 557 1606 4.94945491948358 0.23003898686493207
337 558 1606 4.123239503109191 0.3667197746368166
337 559 1606 3.391917451825741 0.5998122993628723
337 560 1606 2.830036042173303 0.9879307720330839
337 561 1606 2.5520783687026225 1.5224672191476891
337 562 1606 2.6489816911409076 1.824369181489825
337 563 1606 3.085628623149528 1.4815574831729617
337 564 1606 3.7450105473816167 0.9517052268883571
337 556 1607 5.469287339315826 0.18286698694961454
337 557 1607 4.518528964165251 0.2935043003872745
337 558 1607 3.594593718349849 0.4922235948823494
337 559 1607 2.7249044019928665 0.8711208124385451
337 560 1607 1.982196761171808 1.6305648109566084
337 561 1607 1.5598410175399002 2.986992461650153
337 562 1607 1.713798121133238 3.442789739344771
337 563 1607 2.3326174139793525 2.057387316426164
337 564 1607 3.1535858954529252 1.0864382994813
337 556 1608 5.275708862323665 0.2188229322003578
337 557 1608 4.2821844892531615 0.3615141651481924
337 558 1608 3.292583180422367 0.6338255740272326
337 559 1608 2.3119480963032397 1.2114881808081246
337 560 1608 1.3598176348319944 2.6631270922979198
337 561 1608 0.5942255464047168 7.3265282162243555
337 562 1608 0.9257991142790587 5.901746938203707
337 563 1608 1.8333313939383122 2.2391512100775417
337 564 1608 2.8044792743038234 1.0544750816513213
337 556 1609 5.268121486830057 0.2512612354275433
337 557 1609 4.272833252070625 0.4216362937190868
337 558 1609 3.2804121692251327 0.7559167353667047
337 559 1609 2.2945814433138447 1.4970468697469386
337 560 1609 1.330076689518372 3.5206924778994426
337 561 1609 0.5225935322983407 10.256073218202205
337 562 1609 0.881535024828828 4.492781881812682
337 563 1609 1.81138179299668 1.798325055278514
337 556 1610 5.44730245167281 0.2735991660903234
337 557 1610 4.491893142095046 0.45657421130707915
337 558 1610 3.561053776622927 0.8044925910831171
337 559 1610 2.6805044301400285 1.5088366284823311
337 560 1610 1.9207040375862763 2.8780692551283917
337 561 1610 1.48091323175942 3.7859949312104937
337 562 1610 1.6422862113529526 2.355075269902978
337 563 1610 2.28059290536473 1.2222966531850332
337 557 1611 4.908880116686553 0.4533320341838469
337 558 1611 4.074445238311651 0.7515405441124723
337 559 1611 3.332432144845622 1.2354558884130784
337 560 1611 2.7584604401731587 1.7913783138632582
337 561 1611 2.472469211132912 1.8351373989359705
337 562 1611 2.5723732233095777 1.3014756974734785
337 557 1612 5.478786727004498 0.4132101712922498
337 558 1612 4.745640525787911 0.6274104143772363
337 559 1612 4.126148809725658 0.8931004012172215
337 560 1612 3.6781930346299623 1.0813022374993542
337 561 1612 3.468876475171792 1.0199584713942693
337 559 1613 4.99450738311603 0.6158263129644354
337 560 1613 4.631317739045815 0.6725380779794543
307 1067 1510 7.816604697693118 0.255957062496024
307 1068 1510 7.483268604025798 0.2865877842895465
307 1069 1510 7.273191115321961 0.3078504329226714
307 1070 1510 7.197173681383436 0.31541483415321203
307 1071 1510 7.25942897203344 0.3075766881914485
307 1065 1511 7.994079621820023 0.23733614232254285
307 1066 1511 7.403060785918096 0.2899501862005827
307 1067 1511 6.906902996278314 0.34526729727003574
307 1068 1511 6.527274239680637 0.39622573981379505
307 1069 1511 6.285324892159397 0.43306746889815256
307 1070 1511 6.197201707222271 0.44661522202286297
307 1071 1511 6.269394627872671 0.43302202268515233
307 1072 1511 6.4965613211912965 0.3961473172968493
307 1073 1511 6.863330751173143 0.345173480177663
307 1064 1512 7.97566981513141 0.23514816130759317
307 1065 1512 7.246468726214058 0.30107508836148505
307 1066 1512 6.588725901113088 0.38067625937951033
307 1067 1512 6.025886573774732 0.47001203088073956
307 1068 1512 5.586708243679695 0.5579595161056075
307 1069 1512 5.302009901914438 0.6253487918637568
307 1070 1512 5.197240517813164 0.6512507563590608
307 1071 1512 5.283115463436222 0.6260739412319433
307 1072 1512 5.550793546872287 0.559153255115982
307 1073 1512 5.975893991696901 0.4713525362972392
307 1074 1512 6.527733833421765 0.38193573169821093
307 1075 1512 7.1771379393181025 0.3021490696750662
307 1064 1513 7.363240387220732 0.2848418950705119
307 1065 1513 6.566377159438727 0.3773567714911369
307 1066 1513 5.832435940496793 0.49709439165676217
307 1067 1513 5.1881893758804525 0.6431558829376495
307 1068 1513 4.67090023443007 0.8008638531616172
307 1069 1513 4.326350540582556 0.9327344287303273
307 1070 1513 4.197297821217726 0.9868222610129221
307 1071 1513 4.303174293472106 0.9358454598731409
307 1072 1513 4.627883857660999 0.8056137231326477
307 1073 1513 5.130039863392812 0.6480166264932754
307 1074 1513 5.763445931038083 0.5012713473025491
307 1075 1513 6.48978497332535 0.38065644206055416
307 1063 1514 7.741014726765391 0.24769039410486432
307 1064 1514 6.8427559506385105 0.3368904473641488
307 1065 1514 5.97689794123999 0.4625866178211764
307 1066 1514 5.159777999100244 0.6384457222033608
307 1067 1514 4.418518869485454 0.8762730039693631
307 1068 1514 3.7978031807874277 1.1684199826115103
307 1069 1514 3.3650124814031814 1.448955175193645
307 1070 1514 3.197390967648355 1.5770689345397948
307 1071 1514 3.335162514780858 1.4597489126721315
307 1072 1514 3.7447708875176153 1.1828859694710496
307 1073 1514 4.350092987511825 0.8891472946718687
307 1074 1514 5.081663999124662 0.6482870313156958
307 1075 1514 5.8926487253186695 0.46969471662563295
307 1063 1515 7.384396319266652 0.276359816418616
307 1064 1515 6.436560339187303 0.38516152610298154
307 1065 1515 5.507205189567486 0.5470043138289931
307 1066 1515 4.607527428024617 0.7919644747226984
307 1067 1515 3.75889731171247 1.1644089007903886
307 1068 1515 3.0048808628628403 1.7083297461669589
307 1069 1515 2.4350172483987493 2.3647531466465175
307 1070 1515 2.197568884016951 2.733391533756493
307 1071 1515 2.3935975016697353 2.403499771017009
307 1072 1515 2.9375685523915336 1.748893532685255
307 1073 1515 3.6782209014685048 1.1937576765497429
307 1074 1515 4.5198793125480545 0.8114199622715514
307 1075 1515 5.415654069454581 0.5597832822872904
307 1063 1516 7.150895678165016 0.29692932607073946
307 1064 1516 6.167277276075658 0.42122646706612116
307 1065 1516 5.189923795201551 0.6138654434745325
307 1066 1516 4.223187066659416 0.9247970733439129
307 1067 1516 3.2764781397102984 1.4515267113912793
307 1068 1516 2.373880578293598 2.3877001678291903
307 1069 1516 1.5922653673303453 4.014873252863365
307 1070 1516 1.1980438222367868 5.492297624538801
307 1071 1516 1.5281717835373814 4.1738755621641985
307 1072 1516 2.288079762595682 2.4897321989172405
307 1073 1516 3.1836000062821967 1.5081059013144396
307 1074 1516 4.1273852497677135 0.9573525136839094
307 1075 1516 5.092672088403119 0.63357744019218
307 1063 1517 7.052751874268605 0.30559263445888013
307 1064 1517 6.05320650564636 0.43690715688791437
307 1065 1517 5.053841014515544 0.6442466184949251
307 1066 1517 4.054788403850389 0.9893415091260508
307 1067 1517 3.056355509426166 1.6079967398268575
307 1068 1517 2.0594438569671594 2.85261156594945
307 1069 1517 1.0683206447503768 5.951932820761718
307 1070 1517 0.20324615617509653 17.479916804313383
307 1071 1517 0.9702108018364064 6.48770485826966
307 1072 1517 1.9599257639002896 3.035579068415302
307 1073 1517 2.9565704794576138 1.692044649744729
307 1074 1517 3.954909480632941 1.0340308746395828
307 1075 1517 4.953918549996599 0.6702304455189869
307 1063 1518 7.095583767386552 0.30056653976228415
307 1064 1518 6.103057348575354 0.42811761050304686
307 1065 1518 5.113443947086906 0.62776466196761
307 1066 1518 4.128838698714181 0.9553244666508834
307 1067 1518 3.1539354780971505 1.52715990521213
307 1068 1518 2.2016605097062514 2.611076682057623
307 1069 1518 1.3218581618313223 4.841882867005173
307 1070 1518 0.8045551565928676 7.82977288582279
307 1071 1518 1.243908758711934 5.206682386308424
307 1072 1518 2.108864386346442 2.7889037910612635
307 1073 1518 3.057336913066737 1.6166284551509404
307 1074 1518 4.03079508285903 1.004652571772687
307 1075 1518 5.014709263756038 0.6569728053220598
307 1063 1519 7.276902431666908 0.28289879007033397
307 1064 1519 6.31294772669629 0.39718860016667085
307 1065 1519 5.362211204344709 0.5701949897825551
307 1066 1519 4.433205273839689 0.8393059538739608
307 1067 1519 3.543064916142537 1.2674275586606316
307 1068 1519 2.7300749073972703 1.9440987756500125
307 1069 1519 2.0864584826926955 2.878799197443839
307 1070 1519 1.8036931557225568 3.5104744235400647
307 1071 1519 2.0379668790244083 3.001012429396805
307 1072 1519 2.655806657119561 2.0537041759533596
307 1073 1519 3.4573557815186837 1.3391112763297146
307 1074 1519 4.342039728054173 0.8841216003097868
307 1064 1520 6.667781415133528 0.35151121931969664
307 1065 1520 5.775751812534898 0.4890997038917751
307 1066 1520 4.9253739959520075 0.6878175609060321
307 1067 1520 4.142379630116046 0.969507558664668
307 1068 1520 3.4726515805649774 1.3401955435042365
307 1069 1520 2.993210483744925 1.730988975538152
307 1070 1520 2.8034459152979245 1.9343710109012042
307 1071 1520 2.9596129814556345 1.7786915586202492
307 1072 1520 3.4145730333382533 1.3993536958888886
307 1073 1520 4.069313086996488 1.018479924399037
307 1074 1520 4.84348108285776 0.7232956693547337
307 1066 1521 5.555655586877257 0.5402972542585079
307 1067 1521 4.8749675896359115 0.7154492759258481
307 1068 1521 4.32033667669554 0.9154425731886429
307 1069 1521 3.945289469734857 1.0947453421831166
307 1070 1521 3.803328673675316 1.1777020322301703
307 1071 1521 3.919860839366741 1.1168189523943388
307 1072 1521 4.273793279979861 0.9477511037274208
307 1073 1521 4.813035320876121 0.7469611677645662
307 1067 1522 5.6895789826665375 0.5228402112943161
307 1068 1522 5.2221938876300715 0.6336561298256312
307 1069 1522 4.9164325480983635 0.7236213071333987
307 1070 1522 4.803260246957379 0.7628387504038426
307 1071 1522 4.896050346963474 0.7351398241649592
307 1072 1522 5.183754334456952 0.6521477246023435
307 1068 1523 6.154454403113334 0.4469071512324134
307 1069 1523 5.8972289255209684 0.49547833520396684
307 1070 1523 5.803215401826929 0.5159783107468406
307 1071 1523 5.880247358742775 0.5020224207752231
534 488 2145 6.726360234183186 0.4038385274385087
534 489 2145 6.321860643829542 0.4493604993272756
534 490 2145 6.057055555300846 0.47557684205384765
534 491 2145 5.950623664793533 0.47585815014162075
534 492 2145 6.010983446991084 0.4501286671458295
534 487 2146 6.451660406438079 0.4621191843729639
534 488 2146 5.860539394970462 0.5567133538304557
534 489 2146 5.391467518218089 0.6416203242008571
534 490 2146 5.07837789062617 0.6958923894617
534 491 2146 4.9509516256979005 0.701992090926359
534 492 2146 5.023337735012515 0.6577351315675254
534 493 2146 5.2873360021849045 0.57798669204875
534 494 2146 5.716460618249777 0.484010952216542
534 486 2147 6.481043280213506 0.4675810706926698
534 487 2147 5.720657479695898 0.6069817483443463
534 488 2147 5.044593343372745 0.7702667603814788
534 489 2147 4.4910936307318945 0.9348695738814278
534 490 2147 4.109978345441807 1.0548932186426623
534 491 2147 3.951445558273649 1.0797213130041654
534 492 2147 4.04177213608097 0.9969308608812171
534 493 2147 4.365537996627737 0.8453073322766154
534 494 2147 4.876466138506499 0.6772420071016209
534 485 2148 6.810574278282305 0.4171549663615659
534 486 2148 5.925025063238173 0.5683926994559173
534 487 2148 5.082117865614737 0.7774625803050639
534 488 2148 4.306962038374667 1.0547247167790923
534 489 2148 3.6430649184444204 1.382691492260361
534 490 2148 3.161316497916719 1.6715211457887689
534 491 2148 2.952274038770861 1.7615584119992502
534 492 2148 3.0721201148393256 1.5858054541784297
534 493 2148 3.487107970797631 1.26728694847483
534 494 2148 4.108761613917307 0.9513561996234495
534 495 2148 4.858386769288787 0.6978423868774701
534 485 2149 6.440956605970917 0.46583650846028285
534 486 2149 5.49617339610027 0.6575170375807424
534 487 2149 4.574923168753804 0.9468797897870236
534 488 2149 3.6948507412343914 1.3863972511837064
534 489 2149 2.8937729696713097 2.0273613568446285
534 490 2149 2.2574148931909463 2.7873327498644396
534 491 2149 1.953950357608983 3.15323678717821
534 492 2149 2.1307092715807694 2.6918213267749658
534 493 2149 2.694795354011178 1.9297532709649845
534 494 2149 3.4617801778853914 1.3166202407194567
534 495 2149 4.325034335123849 0.9007361926253981
534 485 2150 6.211917739313702 0.4915904882777334
534 486 2150 5.225889589342683 0.7102174598297312
534 487 2150 4.246401064430939 1.0616330350236012
534 488 2150 3.279317307001595 1.6576925837561274
534 489 2150 2.340068802407351 2.733878324842629
534 490 2150 1.4825390382718944 4.717111029578797
534 491 2150 0.9591256434900143 6.759100162341253
534 492 2150 1.2813750426788069 4.915278299210906
534 493 2150 2.0890002393489797 2.848792695415402
534 494 2150 3.014286316858449 1.7195841189888994
534 495 2150 3.9759177556886227 1.0970352539262975
534 485 2151 6.139211838664644 0.4870945926940952
534 486 2151 5.139253058567956 0.7074252890824004
534 487 2151 4.139314194404681 1.06763796520547
534 488 2151 3.1394142765809128 1.6997208044798862
534 489 2151 2.1396079080055848 2.9372249213951376
534 490 2151 1.1401412193232976 5.905686962767334
534 491 2151 0.14806079832283672 19.633385997309166
534 492 2151 0.8625091303864416 7.627992556025237
534 493 2151 1.8616986866837382 3.519642327395539
534 494 2151 2.8614545252371104 1.9702365143545846
534 495 2151 3.8613368151457492 1.2133056839927039
534 485 2152 6.228316144834009 0.45369078829078574
534 486 2152 5.245371483508099 0.6502375819960521
534 487 2152 4.27035384950708 0.9616421714588037
534 488 2152 3.3102752151444927 1.4792303912138043
534 489 2152 2.383258693469909 2.386909497333896
534 490 2152 1.5498135371714488 4.010483681546199
534 491 2152 1.060151875912059 6.023192491973922
534 492 2152 1.3586471212201634 5.114077304581244
534 493 2152 2.137269753681041 3.086983516135502
534 494 2152 3.0479373353138017 1.8672527615839516
534 495 2152 4.001489972497716 1.186226326861926
534 486 2153 5.533165640029207 0.5589928825655154
534 487 2153 4.6192988645464155 0.7948667824201789
534 488 2153 3.7496562509115123 1.149333493809235
534 489 2153 2.9634307820497106 1.6711784507438114
534 490 2153 2.346043904107453 2.351529941862713
534 491 2153 2.0557047453366737 2.904175866916985
534 492 2153 2.2243925013359713 2.7923952630804303
534 493 2153 2.7694624027055648 2.1473088561714277
534 494 2153 3.5202161865430455 1.5013701000048651
534 495 2153 4.37194716345013 1.0319326190286486
534 487 2154 5.141976468246394 0.6228574130705309
534 488 2154 4.37743326619603 0.8459186150506637
534 489 2154 3.7261135248405437 1.1289618340394298
534 490 2154 3.2566734561511694 1.4334581604218197
534 491 2154 3.05416469758911 1.6469090868286316
534 492 2154 3.170161194639724 1.637171411483639
534 493 2154 3.573782589917795 1.4112981023161961
534 494 2154 4.182573609633131 1.105463654556309
534 495 2154 4.920967587781848 0.8264466953397508
534 491 2155 4.053384018323386 1.0185550263236285
534 492 2155 4.141487896879505 1.0254978706005677
534 493 2155 4.4580177209158105 0.9360731182830458
534 494 2155 4.959427587937885 0.7895384146855766
506 1196 2217 9.007910412520989 0.19079365998685213
506 1193 2218 7.64738190493997 0.22604965147876555
506 1194 2218 7.655876827640541 0.24702267211204124
506 1195 2218 7.793744286285219 0.2596687594673197
506 1196 2218 8.054343548670097 0.26163502889136764
506 1197 2218 8.426295152675564 0.2525333618057227
506 1191 2219 7.067704719355685 0.23575108606508258
506 1192 2219 6.78840555653555 0.27834111606499834
506 1193 2219 6.649244317965978 0.31858762244964267
506 1194 2219 6.659012689581163 0.35023694242051195
506 1195 2219 6.817070485186658 0.36686932375498477
506 1196 2219 7.113539906404067 0.3645505433180643
506 1197 2219 7.532094662177533 0.34385286623684186
506 1190 2220 6.599428005517 0.2644889395053955
506 1191 2220 6.138603261329257 0.3274153698979597
506 1192 2220 5.814847375469308 0.39566557700609123
506 1193 2220 5.651765210976338 0.4609261193494749
506 1194 2220 5.663254364762589 0.5104576003731468
506 1195 2220 5.848286073714472 0.531119421081568
506 1196 2220 6.191320537656142 0.5164862274805669
506 1197 2220 6.668016946589357 0.4711673641016447
506 1198 2220 7.252065223093553 0.4076574837786554
506 1189 2221 6.415017536998752 0.2794335153725602
506 1190 2221 5.769094383003423 0.3617924463498843
506 1191 2221 5.235690021382259 0.46278800402433945
506 1192 2221 4.852056265131503 0.5773194568527433
506 1193 2221 4.655367869460155 0.6893885216795944
506 1194 2221 4.6693093707744495 0.7706190902519411
506 1195 2221 4.892080334581822 0.7914789174090466
506 1196 2221 5.297400305810606 0.7430810742828166
506 1197 2221 5.847431059875987 0.6452166959249486
506 1198 2221 6.505570689801358 0.5293321730464341
506 1187 2222 7.390700237460648 0.20724944556957065
506 1188 2222 6.538535768809481 0.2763075108025986
506 1189 2222 5.734322104660769 0.37071518451979973
506 1190 2222 5.001244845036205 0.49846751513353416
506 1191 2222 4.375208566457298 0.6659311717507891
506 1192 2222 3.907998208802229 0.8693156982927432
506 1193 2222 3.660935672748367 1.0775116588510738
506 1194 2222 3.6786478494144625 1.2193337702626
506 1195 2222 3.9575813320766713 1.219522312568871
506 1196 2222 4.448870643208439 1.077961814485782
506 1197 2222 5.091409431581983 0.8698244431288359
506 1198 2222 5.835447712044218 0.6663766825359855
506 1187 2223 6.95359259663668 0.25604555779579236
506 1188 2223 6.0400703638286 0.35100894442721525
506 1189 2223 5.158725617824684 0.4879958652243894
506 1190 2223 4.3292551322370425 0.6868609870822512
506 1191 2223 3.5878196721687234 0.9723006234293843
506 1192 2223 3.000408305547929 1.3586129244094274
506 1193 2223 2.6706647112659243 1.7921535235075072
506 1194 2223 2.694893318853496 2.0624360764155907
506 1195 2223 3.0647104267779235 1.9416193702468014
506 1196 2223 3.677288403158152 1.541033059354197
506 1197 2223 4.4331083902834525 1.1211498070083055
506 1198 2223 5.270905994229232 0.7936202164347959
506 1199 2223 6.157308665318133 0.5617968458814241
506 1186 2224 7.6126506553236695 0.22419583390551168
506 1187 2224 6.639461574555576 0.30947247514715076
506 1188 2224 5.675601289731347 0.4359338483474204
506 1189 2224 4.726780087966885 0.6287487533229876
506 1190 2224 3.804267340763572 0.9316963120487793
506 1191 2224 2.932993351509759 1.4203100469482648
506 1192 2224 2.1754194997748266 2.2048156064482107
506 1193 2224 1.6918776551514196 3.2825205336768057
506 1194 2224 1.7298699373076507 3.864304607282611
506 1195 2224 2.263283013677451 3.0951019047431463
506 1196 2224 3.0417840160012997 2.0454702697651976
506 1197 2224 3.9220466595900034 1.3191347576586487
506 1198 2224 4.8489638068355605 0.869376068192555
506 1199 2224 5.8002112030512585 0.5895292110487739
506 1185 2225 8.458868127592448 0.18775137226057406
506 1186 2225 7.462067407897054 0.2579500267949476
506 1187 2225 6.466254711964227 0.36197213251857274
506 1188 2225 5.471969480909016 0.5212916883651145
506 1189 2225 4.480228788800835 0.7757605764481256
506 1190 2225 3.4932005381884252 1.2053208598841363
506 1191 2225 2.516435971766421 1.9878797161755273
506 1192 2225 1.5692195512419924 3.575620015161044
506 1193 2225 0.7697077367418297 7.1053810430684505
506 1194 2225 0.8499705877266218 8.263095899806522
506 1195 2225 1.68891977310956 4.192727807377688
506 1196 2225 2.6424325913825233 2.2708823533176483
506 1197 2225 3.621111707749523 1.3522598767330865
506 1198 2225 4.608953243416641 0.8594112759798695
506 1185 2226 8.442893461367312 0.20671929231167405
506 1186 2226 7.443953922479573 0.2859639627807262
506 1187 2226 6.445343280229467 0.40472138301661886
506 1188 2226 5.447242421629429 0.5893055891740396
506 1189 2226 4.449994382018853 0.8901492777959331
506 1190 2226 3.4543378526136475 1.4134082673011334
506 1191 2226 2.4622042969663536 2.4151085027627945
506 1192 2226 1.4806924055993818 4.660501573565371
506 1193 2226 0.5678468103280965 11.02781552509902
506 1194 2226 0.6726440366195945 8.030274149435193
506 1195 2226 1.6070003111387412 3.648050956514479
506 1196 2226 2.590839632242822 1.987555528869808
506 1197 2226 3.5836364212905627 1.1973492686006735
506 1198 2226 4.579568756990153 0.7686503615969426
506 1185 2227 8.544732295396884 0.21934330613019584
506 1186 2227 7.55926253016778 0.303096872227259
506 1187 2227 6.578179839438771 0.42781210404728304
506 1188 2227 5.60378889680891 0.6193491586187553
506 1189 2227 4.640307101905964 0.9243556510361399
506 1190 2227 3.6962751520955566 1.429654237225468
506 1191 2227 2.7914960146844447 2.290591548615252
506 1192 2227 1.9805176091111252 3.657224096164902
506 1193 2227 1.432637427962622 4.726183686590282
506 1194 2227 1.4773117477362272 3.763830705128006
506 1195 2227 2.076643927109213 2.368607458592472
506 1196 2227 2.905589441060055 1.4755550820657075
506 1197 2227 3.81738785035 0.9515567090700386
506 1198 2227 4.764708805373095 0.6361015575851496
506 1186 2228 7.802079850911432 0.30560856241628653
506 1187 2228 6.855833282686961 0.424805933351483
506 1188 2228 5.9272632808066135 0.6003436113949795
506 1189 2228 5.026176479193551 0.8609686898727825
506 1190 2228 4.170425637749532 1.2420656609756986
506 1191 2228 3.3944734495940168 1.7537099439012518
506 1192 2228 2.766306201417119 2.2628845979554457
506 1193 2228 2.404672534878485 2.3988751582378542
506 1194 2228 2.4315530016841147 2.018497374324732
506 1195 2228 2.83592136703385 1.475383255859474
506 1196 2228 3.488903839316763 1.0278604205760096
506 1197 2228 4.278136276464245 0.7133552395854107
506 1198 2228 5.141249848042737 0.5009587013399496
506 1186 2229 8.161032410179347 0.29291150232244895
506 1187 2229 7.261711230832429 0.39658557983198456
506 1188 2229 6.3923743632548575 0.5394413970620716
506 1189 2229 5.567086311527606 0.7310700657213491
506 1190 2229 4.808580871733173 0.9702525070627033
506 1191 2229 4.153606866326935 1.2213907038108354
506 1192 2229 3.658203110817984 1.392178113385325
506 1193 2229 3.39300014736199 1.381658374575494
506 1194 2229 3.412103456813494 1.1970017114880684
506 1195 2229 3.711125166307208 0.9437835562929227
506 1196 2229 4.231128691023096 0.7087332632653909
506 1197 2229 4.902290281082804 0.5224441459619802
506 1187 2230 7.77576041297553 0.35079042665130167
506 1188 2230 6.97082850169171 0.45627765369896256
506 1189 2230 6.222736536283503 0.5828791468744008
506 1190 2230 5.554498177153155 0.7184045365469536
506 1191 2230 4.998244691889126 0.8338213552360334
506 1192 2230 4.594828614866711 0.8889603629086685
506 1193 2230 4.386621706962893 0.8590945912201786
506 1194 2230 4.401414545347683 0.7580778832201097
506 1195 2230 4.63707343051609 0.6248496013797208
506 1189 2231 6.960779410381941 0.4485062296627118
506 1190 2231 6.370435620897309 0.521874450107387
506 1191 2231 5.89172725098484 0.5739649556517258
506 1192 2231 5.553597932871761 0.5892998267775272
506 1193 2231 5.3826062460482476 0.5626573404603248
541 1147 2116 6.205433103337788 0.41416220830412104
541 1148 2116 5.983259980980299 0.4723314594755247
541 1149 2116 5.923799456429993 0.5136157376149555
541 1150 2116 6.031865383113271 0.5278028621870788
541 1145 2117 6.251351853799351 0.38444878848300024
541 1146 2117 5.689586979737676 0.48106402345763466
541 1147 2117 5.259600745303811 0.5865322133411771
541 1148 2117 4.995538009063721 0.685632815122872
541 1149 2117 4.924164903818742 0.7546084445591982
541 1150 2117 5.053652144736533 0.7708314214676636
541 1151 2117 5.369487871296487 0.7282049829514413
541 1152 2117 5.841523773811075 0.6421092527138186
541 1144 2118 6.240464726284462 0.38988895826186326
541 1145 2118 5.498672567083853 0.5127169909456508
541 1146 2118 4.850505128334619 0.6682902821045694
541 1147 2118 4.338133239078804 0.8504446043940452
541 1148 2118 4.013900845810752 1.0314517055016312
541 1149 2118 3.924716550274706 1.155814531886112
541 1150 2118 4.086000489476244 1.1665445627199253
541 1151 2118 4.470727010229994 1.0579516116379024
541 1152 2118 5.027862368840255 0.8819254499408878
541 1153 2118 5.707135884136618 0.6972635702892914
541 1144 2119 5.6656332391005115 0.495619396827402
541 1145 2119 4.836465651692408 0.6796494392410592
541 1146 2119 4.084531796913863 0.9336604742224718
541 1147 2119 3.4605490893787803 1.2636500849240082
541 1148 2119 3.0442404635639777 1.6264453203050655
541 1149 2119 2.9256452279796568 1.8779285790400815
541 1150 2119 3.138693995916144 1.8453995410830346
541 1151 2119 3.625382738415348 1.5547718331924263
541 1152 2119 4.2936464689119305 1.1906863895108892
541 1153 2119 5.072218449554376 0.8752116826837407
541 1143 2120 6.161444635797727 0.43729307848097887
541 1144 2120 5.220670455027832 0.6144386960204613
541 1145 2120 4.306669246645303 0.8818356745931323
541 1146 2120 3.440842919983465 1.2915980287080888
541 1147 2120 2.6704681237566295 1.910272588345896
541 1148 2120 2.1031880562612963 2.73230526008098
541 1149 2120 1.9275372888740923 3.3495093612412057
541 1150 2120 2.2377220560203632 3.0657482392961217
541 1151 2120 2.8808679247754343 2.2421468932513244
541 1152 2120 3.6866515973169793 1.5243362923540467
541 1153 2120 4.5698358832675545 1.034003801952106
541 1143 2121 5.926162333247422 0.5050870070160729
541 1144 2121 4.94078941061046 0.7295415488147899
541 1145 2121 3.962751569301357 1.0908645914809338
541 1146 2121 2.999233235345375 1.7059235070483625
541 1147 2121 2.070603776679692 2.826008876475929
541 1148 2121 1.2567418191498676 4.936921241032926
541 1149 2121 0.9334880824092157 7.175761556413355
541 1150 2121 1.470850094333189 5.077947233270959
541 1151 2121 2.3356797725715457 2.904648282727948
541 1152 2121 3.2783227418910093 1.7477606653911326
541 1153 2121 4.247281483490316 1.1146919265567448
541 1143 2122 5.8545196216257125 0.5541565117455157
541 1144 2122 4.854626659177861 0.8119614389945167
541 1145 2122 3.854789228998172 1.240658990372615
541 1146 2122 2.85506567350039 2.0125156400873574
541 1147 2122 1.8556400513030944 3.592301963126887
541 1148 2122 0.8575546629807732 7.787211387172862
541 1149 2122 0.16552945357241958 18.659214868532747
541 1150 2122 1.1486513831445553 5.869788737342905
541 1151 2122 2.147417053112836 2.9408070637836325
541 1152 2122 3.1469667935966106 1.7090946999324663
541 1153 2122 4.146733654335621 1.0769203292291034
541 1143 2123 5.9524280760039785 0.5712354411687464
541 1144 2123 4.972263066250654 0.8322104301697953
541 1145 2123 4.001924537019691 1.2566393425199003
541 1146 2123 3.050803172936626 1.9842323300795777
541 1147 2123 2.1446211786700466 3.289691985909048
541 1148 2123 1.375281789307201 5.394463701796832
541 1149 2123 1.0878419002777622 5.975928426193724
541 1150 2123 1.5733403954643284 3.863717398716152
541 1151 2123 2.4015411718310737 2.3061570007424064
541 1152 2123 3.3255676207227665 1.4383556062516292
541 1143 2124 6.211875723161272 0.5510180187357061
541 1144 2124 5.280094696120544 0.7818462328257759
541 1145 2124 4.378515730244693 1.1294021212922474
541 1146 2124 3.530354089889587 1.6460280803957752
541 1147 2124 2.7848518811599385 2.3410955466835484
541 1148 2124 2.246641938538486 2.9659104565683987
541 1149 2124 2.0831226560142544 2.939167130415588
541 1150 2124 2.373057100029369 2.2929612818959204
541 1151 2124 2.9872060524844475 1.6064843214776618
541 1144 2125 5.747642995176393 0.6809802698480519
541 1145 2125 4.932281419383951 0.9260372296143231
541 1146 2125 4.19754690265637 1.2335006804451967
541 1147 2125 3.593243659981883 1.5517946925191466
541 1148 2125 3.194276130831509 1.7466344695202205
541 1149 2125 3.0814606925936654 1.6875285240310667
541 1150 2125 3.2844177566198467 1.4181495365157382
541 1145 2126 5.611007039738955 0.7189392882554764
541 1146 2126 4.977489326959931 0.8889231117281258
541 1147 2126 4.479665166058726 1.033377461982509
541 1148 2126 4.1664613282736545 1.098726469052744
