# %ECSV 0.9
# ---
# datatype:
# - name: sexcat_id
#   datatype: int32
# - name: x
#   datatype: int32
# - name: y
#   datatype: int32
# - name: sep
#   datatype: float64
# - name: weight
#   datatype: float64
# schema: astropy-2.0
sexcat_id x y sep weight
73 1347 1929 17.92019187955313 0.4653494522599322
73 1348 1929 17.697324006753163 0.48479990097184883
73 1353 1929 17.421402842480894 0.5261206363800397
73 1345 1930 17.586963268284894 0.46921367576787626
73 1346 1930 17.244224453422135 0.4972388550698687
73 1347 1930 16.953621353563427 0.5234593725230711
73 1348 1930 16.717872980735372 0.5469942420040779
73 1349 1930 16.53932516761194 0.5669471009755814
73 1350 1930 16.41984400047703 0.5824761060868392
73 1351 1930 16.360723608691686 0.5928720778263694
73 1352 1930 16.362618280703163 0.5976330912397051
73 1353 1930 16.42550690237599 0.5965218731728033
73 1354 1930 16.54869411766382 0.5895942229034917
73 1355 1930 16.730848065773625 0.577192255196341
73 1356 1930 16.97007003521202 0.5599039608954277
73 1357 1930 17.263987864916984 0.538497757909289
73 1358 1930 17.609863060228513 0.5138449876597684
73 1359 1930 18.004701524879568 0.4868436858273538
73 1343 1931 17.53480188083122 0.45547315389083254
73 1344 1931 17.074287012932693 0.490210445555561
73 1345 1931 16.661130723933532 0.5248850298575182
73 1346 1931 16.298934842498202 0.5586266293659145
73 1347 1931 15.991162465562088 0.5904086569746715
73 1348 1931 15.741006225778632 0.6190906850268413
73 1349 1931 15.551246798890483 0.6434901037448241
73 1350 1931 15.424113491543086 0.6624802148498169
73 1351 1931 15.361161316775542 0.6751040182105937
73 1352 1931 15.363179260817118 0.6806852919417642
73 1353 1931 15.430141833437602 0.678914652247963
73 1354 1931 15.561210653416431 0.6698909476724566
73 1355 1931 15.754785844307783 0.654107897681856
73 1356 1931 16.00860009494899 0.6323892755070641
73 1357 1931 16.31984304458841 0.6057880512377046
73 1358 1931 16.685301225929383 0.5754713401106936
73 1359 1931 17.10149926176066 0.5426122762223621
73 1360 1931 17.564830685207312 0.5083037835205548
73 1342 1932 17.195908728531975 0.4650530308078638
73 1343 1932 16.666171635981733 0.5052390439907877
73 1344 1932 16.180954143683923 0.5465504958233754
73 1345 1932 15.744372867789998 0.5881638315684004
73 1346 1932 15.360575412399164 0.6290112417345793
73 1347 1932 15.033604923636966 0.667791690808358
73 1348 1932 14.76723660675895 0.7030196065097183
73 1349 1932 14.564795810446553 0.7331190753901238
73 1350 1932 14.428973525514603 0.7565624071916847
73 1351 1932 14.361659966730908 0.7720383318405416
73 1352 1932 14.363818329399782 0.7786208047522984
73 1353 1932 14.435417451532222 0.7759010340770248
73 1354 1932 14.575434024412479 0.7640490155305728
73 1355 1932 14.78192399520444 0.7437877048231265
73 1356 1932 15.05215190595686 0.7162869927893744
73 1357 1932 15.382759082817381 0.6830055861288994
73 1358 1932 15.769948541450619 0.6455183336792286
73 1359 1932 16.209666159424767 0.605362642664524
73 1360 1932 16.69776263455677 0.5639249378127305
73 1361 1932 17.230127016362946 0.5223735572642453
73 1341 1933 16.96847892417002 0.4682916637978315
73 1342 1933 16.370439120561247 0.5132558436946221
73 1343 1933 15.813072977761216 0.5607027672608005
73 1344 1933 15.300826023453828 0.6099826744718634
73 1345 1933 14.838371777253789 0.6601383330385185
73 1346 1933 14.430498154949525 0.7098683288366957
73 1347 1933 14.081948622261109 0.7575237011050625
73 1348 1933 13.797219901125063 0.8011583930587705
73 1349 1933 13.580326837009533 0.8386506761385956
73 1350 1933 13.434555333169806 0.8678996626141727
73 1351 1933 13.362233234007 0.8870778315382396
73 1352 1933 13.364553004122548 0.8948933602818341
73 1353 1933 13.441475997821108 0.8907979784153137
73 1354 1933 13.591735613967808 0.8750805758371362
73 1355 1933 13.812938753212539 0.8488174854155854
73 1356 1933 14.101747303082716 0.8136950420812831
73 1357 1933 14.454109346480001 0.7717571043152811
73 1358 1933 14.865506281321213 0.7251432975221263
73 1359 1933 15.331186418539184 0.6758715584963585
73 1360 1933 15.846364788177768 0.6256926580853901
73 1361 1933 16.4063791556821 0.5760189140547503
73 1341 1934 16.193247882991297 0.5136726649207329
73 1342 1934 15.565451390820698 0.5662564813210773
73 1343 1934 14.978160000480763 0.6223597972906226
73 1344 1934 14.436317986245724 0.68130555435247
73 1345 1934 13.945224164566222 0.742008698838861
73 1346 1934 13.510413650218174 0.8029020275892089
73 1347 1934 13.137476051357867 0.8619015913582846
73 1348 1934 12.83180723826544 0.9164470031030533
73 1349 1934 12.598304528784867 0.9636519258037387
73 1350 1934 12.441031990956425 1.0005825901197583
73 1351 1934 12.362899214990028 1.024642918477224
73 1352 1934 12.365406463194041 1.0339924127161746
73 1353 1934 12.44850501064288 1.0278831443606402
73 1354 1934 12.61060176993948 1.006805933710444
73 1355 1934 12.84870721123338 0.9723938292679498
73 1356 1934 13.158695870032128 0.9271174161142963
73 1357 1934 13.535629907765669 0.8738738339713112
73 1358 1934 13.97409306538354 0.8155868463817054
73 1359 1934 14.468492561424643 0.7549023623327171
73 1360 1934 15.01330333404345 0.6940114268465293
73 1361 1934 15.603245720041713 0.6345893334659153
73 1362 1934 16.233400044352997 0.5778175444197602
73 1340 1935 16.138502935526645 0.5064583184759107
73 1341 1935 15.44387506424479 0.5627670534112028
73 1342 1935 14.784291562330672 0.6242467752056874
73 1343 1935 14.164648848453737 0.6906429641533909
73 1344 1935 13.590411215265037 0.7613073593932954
73 1345 1935 13.06756584066067 0.8350595905509572
73 1346 1935 12.602510741911768 0.9100506493317384
73 1347 1935 12.201855473656513 0.9836666338451889
73 1348 1935 11.872121840682116 1.052531730898909
73 1349 1935 11.61934925028081 1.1126799360288702
73 1350 1935 11.448636469029886 1.159946164208387
73 1351 1935 11.363682369725097 1.1905624488968587
73 1352 1935 11.366410031315995 1.2018420984421219
73 1353 1935 11.456756827305046 1.192744761004642
73 1354 1935 11.632681419174201 1.1641116578861597
73 1355 1935 11.890385906269005 1.1184746782843231
73 1356 1935 12.224699464608547 1.0595178528422406
73 1357 1935 12.629539857017768 0.9913950509613291
73 1358 1935 13.098369249643266 0.9181166833522644
73 1359 1935 13.624583553268709 0.8431341532270626
73 1360 1935 14.201805413397272 0.769146160774244
73 1361 1935 14.824077610428244 0.6980808427449303
73 1362 1935 15.485970328009797 0.6311844853394869
73 1340 1936 15.451319587659885 0.5505150583442059
73 1341 1936 14.724309050003058 0.6154791732768894
73 1342 1936 14.030939989893827 0.6872776846622477
73 1343 1936 13.376444856537992 0.7658557471816517
73 1344 1936 12.766803711187919 0.8506943814596455
73 1345 1936 12.208737731641282 0.9405989378657357
73 1346 1936 11.709623264648672 1.0334628756533262
73 1347 1936 11.277290321704115 1.126057080813571
73 1348 1936 10.919673850440828 1.2139382699916377
73 1349 1936 10.644307257872685 1.2916081856255248
73 1350 1936 10.457689850057756 1.3530486071744288
73 1351 1936 10.36461658721638 1.392656029817496
73 1352 1936 10.367607100966008 1.406396096516222
73 1353 1936 10.466579049527152 1.3927886848843578
73 1354 1936 10.658859085286783 1.3532998285452067
73 1355 1936 10.939528189094833 1.291953450577726
73 1356 1936 11.302003229516457 1.2143482321687358
73 1357 1936 11.738708489437851 1.126502932149335
73 1358 1936 12.241702373444642 1.0339199995432968
73 1359 1936 12.80317448916479 0.9410485335933285
73 1360 1936 13.415784621109568 0.851123516351784
73 1361 1936 14.072856035645355 0.7662565228718271
73 1362 1936 14.768455471036901 0.6876460859601513
73 1339 1937 15.587600103928828 0.5304526419910766
73 1340 1937 14.799840438329122 0.5968106866752123
73 1341 1937 14.039133769574311 0.6715277432355705
73 1342 1937 13.310119345821123 0.7551856229377022
73 1343 1937 12.618291366108235 0.8480757028850082
73 1344 1937 11.970099289479663 0.9499757297450103
73 1345 1937 11.373006506636731 1.0598408567766617
73 1346 1937 10.835463857168337 1.1754160569739582
73 1347 1937 10.366738976168023 1.2928241275922476
73 1348 1937 9.976536322792652 1.406265751462543
73 1349 1937 9.674361839418713 1.5080695152305723
73 1350 1937 9.468647052245686 1.5893786229777656
73 1351 1937 9.365750210207446 1.6416264820498048
73 1352 1937 9.369059557927931 1.6585501549069819
73 1353 1937 9.478463852333912 1.6379874079522307
73 1354 1937 9.690370323161057 1.5825567436384884
73 1355 1937 9.998263699263008 1.4988376988706613
73 1356 1937 10.393617127833808 1.3955101148448585
73 1357 1937 10.866889021242473 1.2813672053918255
73 1358 1937 11.408386257486205 1.1639147028523025
73 1359 1937 12.008883253658519 1.0487575861313487
73 1360 1937 12.65998724327951 0.939597245650991
73 1361 1937 13.354298072156388 0.8385513655356266
73 1362 1937 14.08542782452843 0.7465679662900427
73 1338 1938 15.849393584613956 0.5040303319946905
73 1339 1938 15.00883996183589 0.569759651626174
73 1340 1938 14.188984354068541 0.6448303534540668
73 1341 1938 13.393628223898174 0.7303842705859722
73 1342 1938 12.627401830939002 0.8274992644816624
73 1343 1938 11.89593531421559 0.9370212042317092
73 1344 1938 11.206037524477662 1.059287257507636
73 1345 1938 10.5658542957965 1.1937002807629264
73 1346 1938 9.984952528680406 1.3381276893376117
73 1347 1938 9.474242819349795 1.488155847811067
73 1348 1938 9.045621979720412 1.6363685912822892
73 1349 1938 8.711215586816856 1.772048482543516
73 1350 1938 8.482174072724565 1.8819217227084621
73 1351 1938 8.367154653763771 1.9524740537686887
73 1352 1938 8.370858797041116 1.9735893576469117
73 1353 1938 8.493131165830452 1.9420080684271608
73 1354 1938 8.72899060602086 1.8625650927003672
73 1355 1938 9.069579758731951 1.7463746967893072
73 1356 1938 9.503645458454363 1.6071663038177206
73 1357 1938 10.019045713040745 1.4578312470567572
73 1358 1938 10.603927432795833 1.3084391999352385
73 1359 1938 11.247456468019777 1.1657567080196127
73 1360 1938 11.94015397723161 1.0336756620660241
73 1361 1938 12.673960588545308 0.9139631999733125
73 1362 1938 13.442145550469226 0.8069859413672601
73 1363 1938 14.23914593646682 0.7122755223863636
73 1337 1939 16.23062774509976 0.4729600163962173
73 1338 1939 15.3458553687959 0.5363237223773936
73 1339 1939 14.476093292045402 0.6094335922312617
73 1340 1939 13.624216564632324 0.6938308271398689
73 1341 1939 12.793798380465502 0.7912072097419529
73 1342 1939 11.98929843652253 0.903329726196575
73 1343 1939 11.216295154818345 1.0318782888747053
73 1344 1939 10.481759251194495 1.1781371500119158
73 1345 1939 9.794349238208799 1.3424556106734968
73 1346 1939 9.164675498892537 1.523379904245184
73 1347 1939 8.605421372600011 1.7163988533384182
73 1348 1939 8.131130118255454 1.912432047340631
73 1349 1939 7.757401433469901 2.0966386932554317
73 1350 1939 7.499285099261179 2.248800950149988
73 1351 1939 7.368940018754438 2.346828172533952
73 1352 1939 7.373145665182572 2.3735762376922738
73 1353 1939 7.511676044665428 2.3239413859858544
73 1354 1939 7.777356684632662 2.207246717477948
73 1355 1939 8.157774022366656 2.042975416198546
73 1356 1939 8.63778194908856 1.8532435337726374
73 1357 1939 9.201808354883296 1.6568349134048632
73 1358 1939 9.835409345827959 1.466774523478137
73 1359 1939 10.52602854831773 1.2905938217961237
73 1360 1939 11.263182365566125 1.1317197062925999
73 1361 1939 12.038325340345294 0.9909424231936385
73 1362 1939 12.844581620278628 0.8675533333909052
73 1363 1939 13.676449722058697 0.7601032444722523
73 1364 1939 14.529531203724343 0.6668612484058093
73 1337 1940 15.802698408816198 0.49865609174798303
73 1338 1940 14.892524198402429 0.567968328143479
73 1339 1940 13.994616000448236 0.6486675497845599
73 1340 1940 13.111494079623485 0.7428116180785725
73 1341 1940 12.246357703415395 0.8527812436432054
73 1342 1940 11.403301144844043 0.9812545203462719
73 1343 1940 10.587600153009246 1.1310940937352476
73 1344 1940 9.80608367290435 1.3050634712753717
73 1345 1940 9.067594885083981 1.5052300557678537
73 1346 1940 8.38351221147802 1.73183592833694
73 1347 1940 7.768222254801994 1.9813685739251514
73 1348 1940 7.23928705053204 2.243704057288532
73 1349 1940 6.81683775661419 2.4988951182662604
73 1350 1940 6.521600800417079 2.715843056852469
73 1351 1940 6.371285349127017 2.856981401318809
73 1352 1940 6.376149072912307 2.8914843769393035
73 1353 1940 6.535845545910672 2.8109799031260736
73 1354 1940 6.839537776779968 2.634480617297951
73 1355 1940 7.2692005750288775 2.3975821276325227
73 1356 1940 7.804055163823489 2.1363407888855535
73 1357 1940 8.424089090222155 1.8774344032285075
73 1358 1940 9.111930476029755 1.636465700552122
73 1359 1940 9.853389112381574 1.4204710105187215
73 1360 1940 10.637258904435845 1.2311399369759348
73 1361 1940 11.454836402149075 1.067305358484711
73 1362 1940 12.29940148950344 0.9265160594109695
73 1363 1940 13.165761542728903 0.8059179025055824
73 1364 1940 14.049885302022904 0.7027012976918983
73 1337 1941 15.427808561166486 0.5230383665870422
73 1338 1941 14.494111804453622 0.5982098665642631
73 1339 1941 13.569866506344184 0.6864823339902298
73 1340 1941 12.657143319090672 0.7905046306218204
73 1341 1941 11.758625642480567 0.9134772568750165
73 1342 1941 10.87783420539224 1.059217324839082
73 1343 1941 10.019444944706335 1.2321625518056014
73 1344 1941 9.189737591465885 1.4372191578533233
73 1345 1941 8.397218408497013 1.6792591086029254
73 1346 1941 7.65344869976934 1.9618933228961672
73 1347 1941 6.97404308848181 2.2848799074745063
73 1348 1941 6.37959849833834 2.639322911561295
73 1349 1941 5.895869486343868 3.0004046578462433
73 1350 1941 5.551871486264843 3.3206022826879193
73 1351 1941 5.374502488603061 3.5332951710415603
73 1352 1941 5.38026737253832 3.578786119017236
73 1353 1941 5.5685973997049105 3.442520505449712
73 1354 1941 5.922100725249461 3.166173112894556
73 1355 1941 6.413522978831533 2.817682927457485
73 1356 1941 7.013934487860575 2.4555856372970055
73 1357 1941 7.697874836602625 2.115288401724033
73 1358 1941 8.445074126376854 1.8124706956693122
73 1359 1941 9.240198969719195 1.5508467008658648
73 1360 1941 10.071905331167464 1.3282511456838884
73 1361 1941 10.931846916235129 1.1402101367234656
73 1362 1941 11.813859530229712 0.9817379903095338
73 1363 1941 12.713350345207957 0.8481329866942788
73 1364 1941 13.626858662215557 0.7352680078795395
73 1337 1942 15.109906584754315 0.5454729596529126
73 1338 1942 14.155256161581878 0.6262056566994983
73 1339 1942 13.207319069364592 0.7217505585370014
73 1340 1942 12.2676516497658 0.8353944538582112
73 1341 1942 11.33831014746031 0.9712547010380581
73 1342 1942 10.422057234538743 1.1344802899439708
73 1343 1942 9.52267173644042 1.3314586268302817
73 1344 1942 8.645419423024029 1.5699543485230676
73 1345 1942 7.797773848990558 1.8589842969068584
73 1346 1942 6.990513357400937 2.207949950262468
73 1347 1942 6.2393330573067525 2.6239394536698035
73 1348 1942 5.5669809591915005 3.105007469961317
73 1349 1942 5.00532486458178 3.6262046923974776
73 1350 1942 4.595136233018616 4.118401936204581
73 1351 1942 4.379186796655334 4.4588541906751775
73 1352 1942 4.386260024212007 4.520441779602049
73 1353 1942 4.61533064904349 4.275935899078483
73 1354 1942 5.036196680035451 3.825621853772686
73 1355 1942 5.605825273766567 3.304342784999275
73 1356 1942 6.283890275935752 2.8028820054394212
73 1357 1942 7.0391247325217785 2.3606429359160885
73 1358 1942 7.849285126685086 1.9863175919924867
73 1359 1942 8.699038854954011 1.675190751926574
73 1360 1942 9.577853465155933 1.4182780865748918
73 1361 1942 10.478419585032821 1.2062440821489153
73 1362 1942 11.395581468270906 1.0307994592379681
73 1363 1942 12.325634953218401 0.8850326077923194
73 1364 1942 13.265868874672291 0.7633389601213456
73 1365 1942 14.214263153607329 0.6612272840564759
73 1337 1943 14.852652187404166 0.5653024420271546
73 1338 1943 13.880319772973591 0.6510631286958521
73 1339 1943 12.912214256276943 0.753247016061253
73 1340 1943 11.949363037417578 0.8757809979589137
73 1341 1943 10.993146819723702 1.023731001976756
73 1342 1943 10.04546051706945 1.203678361388089
73 1343 1943 9.108966845916234 1.4242145128177346
73 1344 1943 8.187507374042545 1.6965550771324687
73 1345 1943 7.286787838272838 2.0351888797560695
73 1346 1943 6.41554962571414 2.458197913959897
73 1347 1943 5.587600289927756 2.9860418069002894
73 1348 1943 4.825274810826906 3.6352329280102853
73 1349 1943 4.164766139893155 4.397661188116092
73 1350 1943 3.66159487109107 5.189454116581486
73 1351 1943 3.3866321028420447 5.781410751394492
73 1352 1943 3.3957734023341763 5.867385363732111
73 1353 1943 3.686906155572735 5.391558331705277
73 1354 1943 4.201818296880533 4.626036337381172
73 1355 1943 4.870038706211679 3.841566363655458
73 1356 1943 5.637311149830194 3.1574342299294464
73 1357 1943 6.4684833616543935 2.5963586988158056
73 1358 1943 7.341885112149305 2.1457150608288864
73 1359 1943 8.244105591269408 1.7851382177045192
73 1360 1943 9.166639351474423 1.4956247924787067
73 1361 1943 10.103923841755702 1.2616668706805665
73 1362 1943 11.052206883695185 1.0711829193997453
73 1363 1943 12.00888325365848 0.9149040129811619
73 1364 1943 12.972096091225927 0.7857345233843098
73 1337 1944 14.659238622793534 0.5818838518034155
73 1338 1944 13.673158998563629 0.6718943762931326
73 1339 1944 12.689258331360485 0.7797270541011349
73 1340 1944 11.708085966544717 0.909891357755653
73 1341 1944 10.730390347047086 1.0683377685234399
73 1342 1944 9.757216662552961 1.2630257289890812
73 1343 1944 8.790066950825862 1.5047558737362166
73 1344 1944 7.8311734114372005 1.8083975732571391
73 1345 1944 6.88398699882567 2.19468583709647
73 1346 1944 5.954097496682495 2.692732176525652
73 1347 1944 5.051066916998888 3.342950563665696
73 1348 1944 4.192287800235159 4.1977535756402
73 1349 1944 3.411345335787693 5.306904226153954
73 1350 1944 2.774757106487043 6.634787590636557
73 1351 1944 2.4002660269229 7.792294498865825
73 1352 1944 2.4131467008866543 7.915283149501764
73 1353 1944 2.808073538923089 6.877475043551503
73 1354 1944 3.4564833284712857 5.534815111065736
73 1355 1944 4.243733851221096 4.378236556150439
73 1356 1944 5.106004014882846 3.4804923897430298
73 1357 1944 6.011096156276294 2.7974974020169143
73 1358 1944 6.94228182948514 2.2753350199220472
73 1359 1944 7.890328066690221 1.8713120670477301
73 1360 1944 8.849817907731172 1.5544879434566916
73 1361 1944 9.817396650843808 1.3028221296243119
73 1362 1944 10.790888610304489 1.100538646416083
73 1363 1944 11.768826492050897 0.9362070966013034
73 1364 1944 12.750187331957084 0.8014260937868829
73 1336 1945 15.52814467346314 0.5165130811077328
73 1337 1945 14.532215144292406 0.5946332521433344
73 1338 1945 13.536885794007478 0.6878831094406777
73 1339 1945 12.542299510058008 0.8000286336874376
73 1340 1945 11.548648275880657 0.9360374226132077
73 1341 1945 10.556196142550649 1.102566531947149
73 1342 1945 9.565316356503901 1.3086996879193447
73 1343 1945 8.576553911682767 1.5670922909250138
73 1344 1945 7.5907362620500045 1.895805529634611
73 1345 1945 6.60918126548219 2.321346748001147
73 1346 1945 5.634117233427138 2.883895589454922
73 1347 1945 4.669612082389775 3.6465840096092874
73 1348 1945 3.7238792944992816 4.712069651564591
73 1349 1945 2.81589719272568 6.248272895190288
73 1350 1945 1.9978180597842894 8.481079867279272
73 1351 1945 1.4329260273999356 11.148519040194246
73 1352 1945 1.454399188668661 11.308755529365893
73 1353 1945 2.043838790120189 8.686303181723996
73 1354 1945 2.8704140816265267 6.393671530754151
73 1355 1945 3.781702923287306 4.811618886580759
73 1356 1945 4.72898266015003 3.716674098768522
73 1357 1945 5.694319713539058 2.9348431583897563
73 1358 1945 6.669878334722414 2.3594182574590845
73 1359 1945 7.651749930571395 1.9249166508327114
73 1360 1945 8.637781949088508 1.5897811020833987
73 1361 1945 9.626696058357672 1.3266687680465314
73 1362 1945 10.61768698917043 1.1169928446348516
73 1363 1945 11.610222952208925 0.9477559407142996
73 1364 1945 12.60393894780512 0.809645089687073
73 1336 1946 15.47305002253924 0.5233853974500811
73 1337 1946 14.473329851834425 0.6030720876112066
73 1338 1946 13.473651212644677 0.6983565197251755
73 1339 1946 12.474024090084214 0.8131862897038404
73 1340 1946 11.474461948169996 0.9528010591657482
73 1341 1946 10.474983389008361 1.1242775983145268
73 1342 1946 9.47561486131644 1.3373697897054746
73 1343 1946 8.476395283373758 1.6058476324646191
73 1344 1946 7.477384368881995 1.949719541871331
73 1345 1946 6.478678646143879 2.3991065165219023
73 1346 1946 5.480444963686852 3.001423503059497
73 1347 1946 4.482998661610383 3.83578456797089
73 1348 1946 3.487015486056863 5.045117858547434
73 1349 1946 2.4942487847045816 6.919274826748728
73 1350 1946 1.5110516205610511 10.164312618446436
73 1351 1946 0.5876027569711338 17.049357323516638
73 1352 1946 0.6381825757571069 16.788554161584152
73 1353 1946 1.5713933307736396 10.052398137357752
73 1354 1946 2.555636319979776 6.858967636201409
73 1355 1946 3.548700748161173 5.007715236233862
73 1356 1946 4.544807696701762 3.810634745485752
73 1357 1946 5.5423169342793335 2.9835959082941494
73 1358 1946 6.540586900271211 2.385986183790986
73 1359 1946 7.539315419850748 1.9397868931909366
73 1360 1946 8.538341583703428 1.5981596510233296
73 1361 1946 9.537571860803936 1.3313114678223366
73 1362 1946 10.536948182467206 1.1194319224916938
73 1363 1946 11.536432594177407 0.9488762455663656
73 1364 1946 12.535999242182442 0.8099728159432652
73 1335 1947 16.481664873428343 0.45902980051777
73 1336 1947 15.482482908112688 0.5266103128252413
73 1337 1947 14.483413858617775 0.6068691334808801
73 1338 1947 13.484482822859812 0.7028515103717242
73 1339 1947 12.485722926607062 0.8185386464822545
73 1340 1947 11.487178809437985 0.9592142330843184
73 1341 1947 10.48891209802051 1.1320128160709937
73 1342 1947 9.491010325566025 1.3467636376914793
73 1343 1947 8.49360212159722 1.617332725747617
73 1344 1947 7.496884486238313 1.963842727466756
73 1345 1947 6.501175047635666 2.416522319063503
73 1346 1947 5.5070207008872325 3.0227807308028822
73 1347 1947 4.515448704171093 3.8611910811355603
73 1348 1947 3.528636705584793 5.071813320656621
73 1349 1947 2.5521122624211103 6.930055799225688
73 1350 1947 1.6047669612750928 10.046692447039986
73 1351 1947 0.7982963109021572 15.487084236765057
73 1352 1947 0.8362278397661081 14.688944888500915
73 1353 1947 1.6617090599740345 9.537804790482113
73 1354 1947 2.6121403101670646 6.638837844702836
73 1355 1947 3.589606802979901 4.88774942701924
73 1356 1947 4.576819528886788 3.736385717017175
73 1357 1947 5.568597399704829 2.933916805704264
73 1358 1947 6.562871094269586 2.350947593147628
73 1359 1947 7.558655766735193 1.9141137603434784
73 1360 1947 8.555423835205307 1.5787959577820352
73 1361 1947 9.552867475266208 1.3163695581128019
73 1362 1947 10.550795088522896 1.1076868577747525
73 1363 1947 11.549081218867531 0.9395014073371968
73 1364 1947 12.547640296087494 0.8023923447476095
73 1335 1948 16.551050631304395 0.45879690840477005
73 1336 1948 15.556325947986608 0.5260718850922613
73 1337 1948 14.562323887347148 0.6058715389382268
73 1338 1948 13.569203255902728 0.7011638033038499
73 1339 1948 12.577172854024116 0.8158084836404781
73 1340 1948 11.58651271953736 0.9548941796728646
73 1341 1948 10.597607135575508 1.1252332282903488
73 1342 1948 9.610997710955967 1.336105187770136
73 1343 1948 8.627472225397236 1.6004012315864993
73 1344 1948 7.648220511988434 1.9364318786322257
73 1345 1948 6.675123744171378 2.3708566228079753
73 1346 1948 5.711328829615785 2.9435260674438
73 1347 1948 4.762486430426896 3.715449719848037
73 1348 1948 3.8396975141279315 4.780623626016352
73 1349 1948 2.967368699706882 6.272961198797864
73 1350 1948 2.2061906082657528 8.282330844952057
73 1351 1948 1.711513073277534 10.19246822224706
73 1352 1948 1.7295308612452707 9.862689779613163
73 1353 1948 2.247949510109092 7.778575802857928
73 1354 1948 3.019151702051357 5.881622000765106
73 1355 1948 3.895802484726286 4.501357585784722
73 1356 1948 4.820713328958631 3.5146599569229733
73 1357 1948 5.770725864221874 2.7958262293126275
73 1358 1948 6.735226573768635 2.2596665528399127
73 1359 1948 7.7087792159329025 1.850993250773164
73 1360 1948 8.688341441264782 1.5335830591681658
73 1361 1948 9.672087520282211 1.2830545284228514
73 1362 1948 10.658859085286698 1.0825621592543302
73 1363 1948 11.647887233313975 0.9201822609275773
73 1364 1948 12.638642213465756 0.7872906558049259
73 1336 1949 15.693669965944911 0.5217895919860773
73 1337 1949 14.708952274040502 0.6001196933039332
73 1338 1949 13.726444441296557 0.6933704895291929
73 1339 1949 12.746657483434669 0.8051378033623566
73 1340 1949 11.770270897477294 0.9400995002303704
73 1341 1949 10.798207119702829 1.104411766050056
73 1342 1949 9.8317484202964 1.3062737561783706
73 1343 1949 8.872726582060368 1.5567345259157963
73 1344 1949 7.923842312918685 1.8708343414520026
73 1345 1949 6.989225779726996 2.269149765514986
73 1346 1949 6.075465167376103 2.7795979520591074
73 1347 1949 5.19358036425742 3.438382429114652
73 1348 1949 4.362943616413136 4.285150364136309
73 1349 1949 3.619016026491183 5.334014648457778
73 1350 1949 3.0264297447652617 6.468616563245376
73 1351 1949 2.6872433830972264 7.241324513841224
73 1352 1949 2.698754712825848 7.066009052809607
73 1353 1949 3.057004579649763 6.098270146428038
73 1354 1949 3.661594871090946 4.962987699704594
73 1355 1949 4.4124003671470495 3.9788012363472784
73 1356 1949 5.247025538340681 3.1988856755071264
73 1357 1949 6.1313356619907236 2.594219061762563
73 1358 1949 7.046650055167996 2.12492345742334
73 1359 1949 7.982310254556572 1.757498456019464
73 1360 1949 8.931924596636433 1.4666756386627262
73 1361 1949 9.891474965848056 1.2339272964164494
73 1362 1949 10.85832754156913 1.0457003142123567
73 1363 1949 11.830692160647178 0.8920078672202421
73 1364 1949 12.807313418512038 0.765410538074169
73 1336 1950 15.892868746705274 0.5139166328897452
73 1337 1950 14.921302791646617 0.589843264945211
73 1338 1950 13.953754942666905 0.679821455806669
73 1339 1950 12.991123007654148 0.7870697577252942
73 1340 1950 12.034586698345766 0.9156920999420736
73 1341 1950 11.085724017852906 1.070951771536999
73 1342 1950 10.146687981799808 1.2596242050742879
73 1343 1950 9.220481386565485 1.490426885373201
73 1344 1950 8.311394407679163 1.7744725777824988
73 1345 1950 7.425717271752296 2.125535076828725
73 1346 1950 6.572919975170872 2.5594770225369534
73 1347 1950 5.767605829111431 3.0910291656913818
73 1348 1950 5.032621285175356 3.7233847076283064
73 1349 1950 4.403325674987026 4.421696079604807
73 1350 1950 3.9308112394262644 5.065502348868998
73 1351 1950 3.676040941012456 5.428674723071367
73 1352 1950 3.684464275847934 5.320483947999494
73 1353 1950 3.9543997015981502 4.803038333424196
73 1354 1950 4.438386756469003 4.113042015119868
73 1355 1950 5.075556816744281 3.4350836843161177
73 1356 1950 5.8157782798176925 2.8456836154357865
73 1357 1950 6.624596365062488 2.3583039202549068
73 1358 1950 7.479791240402304 1.9626445430862793
73 1359 1950 8.367154653763663 1.6427748503554462
73 1360 1950 9.277460697841777 1.3835701130227516
73 1361 1950 10.204571377573814 1.1724238522428887
73 1362 1950 11.144293472445826 0.9993234580620285
73 1363 1950 12.093687485626479 0.8564581893450844
73 1364 1950 13.050642781104631 0.7377631966313491
73 1337 1951 15.19662057827335 0.575439126713475
73 1338 1951 14.24778147642646 0.6611014406017072
73 1339 1951 13.306437427050145 0.7624816650068842
73 1340 1951 12.374299050855397 0.8830152584200649
73 1341 1951 11.453614145762057 1.0269570833813193
73 1342 1951 10.547382471495029 1.1995354583421762
73 1343 1951 9.659672717023103 1.4070566892941248
73 1344 1951 8.796094417410512 1.6568297628883757
73 1345 1951 7.964501051541162 1.956606947558591
73 1346 1951 7.176020972656098 2.3128750673664467
73 1347 1951 6.446493387881513 2.726681535917994
73 1348 1951 5.7982132592722015 3.184929837827604
73 1349 1951 5.261299934426839 3.6459812313525917
73 1350 1951 4.872707358337843 4.026607650054942
73 1351 1951 4.669612082389677 4.216518036251438
73 1352 1951 4.676246037154114 4.143750722488319
73 1353 1951 4.891756024169588 3.8373184065804957
73 1354 1951 5.290678311899085 3.40032787146293
73 1355 1951 5.835518571643762 2.933278352439489
73 1356 1951 6.489628417713849 2.496101216739411
73 1357 1951 7.223384040738734 2.112952897049321
73 1358 1951 8.014940860667592 1.7878458066862306
73 1359 1951 8.848800879215153 1.5160532499448052
73 1360 1951 9.714076229884071 1.2900831944204814
73 1361 1951 10.603078656692057 1.1023055390308782
73 1362 1951 11.5103117681494 0.9459249116453028
73 1363 1951 12.431784948268628 0.8152244168989831
73 1364 1951 13.364553004122447 0.7055200548883603
73 1337 1952 15.53155745570936 0.5574350429981094
73 1338 1952 14.604495095688891 0.6379702280778174
73 1339 1952 13.687705322660946 0.7324841606561139
73 1340 1952 12.783398491793983 0.8437191480845334
73 1341 1952 11.894422096091958 0.9749217210336796
73 1342 1952 11.024485339461453 1.1298424737203718
73 1343 1952 10.17847125063486 1.312616777317706
73 1344 1952 9.362866922049053 1.527387247122936
73 1345 1952 8.586342469293907 1.7774086229815749
73 1346 1952 7.860488343608181 2.063197745150058
73 1347 1952 7.200644207291455 2.379138670605388
73 1348 1952 6.626558458204371 2.7082192621399397
73 1349 1952 6.1622461002462225 3.0162980659243126
73 1350 1952 5.833976088398004 3.251575686557884
73 1351 1952 5.665445878304688 3.358570910725555
73 1352 1952 5.670915005534775 3.3068264204147026
73 1353 1952 5.849895469151511 3.1115032388527797
73 1354 1952 6.18734813955052 2.8227388830000804
73 1355 1952 6.659224954902723 2.4962167848490218
73 1356 1952 7.239287050531915 2.172863572418359
73 1357 1952 7.903750818440506 1.8752283261793001
73 1358 1952 8.63314988865587 1.612298135512285
73 1359 1952 9.412400172113315 1.3852538325149946
73 1360 1952 10.230116177248362 1.191536957682452
73 1361 1952 11.077783036329903 1.0271803821785919
73 1362 1952 11.949028286852386 0.8879831191938453
73 1363 1952 12.839052807742414 0.7700343436258201
73 1364 1952 13.744208853186066 0.6699037787472659
73 1338 1953 15.019429982525995 0.6112919215598139
73 1339 1953 14.129588705974449 0.6983070852050676
73 1340 1953 13.255462157163763 0.7995736964764758
73 1341 1953 12.400374066938484 0.9174186139993441
73 1342 1953 11.568546883684242 1.054313895220976
73 1343 1953 10.7653739832855 1.2126406025174272
73 1344 1953 9.997763599925745 1.3942067489947298
73 1345 1953 9.274549962127548 1.5993567158987538
73 1346 1953 8.606931915613135 1.8254749625862323
73 1347 1953 8.008824945021578 2.0647777983155304
73 1348 1953 7.496884486238253 2.3017416081080735
73 1349 1953 7.089800913989031 2.5116212114133805
73 1350 1953 6.806414401136592 2.66294864229625
73 1351 1953 6.662527823581639 2.72651669161674
73 1352 1953 6.667179088640067 2.6882526454501785
73 1353 1953 6.8200642958845545 2.5567604675916145
73 1354 1953 7.111629700708494 2.3586120787336355
73 1355 1953 7.525774179444868 2.1258119265260547
73 1356 1953 8.043586078360756 1.8852764307273349
73 1357 1953 8.64646037404896 1.654822059432657
73 1358 1953 9.317900890221937 1.4439552844710533
73 1359 1953 10.044166316822848 1.25636508220067
73 1360 1953 10.81421643023657 1.0922870203540698
73 1361 1953 11.619349250280692 0.9501789498111672
73 1362 1953 12.452761822182193 0.8277464258183737
73 1363 1953 13.309142609499617 0.7225106575864274
73 1339 1954 14.626594853211756 0.6611918907938115
73 1340 1954 13.78402252609885 0.7523036443013231
73 1341 1954 12.963844992902391 0.8568484950199975
73 1342 1954 12.170590659454467 0.9762792643230712
73 1343 1954 11.409876292055063 1.1116838125558997
73 1344 1954 10.688651785889562 1.263326265514973
73 1345 1954 10.0154519119209 1.4299240930521264
73 1346 1954 9.400599821287996 1.6076210137186715
73 1347 1954 8.856256376144483 1.7887577770169225
73 1348 1954 8.396146556605578 1.960874016073928
73 1349 1954 8.034754321072898 2.10687214364564
73 1350 1954 7.78583823361361 2.207538898184762
73 1351 1954 7.66037055239493 2.2467821157778727
73 1352 1954 7.664416285667116 2.2176488954206564
73 1353 1954 7.797773848990441 2.125338430338674
73 1354 1954 8.054022411193 1.98492654244855
73 1355 1954 8.421952089628567 1.8155464797479568
73 1356 1954 8.8877036966811 1.6348450374750303
73 1357 1954 9.43680438495992 1.4560339041416717
73 1358 1954 10.05560923067313 1.28744484157095
73 1359 1954 10.732067694531123 1.133425257562123
73 1360 1954 11.455971237743157 0.9955713847641033
73 1361 1954 12.21889017055143 0.873797850125934
73 1362 1954 13.01396469182233 0.7671055624202355
73 1363 1954 13.835652387943194 0.6740755208620369
73 1339 1955 15.17330804406213 0.622304727656899
73 1340 1955 14.362843625132191 0.7034670245691919
73 1341 1955 13.577675684740756 0.7952775822243304
73 1342 1955 12.822452066590081 0.8984334123742586
73 1343 1955 12.102779722030808 1.0131473628534458
73 1344 1955 11.425378637051816 1.1387729013976742
73 1345 1955 10.798207119702786 1.2732867495369566
73 1346 1955 10.2305071721787 1.4126629710841176
73 1347 1955 9.732691148906335 1.5502845548158959
73 1348 1955 9.315968924379236 1.6767175394671838
73 1349 1955 8.991622601065924 1.7803374994093015
73 1350 1955 8.76990746815492 1.8492203063648995
73 1351 1955 8.658711047263289 1.8741243028346317
73 1352 1955 8.662290516947538 1.851433828362829
73 1353 1955 8.780505509365568 1.7844492015107396
73 1354 1955 9.008844376500186 1.6822062332061072
73 1355 1955 9.339233212635763 1.5565751582727527
73 1356 1955 9.761315331449897 1.4192475374853029
73 1357 1955 10.263784730790036 1.279783348697866
73 1358 1955 10.835463857168211 1.144931846868713
73 1359 1955 11.466005276468282 1.0188290803004172
73 1360 1955 12.146245386949763 0.9035781056897702
73 1361 1955 12.868305133155582 0.7998775908592164
73 1340 1956 14.986102795590332 0.6543831758300466
73 1341 1956 14.235353069032051 0.734362918381499
73 1342 1956 13.51692557499671 0.822790202252179
73 1343 1956 12.83624855633452 0.9193376093644415
73 1344 1956 12.199642494761884 1.0228985644331299
73 1345 1956 11.614356503913587 1.1312503373163165
73 1346 1956 11.088520054542885 1.2407120637535667
73 1347 1956 10.630958423397189 1.345920993197874
73 1348 1956 10.250818357575142 1.4399279615763885
73 1349 1956 9.956971276447444 1.5148386847501807
73 1350 1956 9.757216662552867 1.5631013045289426
73 1351 1956 9.657394938594944 1.5792109079352272
73 1352 1956 9.660604380679251 1.5612130964352826
73 1353 1956 9.766743418355938 1.5112874535659275
73 1354 1956 9.972526109266344 1.4350984882847124
73 1355 1956 10.271965586001485 1.3402605245731276
73 1356 1956 10.657170215399523 1.2346432265012846
73 1357 1956 11.119230054279775 1.1251179932449866
73 1358 1956 11.649003262082061 1.016951969060712
73 1359 1956 12.237699007574848 0.9137366632906476
73 1360 1956 12.877238717986023 0.8176229749435199
73 1341 1957 14.93108425399844 0.675346326814758
73 1342 1957 14.247781476426429 0.7507349300397355
73 1343 1957 13.60372290955678 0.8316475904084264
73 1344 1957 13.00474055873472 0.9168092252615734
73 1345 1957 12.457338279102794 1.0040910221299697
73 1346 1957 11.968595448088287 1.0903473254208127
73 1347 1957 11.54596366701366 1.171376971232177
73 1348 1957 11.19693158860942 1.2421199801014178
73 1349 1957 10.92855328943403 1.297181639930365
73 1350 1957 10.746872894009645 1.331677724457348
73 1351 1957 10.656325680083128 1.3422231888896716
73 1352 1957 10.659234353366992 1.3277313511681847
73 1353 1957 10.755523092811384 1.2896892408799219
73 1354 1957 10.942727128097403 1.2317830759891348
73 1355 1957 11.216295154818223 1.1590440226862673
73 1356 1957 11.570102722102282 1.0768629134724328
73 1357 1957 11.997052846428515 0.9901891185161391
73 1358 1957 12.489646792443668 0.9030617100168764
73 1359 1957 13.040447730043564 0.8184576312396278
73 1342 1958 15.009706093058584 0.6831264907372521
73 1343 1958 14.399766560607844 0.7507731204016265
73 1344 1958 13.835290998023849 0.8207607959696052
73 1345 1958 13.322059788185896 0.8911899694049533
73 1346 1958 12.866206783663923 0.9594729113940849
73 1347 1958 12.474024090084141 1.0223772217174647
73 1348 1958 12.151677949978733 1.0762289002181578
73 1349 1958 11.904842586107524 1.1173049182895276
73 1350 1958 11.738282540474103 1.142381595402527
73 1351 1958 11.65543980294176 1.1493191460737502
73 1352 1958 11.658099201842424 1.137501902142688
73 1353 1958 11.746202662988532 1.107972376242758
73 1354 1958 11.917855385932436 1.063206171311789
73 1355 1958 12.169522463925963 1.0066157705905725
73 1356 1958 12.496370553084546 0.9419594540352292
73 1357 1958 12.892683079948815 0.8728257115482058
73 1358 1958 13.352276098103962 0.8022902955016161
73 1342 1959 15.79820486637643 0.6204135418583278
73 1343 1959 15.21989740438482 0.6769141458548652
73 1344 1959 14.686976441732304 0.7344731485045752
73 1345 1959 14.20455127767152 0.7914640583707939
73 1346 1959 13.777927166304789 0.84580503336532
73 1347 1959 13.412429943899031 0.8950308401573651
73 1348 1959 13.113171889363736 0.936468122164812
73 1349 1959 12.884769186912088 0.9675179966861339
73 1350 1959 12.731035975127833 0.9860119228677208
73 1351 1959 12.654693872235669 0.9905644403636553
73 1352 1959 12.657143319090563 0.9808234939602286
73 1353 1959 12.738338863446787 0.957537037443885
73 1354 1959 12.896793283603435 0.9224129688772876
73 1355 1959 13.129709707377334 0.8778200358226641
73 1356 1959 13.433215437861424 0.8264229328594517
73 1357 1959 13.802654708424694 0.7708464156491386
73 1343 1960 16.060425803819765 0.6099402808951173
73 1344 1960 15.556325947986549 0.6573575395686446
73 1345 1960 15.101697818457351 0.7036374460712452
73 1346 1960 14.701131827175736 0.7471266130506965
73 1347 1960 14.359153073910706 0.7859509230880102
73 1348 1960 14.080031143431437 0.8181554648624518
73 1349 1960 13.8675620424067 0.8419042916761348
73 1350 1960 13.72484160200033 0.8557128258715474
73 1351 1960 13.654057162616498 0.8586650846443223
73 1352 1960 13.656327361336897 0.8505600948871179
73 1353 1960 13.731615964626986 0.831945245435961
73 1354 1960 13.878734704575868 0.8040264766170047
73 1355 1960 14.095434615505777 0.7684821120512767
73 1344 1961 16.44053761286411 0.5886710406261773
73 1345 1961 16.01103610014041 0.6264022061262917
73 1346 1961 15.633786393577191 0.6614061066237379
73 1347 1961 15.31265088088928 0.6922576239657884
73 1348 1961 15.051221777649785 0.7175178628900215
73 1349 1961 14.852652187404074 0.7358743720060787
73 1350 1961 14.719486302177767 0.7462943578276838
73 1345 1962 16.93060179084014 0.5585067832346255
73 1346 1962 16.574295671309812 0.5868410655687885
95 1286 2537 13.542230429290385 0.35423858873119096
95 1287 2537 13.10671602652618 0.37261019467903794
95 1288 2537 12.734991362384115 0.38714301657910144
95 1289 2537 12.432779455938153 0.39694448196383003
95 1283 2538 14.395763439290025 0.3290164483004297
95 1284 2538 13.770693700754482 0.35992839655742576
95 1285 2538 13.191891638426952 0.3903699312281981
95 1286 2538 12.66570191501437 0.41907914575546057
95 1287 2538 12.19893458462658 0.4445966784875689
95 1288 2538 11.798644201771586 0.4653914629324355
95 1289 2538 11.471791708360033 0.4800440407428307
95 1290 2538 11.224794207467582 0.48745768194080036
95 1291 2538 11.063001627044876 0.4870462128959074
95 1292 2538 10.990177660074352 0.47884272560235536
95 1293 2538 11.008088162800892 0.46349329056760047
95 1294 2538 11.116294571483651 0.44213781257389223
