# %ECSV 0.9
# ---
# datatype:
# - name: sexcat_id
#   datatype: int32
# - name: x
#   datatype: int32
# - name: y
#   datatype: int32
# - name: sep
#   datatype: float64
# - name: weight
#   datatype: float64
# schema: astropy-2.0
sexcat_id x y sep weight
161 1204 1101 7.085530325952926 0.39432076071294053
161 1205 1101 6.460397820567921 0.48111986288474745
161 1206 1101 5.93874902652056 0.558836288407656
161 1207 1101 5.549841439176352 0.6065188110654453
161 1208 1101 5.3228507399700025 0.6073279981863956
161 1209 1101 5.278706280898697 0.5609506993905553
161 1204 1102 6.376577451893666 0.495564803453731
161 1205 1102 5.673864644137968 0.6397168835573285
161 1206 1102 5.071956230094955 0.788591888116988
161 1207 1102 4.610503226329983 0.9001761680372771
161 1208 1102 4.3345980205780705 0.9256810498650808
161 1209 1102 4.280273355756555 0.8517135827529192
161 1210 1102 4.455641367973822 0.714786770885907
161 1203 1103 6.601873976379638 0.43207459725264724
161 1204 1103 5.754714588926096 0.599823914767126
161 1205 1103 4.964749741930504 0.8273289932289937
161 1206 1103 4.2638878972129595 1.1062446532921277
161 1207 1103 3.7030716979285327 1.3703570749043967
161 1208 1103 3.3533177600697877 1.4828603771661122
161 1209 1103 3.2827945412406807 1.360857983721137
161 1210 1103 3.5083813931783077 1.093555588207848
161 1211 1103 3.980042713338629 0.8160887306226693
161 1203 1104 6.167717568112115 0.4718800613926204
161 1204 1104 5.250975147532026 0.6848166821032114
161 1205 1104 4.370896933124726 1.0102675567305153
161 1206 1104 3.554819264041322 1.4932107136448198
161 1207 1104 2.858100767992521 2.1087502558331925
161 1208 1104 2.3876222481790523 2.5447845459829597
161 1209 1104 2.2875183059376254 2.3451963586882454
161 1210 1104 2.6009113787285982 1.7429510989755435
161 1211 1104 3.208853377765966 1.1912594470271716
161 1212 1104 3.978534906218645 0.8044861422183118
161 1203 1105 5.873392546050277 0.48381088674083644
161 1204 1105 4.901911871912745 0.7230041700952414
161 1205 1105 3.944710382271335 1.1218358867845524
161 1206 1105 3.0154170524157045 1.8197341455623397
161 1207 1105 2.150520867138835 3.0634798440960394
161 1208 1105 1.468584352361049 4.7731684958589415
161 1209 1105 1.2995152942539283 4.597742275930449
161 1210 1105 1.7946420255861688 2.8772228848797394
161 1211 1105 2.598603471097539 1.7131890533125314
161 1212 1105 3.504959343558828 1.0619856990442613
161 1204 1106 4.741807672185708 0.6990313100270473
161 1205 1106 3.743893695071936 1.1025225326495454
161 1206 1106 2.747497042764477 1.858453476493804
161 1207 1106 1.755203691882996 3.487529657571733
161 1208 1106 0.7827771074832556 8.103929156339017
161 1209 1106 0.3804471053904932 11.799656756505907
161 1210 1106 1.2948899567145302 4.501062693409411
161 1211 1106 2.282266417401858 2.2704291095600007
161 1212 1106 3.277306821156735 1.3066058373515537
161 1204 1107 4.7896492564695565 0.6227601514552209
161 1205 1107 3.804305455664611 0.9637061512136368
161 1206 1107 2.8292649222014674 1.5746906297290049
161 1207 1107 1.8806222374522297 2.778427331630582
161 1208 1107 1.0337988198871109 5.403350829202562
161 1209 1107 0.7750741899974066 8.315236132185431
161 1210 1107 1.460390358774081 4.715856875231915
161 1211 1107 2.380071427499696 2.467948011378712
161 1212 1107 3.3461530150309313 1.4230444978151502
161 1205 1108 4.114455006437628 0.7740086600298698
161 1206 1108 3.234306726332524 1.1845074321015012
161 1207 1108 2.4480073529301256 1.8543039187448505
161 1208 1108 1.8774290932016884 2.841315782827912
161 1209 1108 1.748353511164223 3.617936402057915
161 1210 1108 2.14213444956203 3.119287233610992
161 1211 1108 2.849691211342129 2.0896824153955973
161 1212 1108 3.6949614341696075 1.3327254836943159
161 1206 1109 3.8622195691078907 0.8482084482373485
161 1207 1109 3.232451082383165 1.2047711213430812
161 1208 1109 2.82502035390902 1.6301539878869105
161 1209 1109 2.740937795718903 1.9427383841250727
161 1210 1109 3.0074474226494052 1.8860276101939477
161 1211 1109 3.546369975059103 1.514622345556825
161 1207 1110 4.111537425343496 0.7970689008983728
161 1208 1110 3.7995710284189155 1.0063535153910765
161 1209 1110 3.7374777591312203 1.159952976941858
161 1210 1110 3.937097915978301 1.1753586743177642
163 1145 1114 6.207347984445622 0.2517132181321073
163 1146 1114 5.74065928269577 0.28391432267733985
163 1147 1114 5.420255436785344 0.3027867167446306
163 1144 1115 6.047906166600218 0.30039145842051435
163 1145 1115 5.385273344965967 0.37299212085522854
163 1146 1115 4.839955475001904 0.44105276984161784
163 1147 1115 4.455240622009195 0.48678664844258873
163 1148 1115 4.274712738886773 0.4939978503750762
163 1149 1115 4.324022317241302 0.45980602075158816
163 1150 1115 4.595777300958002 0.3970739179141893
163 1143 1116 6.214754138338923 0.30527299913500533
163 1144 1116 5.389542559438671 0.41463927989489885
163 1145 1116 4.633699278114704 0.5518284477174323
163 1146 1116 3.986874590453116 0.7015248556519496
163 1147 1116 3.509867376411918 0.8215816720941377
163 1148 1116 3.2776773788767954 0.8556728844613267
163 1149 1116 3.3417314374438645 0.7838659961338865
163 1150 1116 3.6866202679419824 0.6460855078468832
163 1151 1116 4.244427994441724 0.4977112260860396
163 1143 1117 5.752666251400351 0.37640448577966473
163 1144 1117 4.8494503812288405 0.5452164137573328
163 1145 1117 3.9926393526088133 0.7916500063007677
163 1146 1117 3.219498252833895 1.1231755552206217
163 1147 1117 2.6056033850147804 1.4702254352745245
163 1148 1117 2.2832365186288652 1.6250043205037261
163 1149 1117 2.374272309572017 1.4451404240725727
163 1150 1117 2.8392197871951397 1.0931677979889651
163 1151 1117 3.5334358632923273 0.7677584929054778
163 1152 1117 4.348467431176227 0.5285180676547078
163 1142 1118 6.413982304309888 0.2883150549294588
163 1143 1118 5.4372023136904115 0.4276633282524273
163 1144 1118 4.470701175431024 0.6542086795845738
163 1145 1118 3.52294890681093 1.0364274714672514
163 1146 1118 2.6144156134785272 1.6956339288859499
163 1147 1118 1.8053168696935953 2.7462742439272594
163 1148 1118 1.2973700320264299 3.6250011215801163
163 1149 1118 1.451609107163577 2.9918865396206185
163 1150 1118 2.1286542697207116 1.8816860033067726
163 1151 1118 2.99251883870431 1.1455375264088976
163 1152 1118 3.9216283607705833 0.7177273254360844
163 1143 1119 5.294635870388083 0.4376030990589427
163 1144 1119 4.296180745732207 0.6857897350648915
163 1145 1119 3.2986616983255685 1.1364115392655194
163 1146 1119 2.30329524811738 2.0464261184806065
163 1147 1119 1.314978707051974 4.248499823142411
163 1148 1119 0.3913681131620962 11.430019580801218
163 1149 1119 0.7597163944525861 6.718218083829776
163 1150 1119 1.7323882359332783 2.8765502525650435
163 1151 1119 2.724916328990671 1.5043954113632987
163 1152 1119 3.721447164746528 0.875033840969352
163 1143 1120 5.33883592180917 0.4013789961444164
163 1144 1120 4.350536633566018 0.6194122965430559
163 1145 1120 3.3691495959663063 1.0013755708335006
163 1146 1120 2.4031581304608114 1.722062396345445
163 1147 1120 1.4829595409180527 3.1974550320331065
163 1148 1120 0.7894105395799192 5.854708719308202
163 1149 1120 1.0233127576649463 5.277666044538475
163 1150 1120 1.8631073506375888 2.790474621385487
163 1151 1120 2.8098343367536445 1.527422239691251
163 1152 1120 3.7840677848050994 0.9011456256053502
163 1144 1121 4.625707405359719 0.49596520187413
163 1145 1121 3.717683283982072 0.7491768165271814
163 1146 1121 2.8714402309641938 1.1474882558213555
163 1147 1121 2.1608259994732757 1.72449376405537
163 1148 1121 1.7587407426905362 2.304196428302851
163 1149 1121 1.8754116881366707 2.3348325927447453
163 1150 1121 2.43745133284741 1.7766842687774411
163 1151 1121 3.2194982528337537 1.1876789481245023
163 1146 1122 3.5658335631377276 0.7172057126067961
163 1147 1122 3.023105853257454 0.9490724084006622
163 1148 1122 2.7501216336735834 1.1397266780203066
163 1149 1122 2.8261579927526057 1.1761104976676604
163 1150 1122 3.2266343145760126 1.030881612310339
140 2202 1034 5.181730405955106 0.36193591414817095
140 2203 1034 4.8687092745408345 0.3877850309642362
140 2204 1034 4.749561032348169 0.38529725907971485
140 2200 1035 5.535732110570297 0.3702055914752379
140 2201 1035 4.847507607007889 0.47402205385127105
140 2202 1035 4.2839619512782345 0.5749524202092183
140 2203 1035 3.8995294587937 0.6420138713889004
140 2204 1035 3.749710655503989 0.6458460354836131
140 2205 1035 3.861907559743038 0.5845486665788857
140 2206 1035 4.215249696044197 0.48562569497555946
140 2199 1036 5.769950606374266 0.359475579366196
140 2200 1036 4.913891533194342 0.5067061841683697
140 2201 1036 4.123145643801502 0.70452126799775
140 2202 1036 3.4430117629772297 0.9363992620315412
140 2203 1036 2.950987970155053 1.128854404490145
140 2204 1036 2.749969090735405 1.1669005868760247
140 2205 1036 2.901091174024074 1.0215834714301404
140 2206 1036 3.3571312157853836 0.7923517093077282
140 2199 1037 5.366034848936291 0.43031223374563
140 2200 1037 4.432643680694286 0.648058658092832
140 2201 1037 3.535863402338848 0.9937503421223965
140 2202 1037 2.7122555189361353 1.5170263106459834
140 2203 1037 2.0519088673719876 2.13880213999286
140 2204 1037 1.7505227790577484 2.3817946870531035
140 2205 1037 1.979477203708174 1.9377921365673627
140 2206 1037 2.602370073606097 1.3196275944371116
140 2207 1037 3.4097404593313065 0.8590679136315345
140 2199 1038 5.127994734786559 0.4673354300968164
140 2200 1038 4.1412956909642356 0.7364129863342093
140 2201 1038 3.162962219186187 1.2230819714038932
140 2202 1038 2.2041619722696146 2.1775053013888015
140 2203 1038 1.308560277556883 4.15510132926202
140 2204 1038 0.7525490017268083 6.29414394996857
140 2205 1038 1.1917759856618546 3.9929437237069254
140 2206 1038 2.067445283435708 2.097210786167117
140 2207 1038 3.021312628643521 1.183565427912815
140 2199 1039 5.0792056465552395 0.4527613960848466
140 2200 1039 4.080726650977605 0.716543321871392
140 2201 1039 3.08323369208355 1.2031977876868878
140 2202 1039 2.0881403209553304 2.2102973859996884
140 2203 1039 1.1019664241707636 4.7600170595912585
140 2204 1039 0.26140007651102265 13.150768619552691
140 2205 1039 0.9603801330724401 5.815893172942983
140 2206 1039 1.9432781581648333 2.5630556613940425
140 2207 1039 2.937742330430083 1.3592094440426856
140 2200 1040 4.260789832882965 0.6021883174418473
140 2201 1040 3.3178803474506298 0.9539137686316778
140 2202 1040 2.421224896617285 1.565917715848502
140 2203 1040 1.6481292425048626 2.583240322590083
140 2204 1040 1.2531280860310814 3.6236769529800714
140 2205 1040 1.5570260113434813 3.178836096121102
140 2206 1040 2.297461642770225 2.0120915579994456
140 2207 1040 3.183132105332848 1.212645369640028
140 2202 1041 3.060119278720902 0.9696588103556278
140 2203 1041 2.493657955694727 1.336768086224248
140 2204 1041 2.2521833850732214 1.6144601981048863
140 2205 1041 2.434405471567985 1.5720246423562572
140 2206 1041 2.9631621622854887 1.2512115325574453
326 1954 1763 20.876237616007472 0.1707176852588471
326 1955 1763 20.343679534440298 0.1759807961986525
326 1956 1763 19.847249104095127 0.1805928562603065
326 1957 1763 19.389721426570436 0.18445775101752854
326 1958 1763 18.973910956890368 0.18749079424981355
326 1959 1763 18.602615326883587 0.18962284561609846
326 1960 1763 18.27854745323063 0.19080387737066234
326 1961 1763 18.004257746433307 0.1910056666466792
326 1962 1763 17.782049853714938 0.19022335478316899
326 1963 1763 17.613894997983927 0.1884757186833429
326 1964 1763 17.501351290686188 0.1858041268472145
326 1950 1764 22.577583949572773 0.1634513102281945
326 1951 1764 21.90423011657807 0.17188972629471377
326 1952 1764 21.25660596144186 0.18012019048455633
326 1953 1764 20.637133933761376 0.18801444008684864
326 1954 1764 20.04842380338178 0.19543552872297504
326 1955 1764 19.493262861819847 0.20224192385369114
326 1956 1764 18.9745960958331 0.2082926270172704
326 1957 1764 18.495493964747318 0.2134530948214846
326 1958 1764 18.05910565338174 0.217601599030198
326 1959 1764 17.668596350587784 0.2206355444824436
326 1960 1764 17.32706833252538 0.22247719093173646
326 1961 1764 17.037467446777516 0.2230782221377931
326 1962 1764 16.802478894496588 0.2224226845356341
326 1963 1764 16.624418696604195 0.22052797397101556
326 1964 1764 16.505129414821408 0.21744376015904204
326 1965 1764 16.4458899728778 0.21324896908201482
326 1966 1764 16.447349239315205 0.20804715298786014
326 1967 1764 16.509491118747487 0.20196073080016244
326 1968 1764 16.631635427702292 0.1951246571545769
326 1969 1764 16.812474446077285 0.18768007213215795
326 1970 1764 17.050140673906522 0.17976840853740497
326 1971 1764 17.34229791578963 0.17152631253232323
326 1972 1764 17.686245983814686 0.16308159347228016
326 1973 1764 18.079029205131587 0.15455028396995193
326 1949 1765 22.57922268369764 0.17336263954908107
326 1950 1765 21.86022179667914 0.18379852138990532
326 1951 1765 21.164056723605842 0.19423078863556734
326 1952 1765 20.49305484792361 0.20451736770605516
326 1953 1765 19.84976818504451 0.21449715934242122
326 1954 1765 19.236977335330128 0.22399318238581942
326 1955 1765 18.657687343291094 0.2328174609688801
326 1956 1765 18.1151123926959 0.24077766355301522
326 1957 1765 17.612645939778734 0.24768528798654066
326 1958 1765 17.15381289976092 0.25336493891395273
326 1959 1765 16.742201079905946 0.2576640020204069
326 1960 1765 16.381370424967614 0.26046183537273443
326 1961 1765 16.074740962143167 0.2616775236733106
326 1962 1765 15.82546356351065 0.2612753135434312
326 1963 1765 15.636281431337919 0.2592670740033062
326 1964 1765 15.509393830836935 0.2557114757022837
326 1965 1765 15.446336038038359 0.250709991768095
326 1966 1765 15.447889726431967 0.24440021218774127
326 1967 1765 15.514035484038383 0.23694725793611018
326 1968 1765 15.643954007858813 0.22853423223758285
326 1969 1765 15.836075808103521 0.21935264278660255
326 1970 1765 16.088172581123107 0.2095935938730715
326 1971 1765 16.3974783732134 0.19944032771503234
326 1972 1765 16.760826262449022 0.18906244357820534
326 1973 1765 17.174786665341745 0.178611888162641
326 1974 1765 17.635795899249924 0.16822062257569634
326 1948 1766 22.669258854228257 0.18118560575297854
326 1949 1766 21.907608198979776 0.19365502890679526
326 1950 1766 21.16580489846785 0.20640231704603548
326 1951 1766 20.446009317223876 0.21928846483153994
326 1952 1766 19.75062776217519 0.23214422517870326
326 1953 1766 19.082329443755157 0.24477060818345173
326 1954 1766 18.44405858264403 0.2569415622910334
326 1955 1766 17.839038567142698 0.2684092807197716
326 1956 1766 17.2707642274453 0.2789123843124525
326 1957 1766 16.742977542838794 0.2881869187617928
326 1958 1766 16.259621674565615 0.2959796880861697
326 1959 1766 15.824768465920874 0.30206298332283793
326 1960 1766 15.442515889582355 0.30624934769843254
326 1961 1766 15.11685473238409 0.3084047582554827
326 1962 1766 14.851508239906243 0.30845859774657175
326 1963 1766 14.649754161759944 0.3064090881210215
326 1964 1766 14.514244623817065 0.30232342891031416
326 1965 1766 14.446843842168516 0.296332620951261
326 1966 1766 14.448505009169708 0.2886216973658968
326 1967 1766 14.519204420353132 0.27941666735597875
326 1968 1766 14.657943136743357 0.2689697912900912
326 1969 1766 14.862815917584442 0.2575448142641215
326 1970 1766 15.131136672438103 0.24540353491466815
326 1971 1766 15.459602097078728 0.232794673791155
326 1972 1766 15.844472127527656 0.2199455425007584
326 1973 1766 16.281747357086726 0.20705659469665233
326 1974 1766 16.767328260638315 0.19429862077521382
326 1947 1767 22.84664739081002 0.18638014727046925
326 1948 1767 22.0457999854849 0.20077549073666856
326 1949 1767 21.26182722627587 0.2157943363438796
326 1950 1767 20.496665509297006 0.23132389612629548
326 1951 1767 19.752501031515106 0.24721213625723606
326 1952 1767 19.031796998707325 0.2632640679409046
326 1953 1767 18.337319787799004 0.27923991128692477
326 1954 1767 17.672161639143205 0.2948560585262955
326 1955 1767 17.039756365629305 0.309789771656772
326 1956 1767 16.443883270079613 0.3236883821580692
326 1957 1767 15.888653089548026 0.33618336188630754
326 1958 1767 15.378468616868318 0.34690898974356343
326 1959 1767 14.917952171796355 0.35552450409280995
326 1960 1767 14.511832999314846 0.36173775079193593
326 1961 1767 14.164790750307718 0.36532763143096264
326 1962 1767 13.881257039620111 0.36616236654578255
326 1963 1767 13.665185582347672 0.36421088729480755
326 1964 1767 13.519811278268733 0.3595455753575429
326 1965 1767 13.447427151689732 0.35233591161877864
326 1966 1767 13.449211761289282 0.3428340457137565
326 1967 1767 13.525135747932504 0.33135449703982506
326 1968 1767 13.673964202088637 0.3182508699724547
326 1969 1767 13.8933544185701 0.30389251570518966
326 1970 1767 14.180031629019771 0.28864358959139025
326 1971 1767 14.530013661383833 0.27284614781928823
326 1972 1767 14.938851930453044 0.25680804243082145
326 1973 1767 15.401860179861405 0.24079560319296944
326 1974 1767 15.91431107525551 0.225030547055532
326 1975 1767 16.471590603217404 0.20969025501973454
326 1976 1767 17.069308626889367 0.19491046739054999
326 1946 1768 23.10937681981075 0.18855964647992787
326 1947 1768 22.27310703516701 0.20461751448652626
326 1948 1768 21.450857721779002 0.22168004403897182
326 1949 1768 20.644304226590094 0.23968581530353472
326 1950 1768 19.855359402438562 0.2585309908059898
326 1951 1768 19.08620698305468 0.2780608824078166
326 1952 1768 18.339337419874386 0.2980620788564704
326 1953 1768 17.61758487988648 0.3182562618703631
326 1954 1768 16.924163110771666 0.3382971822462992
326 1955 1768 16.26269648613059 0.3577725141667777
326 1956 1768 15.637240709281292 0.37621232306607283
326 1957 1768 15.052285441088468 0.39310551809401967
326 1958 1768 14.512728792339628 0.40792479289228517
326 1959 1768 14.023811785673802 0.42015917330309677
326 1960 1768 13.59100058862493 0.42935155829444116
326 1961 1768 13.219806995565516 0.4351369496378748
326 1962 1768 12.915544781386604 0.43727595806805714
326 1963 1768 12.68303185362248 0.43567816007009624
326 1964 1768 12.5262642874882 0.43041119840659176
326 1965 1768 12.448104152841992 0.4216939600768281
326 1966 1768 12.450032007991057 0.4098750841980209
326 1967 1768 12.532010892111513 0.3954006104714804
326 1968 1768 12.692489787271896 0.3787760855396737
326 1969 1768 12.92854581923277 0.36052861922290963
326 1970 1768 13.236136029823845 0.3411734058792356
326 1971 1768 13.61041134573091 0.3211875846916006
326 1972 1768 14.046042040375662 0.30099255733424374
326 1973 1768 14.537513439374708 0.2809444301446069
326 1974 1768 15.079366598103517 0.26133130265041565
326 1975 1768 15.666374724230229 0.24237569282038315
326 1976 1768 16.293658183477383 0.22424036055353616
326 1977 1768 16.9567478308784 0.20703601330587612
326 1978 1768 17.651608906839034 0.190829713979181
326 1945 1769 23.45457944624048 0.1875551226063063
326 1946 1769 22.58683902187303 0.20487119838209597
326 1947 1769 21.730469323049743 0.22356825544484588
326 1948 1769 20.88686900902109 0.2436570461164002
326 1949 1769 20.057649338843408 0.2651111398265855
326 1950 1769 19.24466931386469 0.28785500054600244
326 1951 1769 18.450075799302425 0.3117506122501461
326 1952 1769 17.67634851998582 0.3365834116838489
326 1953 1769 16.926349192900535 0.3620488731289941
326 1954 1769 16.203373013048992 0.3877418003607637
326 1955 1769 15.511199083243183 0.41315111142836214
326 1956 1769 14.854134003704287 0.4376634441094053
326 1957 1769 14.237039615032463 0.46057894809693456
326 1958 1769 13.665331938888402 0.4811417945253525
326 1959 1769 13.144934271421947 0.49858594152557134
326 1960 1769 12.682164523455885 0.512193568821744
326 1961 1769 12.283537641901164 0.5213598736064942
326 1962 1769 11.955471425251393 0.5256546966091769
326 1963 1769 11.703900930886348 0.5248700759147641
326 1964 1769 11.533832710768875 0.5190443120606469
326 1965 1769 11.44889937941643 0.5084574840571882
326 1966 1769 11.450995458911057 0.49359937345460025
326 1967 1769 11.54007352662891 0.47511645111549383
326 1968 1769 11.7141494356185 0.453748129516627
326 1969 1769 11.96951532017905 0.4302630334152914
326 1970 1769 12.301109584098532 0.40540396363586567
326 1971 1769 12.702964102917104 0.3798467106904918
326 1972 1769 13.168648260167036 0.35417424421523197
326 1973 1769 13.691650630950239 0.32886499678587117
326 1974 1769 14.265668473646787 0.30429234083837836
326 1975 1769 14.88480087203049 0.280731828479549
326 1976 1769 15.543657774153399 0.2583729958980656
326 1977 1769 16.237404256838566 0.2373331631801827
326 1978 1769 16.961759843836926 0.21767140159507123
326 1979 1769 17.71296973971329 0.19940151954780452
326 1944 1770 23.878678711352656 0.1834449584977184
326 1945 1770 22.98345702891552 0.20151564991687326
326 1946 1770 22.097223739646708 0.22129546470906877
326 1947 1770 21.221104990080175 0.24287772769636132
326 1948 1770 20.356406780176247 0.26633225086220536
326 1949 1770 19.50464808705877 0.29169275765598995
326 1950 1770 18.66760019391901 0.3189410009170902
326 1951 1770 17.847333050066748 0.3479874608954933
326 1952 1770 17.046269298588612 0.3786489972960248
326 1953 1770 16.267246140635002 0.4106246341510744
326 1954 1770 15.513584273146042 0.4434718339016255
326 1955 1770 14.789161470482496 0.4765871327223922
326 1956 1770 14.098485627896485 0.5091966473655103
326 1957 1770 13.446757862027692 0.5403632321927618
326 1958 1770 12.839910319001582 0.5690171619251528
326 1959 1770 12.284595923350636 0.5940151763447836
326 1960 1770 11.788099804463943 0.6142278521219897
326 1961 1770 11.358137919571265 0.6286478171377973
326 1962 1770 11.002513212898334 0.6365030840171402
326 1963 1770 10.728620461177764 0.6373539653245628
326 1964 1770 10.542831545652334 0.6311520127397724
326 1965 1770 10.449846745287786 0.6182466738807381
326 1966 1770 10.452143177358485 0.599337998746909
326 1967 1770 10.549658620069243 0.5753870185674742
326 1968 1770 10.7397996722472 0.5475042681162109
326 1969 1770 11.017771870936556 0.5168386245267936
326 1970 1770 11.377139227415677 0.4844839391827084
326 1971 1770 11.810474037903829 0.4514129532499636
326 1972 1770 12.309967384197252 0.4184401220462916
326 1973 1770 12.867917352858617 0.3862094100484089
326 1974 1770 13.477065593073283 0.3552004401195381
326 1975 1770 14.13079251139155 0.3257460525497125
326 1976 1770 14.823201307409922 0.29805540050273893
326 1977 1770 15.54912528086384 0.27223831490047706
326 1978 1770 16.30408835231209 0.2483282454507583
326 1979 1770 17.084241188885112 0.22630235143491156
326 1980 1770 17.88628796033426 0.20609820718796404
326 1943 1771 24.377557240215978 0.17654098810894656
326 1944 1771 23.458757362656836 0.1948229085373892
326 1945 1771 22.546868895702705 0.2150581247655287
326 1946 1771 21.642765465623977 0.23741946792884638
326 1947 1771 20.747464833082756 0.2620755052925771
326 1948 1771 19.862157410513223 0.2891806369465458
326 1949 1771 18.988241019115097 0.3188610955660434
326 1950 1771 18.127363211454803 0.35119582909690983
326 1951 1771 17.281472651368713 0.38619130745808633
326 1952 1771 16.452881115476536 0.42374963536018684
326 1953 1771 15.644337537908221 0.46363016793581413
326 1954 1771 14.859114946725597 0.5054063505201075
326 1955 1771 14.101109779021076 0.5484219493965616
326 1956 1771 13.374950355048187 0.5917542322050608
326 1957 1771 12.686106455489146 0.6341955611976026
326 1958 1771 12.040984054470098 0.6742680514546529
326 1959 1771 11.446977636040133 0.710286225082953
326 1960 1771 10.912437720326412 0.7404772264916034
326 1961 1771 10.446496876944083 0.763155339377299
326 1962 1771 10.058692608883236 0.7769286885132086
326 1963 1771 9.758344992876713 0.7808974605305381
326 1964 1771 9.553705930161437 0.7747945768034049
326 1965 1771 9.450994497935207 0.7590292800962749
326 1966 1771 9.453533572162387 0.7346206860709213
326 1967 1771 9.561239302517281 0.7030409129932375
326 1968 1771 9.770634421571657 0.666010987276493
326 1969 1771 10.07538073722282 0.6252981346721357
326 1970 1771 10.467153242405523 0.5825516711784188
326 1971 1771 10.936603540405049 0.5391953278067074
326 1972 1771 11.47420136654399 0.49637591299986084
326 1973 1771 12.070844916574803 0.4549570082931183
326 1974 1771 12.718226959761315 0.41554244460388806
326 1975 1771 13.409000596614176 0.37851543067224985
326 1976 1771 14.136806463979024 0.34408269856265755
326 1977 1771 14.896217540033405 0.31231689767250326
326 1978 1771 15.68264317645462 0.2831936746835949
326 1979 1771 16.492219286681777 0.2566221143797429
326 1980 1771 17.321700176368317 0.23246856939788563
326 1981 1771 18.16835977737115 0.21057460173403875
326 1943 1772 24.008067331628475 0.18530797721868095
326 1944 1772 23.07455951908955 0.20537396010472142
326 1945 1772 22.146857497171148 0.22777029946306737
326 1946 1772 21.225722531871693 0.25275006564155444
326 1947 1772 20.312048074972783 0.28057750040124557
326 1948 1772 19.40688787518507 0.3115196899286996
326 1949 1772 18.511490944816007 0.3458333006659564
326 1950 1772 17.627345148944148 0.3837445430030974
326 1951 1772 16.756231587084386 0.4254201723346022
326 1952 1772 15.900292355802907 0.4709271703046097
326 1953 1772 15.06211462577563 0.5201790577522437
326 1954 1772 14.244834046067504 0.5728680455330292
326 1955 1772 13.452259921663856 0.6283850973887758
326 1956 1772 12.689022696803859 0.6857352048278355
326 1957 1772 11.960739818255526 0.7434631690988546
326 1958 1772 11.274187199084597 0.7996151635057499
326 1959 1772 10.637447861211953 0.8517700730093456
326 1960 1772 10.059984940346707 0.8971755132357594
326 1961 1772 9.552554475113048 0.9330079572105804
326 1962 1772 9.126844854603485 0.9567395489233472
326 1963 1772 8.794731206807965 0.9665433207796625
326 1964 1772 8.56710552053619 0.9616278659073365
326 1965 1772 8.452413678944104 0.9423926972037084
326 1966 1772 8.455252627804873 0.9103490498850164
326 1967 1772 8.575505641068693 0.8678346383023027
326 1968 1772 8.808365171812573 0.8176188046418538
326 1969 1772 9.145233567274294 0.7625127447610407
326 1970 1772 9.575139529009501 0.7050694019714043
326 1971 1772 10.086193385018952 0.6474067561702567
326 1972 1772 10.666737879970608 0.5911450400792368
326 1973 1772 11.306073456333088 0.5374259291801088
326 1974 1772 11.994802916263334 0.48697812118615824
326 1975 1772 12.724908526193781 0.44020072246721964
326 1976 1772 13.48967371732908 0.39724593580045287
326 1977 1772 14.28353237123082 0.35809138280572134
326 1978 1772 15.101897132479698 0.32259853633136876
326 1979 1772 15.9409942287173 0.2905573153062535
326 1980 1772 16.79771701749967 0.26171860582005885
326 1981 1772 17.66950188884785 0.23581703441356008
326 1982 1772 18.554225852888543 0.2125862716919661
326 1943 1773 23.675077550031514 0.19298567681818196
326 1944 1773 22.72789688906578 0.2147359888326256
326 1945 1773 21.785437727987148 0.23920346990782904
326 1946 1773 20.848340389585104 0.2667335011298076
326 1947 1773 19.917361697775267 0.2977042985813165
326 1948 1773 18.99340140680455 0.33252275380069796
326 1949 1773 18.07753570042125 0.3716153364345246
326 1950 1773 17.171059868278505 0.41541149162053886
326 1951 1773 16.2755429095316 0.46431600066136053
326 1952 1773 15.392897615459027 0.518665680204614
326 1953 1773 14.525470629208678 0.578664810530277
326 1954 1773 13.67615797656651 0.644293370992398
326 1955 1773 12.848552330904969 0.7151836321657886
326 1956 1773 12.047128164006693 0.790465785585486
326 1957 1773 11.2774685546005 0.8685946579428123
326 1958 1773 10.546530092879024 0.9471894591759411
326 1959 1773 9.862925377391974 1.0229461521544223
326 1960 1773 9.237169317491285 1.0917084166964748
326 1961 1773 8.681779598676885 1.148786479869402
326 1962 1773 8.21104725354823 1.1895630873070278
326 1963 1773 7.840235774516078 1.210308419922115
326 1964 1773 7.584015888696535 1.2089803003368074
326 1965 1773 7.454213372315101 1.1857124600997921
326 1966 1773 7.457432332914664 1.1427815156204049
326 1967 1773 7.593503605056155 1.0840673967016425
326 1968 1773 7.855526525956144 1.0142360154369163
326 1969 1773 8.231482065825107 0.9379400845296845
326 1970 1773 8.706623742875314 0.859245959328918
326 1971 1773 9.265705423765635 0.7813478770026333
326 1972 1773 9.8945084263949 0.7065207834645412
326 1973 1773 10.58060948149961 0.6362206615546643
326 1974 1773 11.313589041502224 0.57124886102838
326 1975 1773 12.084920231428878 0.5119243382392763
326 1976 1773 12.887718843922643 0.4582346893411993
326 1977 1773 13.716460804449468 0.40995569308380436
326 1978 1773 14.566718813789135 0.36673956300459093
326 1979 1773 15.434937544415206 0.32817668117620413
326 1980 1773 16.318250427052465 0.2938367636283438
326 1981 1773 17.214334056245036 0.2632949701139008
326 1982 1773 18.121294021123255 0.23614745209276589
326 1943 1774 23.38014749739629 0.19929240426508488
326 1944 1774 22.42051063200849 0.22255023597740556
326 1945 1774 21.464559091674946 0.24890091843878867
326 1946 1774 20.512808120781646 0.2787891138703823
326 1947 1774 19.565870719188684 0.31271951524846003
326 1948 1774 18.624481120289094 0.3512598507055663
326 1949 1774 17.68952506428606 0.39504032868256006
326 1950 1774 16.76207913714777 0.444746709409404
326 1951 1774 15.843462279438931 0.5011026316129557
326 1952 1774 14.935303713015147 0.5648346112856454
326 1953 1774 14.039633079251175 0.6366101838487395
326 1954 1774 13.159000607949055 0.7169361767832624
326 1955 1774 12.29663762985652 0.8060009787694745
326 1956 1774 11.456670415090203 0.9034443330457915
326 1957 1774 10.644402143850208 1.0080457703109342
326 1958 1774 9.86667608670735 1.1173471767868646
326 1959 1774 9.132321555880655 1.2272772197736972
326 1960 1774 8.452650294434417 1.331929385375425
326 1961 1774 7.841893712618274 1.423735505106217
326 1962 1774 7.317328542576299 1.4942902207864217
326 1963 1774 6.898644577016674 1.5358952755291753
326 1964 1774 6.6060046170133235 1.5434693029499882
326 1965 1774 6.456570064670647 1.5160422385466366
326 1966 1774 6.460286139173782 1.4570605894125706
326 1967 1774 6.616894815546085 1.3733316110016067
326 1968 1774 6.916017423344193 1.2731818568839581
326 1969 1774 7.340251834916852 1.164683400069176
326 1970 1774 7.8693898746980375 1.0545090636671426
326 1971 1774 8.483825611126136 0.9475062083572705
326 1972 1774 9.166422257347712 0.8467827021485219
326 1973 1774 9.903095324190275 0.7540409617940989
326 1974 1774 10.68266338513009 0.6699671256385554
326 1975 1774 11.496403655056604 0.594575037342019
326 1976 1774 12.3375563625865 0.527471146599377
326 1977 1774 13.20088243262542 0.46804146404938324
326 1978 1774 14.082304392392539 0.4155751893058709
326 1979 1774 14.978628007931766 0.3693418543035303
326 1980 1774 15.887331336634158 0.32863647133651797
326 1981 1774 16.8064064273121 0.2928036711773609
326 1982 1774 17.7342408069812 0.2612485886672749
326 1943 1775 23.12473344711255 0.20397783797871932
326 1944 1775 22.154035682015266 0.2284894811567603
326 1945 1775 21.186063744830125 0.2564344211346534
326 1946 1775 20.221209088479483 0.28835607272901737
326 1947 1775 19.25994021278376 0.32488853671782825
326 1948 1775 18.302822104801347 0.3667694951754703
326 1949 1775 17.350541691832117 0.4148526043576119
326 1950 1775 16.40394150806459 0.47011723259513744
326 1951 1775 15.46406469851973 0.5336716292042665
326 1952 1775 14.532215832418808 0.606742695764169
326 1953 1775 13.61004397494746 0.6906408461209782
326 1954 1775 12.699657357582662 0.7866812188272931
326 1955 1775 11.803783164731687 0.8960321108974187
326 1956 1775 10.925991808527177 1.0194483855772658
326 1957 1775 10.071012709752816 1.1568357855190574
326 1958 1775 9.24517695882575 1.306594410098394
326 1959 1775 8.457026486892559 1.4647360752330585
326 1960 1775 7.718114860508496 1.62391246591144
326 1961 1775 7.04395464210282 1.7727753930134302
326 1962 1775 6.454866148883464 1.8964483688721605
326 1963 1775 5.976060324327509 1.97895254680639
326 1964 1775 5.6357161922865835 2.0075917142877517
326 1965 1775 5.459789098490981 1.977551073277446
326 1966 1775 5.464183104545522 1.8938755222520827
326 1967 1775 5.648477405460741 1.769399955843115
326 1968 1775 5.996106820262652 1.620122363028953
326 1969 1775 6.480840763357796 1.4608533415517715
326 1970 1775 7.074552777384577 1.3028433339824643
326 1971 1775 7.752244642682506 1.1533490199961303
326 1972 1775 8.493838767012203 1.0162890125752
326 1973 1775 9.284034521693634 0.8932170875712118
326 1974 1775 10.111443863266953 0.7842001248089909
326 1975 1775 10.967647742337402 0.6884688862555883
326 1976 1775 11.846404391206578 0.6048489281517457
326 1977 1775 12.743048967966741 0.5320238009580105
326 1978 1775 13.654057894999495 0.46868440791390426
326 1979 1775 14.576738215389538 0.4136064387369737
326 1980 1775 15.509006963696855 0.36568471940293484
326 1981 1775 16.449233933530078 0.323943003304049
326 1982 1775 17.396128793498775 0.2875305770883443
326 1983 1775 18.348659269821237 0.2557124211211532
326 1943 1776 22.91015707060966 0.20684471915421138
326 1944 1776 21.929963451862054 0.23228770610375607
326 1945 1776 20.95164186883704 0.2614447011901642
326 1946 1776 19.975467378762506 0.29494830971254105
326 1947 1776 19.00177089115656 0.3335525885162132
326 1948 1776 18.03095385718694 0.378157428012526
326 1949 1776 17.063507757785455 0.42983695301018576
326 1950 1776 16.100040279452852 0.4898715445866993
326 1951 1776 15.141310940602335 0.5597818616373635
326 1952 1776 14.188280269292813 0.6413607978344223
326 1953 1776 13.242178710469192 0.7366946198557274
326 1954 1776 12.304604707181912 0.848155794778952
326 1955 1776 11.377666588541038 0.9783342259169565
326 1956 1776 10.46419117753507 1.129846259603977
326 1957 1776 9.568035169249882 1.304916677547294
326 1958 1776 8.694555595313792 1.5045672501418033
326 1959 1776 7.851324537936396 1.727188382987072
326 1960 1776 7.049205416215499 1.9663098496160616
326 1961 1776 6.303911246202766 2.2077621787521906
326 1962 1776 5.638022436989895 2.4275045061174665
326 1963 1776 5.0828433971549085 2.5931175453968063
326 1964 1776 4.6779586359865375 2.6723071689022193
326 1965 1776 4.464448118188944 2.646958877779012
326 1966 1776 4.469820689915936 2.523068816381794
326 1967 1776 4.69332472773836 2.327305643831321
326 1968 1776 5.106397653923961 2.093571786605203
326 1969 1776 5.667741790166512 1.8508652646551007
326 1970 1776 6.338083069824793 1.6183890791218443
326 1971 1776 7.086557485831851 1.40627909358775
326 1972 1776 7.890962995731207 1.2183572717045865
326 1973 1776 8.735862693517968 1.0547514378326828
326 1974 1776 9.61058255258227 0.9137312761549287
326 1975 1776 10.507678002299011 0.7928128612500508
326 1976 1776 11.421877997947549 0.6893573680704883
326 1977 1776 12.34938447858832 0.6008641460246811
326 1978 1776 13.287411222657251 0.5250934922822966
326 1979 1776 14.233878494633768 0.46010048489898236
326 1980 1776 15.18720833464786 0.40422567910505974
326 1981 1776 16.146185215090195 0.3560672859838942
326 1982 1776 17.109859642907562 0.3144474957529231
326 1983 1776 18.077480383062145 0.27837909097227365
326 1984 1776 19.0484460521061 0.24703504520138347
326 1943 1777 22.73757456282454 0.2077675341753006
326 1944 1777 21.749604525140345 0.23376680944965317
326 1945 1777 20.762786349620928 0.2636796579078225
326 1946 1777 19.777292458777186 0.2982092379530336
326 1947 1777 18.793331184226087 0.338206990248573
326 1948 1777 17.811156531792214 0.3847082431459286
326 1949 1777 16.831081278396947 0.43897699560677167
326 1950 1777 15.853494788216382 0.5025620420923258
326 1951 1777 14.878887626432421 0.5773667030307409
326 1952 1777 13.907886144199038 0.6657339470403936
326 1953 1777 12.941301982412872 0.7705467954800412
326 1954 1777 11.980204380560588 0.8953387547499659
326 1955 1777 11.026028160675216 1.0443967050651752
326 1956 1777 10.080738911409355 1.222810935109351
326 1957 1777 9.14709227022459 1.436367028793685
326 1958 1777 8.229052011015742 1.691050060867026
326 1959 1777 7.332482321833583 1.9916918629244995
326 1960 1777 6.466320205495687 2.338897294209476
326 1961 1777 5.644581206785987 2.7229986238205512
326 1962 1777 4.88971338628363 3.1144357000297784
326 1963 1777 4.237605101941555 3.454586430828457
326 1964 1777 3.7423651612317137 3.661780254147575
326 1965 1777 3.4717858516908335 3.669297435158134
326 1966 1777 3.4786918518317225 3.4744507731344783
326 1967 1777 3.761555130527824 3.1408450292172687
326 1968 1777 4.265828993290749 2.750730858752116
326 1969 1777 4.923951360442114 2.364851698625898
326 1970 1777 5.682719155474738 2.014571936448345
326 1971 1777 6.50701905637284 1.7106054796242274
326 1972 1777 7.3749099655520585 1.4528286618143889
326 1973 1777 8.27268378460091 1.2365789734067965
326 1974 1777 9.1915883828639 1.05589405087719
326 1975 1777 10.125872653751793 0.9049515367062276
326 1976 1777 11.071643825557167 0.7786060011806427
326 1977 1777 12.026192123860234 0.672514768433324
326 1978 1777 12.987582415522825 0.583094556482622
326 1979 1777 13.9544006320586 0.5074203553839528
326 1980 1777 14.925592015059143 0.44311474142787366
326 1981 1777 15.900355247603652 0.38824650723199844
326 1982 1777 16.87807148343663 0.3412444279740256
326 1983 1777 17.858255709894976 0.3008264978564189
326 1984 1777 18.8405227369093 0.2659429233225939
326 1985 1777 19.82456297122325 0.2357306177228217
326 1986 1777 20.81012486747727 0.20947701670934635
326 1942 1778 23.602357869501212 0.18395693021758516
326 1943 1778 22.607947651213397 0.20670509671080944
326 1944 1778 21.614053229322934 0.23285573219007796
326 1945 1778 20.620749186196047 0.2630233987468349
326 1946 1778 19.628125152444 0.2979558247424415
326 1947 1778 18.6362897863283 0.33856812498609745
326 1948 1778 17.64537607986875 0.385987275010323
326 1949 1778 16.65554853494787 0.44161033428011115
326 1950 1778 15.667013020994265 0.5071812120162208
326 1951 1778 14.68003055173945 0.5848925465408791
326 1952 1778 13.694936911136299 0.6775216405516781
326 1953 1778 12.712171215020792 0.7886123845118398
326 1954 1778 11.732318483573609 0.922718372233972
326 1955 1778 10.75617483123079 1.0857245108303757
326 1956 1778 9.784850382095913 1.2852606746280835
326 1957 1778 8.819937471433814 1.5311976680989738
326 1958 1778 7.863796602151029 1.8361343649405786
326 1959 1778 6.920064811835352 2.2155388230634845
326 1960 1778 5.994605658423381 2.686511247108366
326 1961 1778 5.097381386555394 3.2623112522155453
326 1962 1778 4.246327472063497 3.935761253313141
326 1963 1778 3.4755283051646897 4.640405210897039
326 1964 1778 2.8508414547288865 5.197783365721292
326 1965 1778 2.4850144868794004 5.354682069771671
326 1966 1778 2.494653683379772 5.0183415162086
326 1967 1778 2.875986265613944 4.375572041012991
326 1968 1778 3.5098856106716374 3.668829857244399
326 1969 1778 4.285708459519801 3.0293004170067137
326 1970 1778 5.139581403188334 2.4944433731359403
326 1971 1778 6.038484660906173 2.0604864564283396
326 1972 1778 6.96500516869865 1.711562575082655
326 1973 1778 7.909443532891469 1.4308770126980954
326 1974 1778 8.86607562566429 1.2040246369854648
326 1975 1778 9.831342583797912 1.0194982208815753
326 1976 1778 10.802930019212289 0.8683461001547228
326 1977 1778 11.779274043844882 0.743660910706109
326 1978 1778 12.759282777648497 0.6401108184351412
326 1979 1778 13.74217220820629 0.5535619011278626
326 1980 1778 14.727365582479342 0.4807886003189781
326 1981 1778 15.714429579211485 0.4192560058837046
326 1982 1778 16.70303256896773 0.3669571492059165
326 1983 1778 17.692916576980643 0.32229133282899175
326 1984 1778 18.68387799681844 0.2839727732374709
326 1985 1778 19.675754038917947 0.25096159733917806
326 1986 1778 20.66841302567751 0.2224113662733199
326 1987 1778 21.661747321026425 0.19762887951830263
326 1942 1779 23.520061585803845 0.18120614937876658
326 1943 1779 22.52201804901162 0.20370479121543628
326 1944 1779 21.524156127476985 0.22959835763226177
326 1945 1779 20.526502307992097 0.25951017492203216
326 1946 1779 19.529088483592997 0.2942024527830992
326 1947 1779 18.531953404862758 0.3346136177217803
326 1948 1779 17.535144624439347 0.38190765645409724
326 1949 1779 16.538721141612005 0.4375400488192812
326 1950 1779 15.542757059157932 0.5033469172035191
326 1951 1779 14.547346734026913 0.5816671268943863
326 1952 1779 13.552612183634682 0.6755118642141525
326 1953 1779 12.558713986710703 0.788803731247826
326 1954 1779 11.56586775819276 0.9267193547870075
326 1955 1779 10.574369815738553 1.0961887946090074
326 1956 1779 9.584638595168958 1.3066363516307475
326 1957 1779 8.597284280515687 1.5710977730937514
326 1958 1779 7.613231705393046 1.9079260064337504
326 1959 1779 6.633950331439156 2.3433951876053785
326 1960 1779 5.661916371689135 2.9155315185322555
326 1961 1779 4.701627058795841 3.678859215902345
326 1962 1779 3.7620867879411035 4.705455946092184
326 1963 1779 2.8637906697244446 6.055189420135134
326 1964 1779 2.0613823032132004 7.595345034552941
326 1965 1779 1.5156836741221211 8.508164179745231
326 1966 1779 1.5314362539786326 7.8243183229556275
326 1967 1779 2.0960193224299917 6.305755268624581
326 1968 1779 2.905391023597281 4.904782532726415
326 1969 1779 3.8064809207454897 3.827619264094546
326 1970 1779 4.747346311361665 3.026280054999646
326 1971 1779 5.708353265171925 2.4269312904023406
326 1972 1779 6.680815593922553 1.9719653212919348
326 1973 1779 7.660371857814641 1.620969052678612
326 1974 1779 8.64461086457906 1.346033283179451
326 1975 1779 9.632097227499216 1.1277096941409936
326 1976 1779 10.621925296291527 0.9522243829908253
326 1977 1779 11.61349632970182 0.8096481145813177
326 1978 1779 12.606399049688907 0.6926993241432308
326 1979 1779 13.600341797175435 0.5959523423244251
326 1980 1779 14.595112092752045 0.5153051417494117
326 1981 1779 15.590551529692487 0.4476152431381538
326 1982 1779 16.586539633087924 0.3904463273933486
326 1983 1779 17.582983165549475 0.3418889848077046
326 1984 1779 18.579808852622676 0.3004319598742994
326 1985 1779 19.576958318390417 0.2648683512127563
326 1986 1779 20.57438448654043 0.23422638076305083
326 1987 1779 21.572048975468125 0.20771767975363312
326 1988 1779 22.56992018151582 0.18469822957481305
326 1941 1780 24.4799366216501 0.15782771852128197
326 1942 1780 23.48010428000705 0.17695780026318164
326 1943 1780 22.480286853152144 0.1988976956962476
326 1944 1780 21.480486423728976 0.2241486147612476
326 1945 1780 20.480705481013214 0.25332022478387684
326 1946 1780 19.480947025234794 0.2871590153454463
326 1947 1780 18.481214705749302 0.32658558105260665
326 1948 1780 17.48151300660226 0.3727441725720483
326 1949 1780 16.48184749959797 0.4270693615032653
326 1950 1780 15.482225195365283 0.49137694835530027
326 1951 1780 14.482655039736441 0.5679898042701585
326 1952 1780 13.483148630791069 0.6599150213359958
326 1953 1780 12.483721280131293 0.7710980575538161
326 1954 1780 11.484393627876164 0.9067952690297466
326 1955 1780 10.48519418036702 1.0741336148939225
326 1956 1780 9.486163449994008 1.282975959164928
326 1957 1780 8.487361015062454 1.5473044247607577
326 1958 1780 7.488878220401355 1.8875218875520587
326 1959 1780 6.490862577500892 2.334469946111295
326 1960 1780 5.4935686943917705 2.936872077765097
326 1961 1780 4.49747673701611 3.7761878662410306
326 1962 1780 3.5036119933578336 4.999213265914087
326 1963 1780 2.514616670588308 6.898680618394827
326 1964 1780 1.5399016202343583 10.133915583581862
326 1965 1780 0.6475314664170198 15.715946999899042
326 1966 1780 0.6835912521382573 13.937391600524599
326 1967 1780 1.5859687891001275 8.998355999099136
326 1968 1780 2.5618932452386654 6.254028470179805
326 1969 1780 3.5512387979406954 4.5943569712037995
326 1970 1780 4.545249938122111 3.5031458985313835
326 1971 1780 5.5414165156572395 2.7433790174269013
326 1972 1780 6.538753474478037 2.1922970730238225
326 1973 1780 7.536796202631352 1.780128400957137
326 1974 1780 8.53529712429498 1.4643864514933222
326 1975 1780 9.534112281696599 1.2178037500540484
326 1976 1780 10.533152282199175 1.0221432209146193
326 1977 1780 11.532358691958791 0.8647952272732445
326 1978 1780 12.531691705432161 0.7367991302990496
326 1979 1780 13.53112327192377 0.6316394657238158
326 1980 1780 14.530633055720482 0.5444851892474742
326 1981 1780 15.53020595484801 0.4716932995856757
326 1982 1780 16.529830519397237 0.41047597810045583
326 1983 1780 17.52949791066464 0.3586720284743951
326 1984 1780 18.5292011970294 0.3145866493689359
326 1985 1780 19.528934865987843 0.27687703873430386
326 1986 1780 20.52869447870457 0.24446938208161612
326 1987 1780 21.52847642077802 0.21649773204610306
326 1988 1780 22.5282777193463 0.1922584127368234
326 1941 1781 24.482428331356463 0.15295440760272494
326 1942 1781 23.482702080467767 0.1713772590859996
326 1943 1781 22.48300017791231 0.19248548154066253
326 1944 1781 21.483326022755524 0.2167537634006038
326 1945 1781 20.48368367750304 0.24475842910675308
326 1946 1781 19.4840780382343 0.27720369776540327
326 1947 1781 18.48451505990904 0.314956083651745
326 1948 1781 17.48500205890762 0.35908994971648095
326 1949 1781 16.485548125555415 0.41094854551607723
326 1950 1781 15.486164696270132 0.47222686374686695
326 1951 1781 14.486866362329819 0.5450857488416517
326 1952 1781 13.487672037827839 0.6323115945578622
326 1953 1781 12.4886066876975 0.7375439193505678
326 1954 1781 11.489703956151459 0.8656063660712263
326 1955 1781 10.491010294533233 1.022999479628973
326 1956 1781 9.492591690365812 1.2186542744478315
326 1957 1781 8.494545132024541 1.465121108711677
326 1958 1781 7.497019207658575 1.7805153822893682
326 1959 1781 6.500253610437163 2.191843927722398
326 1960 1781 5.504661388314557 2.740998960387802
326 1961 1781 4.511019507827574 3.4962713974844006
326 1962 1781 3.5209795512045643 4.5762331785829735
326 1963 1781 2.538758948778019 6.203611566084175
326 1964 1781 1.5790177326427481 8.82921567257694
326 1965 1781 0.735728890285015 13.1211814436786
326 1966 1781 0.767656824368672 14.30023860300425
326 1967 1781 1.6239756771576257 9.765051090871737
326 1968 1781 2.585594129015485 6.761531137562856
326 1969 1781 3.5683745599360948 4.932438380491569
326 1970 1781 4.558650787239454 3.7382976678852002
326 1971 1781 5.552413619318959 2.9132014877667025
326 1972 1781 6.5480758242401595 2.318679307662811
326 1973 1781 7.544885486208403 1.8764744708119216
326 1974 1781 8.542440927510004 1.5392913735194749
326 1975 1781 9.540508214974597 1.2769967946505014
326 1976 1781 10.53894192981428 1.0695689508836812
326 1977 1781 11.537646943809527 0.9032441828552846
326 1978 1781 12.536558419279077 0.7682914293946433
326 1979 1781 13.5356306465564 0.6576666622334187
326 1980 1781 14.53483047716748 0.5661675718009349
326 1981 1781 15.534133287698944 0.48988498865524793
326 1982 1781 16.533520405527558 0.4258368182737981
326 1983 1781 17.532977414004613 0.3717177965670349
326 1984 1781 18.53249300552939 0.32572476870390815
326 1985 1781 19.53205818647885 0.2864324032085597
326 1986 1781 20.531665714208266 0.2527033054002764
326 1987 1781 21.53130969077346 0.22362203798743988
326 1988 1781 22.530985264741414 0.1984460391723646
326 1989 1781 23.53068840896914 0.1765686666902224
326 1942 1782 23.52784089116562 0.16466940133701946
326 1943 1782 22.53014196582003 0.18472141164365102
326 1944 1782 21.532656524451518 0.2077290856842915
326 1945 1782 20.535415676338385 0.2342202774092219
326 1946 1782 19.538456873561028 0.26483673805374003
326 1947 1782 18.541825611303864 0.30036363408183275
326 1948 1782 17.545577704937607 0.3417681786053373
326 1949 1782 16.54978238527635 0.3902506957695955
326 1950 1782 15.554526575887909 0.4473128482195094
326 1951 1782 14.55992091324685 0.514849858623861
326 1952 1782 13.566108395557025 0.5952767296089619
326 1953 1782 12.573277098672508 0.6917033278318037
326 1954 1782 11.581679368727245 0.808180744432621
326 1955 1782 10.591661673222106 0.950053186235447
326 1956 1782 9.603712667505306 1.1244683306404468
326 1957 1782 8.618543786510669 1.3411283079991063
326 1958 1782 7.6372309772588025 1.613407430794535
326 1959 1782 6.661478589622669 1.9600204181188596
326 1960 1782 5.694145853418315 2.4074621219808443
326 1961 1782 4.740389962861786 2.993265576440998
326 1962 1782 3.810419530707943 3.768841433190685
326 1963 1782 2.926994533647153 4.7942395089568235
326 1964 1782 2.148324230650506 6.089280000087516
326 1965 1782 1.6319610902223936 7.4243941671845315
326 1966 1782 1.6466016518878017 7.982949364910006
326 1967 1782 2.1815813072171784 7.192385333184078
326 1968 1782 2.967709049081326 5.821414606640624
326 1969 1782 3.8542569971395215 4.573594310089455
326 1970 1782 4.785738918913017 3.600843376024231
326 1971 1782 5.740322029294045 2.866701713060437
326 1972 1782 6.708151533768322 2.3112813674194
326 1973 1782 7.684223903557084 1.8859206947313096
326 1974 1782 8.665754266075044 1.5555015284815366
326 1975 1782 9.651077504610436 1.2952694674713012
326 1976 1782 10.639139861849612 1.0877085133512547
326 1977 1782 11.629243182597788 0.920266242960434
326 1978 1782 12.620907138553747 0.7838093406173583
326 1979 1782 13.613790691794724 0.6715894081572218
326 1980 1782 14.607645155876305 0.5785468741704453
326 1981 1782 15.602284992910374 0.500836679241983
326 1982 1782 16.5975690087433 0.4355002711861949
326 1983 1782 17.593387877267862 0.3802352899668844
326 1984 1782 18.589655645008477 0.33323142245891857
326 1985 1782 19.586303811592305 0.293051752049876
326 1986 1782 20.583277120031084 0.2585458514352894
326 1987 1782 21.580530507844216 0.2287853378107208
326 1988 1782 22.57802686241636 0.20301553598753336
326 1989 1782 23.575735343780785 0.18061883760666592
326 1942 1783 23.61527677161555 0.15706227345619608
326 1943 1783 22.62143445937955 0.17588854847557597
326 1944 1783 21.628159815388926 0.19742849653510483
326 1945 1783 20.635534812551 0.22215177857399315
326 1946 1783 19.643657933287372 0.2506250588760644
326 1947 1783 18.652648525075566 0.2835356631794485
326 1948 1783 17.66265260372868 0.3217219471760391
326 1949 1783 16.67385069502553 0.36621254132387926
326 1950 1783 15.68646859557635 0.4182774063193941
326 1951 1783 14.700792393609362 0.4794946812637869
326 1952 1783 13.717189836114489 0.5518387161371023
326 1953 1783 12.736141370132573 0.6377965211667224
326 1954 1783 11.75828631221413 0.7405221175785013
326 1955 1783 10.784493358521853 0.8640406093442107
326 1956 1783 9.815971526038659 1.0135149931584329
326 1957 1783 8.854450688778018 1.1955851174126422
326 1958 1783 7.902486760507815 1.4187695776598135
326 1959 1783 6.964000071797893 1.6938601362920807
326 1960 1783 6.045270630832075 2.034061564540736
326 1961 1783 5.156868914370484 2.454151054219085
326 1962 1783 4.317556832283784 2.9667165216471574
326 1963 1783 3.562203952611383 3.5708662294835443
326 1964 1783 2.9558919127735255 4.225336222545647
326 1965 1783 2.604860264966186 4.805520377974704
326 1966 1783 2.6140575739641774 5.0994131972352434
326 1967 1783 2.980150499555225 4.95366561440116
326 1968 1783 3.595733165850746 4.448538870656043
326 1969 1783 4.356293952432366 3.800609010269974
326 1970 1783 5.198586057765956 3.1706355622439384
326 1971 1783 6.088784525666708 2.6242995785401257
326 1972 1783 7.008658716188007 2.172627749447424
326 1973 1783 7.9479114866735845 1.805897276544044
326 1974 1783 8.900409934379297 1.509421672682639
326 1975 1783 9.862317019848705 1.2692536656984845
326 1976 1783 10.831126303390484 1.0737371817775052
326 1977 1783 11.80513858453161 0.9135903535946331
326 1978 1783 12.783164592541112 0.7815574512701757
326 1979 1783 13.764348767740396 0.671996076616796
326 1980 1783 14.748060787778043 0.5805130974370764
326 1981 1783 15.733826521224774 0.5036729384902842
326 1982 1783 16.721282755817384 0.438772801888204
326 1983 1783 17.710146724406197 0.383672202615846
326 1984 1783 18.700195105933933 0.3366643338437902
326 1985 1783 19.691249249349195 0.29637892716963216
326 1986 1783 20.683164578951523 0.26170861946976287
326 1987 1783 21.675822867886577 0.2317528355796222
326 1988 1783 22.669126516034854 0.20577475227331513
326 1943 1784 22.756346301636484 0.16627830703343627
326 1944 1784 21.76922821323724 0.18621566100240824
326 1945 1784 20.78334181502109 0.20901013190313522
326 1946 1784 19.798871104181767 0.23514806557945653
326 1947 1784 18.816038291840382 0.26521283624292624
326 1948 1784 17.835114157190116 0.2999070161010505
326 1949 1784 16.8564319178171 0.3400801153693732
326 1950 1784 15.880406071634408 0.38676330148895305
326 1951 1784 14.907558384926846 0.4412127630182196
326 1952 1784 13.93855433680274 0.504963552801821
326 1953 1784 12.974255161665438 0.5798956284971156
326 1954 1784 12.015793648361393 0.6683129682516611
326 1955 1784 11.064686936375642 0.7730341342103147
326 1956 1784 10.123008297932072 0.8974865006717614
326 1957 1784 9.19365525783958 1.0457824298860325
326 1958 1784 8.280778767724756 1.2227255725499295
326 1959 1784 7.390486925771596 1.4336328169865102
326 1960 1784 6.532020897088487 1.683733119030341
326 1961 1784 5.71972875230989 1.9766785597016472
326 1962 1784 4.976273404868369 2.3113696385161075
326 1963 1784 4.337199211472768 2.676093810039858
326 1964 1784 3.8547758689708247 3.039981915251099
326 1965 1784 3.5926726820014583 3.346484643312755
326 1966 1784 3.59934674628596 3.522241161872126
326 1967 1784 3.873408963690653 3.5125367707263866
326 1968 1784 4.364779146760907 3.320654655267382
326 1969 1784 5.009919859638341 3.005248777344093
326 1970 1784 5.757368930336011 2.6391771400241466
326 1971 1784 6.572312910992461 2.276443073571381
326 1972 1784 7.432583467408756 1.9456118224190864
326 1973 1784 8.324139414978449 1.6569897454421536
326 1974 1784 9.237927094321405 1.4109925894583222
326 1975 1784 10.167954415712007 1.2037049004681837
326 1976 1784 11.110143878456167 1.0298419080355166
326 1977 1784 12.061645700317882 0.8841204616542363
326 1978 1784 13.020418464857288 0.7618020080964282
326 1979 1784 13.98496682155508 0.6588443228535942
326 1980 1784 14.95417323023898 0.5718845282765904
326 1981 1784 15.92718735370423 0.49815948051644365
326 1982 1784 16.903351649894635 0.43541125129679015
326 1983 1784 17.882150234241838 0.3817974973290736
326 1984 1784 18.863173036368913 0.3358136322747909
326 1985 1784 19.84609021948643 0.2962280605842604
326 1986 1784 20.830633619743658 0.2620294585462194
326 1987 1784 21.8165830734328 0.23238435042496625
326 1988 1784 22.803756203748414 0.20660315366627718
326 1944 1785 21.954983420626945 0.1744392603274117
326 1945 1785 20.977828700797513 0.19523050344464926
326 1946 1785 20.002932210053697 0.21895257254058703
326 1947 1785 19.03064100339249 0.24608725083026525
326 1948 1785 18.061375833529492 0.2772061170944246
326 1949 1785 17.095651406132582 0.3129884783337913
326 1950 1785 16.134103538777815 0.3542426034915879
326 1951 1785 15.177526050051851 0.4019304271975542
326 1952 1785 14.226921557385573 0.457195443930611
326 1953 1785 13.283572448705284 0.5213925665857524
326 1954 1785 12.3491415491119 0.5961168528459528
326 1955 1785 11.425817126140329 0.6832244490858256
326 1956 1785 10.516524948860313 0.7848325473410791
326 1957 1785 9.625242698238896 0.9032734089139596
326 1958 1785 8.757470924873285 1.040957252982698
326 1959 1785 7.920940411340105 1.2000659405617207
326 1960 1785 7.126660999374147 1.3819519674868466
326 1961 1785 6.390406638078699 1.5860662366967326
326 1962 1785 5.734570341359505 1.8082359945581699
326 1963 1785 5.189729954438848 2.0383100658919315
326 1964 1785 4.793881204201834 2.257858155098903
326 1965 1785 4.5857711456198285 2.439911538602078
326 1966 1785 4.591001742539331 2.5537600650648558
326 1967 1785 4.808876895908123 2.5758025648374834
326 1968 1785 5.212801262277195 2.5010478164323917
326 1969 1785 5.763791894230611 2.3458603459673357
326 1970 1785 6.4241183830933775 2.1393580988350327
326 1971 1785 7.163609216030565 1.9111728925807687
326 1972 1785 7.960232220230627 1.6837580323033998
326 1973 1785 8.798482653275938 1.470745700258278
326 1974 1785 9.667538311276422 1.2786699450707784
326 1975 1785 10.559796257504079 1.1094469316502888
326 1976 1785 11.469842937023895 0.9624077496042305
326 1977 1785 12.393760405946077 0.8356440633551436
326 1978 1785 13.328664486736713 0.7267959808255418
326 1979 1785 14.272396329978937 0.6334715618024336
326 1980 1785 15.22331425807127 0.5534475340326523
326 1981 1785 16.18015132809319 0.4847488671405088
326 1982 1785 17.141916374781307 0.4256653339409294
326 1983 1785 18.10782419287296 0.3747377831717469
326 1984 1785 19.07724552968785 0.33073177402639564
326 1985 1785 20.04967074542609 0.29260768023033307
326 1986 1785 21.024683041605993 0.25949168099815456
326 1987 1785 22.001938482779067 0.23064955277922458
326 1945 1786 21.21771187003923 0.181201926556222
326 1946 1786 20.254364887599007 0.20252112702955086
326 1947 1786 19.29474791232068 0.2267605957900674
326 1948 1786 18.33944647474408 0.2543734613358963
326 1949 1786 17.389171831918933 0.28588793799639567
326 1950 1786 16.444795438071058 0.3219186056852314
326 1951 1786 15.507394913395428 0.36317799049843325
326 1952 1786 14.578315986423197 0.4104872520927823
326 1953 1786 13.6592568245861 0.4647837438662772
326 1954 1786 12.752383973202882 0.5271214786554476
326 1955 1786 11.860493117910464 0.5986577125148758
326 1956 1786 10.987233364227833 0.6806144096542558
326 1957 1786 10.1374206285426 0.7741966442163176
326 1958 1786 9.31747267235063 0.88044063034029
326 1959 1786 8.53600005857548 0.9999528384732775
326 1960 1786 7.804568982333385 1.1324928620954084
326 1961 1786 7.138578079701877 1.2763588320700654
326 1962 1786 6.557994891733289 1.427582529341176
326 1963 1786 6.087306218681601 1.5790755926170967
326 1964 1786 5.753546471525147 1.7201207287532396
326 1965 1786 5.581334697005658 1.836896949277752
326 1966 1786 5.58563308855845 1.9147396311331955
326 1967 1786 5.766046912746964 1.9420732652113781
326 1968 1786 6.106987555251653 1.9144686571638445
326 1969 1786 6.583562637356642 1.836397940762202
326 1970 1786 7.168772349572701 1.7194630823205268
326 1971 1786 7.838322333254603 1.578333254102031
326 1972 1786 8.57247321372296 1.4268179116632935
326 1973 1786 9.356029980712837 1.2756163005587566
326 1974 1786 10.177587975546917 1.131799374659346
326 1975 1786 11.028657987261958 0.9993218184352906
326 1976 1786 11.902911282539106 0.8798763179243998
326 1977 1786 12.79559678170567 0.7736976882478439
326 1978 1786 13.703112675592955 0.6801764214270445
326 1979 1786 14.622698006865766 0.5982749188306281
326 1980 1786 15.552211964861971 0.5267877163553109
326 1981 1786 16.48997565189214 0.46449301590707454
326 1982 1786 17.43465792609638 0.4102340091057791
326 1983 1786 18.385192329698246 0.3629572486974407
326 1984 1786 19.340716041553243 0.3217259719018089
326 1985 1786 20.300524549872957 0.2857195852552318
326 1986 1786 21.26403764575285 0.25422608073003244
326 1987 1786 22.23077364825602 0.22663133942914881
326 1945 1787 21.501471972867428 0.16725302178748983
326 1946 1787 20.551430534150253 0.18625440177381508
326 1947 1787 19.60635858592827 0.2077226906003974
326 1948 1787 18.667010928373156 0.23200910839382752
326 1949 1787 17.734297194983586 0.25951452858541674
326 1950 1787 16.809321729326335 0.29069410347914904
326 1951 1787 15.893435657528622 0.32606059341310817
326 1952 1787 14.988305341165225 0.36618504111493144
326 1953 1787 14.096002873155275 0.41169262094212006
326 1954 1787 13.219126181408571 0.46325028810357516
326 1955 1787 12.360958579333616 0.5215411278853268
326 1956 1787 11.525679893177717 0.5872179649686319
326 1957 1787 10.718642498003229 0.660825901703453
326 1958 1787 9.946722927678273 0.7426805118168608
326 1959 1787 9.218747040677515 0.8326869004158398
326 1960 1787 8.545952082711452 0.9300880850408744
326 1961 1787 7.94237351174068 1.033145329983422
326 1962 1787 7.424910571852011 1.1387870966959874
326 1963 1787 7.012652636484965 1.2423244735715875
326 1964 1787 6.724975613338632 1.337411502082529
326 1965 1787 6.578244218634565 1.4164828792738748
326 1966 1787 6.581891597405631 1.4718351389876132
326 1967 1787 6.735673462987842 1.4972455059193988
326 1968 1787 7.029743736438649 1.4896152304788535
326 1969 1787 7.447502735816764 1.4498912161786002
326 1970 1787 7.969523009565751 1.3827773528493472
326 1971 1787 8.576788268343677 1.2953932971431994
326 1972 1787 9.252529221785657 1.1955549045585263
326 1973 1787 9.982850144122033 1.0903629102214683
326 1974 1787 10.756639670454572 0.9854247263306325
326 1975 1787 11.565176047081895 0.8846640365222435
326 1976 1787 12.40166508981744 0.7904997027156583
326 1977 1787 13.260818112016935 0.7041779016593227
326 1978 1787 14.138504058067676 0.6261165992775637
326 1979 1787 15.031476873547586 0.5561959858237377
326 1980 1787 15.937167157308593 0.4939768595987357
326 1981 1787 16.853524764867302 0.43885269915566605
326 1982 1787 17.778900331572682 0.39014936359672414
326 1983 1787 18.71195599075615 0.347186850310473
326 1984 1787 19.651597823077765 0.309315093109616
326 1985 1787 20.596924454879048 0.27593275680358675
326 1986 1787 21.547187681922537 0.24649531866386448
326 1987 1787 22.501762086556557 0.2205166746755988
326 1946 1788 20.89218267678136 0.17046575977158804
326 1947 1788 19.963248658472473 0.18934701468084086
326 1948 1788 19.041515092029908 0.2105571720640653
326 1949 1788 18.128080345144173 0.2343940567448963
326 1950 1788 17.224264773859066 0.26118700313656196
326 1951 1788 16.33166546926559 0.29129559336779576
326 1952 1788 15.452226279730757 0.3251053663408483
326 1953 1788 14.588327422977647 0.3630188075031493
326 1954 1788 13.742899875935988 0.4054392337255528
326 1955 1788 12.919570310192254 0.45274432309279933
326 1956 1788 12.122841952281691 0.5052450780376542
326 1957 1788 11.358314003407404 0.5631251782124553
326 1958 1788 10.632934543201161 0.6263554931758178
326 1959 1788 9.95526478804056 0.6945799794607131
326 1960 1788 9.3357001344302 0.7669739260498993
326 1961 1788 8.78654067309768 0.8420857456064496
326 1962 1788 8.321736417359036 0.9176911441298782
326 1963 1788 7.956085532471316 0.9907127296469737
326 1964 1788 7.703719685969833 1.0572811684524237
326 1965 1788 7.575968386945587 1.1130173001497854
326 1966 1788 7.579135636733169 1.1535724680944124
326 1967 1788 7.713060157939809 1.175363777262302
326 1968 1788 7.971154056973071 1.1763132216885452
326 1969 1788 8.341900083314233 1.1563277726110592
326 1970 1788 8.81108943320846 1.117321722783983
326 1971 1788 9.363935977995448 1.0627715758741667
326 1972 1788 9.986555812691247 0.9969892181259493
326 1973 1788 10.66673787997048 0.9243767823613517
326 1974 1788 11.394178206434937 0.848864434730388
326 1975 1788 12.16039871879194 0.7736056074231156
326 1976 1788 12.958522176544532 0.7008990935191665
326 1977 1788 13.783007545524896 0.6322601419020474
326 1978 1788 14.629398381341455 0.5685629839252272
326 1979 1788 15.494105233926732 0.5101994305372174
326 1980 1788 16.374226607690378 0.4572227584096016
326 1981 1788 17.267405624470495 0.4094644297418293
326 1982 1788 18.171716952451 0.36662202517973097
326 1983 1788 19.085578246414094 0.32832190492777996
326 1984 1788 20.007680950075013 0.2941617841076981
326 1985 1788 20.93693618942357 0.26373831963154626
326 1986 1788 21.872432352164086 0.23666400489835407
326 1947 1789 20.363037518995117 0.1718981856726445
326 1948 1789 19.460249150511988 0.1903198012127306
326 1949 1789 18.5674256966334 0.21086675642320632
326 1950 1789 17.686076359667855 0.23377233971674108
326 1951 1789 16.818005143298116 0.25928263377025673
326 1952 1789 15.965378072566953 0.2876503834971035
326 1953 1789 15.130806224388754 0.3191249818357139
326 1954 1789 14.317447293424944 0.35393707764639837
326 1955 1789 13.529127725023555 0.392275968829621
326 1956 1789 12.770485386233398 0.4342576961405084
326 1957 1789 12.047128164006581 0.4798817890127231
326 1958 1789 11.365795044782407 0.5289752621545342
326 1959 1789 10.734490998645446 0.5811242196823452
326 1960 1789 10.16254382524375 0.6355969279371739
326 1961 1789 9.660501902075257 0.6912680360361448
326 1962 1789 9.239767150745706 0.7465617301364523
326 1963 1789 8.911862712138198 0.7994404673185697
326 1964 1789 8.687306659719052 0.8474714579332453
326 1965 1789 8.57422282192379 0.8879984763850065
326 1966 1789 8.577021452695483 0.9184249793819637
326 1967 1789 8.695590664238876 0.9365751341058725
326 1968 1789 8.925317753447105 0.9410546013137779
326 1969 1789 9.25793157244089 0.9315079025604551
326 1970 1789 9.682835173646076 0.9086871873251497
326 1971 1789 10.188488455114301 0.8743082292432265
326 1972 1789 10.763516943824504 0.8307436088994339
326 1973 1789 11.397425016204185 0.7806504739164957
326 1974 1789 12.080947686336396 0.72663100364543
326 1975 1789 12.806142940011114 0.6709882580896094
326 1976 1789 13.566329533075491 0.6155948905789294
326 1977 1789 14.355949881494992 0.5618586563823639
326 1978 1789 15.17040859700212 0.5107538117192882
326 1979 1789 16.005914438106796 0.4628874730407065
326 1980 1789 16.859338569469305 0.41857740351289024
326 1981 1789 17.728093439509934 0.377926599826775
326 1982 1789 18.61003216010104 0.3408874019980364
326 1983 1789 19.503366299180115 0.3073127819146583
326 1984 1789 20.406599349230003 0.27699525959107285
326 1985 1789 21.318473139509646 0.24969518209970637
326 1986 1789 22.237924745802925 0.2251604769049074
326 1948 1790 19.920424116971063 0.17147942376357656
326 1949 1790 19.049181006017086 0.18912131212307762
326 1950 1790 18.191187344425927 0.20863393492001958
326 1951 1790 17.34840906250489 0.23018156077042198
326 1952 1790 16.523174543652363 0.2539245632836558
326 1953 1790 15.718247262338169 0.2800102580965473
326 1954 1790 14.936910557407817 0.3085599873918442
326 1955 1790 14.183063738135031 0.33965152589584513
326 1956 1790 13.461325974806517 0.37329593393017135
326 1957 1790 12.777139625127386 0.40940827944481667
326 1958 1790 12.13685696545857 0.44777236058371034
326 1959 1790 11.54778320717877 0.48800088971941336
326 1960 1790 11.018134914766643 0.5294947374695822
326 1961 1790 10.556860186627437 0.5714078194918717
326 1962 1790 10.17326383222215 0.61262769949305
326 1963 1790 9.876401014539612 0.6517849720549543
326 1964 1790 9.674259506546164 0.6873051331405067
326 1965 1790 9.572841636630088 0.7175125555276175
326 1966 1790 9.57534840097207 0.7407855760652798
326 1967 1790 9.681699076091869 0.7557453333726926
326 1968 1790 9.888543724937355 0.7614438057400462
326 1969 1790 10.18976432504686 0.7575068808691946
326 1970 1790 10.577301026254169 0.7441937950748458
326 1971 1790 11.042069416554003 0.722355768607806
326 1972 1790 11.574769846523818 0.6933058537754756
326 1973 1790 12.166482523720518 0.6586357790576494
326 1974 1790 12.8090318525639 0.6200242260840325
326 1975 1790 13.495158279916406 0.5790736956511764
326 1976 1790 14.218554673383512 0.5371966394546893
326 1977 1790 14.973820387596342 0.49555451241198883
326 1978 1790 15.75637321847879 0.4550415652192106
326 1979 1790 16.56234575777222 0.4162999952180744
326 1980 1790 17.388481733607314 0.379753030158139
326 1981 1790 18.23204039596213 0.34564524100171024
326 1982 1790 19.090712323011804 0.3140828781640761
326 1983 1790 19.962547357489086 0.285070144306766
326 1984 1790 20.84589400817327 0.2585396146883954
326 1985 1790 21.739349047291967 0.23437648200032177
326 1949 1791 19.57021453638161 0.16923031934586563
326 1950 1791 18.736096098173753 0.1858148560466483
326 1951 1791 17.918964730140008 0.2039837848600668
326 1952 1791 17.121252787106478 0.22383477872780033
326 1953 1791 16.345803651090428 0.2454489295529967
326 1954 1791 15.59593847769351 0.2688806471252196
326 1955 1791 14.875526780588334 0.29414468101200464
326 1956 1791 14.189055535869908 0.32120000468312077
326 1957 1791 13.54168737639443 0.3499306083773778
326 1958 1791 12.939292755015632 0.38012379503009924
326 1959 1791 12.38843400111571 0.41144743071172774
326 1960 1791 11.896272399369458 0.44342879334715557
326 1961 1791 11.470366036007716 0.4754391097766549
326 1962 1791 11.118331574476413 0.5066892982740142
326 1963 1791 10.847363596745474 0.5362433039233877
326 1964 1791 10.663643701849695 0.5630549407228692
326 1965 1791 10.571721572194306 0.5860315066579871
326 1966 1791 10.573991535839161 0.6041222052435675
326 1967 1791 10.670393479155209 0.6164222090869529
326 1968 1791 10.858420557336954 0.6222760680280585
326 1969 1791 11.133431501563098 0.6213601490484436
326 1970 1791 11.489181737617232 0.6137255915701987
326 1971 1791 11.918443564492685 0.5997914224909403
326 1972 1791 12.41359323483724 0.5802895213883663
326 1973 1791 12.967085138919874 0.556174524180711
326 1974 1791 13.571783117925088 0.5285183209708676
326 1975 1791 14.22115666885068 0.49840886493605724
326 1976 1791 14.909369436699729 0.46686784244445406
326 1977 1791 15.631292237047958 0.4347943292668953
326 1978 1791 16.38246919728511 0.40293474863284734
326 1979 1791 17.159058744581397 0.37187490211820157
326 1980 1791 17.957764253937487 0.3420478500785849
326 1981 1791 18.775763553048776 0.31375139231674426
326 1982 1791 19.61064244230654 0.28716998847645836
326 1983 1791 20.46033472355705 0.2623974309307633
326 1984 1791 21.32306959609695 0.2394579781809721
326 1951 1792 18.52596278199871 0.18057083063487053
326 1952 1792 17.75554271206603 0.1971679014828353
326 1953 1792 17.00903574574411 0.21509156220206957
326 1954 1792 16.289729801319627 0.234356761355486
326 1955 1792 15.6013876626408 0.25494484890008606
326 1956 1792 14.948287426993112 0.27679263951572297
326 1957 1792 14.335246666869743 0.29978005519485995
326 1958 1792 13.76761769515699 0.3237169725440903
326 1959 1792 13.251237564846525 0.34833041105712303
326 1960 1792 12.792313981449933 0.37325383092933323
326 1961 1792 12.397229408218564 0.3980209824238074
326 1962 1792 12.072253186543056 0.42206729538389776
326 1963 1792 11.823167807317917 0.44474195172901276
326 1964 1792 11.654840067542692 0.4653332174851659
326 1965 1792 11.57079500293728 0.4831080402566102
326 1966 1792 11.572869004702252 0.49736428460948345
326 1967 1792 11.661016122105218 0.5074906455469196
326 1968 1792 11.833313018761805 0.5130261183022259
326 1969 1792 12.086161383996053 0.5137091061544317
326 1970 1792 12.414640429750559 0.5095068573256257
326 1971 1792 12.812934753599464 0.5006192290545167
326 1972 1792 13.274761655110675 0.48745599016501073
326 1973 1792 13.793741225642755 0.4705923455420513
326 1974 1792 14.363679786182797 0.45071132884687104
326 1975 1792 14.97876153091423 0.42854308459658524
326 1976 1792 15.633659104636886 0.40480985078831294
326 1977 1792 16.32358101030517 0.38018254682947156
326 1978 1792 17.044274610554577 0.35525147939833424
326 1979 1792 17.792000927382933 0.33051079265649574
326 1980 1792 18.563493663639797 0.3063544139774743
326 1981 1792 19.3559111642928 0.2830804233216257
326 1982 1792 20.166786977602417 0.2609007618856758
326 1983 1792 20.99398239972574 0.2399536635830783
326 1952 1793 18.422304334691713 0.1736467932541379
326 1953 1793 17.703934506205133 0.18853364416728427
326 1954 1793 17.014032355676317 0.20441229838942687
326 1955 1793 16.35620056736895 0.2212482624606222
326 1956 1793 15.734462081685544 0.23897240832175715
326 1957 1793 15.153260276257381 0.25747312265741285
326 1958 1793 14.61743127228583 0.27658842350414153
326 1959 1793 14.132137028772382 0.29609885182586876
326 1960 1793 13.702747790133163 0.31572226993510494
326 1961 1793 13.33466523764279 0.3351120001360651
326 1962 1793 13.033084707773476 0.353859922264759
326 1963 1793 12.802706627897033 0.3715060911668691
326 1964 1793 12.64742254374378 0.3875559991513551
326 1965 1793 12.57001579155723 0.4015057006311968
326 1966 1793 12.571924952050816 0.4128736558528901
326 1967 1793 12.653114122618103 0.42123653467740896
326 1968 1793 12.812076217381687 0.42626473782109553
326 1969 1793 13.04596861103066 0.42775254038071286
326 1970 1793 13.350853792922646 0.42563797094039996
326 1971 1793 13.722000473691756 0.420008956883086
326 1972 1793 14.154197151375156 0.41109462666446095
326 1973 1793 14.64203869001842 0.3992433340191524
326 1974 1793 15.180161296903142 0.3848912018642207
326 1975 1793 15.763416412694168 0.3685261969180622
326 1976 1793 16.386985598333684 0.35065274818286823
326 1977 1793 17.046445289267655 0.3317609239490397
326 1978 1793 17.73779290103465 0.312302640676303
326 1979 1793 18.457445570825747 0.2926757828023352
326 1980 1793 19.20222114756506 0.27321582263481176
326 1981 1793 19.969308876373127 0.254193706785198
326 1982 1793 20.756235135495896 0.23581841441396884
326 1952 1794 19.118140521504724 0.1529683959415404
326 1953 1794 18.42691772923515 0.16535937300632142
326 1954 1794 17.76511460700438 0.17848526656947564
326 1955 1794 17.136140084628167 0.19230579849534146
326 1956 1794 16.543738906305308 0.2067541633587542
326 1957 1794 15.991976019241642 0.2217320849129379
326 1962 1794 13.999403451576022 0.29842773241581916
326 1963 1794 13.785183966853632 0.3123330157301968
326 1964 1794 13.64108855626992 0.3250046193341359
326 1965 1794 13.569351384646135 0.3360886506504716
326 1966 1794 13.571119961152718 0.34524739085125294
326 1967 1794 13.646365706663351 0.35218138833350426
326 1968 1794 13.793886218176418 0.35665137610823966
326 1969 1794 14.01139882381474 0.3584972790046799
326 1970 1794 14.295709041527001 0.35765164508989855
326 1971 1794 14.642926517605579 0.3541454732746533
326 1972 1794 15.048697518389968 0.3481055228650477
326 1973 1794 15.508426644892001 0.3397435296398502
326 1974 1794 16.01746849536455 0.32933898659764776
326 1975 1794 16.571279280731336 0.3172179828446562
326 1976 1794 17.165526411968713 0.3037308742177944
326 1977 1794 17.79615961380419 0.28923130005375103
326 1978 1794 18.459450073065423 0.2740584172824108
326 1979 1794 19.152005038637462 0.2585234135836348
326 1980 1794 19.870764882107448 0.24290058711740398
326 1981 1794 20.612988550911155 0.22742267579362446
326 1953 1795 19.17480891690972 0.1451677469494136
326 1954 1795 18.539722139233916 0.15605328644750752
326 1955 1795 17.937929005322772 0.16744428180665186
326 1956 1795 17.37288971357384 0.17928003355280747
326 1957 1795 16.848302496097332 0.19147660471808564
326 1964 1795 14.635617410960087 0.2742332304807731
326 1965 1795 14.568778157415872 0.28313576634613097
326 1966 1795 14.57042542275268 0.2905820277205227
326 1967 1795 14.640536089911372 0.29635624001533606
326 1968 1795 14.778135775529915 0.3002822624892889
326 1969 1795 14.981364991214816 0.3022358655030106
326 1970 1795 15.247599712741566 0.3021538705244703
326 1971 1795 15.573608990853613 0.3000389475115033
326 1972 1795 15.95572928449202 0.2959594101601143
326 1973 1795 16.390036516127594 0.29004403752921326
326 1974 1795 16.87250120758614 0.2824726323324067
326 1975 1795 17.399117707515963 0.273463555282132
326 1976 1795 17.966003924078258 0.2632597517281845
326 1977 1795 18.569472178820675 0.2521147844405515
326 1953 1796 19.944806266293998 0.1275867208446546
326 1954 1796 19.335027721728256 0.13664517769165857
326 1955 1796 18.758765870920183 0.14607241452614916
326 1956 1796 18.219201327171277 0.15581517688228833
326 1957 1796 17.719686707162726 0.16580305298895853
326 1966 1796 15.569820069608943 0.24600567615202354
326 1967 1796 15.635450009513548 0.2508354129970971
326 1968 1796 15.764367954345554 0.2542603574388624
326 1969 1796 15.955039862062293 0.2561839554591744
326 1970 1796 16.205286082016464 0.25655072295631043
326 1971 1796 16.512398281291432 0.25534997787120817
