# %ECSV 0.9
# ---
# datatype:
# - name: sexcat_id
#   datatype: int32
# - name: x
#   datatype: int32
# - name: y
#   datatype: int32
# - name: sep
#   datatype: float64
# - name: weight
#   datatype: float64
# schema: astropy-2.0
sexcat_id x y sep weight
174 1963 1766 13.633505822054788 0.45999560874577944
174 1964 1766 13.481560777595519 0.44482700730445285
174 1959 1767 14.020359517501724 0.5546996369799003
174 1960 1767 13.581254765300638 0.5632954025851646
174 1961 1767 13.203426865780013 0.5650183901526585
174 1962 1767 12.892264386057304 0.5597607448403081
174 1963 1767 12.652686710734667 0.5478490796139933
174 1964 1767 12.488814235146656 0.5299960771101768
174 1965 1767 12.40364789084251 0.5072004957885532
174 1952 1768 17.709559028953834 0.41155819772254276
174 1953 1768 16.956075047014874 0.44990871343963346
174 1954 1768 16.22924770283578 0.48907471714647915
174 1955 1768 15.532819480055789 0.5280191128329325
174 1956 1768 14.871061865246903 0.565420171861239
174 1957 1768 14.248806300880112 0.599712798855001
174 1958 1768 13.671447655606954 0.6291881490819142
174 1959 1768 13.144903232812366 0.6521545668835866
174 1960 1768 12.675507129894296 0.6671436708823802
174 1961 1768 12.26981992532903 0.6731233624095109
174 1962 1768 11.934340409088446 0.6696652465049101
174 1963 1768 11.675122311993201 0.6570182375322186
174 1964 1768 11.497324949743813 0.6360655023947727
174 1965 1768 11.404756946116901 0.6081782207066585
174 1951 1769 17.887606910931378 0.40523873231764346
174 1952 1769 17.08351489009215 0.44912704019155875
174 1953 1769 16.301119010669183 0.4958928022157683
174 1954 1769 15.543695860380193 0.5448265589754171
174 1955 1769 14.815076138852625 0.5948255084787569
174 1956 1769 14.119719579368441 0.644338761004184
174 1957 1769 13.462781324822915 0.6913634813424852
174 1958 1769 12.850154901790123 0.7335260697672655
174 1959 1769 12.288469432765044 0.7682751326479588
174 1960 1769 11.785010861259357 0.7931860659155028
174 1961 1769 11.347531934301886 0.8063320469372407
174 1962 1769 10.983919200358368 0.8066303874825304
174 1963 1769 10.701704583850244 0.7940559785018457
174 1964 1769 10.507448834041563 0.7696463960779764
174 1965 1769 10.40607904063781 0.7352967919160857
174 1966 1769 10.400311581871076 0.693417306433679
174 1967 1769 10.49030414239748 0.6465609319938508
174 1968 1769 10.673634854162938 0.5971145198077691
174 1951 1770 17.325832764978422 0.4342773313242564
174 1952 1770 16.49437725408268 0.48585301413760984
174 1953 1770 15.682617160410443 0.542030714445182
174 1954 1770 14.893773229104847 0.6022974602674627
174 1955 1770 14.131683586890851 0.6656430174849005
174 1956 1770 13.400913439016028 0.7304199635739496
174 1957 1770 12.706867473929226 0.7942408737763145
174 1958 1770 12.055889888349204 0.853973973536588
174 1959 1770 11.455325442779909 0.9059107318637436
174 1960 1770 10.913499942731518 0.9461587636687244
174 1961 1770 10.439563257148306 0.971242326647912
174 1962 1770 10.043131035688075 0.978781278793642
174 1963 1770 9.73367767084986 0.968027105680679
174 1964 1770 9.519689123075462 0.9400428436669228
174 1965 1770 9.40768202056178 0.8974491508983539
174 1966 1770 9.401302090668159 0.843845399886425
174 1967 1770 9.500762127324396 0.7831302358252002
174 1968 1770 9.702807892563971 0.7189318587204608
174 1969 1770 10.001223975094339 0.6542565006250071
174 1970 1770 10.387708168792669 0.5913563677348967
174 1971 1770 10.852855891423328 0.5317567277909252
174 1951 1771 16.80483504828297 0.4606075930436467
174 1952 1771 15.946237205058747 0.5201326397634148
174 1953 1771 15.10504819588471 0.5863975295005082
174 1954 1771 14.284343912129813 0.6592980499426286
174 1955 1771 13.487864211949946 0.7381805261567062
174 1956 1771 12.720160415655151 0.8215888657364183
174 1957 1771 11.986762740623522 0.9069953213634425
174 1958 1771 11.2943561569485 0.9905950284481223
174 1959 1771 10.65093803380719 1.0673020404549702
174 1960 1771 10.06590686426219 1.131116746158299
174 1961 1771 9.549999005235591 1.175974774954566
174 1962 1771 9.114959188060082 1.1969835039679415
174 1963 1771 8.77282628347336 1.191663449427888
174 1964 1771 8.53478066502011 1.1606541016871894
174 1965 1771 8.409665926777427 1.1075271139324339
174 1966 1771 8.402528250473267 1.0378044125561061
174 1967 1771 8.513664369706 0.9576566001136504
174 1968 1771 8.738562868115189 0.8727917869244624
174 1969 1771 9.068764028245617 0.7878028392620305
174 1970 1771 9.493286101240274 0.7059680777059217
174 1971 1771 10.000124049230683 0.6293557057471717
174 1972 1771 10.577451536168908 0.5590681114275761
174 1951 1772 16.32851741585866 0.48285120432006223
174 1952 1772 15.443460784422632 0.5501360648107448
174 1953 1772 14.573279692642963 0.6266282645935786
174 1954 1772 13.720804677569019 0.7128865274449753
174 1955 1772 12.889549293904732 0.8089804611108693
174 1956 1772 12.08389345368454 0.9141282860760607
174 1957 1772 11.30930948378371 1.026213660121569
174 1958 1772 10.572628859465384 1.1412365500747161
174 1959 1772 9.882331759256031 1.252871004751339
174 1960 1772 9.248809707200193 1.3524641240320503
174 1961 1772 8.684496588749438 1.4299050316719217
174 1962 1772 8.203687036936547 1.4755938000621283
174 1963 1772 7.821795254287909 1.4830953881080398
174 1964 1772 7.5538388253920905 1.4512960846091891
174 1965 1772 7.412184630728047 1.384805479160058
174 1966 1772 7.404085426303587 1.2923472612628653
174 1967 1772 7.529972177903534 1.1841258868949833
174 1968 1772 7.783346388283216 1.0695047224092715
174 1969 1772 8.15232978969825 0.9557242190323558
174 1970 1772 8.622092611425698 0.8476238315447423
174 1971 1772 9.177171732075287 0.7479657207760181
174 1972 1772 9.803085279645476 0.6579722010175186
174 1973 1772 10.48715790860431 0.5778451859381557
174 1950 1773 16.82136977181107 0.43570607763328206
174 1951 1773 15.90089560370734 0.4996782802517298
174 1952 1773 14.99061309620122 0.5739792188276814
174 1953 1773 14.09249733013988 0.6601050607696981
174 1954 1773 13.209030282348502 0.7595223853727842
174 1955 1773 12.343357768451817 0.8734391743436206
174 1956 1773 11.499499163007053 1.0023993261693922
174 1957 1773 10.682625192339195 1.1456230890389212
174 1958 1773 9.899418215228618 1.3000408033038733
174 1959 1773 9.158519585609906 1.459093979975507
174 1960 1773 8.47103777585724 1.6116937469903108
174 1961 1773 7.851017832103076 1.7422295113395205
174 1962 1773 7.315632645233123 1.832834484689081
174 1963 1773 6.8846554743139246 1.8683525185286487
174 1964 1773 6.578638232947667 1.8421781531334793
174 1965 1773 6.415487588640548 1.7592164501985275
174 1966 1773 6.406128393967843 1.6336620682228484
174 1967 1773 6.5512198100812595 1.4833450113875764
174 1968 1773 6.840941528766434 1.3244413464234508
174 1969 1773 7.257994282169237 1.1687791685915911
174 1970 1773 7.781932986090375 1.0235596967040637
174 1971 1773 8.392763609205348 0.8923087566938105
174 1972 1773 9.072953267817578 0.776087918237942
174 1973 1773 9.808082432361678 0.6745066937211338
174 1974 1773 10.586712473662534 0.5864274571916303
174 1975 1773 11.399933376998394 0.5104049511003249
174 1951 1774 15.525993720209964 0.5099775304465802
174 1952 1774 14.592343231982976 0.589966073245955
174 1953 1774 13.668082564866202 0.6842815118507488
174 1954 1774 12.755253074713947 0.7954573276634658
174 1955 1774 11.856495308479637 0.9261866554414293
174 1956 1774 10.975266784912328 1.0790115062972558
174 1957 1774 10.116149514513904 1.255672869339865
174 1958 1774 9.285283032842887 1.4558955464986352
174 1959 1774 8.490964668398998 1.6753637012371134
174 1960 1774 7.744448398691815 1.9028857135410948
174 1961 1774 7.060912193194327 2.1176514464090026
174 1962 1774 6.460377775331752 2.2892695354844763
174 1963 1774 5.967954507199309 2.384479212546096
174 1964 1774 5.6121725739681825 2.3809341428613964
174 1965 1774 5.420007472319643 2.2795193998234864
174 1966 1774 5.408926048671851 2.103821584555723
174 1967 1774 5.580007258059884 1.8872902718884135
174 1968 1774 5.917472517891493 1.6597761678598841
174 1969 1774 6.395035652754502 1.441373147384592
174 1970 1774 6.98401610822894 1.2426989090922498
174 1971 1774 7.658751921821298 1.0677066090399976
174 1972 1774 8.398599942847708 0.9164775167799526
174 1973 1774 9.187844197634265 0.7871842117291791
174 1974 1774 10.014813078635155 0.6772583370919637
174 1975 1774 10.87090065265992 0.5840106035485281
174 1952 1775 14.253227038113131 0.5968566093494596
174 1953 1775 13.305430507879079 0.6970990498684785
174 1954 1775 12.36585949297498 0.8173485315728104
174 1955 1775 11.436541478961177 0.9619127212093678
174 1956 1775 10.520193962090225 1.135758999673692
174 1957 1775 9.620523946230774 1.3441881378468807
174 1958 1775 8.742681568031621 1.5918903583345605
174 1959 1775 7.8939521787251765 1.8807502011052084
174 1960 1775 7.084806348800232 2.2054356538271254
174 1961 1775 6.330440821933349 2.5460420816902074
174 1962 1775 5.652829468505156 2.8597676429563275
174 1963 1775 5.082763126489409 3.081060672688677
174 1964 1775 4.659879934075609 3.1452129343018957
174 1965 1775 4.426565372837118 3.030247967133999
174 1966 1775 4.412990029447236 2.774490166985177
174 1967 1775 4.62109088852414 2.446959646999474
174 1968 1775 5.023393375000702 2.107726520717362
174 1969 1775 5.578035586118204 1.7922619315028603
174 1970 1775 6.244556109124264 1.5153036338517822
174 1971 1775 6.991028608152113 1.2794490005963137
174 1972 1775 7.79451608504347 1.0816575513837632
174 1973 1775 8.639125013564827 0.9169053864598917
174 1974 1775 9.513909869238914 0.7799280005838398
174 1975 1775 10.41126702183753 0.66593378083603
174 1976 1775 11.32583246388546 0.5708240506154364
174 1953 1776 13.009707183484153 0.6973887159755789
174 1954 1776 12.047094296966355 0.822955400486037
174 1955 1776 11.091099179071449 0.9765189079513441
174 1956 1776 10.143593101066282 1.1653858624802411
174 1957 1776 9.207197239116777 1.3987182721803653
174 1958 1776 8.285679272093489 1.6875297652285501
174 1959 1776 7.384611093348099 2.0437426655742703
174 1960 1776 6.512486545091661 2.4766670706581873
174 1961 1776 5.6826473584061175 2.9833404891930675
174 1962 1776 4.916551738769778 3.5273731724227564
174 1963 1776 4.248821130619673 4.008472119962332
174 1964 1776 3.7326238760422066 4.263522586348255
174 1965 1776 3.4369290071225587 4.170876799903045
174 1966 1776 3.4194269987821886 3.777796820748261
174 1967 1776 3.6840848252993137 3.246930572053757
174 1968 1776 4.177616665037708 2.714339734859576
174 1969 1776 4.830370689709113 2.2438691826667316
174 1970 1776 5.586813134516046 1.8511845581590056
174 1971 1776 6.410341722560593 1.5311381876569412
174 1972 1776 7.27821963120111 1.272368107306457
174 1973 1776 8.176336649135806 1.0631983273798018
174 1974 1776 9.095739717032444 0.8935332262574611
174 1975 1776 10.030577301431935 0.7551922183714395
174 1976 1776 10.97690671364213 0.6417214089012283
174 1953 1777 12.78555751619768 0.6851234592912321
174 1954 1777 11.804680470050815 0.8116784349056115
174 1955 1777 10.827302572663204 0.9682075770941689
174 1956 1777 9.85446502860502 1.1636793815920674
174 1957 1777 8.887658915597484 1.4103019101583694
174 1958 1777 7.929090805382389 1.724763565633628
174 1959 1777 6.982154466924922 2.129695902264818
174 1960 1777 6.052312037560503 2.6545894961404795
174 1961 1777 5.148832974568108 3.332893992984636
174 1962 1777 4.288412410204967 4.1836532762730245
174 1963 1777 3.502924635215563 5.14493625621193
174 1964 1777 2.854904726956785 5.928976967764457
174 1965 1777 2.4557037687800016 6.0405863335626675
174 1966 1777 2.4311480826968177 5.3866507530468235
174 1967 1777 2.7911433141278366 4.431230858104347
174 1968 1777 3.416208570916101 3.539399670863247
174 1969 1777 4.189329421279823 2.816228161307986
174 1970 1777 5.042864364624618 2.2543163143443206
174 1971 1777 5.942262279637357 1.821065363993355
174 1972 1777 6.869532807986367 1.4853550151587835
174 1973 1777 7.814760456981466 1.222781846446482
174 1974 1777 8.772142326706817 1.0152422110643915
174 1975 1777 9.738094320759139 0.8494869463657593
174 1976 1777 10.71029789501681 0.7157999625820406
174 1977 1777 11.687193033402059 0.606997207723759
174 1953 1778 12.636790771394407 0.6614241752753272
174 1954 1778 11.64338786608086 0.7847126848840794
174 1955 1778 10.651219695415124 0.9380104741907687
174 1956 1778 9.660666695420103 1.1308903645355723
174 1957 1778 8.67228234088347 1.3769019311243296
174 1958 1778 7.686903212607752 1.695684739741269
174 1959 1778 6.705854233429138 2.116464144237868
174 1960 1778 5.731359437341163 2.6839341592856925
174 1961 1778 4.767439669256415 3.4679807363295088
174 1962 1778 3.822104263360672 4.577147297019331
174 1963 1778 2.9134997854813602 6.15577222847812
174 1964 1778 2.0900911463378917 8.192490704463673
174 1965 1778 1.4994935811800434 9.492733086089034
174 1966 1778 1.4589314582941382 8.272491165132328
174 1967 1778 2.0021191273249377 6.22862906261213
174 1968 1778 2.8086439788624826 4.629140575259131
174 1969 1778 3.710590384292045 3.504411626207346
174 1970 1778 4.652792817222867 2.709979231885971
174 1971 1778 5.6150227960357215 2.1355539137181494
174 1972 1778 6.588511288599338 1.7100013883684961
174 1973 1778 7.568915444104328 1.387854624475079
174 1974 1778 8.553857667742733 1.1394135162551047
174 1975 1778 9.541932770670796 0.9447407653272187
174 1976 1778 10.532259064417346 0.7900949308768317
174 1977 1778 11.524256201595028 0.6657761602632116
174 1953 1779 12.566084553272699 0.6283170669288959
174 1954 1779 11.566610609854505 0.7447456804295933
174 1955 1779 10.567236204419721 0.8894816855905118
174 1956 1779 9.567992527170944 1.071644588475908
174 1957 1779 8.568925311846236 1.3042637505864796
174 1958 1779 7.57010442464298 1.606511930670472
174 1959 1779 6.571642184416262 2.007641075965499
174 1960 1779 5.573731335469934 2.5543589732492316
174 1961 1779 4.5767325681100886 3.3257905654725675
174 1962 1779 3.5814076841375755 4.467168016163046
174 1963 1779 2.5896874328767514 6.2774554709292705
174 1964 1779 1.6082540222240669 9.487525828574025
174 1965 1779 0.6829941434595165 16.086481534532552
174 1966 1779 0.5886263670615748 14.512404158748506
174 1967 1779 1.492139738764509 8.727942682648271
174 1968 1779 2.471129498832533 5.87123924024479
174 1969 1779 3.46214976568034 4.219270959456264
174 1970 1779 4.457183079031031 3.161837187010827
174 1971 1779 5.454033461576914 2.4399548843503194
174 1972 1779 6.451858724429787 1.924682004459636
174 1973 1779 7.450267176417291 1.5445775130562545
174 1974 1779 8.44905207700846 1.256952900402294
174 1975 1779 9.448094040598933 1.0348254463363988
174 1976 1779 10.44731932124223 0.8603809639537273
174 1977 1779 11.446679911660032 0.7214421746731294
174 1978 1779 12.446143217880849 0.6094445803511401
174 1953 1780 12.574755703392354 0.5883357608456503
174 1954 1780 11.576030450892857 0.6953357019755989
174 1955 1780 10.577546076477226 0.8277171528623657
174 1956 1780 9.579377902557079 0.9934005257708807
174 1957 1780 8.581636265887699 1.2035669428910365
174 1958 1780 7.584489501607809 1.4744276896664035
174 1959 1780 6.5882077228939275 1.8302568635610683
174 1960 1780 5.593253167879968 2.3088723315399173
174 1961 1780 4.600487039433913 2.972211922787482
174 1962 1780 3.611714412851536 3.9284794818671367
174 1963 1780 2.6314408600612 5.383410091816951
174 1964 1780 1.6746584726444185 7.771139630666863
174 1965 1780 0.8273336690839107 11.99625824609212
174 1966 1780 0.7513195059360265 15.010242525134833
174 1967 1780 1.5634836104034042 9.983758491995761
174 1968 1780 2.514852083125402 6.642368919864109
174 1969 1780 3.493491233708807 4.711257478987693
174 1970 1780 4.481571264634804 3.4941163884160686
174 1971 1780 5.4739821884986535 2.674593051600129
174 1972 1780 6.468731019295872 2.0961209060965897
174 1973 1780 7.464883187297756 1.6732326519434384
174 1974 1780 8.461943098366996 1.3555984326888126
174 1975 1780 9.45962372401783 1.1118103869319995
174 1976 1780 10.457747415194204 0.9213592019008623
174 1977 1780 11.45619836595025 0.7703564359503671
174 1954 1781 11.671438685954637 0.6402198261059981
174 1955 1781 10.681876286495674 0.7581715286448527
174 1956 1781 9.694456199292393 0.9043484138858167
174 1957 1781 8.709907060353677 1.0875329402676521
174 1958 1781 7.729326037889651 1.3200243994884409
174 1959 1781 6.754441575733632 1.6194052628178837
174 1960 1781 5.788132773183348 2.0113573532597355
174 1961 1781 4.8355435061634235 2.5341404388238393
174 1962 1781 3.9067225394183507 3.2452816966662015
174 1963 1781 3.023653584655404 4.2285646860107
174 1964 1781 2.2410892440952868 5.5817697171480605
174 1965 1781 1.703666927541793 7.267450738322781
174 1966 1781 1.6680770365902775 8.488553805236569
174 1967 1781 2.1592778885543913 7.85962285824846
174 1968 1781 2.9227522987759365 6.182783574081216
174 1969 1781 3.7976941688345742 4.682206865202575
174 1970 1781 4.722550264422841 3.5723007883499407
174 1971 1781 5.672960514581461 2.7716468888393258
174 1972 1781 6.63795759251296 2.187108059267937
174 1973 1781 7.611995861796075 1.752032085944617
174 1974 1781 8.592000989292348 1.4219209578751788
174 1975 1781 9.576141237471427 1.1670689596489074
174 1976 1781 10.563260907503937 0.9672962893739963
174 1977 1781 11.552596288280874 0.80859840907202
174 1954 1782 11.850758667697118 0.582767068386924
174 1955 1782 10.877521822547562 0.6857177786063902
174 1956 1782 9.909615582856812 0.8117210626975554
174 1957 1782 8.948769803721552 0.9672284490892498
174 1958 1782 7.997529681095205 1.1608593160234058
174 1959 1782 7.059779104192913 1.4041877498846291
174 1960 1782 6.14170017177646 1.7127172043149448
174 1961 1782 5.253615992818576 2.1067985052197127
174 1962 1782 4.4136697882826725 2.6114309965431506
174 1963 1782 3.6551991737796343 3.251250651674983
174 1964 1782 3.0398159483757285 4.029526651091905
174 1965 1782 2.668422942488604 4.86658423409691
174 1966 1782 2.6458422099587966 5.498392703542071
174 1967 1782 2.980013590572996 5.549492057594433
174 1968 1782 3.572181546338297 4.981776181875188
174 1969 1782 4.317462333362038 4.152965476827117
174 1970 1782 5.149803976851943 3.3577479293319907
174 1971 1782 6.033281113954512 2.696704614953728
174 1972 1782 6.948415718708856 2.173548988086669
174 1973 1782 7.884191841907477 1.7648393236303672
174 1974 1782 8.834052354384172 1.445109802093127
174 1975 1782 9.793900193487813 1.19325829258744
174 1976 1782 10.761063190967738 0.9931164016565209
174 1977 1782 11.73373261157765 0.8325956938896785
174 1978 1782 12.710644397511913 0.7026961145195818
174 1956 1783 10.218536147609324 0.720949764495978
174 1957 1783 9.289697573118218 0.8505924762618163
174 1958 1783 8.37725975483622 1.0087796885325808
174 1959 1783 7.487221180117409 1.202639091392353
174 1960 1783 6.628610789599797 1.4408073967635955
174 1961 1783 5.815365938614607 1.7330360510205938
174 1962 1783 5.069366922999268 2.088481927982178
174 1963 1783 4.424757733480916 2.510841975962575
174 1964 1783 3.931727482926465 2.9870437135585144
174 1965 1783 3.652188521968627 3.466914764891691
174 1966 1783 3.635722899231939 3.844446815899681
174 1967 1783 3.8856763889958215 3.9842965588493704
174 1968 1783 4.356429845641924 3.822618002955073
174 1969 1783 4.985828015485474 3.432519318100452
174 1970 1783 5.721755062915568 2.94995026859441
174 1971 1783 6.528283158687286 2.476681634041244
174 1972 1783 7.382308649738247 2.0592370076430466
174 1973 1783 8.269128188630303 1.7088183717837981
174 1974 1783 9.179241853225154 1.4210252278557507
174 1975 1783 10.106358444068787 1.1865413503533024
174 1976 1783 11.046197581068364 0.9956641313251362
174 1977 1783 11.995769295880974 0.8398665696807838
174 1978 1783 12.952933297133928 0.7121346416468441
174 1979 1783 13.916123059243223 0.606861734939101
174 1956 1784 10.613033543713986 0.635558478568267
174 1957 1784 9.721958701825388 0.7424055068021688
174 1958 1784 8.854178730972087 0.8702235374714304
174 1959 1784 8.017261440167621 1.023194283805366
174 1960 1784 7.221944405767653 1.205837993975643
174 1961 1784 6.483554657747462 1.4223738489497397
174 1962 1784 5.8237857961981145 1.6752394202225447
174 1963 1784 5.27223681182845 1.9621086323599648
174 1964 1784 4.865848435781691 2.2707488236365023
174 1965 1784 4.642895755883308 2.5722991216791242
174 1966 1784 4.629954751398694 2.817755434092891
174 1967 1784 4.828714218091546 2.9482463325531643
174 1968 1784 5.215024544525132 2.92441041501246
174 1969 1784 5.751215610633953 2.753885700338423
174 1970 1784 6.399725072219883 2.4855442941016457
174 1971 1784 7.1299706170502475 2.1776326423793964
174 1972 1784 7.919373775747676 1.873353789496898
174 1973 1784 8.75194155602059 1.5959297987225853
174 1974 1784 9.616469258516881 1.353963060790223
174 1975 1784 10.505069300104608 1.1479247389445215
174 1976 1784 11.41211991700054 0.9746159586532709
174 1977 1784 12.33355102961027 0.8296213620216911
174 1978 1784 13.266366533455974 0.7084799288791297
174 1979 1784 14.208324355813417 0.6071653497754698
174 1957 1785 10.233986564384292 0.6449648438139506
174 1958 1785 9.41352649117207 0.7477193068105119
174 1959 1785 8.631018537808758 0.8680919935244105
174 1960 1785 7.897751642081342 1.0083012055894451
174 1961 1785 7.228726098006387 1.1698888941697756
174 1962 1785 6.643378733746764 1.352735635901182
174 1963 1785 6.165588455289476 1.553442411343545
174 1964 1785 5.821896684071178 1.7630627775517473
174 1965 1785 5.636885753676323 1.964796031029307
174 1966 1785 5.626231509634064 2.133523695726221
174 1967 1785 5.790896390024544 2.240165789602268
174 1968 1785 6.116737774336857 2.2620189093482757
174 1969 1785 6.579854177715455 2.1939850927090063
174 1970 1785 7.153634111414955 2.0514295934437072
174 1971 1785 7.81373668611886 1.8619330199118334
174 1972 1785 8.540168675149213 1.6534486358606053
174 1973 1785 9.317428883549365 1.4469236860673254
174 1974 1785 10.133828546013598 1.2548257523597939
174 1975 1785 10.980641192571596 1.082896549241011
174 1976 1785 11.851349332460007 0.9325788954157582
174 1977 1785 12.741054940624046 0.802967672902252
174 1978 1785 13.646042686434793 0.6920781701519854
174 1979 1785 14.563463908013114 0.5975735519266598
174 1958 1786 10.041537780638887 0.6414132522778276
174 1959 1786 9.311953661826195 0.7362777740699695
174 1960 1786 8.636693869762803 0.8444789772961717
174 1961 1786 8.029475761218691 0.9663421465871932
174 1962 1786 7.506828957689032 1.1009308540702272
174 1963 1786 7.087487636673429 1.2451998002281217
174 1964 1786 6.79061712953976 1.392985186455902
174 1965 1786 6.6326827905455366 1.5341865578485359
174 1966 1786 6.6236304999599 1.6548864346989147
174 1967 1786 6.764058027545236 1.7393547784925802
174 1968 1786 7.0450323633038945 1.7742291131639365
174 1969 1786 7.45066983565903 1.753384223963599
174 1970 1786 7.961939525015213 1.6805252254576464
174 1971 1786 8.559934637600897 1.567593100473911
174 1972 1786 9.227810195273833 1.430180674486963
174 1973 1786 9.951506468871926 1.2829512629441568
174 1974 1786 10.719723923683851 1.1370512612023147
174 1975 1786 11.523561992717356 0.9995935966232117
174 1976 1786 12.356070613265372 0.8743229072244164
174 1977 1786 13.211831099435091 0.762624383802714
174 1978 1786 14.086606440161532 0.6644283389023526
174 1959 1787 10.046416326232858 0.6252671440478424
174 1960 1787 9.423931292194263 0.7093879925714178
174 1961 1787 8.870765525026481 0.8023807448857064
174 1962 1787 8.400623845881832 0.9031710563684846
174 1963 1787 8.028105691880157 1.0093513112969208
174 1964 1787 7.767269854974698 1.1167212874981534
174 1965 1787 7.629579346202434 1.2189947384581794
174 1966 1787 7.621711159575577 1.3079803101230199
174 1967 1787 7.744061014738907 1.3745708433534363
174 1968 1787 7.990649598123991 1.41062106209327
174 1969 1787 8.35047789051616 1.4112125132763482
174 1970 1787 8.809681095249664 1.376261415441107
174 1971 1787 9.353634641143486 1.310547530954142
174 1972 1787 9.968474356690674 1.2221464035208325
174 1973 1787 10.641920926223783 1.1201676335286326
174 1974 1787 11.363559345557173 1.012853002540789
174 1975 1787 12.124787874433096 0.906557135111433
174 1976 1787 12.918609871034885 0.8055451095914459
174 1961 1788 9.742098387924349 0.669924354879036
174 1962 1788 9.31603354437919 0.7466176810329183
174 1963 1788 8.981563393975373 0.8263773201299223
174 1964 1788 8.74919887761151 0.9063239945235669
174 1965 1788 8.627194271604102 0.9824168446157864
174 1966 1788 8.620236713687087 1.0495971913877074
174 1967 1788 8.728601319799115 1.1023065505426732
174 1968 1788 8.948099295381056 1.1354021966757688
174 1969 1788 9.270840361045975 1.1452808802447656
174 1970 1788 9.686510259118046 1.13080896289701
174 1971 1788 10.183736102236708 1.0936379839204575
174 1972 1788 10.751208350692465 1.0377485187431326
174 1973 1788 11.378421727111343 0.9684472840174525
174 1974 1788 12.05605578122462 0.8912571077072708
174 1975 1788 12.776090207884401 0.8110700146238071
174 1962 1789 10.247267001498408 0.621622728731996
174 1963 1789 9.944168190452043 0.6826025678065009
174 1964 1789 9.73480770226091 0.7433562537069938
174 1965 1789 9.625304202984884 0.8012100903065361
174 1966 1789 9.61906861395627 0.8529152485522568
174 1967 1789 9.716299758652914 0.8949329099819515
174 1968 1789 9.913953853029517 0.9239109890216312
174 1969 1789 10.206198165820558 0.937273984493564
174 1970 1789 10.585201037297262 0.9337588722466267
174 1971 1789 11.042032466896623 0.9137025789627486
174 1972 1789 11.567475135049966 0.8789637499243519
174 1973 1789 12.152632677736925 0.8325115356422371
174 1974 1789 12.789311201155417 0.7778432162041052
174 1965 1790 10.62376962287861 0.6600688908210197
174 1966 1790 10.618120408057088 0.7005061302364629
174 1967 1790 10.70628231460382 0.7342678759179785
174 1968 1790 10.885976345739442 0.759107041000126
174 1969 1790 11.15277907070694 0.7731866813024829
