# %ECSV 0.9
# ---
# datatype:
# - name: sexcat_id
#   datatype: int32
# - name: x
#   datatype: int32
# - name: y
#   datatype: int32
# - name: sep
#   datatype: float64
# - name: weight
#   datatype: float64
# schema: astropy-2.0
sexcat_id x y sep weight
40 2490 763 5.671952926461973 0.509551137745374
40 2491 763 5.163433934892585 0.6097713837248623
40 2492 763 4.81155380308691 0.6860299097884658
40 2493 763 4.6519941960410796 0.7125914209698702
40 2494 763 4.704364994342985 0.6787472451788131
40 2489 764 5.602771635539039 0.5339290375505303
40 2490 764 4.886824122065431 0.7037613184958581
40 2491 764 4.286146287750846 0.893907454636954
40 2492 764 3.855003242540808 1.058390408724813
40 2493 764 3.6539088658585785 1.1265768467026005
40 2494 764 3.720356165745385 1.0598691543883447
40 2495 764 4.0411693852150625 0.8960875420682759
40 2489 765 5.010094809482235 0.676247956598139
40 2490 765 4.194168570765917 0.9540008428867092
40 2491 765 3.4757804878905105 1.31961527666568
40 2492 765 2.9276355647519003 1.705098980380786
40 2493 765 2.6572636301277974 1.9059373647503919
40 2494 765 2.747917393227049 1.7528769454950963
40 2495 765 3.16876158774994 1.378900805888311
40 2496 765 3.811961437370439 1.0030847823182492
40 2488 766 5.5064553026426255 0.5488464668893203
40 2489 766 4.561912975934643 0.8091979210815153
40 2490 766 3.6470604601515246 1.2259394180907026
40 2491 766 2.79124524182316 1.8945370987422905
40 2492 766 2.069069839323993 2.856738092927181
40 2493 766 1.6646471097502906 3.6003696385597617
40 2494 766 1.805837755724411 3.1410209207657696
40 2495 766 2.398134691796847 2.143502122660632
40 2496 766 3.200164058294409 1.3862231142833765
40 2488 767 5.294435758416673 0.5849308530795462
40 2489 767 4.303608950636768 0.8878600475994267
40 2490 767 3.318290222388736 1.4153346903802735
40 2491 767 2.345431729980745 2.416983783445846
40 2492 767 1.411045711520449 4.5486231508440635
40 2493 767 0.6935776813018367 8.507982442241516
40 2494 767 0.9854186927391899 6.099747920613004
40 2495 767 1.8603897441126673 3.113900378916663
40 2496 767 2.8197606281383845 1.7562627410083016
40 2489 768 4.2697833668701435 0.875309861378529
40 2490 768 3.2743014522185834 1.4004102450852125
40 2491 768 2.282772437191343 2.4166632784177615
40 2492 768 1.304243075504059 4.731841357146548
40 2493 768 0.43709266752036524 11.332353617271282
40 2494 768 0.825257535560779 7.552194076942165
40 2495 768 1.7807442264400668 3.4447340079305615
40 2496 768 2.7678601843300203 1.877358013752401
40 2489 769 4.4655402808619895 0.7779797956330207
40 2490 769 3.5257694195736566 1.1923156545943763
40 2491 769 2.630788855077606 1.8939508859928984
40 2492 769 1.8469028128194303 3.053657703780116
40 2493 769 1.3787856976340105 4.361544854256019
40 2494 769 1.5463020403530117 4.037323413032279
40 2495 769 2.209309846988346 2.6463943497426254
40 2496 769 3.0612170782222305 1.6391777899232092
40 2490 770 4.01759256271723 0.9189105481455044
40 2491 770 3.2605290981680533 1.3191299059039079
40 2492 770 2.6685295576403796 1.81840043438614
40 2493 770 2.3687655012685704 2.2152895903018313
40 2494 770 2.4700303641858175 2.171755430791844
40 2495 770 2.931049300165336 1.7329100580876737
40 2492 771 3.5820455050153113 1.1221989252008606
72 2201 1034 6.004945045543895 0.5359115222713974
72 2202 1034 5.565731308642363 0.6026535805804178
72 2203 1034 5.281606289757075 0.6304294364625131
72 2200 1035 5.812517956961705 0.5906239188774666
72 2201 1035 5.167529874127671 0.743620523517336
72 2202 1035 4.64987795538782 0.8820798696411792
72 2203 1035 4.305736290113606 0.9566680012652458
72 2204 1035 4.178201167967017 0.9313596893411199
72 2205 1035 4.286649624123787 0.8191527890060707
72 2200 1036 5.140949814966302 0.752452984639277
72 2201 1036 4.398563970206836 1.019794277238346
72 2202 1036 3.7769518133014865 1.3122669436728522
72 2203 1036 3.3441538541163225 1.5183216763077283
72 2204 1036 3.17826446350846 1.5043260100366942
72 2205 1036 3.319542890218529 1.2808880015255495
72 2206 1036 3.7332780501859286 0.9872227124532004
72 2199 1037 5.491390079023905 0.6213424199160443
72 2200 1037 4.5905734935846345 0.9072104313569613
72 2201 1037 3.74050330837997 1.3390370581908175
72 2202 1037 2.9848559429227346 1.9409204059380385
72 2203 1037 2.4139935791134226 2.5453979030690923
72 2204 1037 2.178385870317859 2.6421394443431727
72 2205 1037 2.3797825530918075 2.1157102893169846
72 2206 1037 2.9293966955671653 1.482216873006094
72 2199 1038 5.176810311379194 0.6586424518340543
72 2200 1038 4.209200042763662 1.002576160898028
72 2201 1038 3.2611907334593724 1.593357046491958
72 2202 1038 2.3565578711334343 2.6541728583493187
72 2203 1038 1.57205756892062 4.427827738558054
72 2204 1038 1.1787132815066925 5.412143709213204
72 2205 1038 1.5190013166551042 3.716802431179055
72 2206 1038 2.2859057285897872 2.197182797701359
72 2207 1038 3.1848649892890704 1.3407534927291538
72 2199 1039 5.044141651460804 0.6438185324717615
72 2200 1039 4.0449184169772066 0.9925319749604246
72 2201 1039 3.0462050160816583 1.6214308653056435
72 2202 1039 2.048747178155646 2.89829858408721
72 2203 1039 1.0561084224644683 6.1371716676881345
72 2204 1039 0.18266088798659996 18.271929288910897
72 2205 1039 0.9753794133565248 6.220942191557352
72 2206 1039 1.9670701563491282 2.9266894871879847
72 2207 1039 2.9643490010454316 1.6344285811519255
72 2200 1040 4.123756176109491 0.8824471659824206
72 2201 1040 3.150137298595227 1.4010291531984174
72 2202 1040 2.200310205402979 2.3702048055575227
72 2203 1040 1.3264105699217592 4.336748639177265
72 2204 1040 0.823021870912208 7.3994111636991935
72 2205 1040 1.2630775906489262 5.545802246601293
72 2206 1040 2.1244681687422764 2.9742106086047264
72 2207 1040 3.0710527510934793 1.7059358381729803
72 2201 1041 3.5450479545417455 1.0829157747654128
72 2202 1041 2.7359395095652754 1.6537984057505308
72 2203 1041 2.0984196434459776 2.492095221798235
72 2204 1041 1.8224612478732187 3.2947986554781346
72 2205 1041 2.058971830793048 3.157878390797301
72 2206 1041 2.6753252138756776 2.276870907668612
72 2207 1041 3.474962589726486 1.4971178736636404
72 2202 1042 3.48272379036869 1.1100245469941334
72 2203 1042 3.0078838075962513 1.4898164074540536
72 2204 1042 2.8222978226968514 1.8013415018365906
72 2205 1042 2.980497441703155 1.8266661542326057
85 1207 1100 6.44489643050985 0.6254105200986038
85 1208 1100 6.208920195976006 0.668936017624613
85 1209 1100 6.129003997388063 0.6656546932432137
85 1205 1101 6.500053076706261 0.5807632780258777
85 1206 1101 5.938408035829018 0.7223096953109168
85 1207 1101 5.5026075636918526 0.8551147029111568
85 1208 1101 5.224240614672998 0.9400426708198643
85 1209 1101 5.1290047767572835 0.9422712737000453
85 1210 1101 5.226919743022572 0.8607775144792469
85 1211 1101 5.507693709711831 0.7293322523587965
85 1204 1102 6.479096387614449 0.5417711571152494
85 1205 1102 5.74392635746653 0.7236324978659107
85 1206 1102 5.099675479871131 0.9482310867699758
85 1207 1102 4.584832603269063 1.1862089423230426
85 1208 1102 4.246726974977212 1.361526139998648
85 1209 1102 4.1290059336357485 1.3825631031547123
85 1210 1102 4.250022352882317 1.2361276129066805
85 1211 1102 4.590935634486664 1.0042061576476855
85 1204 1103 5.89242649508662 0.6285085795402243
85 1205 1103 5.072937019124022 0.8792747226332672
85 1206 1103 4.3299757505093535 1.226985115045286
85 1207 1103 3.70980996817885 1.6590515738497178
85 1208 1103 3.282786925768909 2.0470253495522406
85 1209 1103 3.1290078299677373 2.132603176199007
85 1210 1103 3.287048828356453 1.8387347446855802
85 1211 1103 3.717349862469183 1.399432455100399
85 1212 1103 4.339664733594034 1.0109539275085202
85 1204 1104 5.427954495019185 0.7007985281084576
85 1205 1104 4.525117678027733 1.0237219100664545
85 1206 1104 3.6729674651430315 1.5281835898388678
85 1207 1104 2.9162801648674552 2.2907377270284983
85 1208 1104 2.349189221837925 3.2117752330319282
85 1209 1104 2.1290115077189222 3.552456341468974
85 1210 1104 2.3551411847275148 2.8507827767375358
85 1211 1104 2.92586568386176 1.950160057262785
85 1212 1104 3.684384616187616 1.2977176857201786
85 1204 1105 5.1190516699872415 0.7428182368954394
85 1205 1105 4.149540938465277 1.11930200738864
85 1206 1105 3.1988576085845732 1.766044343674698
85 1207 1105 2.290565432376805 2.951544198548658
85 1208 1105 1.503559110909732 5.132497540387319
85 1209 1105 1.1290217004113727 6.826383834726851
85 1210 1105 1.512841696939872 4.555011727847253
85 1211 1105 2.3027570431984428 2.622148921424899
85 1212 1105 3.2119604605287653 1.5900242201767474
85 1204 1106 4.994666155009698 0.7432803763758121
85 1205 1106 3.9950832281692805 1.1317188424489253
85 1206 1106 2.9957786967664357 1.8240874343161713
85 1207 1106 1.9971704984802197 3.2139140727346738
85 1208 1106 1.0013440967019542 6.721510418415584
85 1209 1106 0.12918978287765817 21.70977226966412
85 1210 1106 1.0152290381978346 6.502729116644481
85 1211 1106 2.011141466928725 3.139088294165913
85 1212 1106 3.00976577161751 1.7892944182343926
85 1204 1107 5.068401128561112 0.7020518722329006
85 1205 1107 4.0868924624951495 1.0559294403064978
85 1206 1107 3.11716056692622 1.6666186460655228
85 1207 1107 2.1750149424773886 2.8115043797118324
85 1208 1107 1.3208671394201772 5.159559424430762
85 1209 1107 0.8710281281337392 8.458723372900925
85 1210 1107 1.3314240496552139 5.660424052029585
85 1211 1107 2.1878505433416637 3.054071913843974
85 1212 1107 3.1306053727674676 1.7896191139875164
85 1204 1108 5.332043698245518 0.6302393501054744
85 1205 1108 4.409613361735908 0.9205933702550095
85 1206 1108 3.5296869549579015 1.3837203042557875
85 1207 1108 2.73362213921385 2.1300605509480364
85 1208 1108 2.11818082325382 3.2299622422239067
85 1209 1108 1.8710130945560897 4.133024893772693
85 1210 1108 2.124779988610698 3.6133981660739223
85 1211 1108 2.743845841150811 2.4554399123718302
85 1212 1108 3.5415660377862115 1.5907979571685962
85 1205 1109 4.917996543309079 0.7649195597847217
85 1206 1109 4.147371456718119 1.086497086960472
85 1207 1109 3.4949520740634337 1.5328944539785814
85 1208 1109 3.0378759026662725 2.057602489167072
85 1209 1109 2.8710085335993942 2.4130735678217534
85 1210 1109 3.0424808955851583 2.284767566066484
85 1211 1109 3.502954467303392 1.8003774488491682
85 1212 1109 4.157486019218936 1.2985932753146898
85 1207 1110 4.353928111487429 1.096918323817123
85 1208 1110 3.9963345705784707 1.3678865010431274
85 1209 1110 3.8710063291088446 1.5386919173311784
85 1210 1110 3.999836246648212 1.504759606763605
85 1211 1110 4.3603543433992815 1.2893182723959737
86 1146 1114 6.038320710263727 0.5070953637625759
86 1147 1114 5.726544944379614 0.589768648049479
86 1148 1114 5.579006811252303 0.6414141719972474
86 1149 1114 5.6086822873112965 0.6438404483500834
86 1145 1115 5.656086721400233 0.5490417404695588
86 1146 1115 5.130625400475064 0.6998225285112956
86 1147 1115 4.759760183034413 0.8464782482296788
86 1148 1115 4.581191657200087 0.9422948674815746
86 1149 1115 4.617284591618709 0.9430870987821535
86 1150 1115 4.863261971146469 0.8484418608923224
86 1144 1116 5.614384828278182 0.5250003654935299
86 1145 1116 4.883985769840051 0.7219026234992725
86 1146 1116 4.264424580174914 0.9749363300955656
86 1147 1116 3.8101597079387464 1.2505532687088177
86 1148 1116 3.5845943982548087 1.4463084771435306
86 1149 1116 3.630608351227055 1.439291951626142
86 1150 1116 3.9386948345866446 1.2346759403910232
86 1151 1116 4.454808301150499 0.9582607127342243
86 1144 1117 5.038185883827661 0.641312754331435
86 1145 1117 4.208956759103162 0.9313843698411246
86 1146 1117 3.4709245166093825 1.3558403768700888
86 1147 1117 2.8947049936046945 1.905070726368776
86 1148 1117 2.5906209680306063 2.3638823535174143
86 1149 1117 2.65392482938001 2.3226423575872026
86 1150 1117 3.06191394392455 1.827044296715506
86 1151 1117 3.702339395571329 1.2890027244204258
86 1143 1118 5.559974550301513 0.5071661496026424
86 1144 1118 4.609264257991767 0.7514045057726617
86 1145 1118 3.684741103524137 1.1513187617044198
86 1146 1118 2.81235079604237 1.8285343478043123
86 1147 1118 2.0594457992382402 2.9534451977193528
86 1148 1118 1.6041561644677598 4.270743101804359
86 1149 1118 1.704499046640917 4.0458032210202735
86 1150 1118 2.288518516420541 2.671849295457257
86 1151 1118 3.0934312664094468 1.6525827571476253
86 1143 1119 5.364262950303666 0.5469936426261603
86 1144 1119 4.371191713938028 0.8286742984488924
86 1145 1119 3.3822059369589477 1.3182697620206743
86 1146 1119 2.4023565513887055 2.249656646783591
86 1147 1119 1.450281696774842 4.282801290707982
86 1148 1119 0.659785571227497 9.22609389831645
86 1149 1119 0.8759663235535226 7.413509385456807
86 1150 1119 1.7604877165148738 3.5048090625717787
86 1151 1119 2.7260442036033887 1.9105718166917114
86 1143 1120 5.351384587188691 0.5575639268685125
86 1144 1120 4.3553779399726675 0.847286719587553
86 1145 1120 3.361743149022607 1.3544364083022389
86 1146 1120 2.3734609750320974 2.3321577936706515
86 1147 1120 1.4018976424832859 4.538812533382057
86 1148 1120 0.5452678241012159 10.710380105248719
86 1149 1120 0.7932950270863638 7.699538923154499
86 1150 1120 1.720847756194555 3.492642559839694
86 1151 1120 2.7006141894020543 1.892206982997518
86 1144 1121 4.564133762281802 0.8000728553981261
86 1145 1121 3.6281285809629895 1.2392773345806376
86 1146 1121 2.737757659107247 2.0003913131794655
86 1147 1121 1.9563529845097676 3.3044468859408744
86 1148 1121 1.4694614659800218 4.793142378187364
86 1149 1121 1.5783906360594118 4.230557196428837
86 1150 1121 2.1962051361382238 2.6517089338175386
86 1151 1121 3.0257754378009936 1.6117793076127485
86 1144 1122 4.969237064178033 0.7044919567828177
86 1145 1122 4.126174620638418 1.0335650348239576
86 1146 1122 3.3700618688683557 1.5196342578945798
86 1147 1122 2.772961773988303 2.1397581423747316
86 1148 1122 2.4538371991638392 2.5916318537708
86 1149 1122 2.520578703393353 2.4133361767540356
86 1150 1122 2.9470861880847656 1.8116111068410738
86 1145 1123 4.784069083949423 0.8139511380809912
86 1146 1123 4.1496164883035345 1.099680241245431
86 1147 1123 3.681211349542489 1.3944846046610817
86 1148 1123 3.4472187339941622 1.5642128236352248
86 1149 1123 3.4950417737131834 1.4881515061403183
166 1954 1761 22.02487041959614 0.18001937495399092
166 1955 1761 21.517130779915824 0.18488694924170085
166 1956 1761 21.04468856980309 0.18909680852376773
166 1949 1762 24.272060419338157 0.1660169490633158
166 1950 1762 23.601375320095265 0.17423974982251508
166 1951 1762 22.954670919009093 0.18229513299647296
166 1952 1762 22.334030469218973 0.19007302649622335
166 1953 1762 21.74168615816173 0.1974553473242272
166 1954 1762 21.180012204906806 0.20431898300631632
166 1955 1762 20.65151125220624 0.21053957591360017
166 1956 1762 20.158792548166193 0.21599598717060015
166 1957 1762 19.704540517352864 0.22057522080818265
166 1958 1762 19.29147264985233 0.22417749894383632
166 1959 1762 18.92228625193056 0.2267211114549134
166 1960 1762 18.59959453859143 0.22814663483020411
166 1961 1762 18.325853786386052 0.22842013618669432
166 1962 1762 18.103284701953946 0.2275350531824873
166 1963 1762 17.933792599447546 0.22551256175100748
166 1964 1762 17.81889213727945 0.22240039431542472
166 1965 1762 17.75964292996904 0.2182702278489002
166 1966 1762 17.756602067963314 0.21321389888375256
166 1967 1762 17.80979834248549 0.20733880073309885
166 1968 1762 17.91873089814116 0.20076286487082493
166 1969 1762 18.082392457857964 0.19360952222829753
166 1970 1762 18.29931465929799 0.18600298919728556
166 1947 1763 24.996938152501848 0.16494731905536347
166 1948 1763 24.263942734024127 0.17480825595645647
166 1949 1763 23.550603325605103 0.18478112301039315
166 1950 1763 22.858760180727256 0.19476345430046108
166 1951 1763 22.190423993245414 0.20463602849756451
166 1952 1763 21.547782182860526 0.21426391303022127
166 1953 1763 20.93320130797011 0.22349862499193165
166 1954 1763 20.34922399011818 0.23218154042245065
166 1955 1763 19.79855845762517 0.24014858964956717
166 1956 1763 19.28405862364043 0.24723614582408165
166 1957 1763 18.808692591458893 0.25328785685369515
166 1958 1763 18.375497734755392 0.25816200762386016
166 1959 1763 17.987521146617183 0.2617388578880961
166 1960 1763 17.64774538007618 0.2639273131404685
166 1961 1763 17.35900103692606 0.26467027859161796
166 1962 1763 17.123869802121245 0.2639481347924966
166 1963 1763 16.94458370689583 0.2617799529897528
166 1964 1763 16.822928312276655 0.25822231358417924
166 1965 1763 16.760158620967744 0.2533658605407294
166 1966 1763 16.756936384673637 0.2473299705507541
166 1967 1763 16.81329583990001 0.24025609644842205
166 1968 1763 16.92864191245118 0.2323004341859068
166 1969 1763 17.101781106071922 0.22362655677869678
166 1970 1763 17.330981420565845 0.2143985715421961
166 1971 1763 17.614054530402655 0.20477521597427326
166 1947 1764 24.33813708976105 0.18170145080489808
166 1948 1764 23.584675469465385 0.19343599937062894
166 1949 1764 22.850140415323537 0.20541470414042481
166 1950 1764 22.136416083006797 0.21752192933484915
166 1951 1764 21.445580360531206 0.22961828152667263
166 1952 1764 20.779916193286287 0.24154087409487066
166 1953 1764 20.141919397118077 0.2531050790659593
166 1954 1764 19.534301036894085 0.26410806964127787
166 1955 1764 18.959981988388098 0.27433434992192746
166 1956 1764 18.42207689159941 0.2835632903225064
166 1957 1764 17.9238644549662 0.29157844392762333
166 1958 1764 17.468741139532654 0.2981781354174872
166 1959 1764 17.060155831644693 0.303186534956605
166 1960 1764 16.701524391503916 0.306464213835805
166 1961 1764 16.396125060513537 0.30791708731455497
166 1962 1764 16.146978571856714 0.30750272688094354
166 1963 1764 15.956720120375605 0.3052332786897142
166 1964 1764 15.827473487578475 0.30117462356505975
166 1965 1764 15.760739735177387 0.29544188425160717
166 1966 1764 15.757313127560776 0.28819183494176925
166 1967 1764 15.81723480890383 0.2796131098451708
166 1968 1764 15.939790368759521 0.26991528489657923
166 1969 1764 16.123551624874672 0.25931790545457967
166 1970 1764 16.366457069262072 0.2480403796156902
166 1971 1764 16.665920826644964 0.23629340520517003
166 1972 1764 17.018957576772973 0.22427231065760234
166 1973 1764 17.422310897237427 0.21215241987807243
166 1946 1765 24.493895504798797 0.1862792240561542
166 1947 1765 23.703225877504575 0.19967690440861924
166 1948 1765 22.928910070040452 0.21360073329579113
166 1949 1765 22.17266147759448 0.2279553020748064
166 1950 1765 21.436392350393337 0.24261503558226938
166 1951 1765 20.72223243282446 0.25742161770271954
166 1952 1765 20.032546443225876 0.2721826887615917
166 1953 1765 19.369948812529202 0.2866723956913976
166 1954 1765 18.737313494735613 0.30063438399916004
166 1955 1765 18.137775966198312 0.31378773376581043
166 1956 1765 17.574723810063162 0.32583613043640536
166 1957 1765 17.051771667483727 0.3364802126111742
166 1958 1765 16.572716041735603 0.34543257280583656
166 1959 1765 16.141465763678355 0.3524343648548569
166 1960 1765 15.761945216247906 0.3572719962249605
166 1961 1765 15.437969976651726 0.35979208083104364
166 1962 1765 15.173098464058022 0.3599128111496595
166 1963 1765 14.970468162352162 0.357630235079687
166 1964 1765 14.832630144380987 0.35301856285843997
166 1965 1765 14.761399561017221 0.3462244605876767
166 1966 1765 14.75774091790472 0.3374561278596653
166 1967 1765 14.821704254234701 0.326968622800683
166 1968 1765 14.95242177709012 0.3150472587837807
166 1969 1765 15.148165466484668 0.3019909132858078
166 1970 1765 15.406456990495853 0.2880968107684916
166 1971 1765 15.724214352392883 0.2736478775507229
166 1972 1765 16.097916542211237 0.25890324381562974
166 1973 1765 16.523768244562074 0.24409199253583186
166 1974 1765 16.997850364090098 0.22940989326950137
166 1946 1766 23.904997741058306 0.20309097514388125
166 1947 1766 23.094174958201098 0.21877121865101146
166 1948 1766 22.29872007537658 0.23522884000433378
166 1949 1766 21.520337288249046 0.2523737199545492
166 1950 1766 20.760946919637412 0.2700772953637039
166 1951 1766 20.022710031361935 0.2881673119156306
166 1952 1766 19.308053164418254 0.3064237584034242
166 1953 1766 18.61969164621159 0.324576872024828
166 1954 1766 17.960649125240472 0.34230823591731
166 1955 1766 17.334270016357806 0.3592560023331492
166 1956 1766 16.74422040585948 0.3750250940426192
166 1957 1766 16.19447180367427 0.38920280131640034
166 1958 1766 15.689261199941846 0.40137948399361567
166 1959 1766 15.23302061312859 0.4111731670431259
166 1960 1766 14.830270294232681 0.41825584132491644
166 1961 1766 14.485472619145021 0.42237849165036795
166 1962 1766 14.20284890435718 0.4233915394342143
166 1963 1766 13.98616877490043 0.42125770266797474
166 1964 1766 13.83853016038913 0.416055267906981
166 1965 1766 13.762155245454814 0.40797125019221164
166 1966 1766 13.75823088191208 0.39728553017725504
166 1967 1766 13.826818759208464 0.3843483983904361
166 1968 1766 13.966850647157322 0.36955469730368057
166 1969 1766 14.1762095427515 0.35331782159775804
166 1970 1766 14.45188281851187 0.3360463113048415
166 1971 1766 14.790162845621355 0.3181248848444858
166 1972 1766 15.186866595845181 0.29990077788944736
166 1973 1766 15.637548305281044 0.28167539621077947
166 1974 1766 16.13768623440169 0.2637006780430493
166 1975 1766 16.682833002820527 0.2461792222250633
166 1976 1766 17.26872655988268 0.22926713472499122
166 1977 1766 17.891364313545164 0.2130786093359005
166 1978 1766 18.547046045125278 0.19769141634497753
166 1945 1767 24.18790848750679 0.20344060649294501
166 1946 1767 23.34409811922497 0.22055461614178726
166 1947 1767 22.513083240640377 0.238806099213591
166 1948 1767 21.696334183451416 0.2581608794484612
166 1949 1767 20.895523850815568 0.278546776026992
166 1950 1767 20.112556202531845 0.2998446744783013
166 1951 1767 19.34959733431169 0.321879389432097
166 1952 1767 18.60910844183573 0.3444111695743796
166 1953 1767 17.893879316682607 0.36712907025816244
166 1954 1767 17.20706009171821 0.3896477892629614
166 1955 1767 16.552187680182982 0.41150982677509007
166 1956 1767 15.933201718424364 0.43219484898697125
166 1957 1767 15.354442907510546 0.45113774176977856
166 1958 1767 14.820624716927444 0.46775590466228045
166 1959 1767 14.336768010957021 0.4814848379579736
166 1960 1767 13.908088186375593 0.49181919821989756
166 1961 1767 13.539827066842477 0.4983546577252546
166 1962 1767 13.23702825410598 0.5008246863034931
166 1963 1767 13.004265338726361 0.4991263369185821
166 1964 1767 12.845346122234295 0.49333052526483356
166 1965 1767 12.763029303421641 0.48367492966089476
166 1966 1767 12.758797631438446 0.4705408098902331
166 1967 1767 12.83272835370558 0.45441784271347896
166 1968 1767 12.983486319167088 0.4358627410046126
166 1969 1767 13.208441126794591 0.41545764762025816
166 1970 1767 13.503885255732833 0.3937732602144296
166 1971 1767 13.865313447592825 0.371339872320218
166 1972 1767 14.287719097182666 0.34862760725769787
166 1973 1767 14.765870004845569 0.326035532628462
166 1974 1767 15.294538796576964 0.30388829913488075
166 1975 1767 15.868677229057177 0.2824384614141221
166 1976 1767 16.48353472408141 0.2618725928756127
166 1977 1767 17.134728390027004 0.2423195380792013
166 1978 1767 17.818274804256365 0.22385950574464353
166 1979 1767 18.53059408114044 0.20653308505007079
166 1945 1768 23.675998754012532 0.21881840840443356
166 1946 1768 22.813261866730127 0.2384099150128043
166 1947 1768 21.962170134119322 0.25951146200021746
166 1948 1768 21.12413115373038 0.28212870522442396
166 1949 1768 20.30076148818074 0.3062260359021044
166 1950 1768 19.493920000861863 0.33171374607424436
166 1951 1768 18.705745561190604 0.35843370186383894
166 1952 1768 17.93869886585986 0.3861443554803593
166 1953 1768 17.195607491449717 0.41450654887471367
166 1954 1768 16.47971228510988 0.4430723128272957
166 1955 1768 15.794711678280212 0.47127963280437135
166 1956 1768 15.144798347947757 0.49845671671422376
166 1957 1768 14.534679803834722 0.5238393269701147
166 1958 1768 13.969571110094996 0.5466038416115143
166 1959 1768 13.455144629471679 0.5659165902796088
166 1960 1768 12.997419628526288 0.5809966953724486
166 1961 1768 12.602575808143358 0.5911857035380337
166 1962 1768 12.276681839976144 0.5960138677757684
166 1963 1768 12.025344776762115 0.5952514651231982
166 1964 1768 11.853308272376944 0.5889350778982443
166 1965 1768 11.764051895499252 0.5773633571581417
166 1966 1768 11.759460744438893 0.5610631659841782
166 1967 1768 11.839633313578558 0.5407330807164461
166 1968 1768 12.002871198175836 0.5171750647355232
166 1969 1768 12.24585305317677 0.49122579710298725
166 1970 1768 12.563953080141562 0.4636969996162274
166 1971 1768 12.951637618463485 0.4353304007474114
166 1972 1768 13.402869730024175 0.40676910914674763
166 1973 1768 13.911467104514827 0.37854414825423977
166 1974 1768 14.471382691367054 0.35107313162650383
166 1975 1768 15.07690011242357 0.3246674487261985
166 1976 1768 15.722751572164384 0.2995445417136681
166 1977 1768 16.40417376767259 0.27584250144420086
166 1978 1768 17.116919027675433 0.25363499075661994
166 1979 1768 17.857237104322635 0.23294522623180888
166 1980 1768 18.621839785585014 0.21375832820100385
166 1944 1769 24.08648826624594 0.21369163529719953
166 1945 1769 23.195924577390812 0.23407142067904954
166 1946 1769 22.31463459257182 0.25631366228383395
166 1947 1769 21.443761726898636 0.28051213692380667
166 1948 1769 20.584628172498103 0.30673377100576354
166 1949 1769 19.73876685611344 0.3350050843027958
166 1950 1769 18.907959091345692 0.36529519383040465
166 1951 1769 18.094278570863278 0.39749530206965794
166 1952 1769 17.300142109242973 0.4313951165683587
166 1953 1769 16.52836703972905 0.4666574989602046
166 1954 1769 15.78223422079401 0.5027938729606857
166 1955 1769 15.065553989150262 0.5391444902203959
166 1956 1769 14.382729817388672 0.5748693297773358
166 1957 1769 13.738810610820757 0.6089566775904709
166 1958 1769 13.139517380786891 0.6402564715858943
166 1959 1769 12.5912238086693 0.667543321776117
166 1960 1769 12.100864307974057 0.6896090275612368
166 1961 1769 11.675740533259562 0.7053766950918225
166 1962 1769 11.32320259467259 0.7140200543499373
166 1963 1769 11.050199862445925 0.7150655814107348
166 1964 1769 10.862730641970266 0.7084549952858371
166 1965 1769 10.765264372043985 0.6945531457458057
166 1966 1769 10.760247069654088 0.6740993387257277
166 1967 1769 10.847807013401336 0.6481139328918463
166 1968 1769 11.025738841456343 0.6177813434865228
166 1969 1769 11.289770458251084 0.584332563352127
166 1970 1769 11.634041301284721 0.5489456347562428
166 1971 1769 12.05167693725643 0.512674318186342
166 1972 1769 12.535346704419402 0.476407017815167
166 1973 1769 13.07772598734192 0.4408521353063114
166 1974 1769 13.671829321637906 0.406543098809205
166 1975 1769 14.31121647519867 0.37385584745720407
166 1976 1769 14.99009396234719 0.34303258112651486
166 1977 1769 15.703340950256333 0.31420721618220204
166 1978 1769 16.44648646367963 0.2874296195697204
166 1979 1769 17.2156590637709 0.2626870270687293
166 1980 1769 18.007523899748044 0.23992200324066112
166 1944 1770 23.657069070364642 0.2261244311355621
166 1945 1770 22.749701470568866 0.24883019108976678
166 1946 1770 21.85042143758337 0.27383846865965294
166 1947 1770 20.960269964864548 0.3013207715539664
166 1948 1770 20.080461075383766 0.33143101315210977
166 1949 1770 19.21241569922956 0.3642903557515666
166 1950 1770 18.357802619050087 0.399966743387583
166 1951 1770 17.51858775700833 0.43844820167850496
166 1952 1770 16.697093070352153 0.47960937008109283
166 1953 1770 15.896066085670434 0.5231716106266247
166 1954 1770 15.118760431993145 0.5686586388000012
166 1955 1770 14.369026306608301 0.6153521436596399
166 1956 1770 13.651407143587845 0.6622553044748988
166 1957 1770 12.971234212672325 0.7080759985177121
166 1958 1770 12.334703766203745 0.7512445645825602
166 1959 1770 11.748911311266276 0.7899810352052591
166 1960 1770 11.22180542515332 0.8224210878332445
166 1961 1770 10.762012683508617 0.8467968801366462
166 1962 1770 10.378483367043575 0.8616499599448233
166 1963 1770 10.079926438223643 0.8660349394762641
166 1964 1770 9.874052714058186 0.8596643341722928
166 1965 1770 9.766724988449283 0.8429545436909731
166 1966 1770 9.761194445353471 0.8169595425973871
166 1967 1770 9.857632423660323 0.7832115440214938
166 1968 1770 10.05310484377832 0.743511896631641
166 1969 1770 10.34199772771194 0.699721480915669
166 1970 1770 10.716758698412443 0.6535889486769737
166 1971 1770 11.168747333519484 0.60663587300356
166 1972 1770 11.689008383947648 0.5600996624508329
166 1973 1770 12.268859645460054 0.514923398621516
166 1974 1770 12.900268097989207 0.4717773403881679
166 1975 1770 13.57604202262198 0.4310976491632494
166 1976 1770 14.289888627977398 0.39313125098939544
166 1977 1770 15.036386434246678 0.357979623487601
166 1978 1770 15.810911327308029 0.3256375825051078
166 1979 1770 16.60954294976226 0.29602548512073
166 1980 1770 17.42896775486136 0.26901471557392864
166 1981 1770 18.266387628647237 0.24444709128446243
166 1944 1771 23.26273666188059 0.23764882893311676
166 1945 1771 22.339358025690963 0.26267297876508966
166 1946 1771 21.42285968305826 0.2904805271555664
166 1947 1771 20.51416381430164 0.32134129008172624
166 1948 1771 19.61435487085932 0.3555243517911394
166 1949 1771 18.724714069913123 0.3932833987819672
166 1950 1771 17.846762087280773 0.4348349952459956
166 1951 1771 16.982311886195063 0.4803276416411613
166 1952 1771 16.133533927816373 0.5297993617086657
166 1953 1771 15.303036202009121 0.5831219781782496
166 1954 1771 14.493961397768437 0.6399316325161171
166 1955 1771 13.710102734844893 0.6995481243486932
166 1956 1771 12.956037858851806 0.7608909772570921
166 1957 1771 12.237275718067362 0.8224080861089792
166 1958 1771 11.560402977405282 0.8820424509092711
166 1959 1771 10.93320250429858 0.937270547371174
166 1960 1771 10.364695702238468 0.9852459102207547
166 1961 1771 9.865035073429814 1.0230654406396973
166 1962 1771 9.445153095635888 1.0481394695370834
166 1963 1771 9.116080133478425 1.0585973209511919
166 1964 1771 8.887908471625924 1.0536213813029125
166 1965 1771 8.768518517970962 1.0336034594039085
166 1966 1771 8.762357958905783 1.0000690857461174
166 1967 1771 8.869662733159549 0.955396408037241
166 1968 1771 9.086413869068432 0.9024228361174755
166 1969 1771 9.405047421464657 0.8440519130945412
166 1970 1771 9.815646540090919 0.7829453045318122
166 1971 1771 10.307226445557438 0.7213359141896466
166 1972 1771 10.868804764094277 0.6609553644887628
166 1973 1771 11.49012258420241 0.6030457743738127
166 1974 1771 12.162027668115137 0.5484209359552851
166 1975 1771 12.876603472965918 0.49754805915838524
166 1976 1771 13.627138988063408 0.4506308681842256
166 1977 1771 14.408015720424432 0.40768359340617144
166 1978 1771 15.214562662133847 0.36859167418096733
166 1979 1771 16.042908620321853 0.3331587620976937
166 1980 1771 16.88984656531838 0.3011415087684983
166 1981 1771 17.75271576407387 0.2722743235800757
166 1982 1771 18.629302643953068 0.2462863311202083
166 1944 1772 22.905303250557576 0.24789607118880083
166 1945 1772 21.96690503917207 0.2751440812974736
166 1946 1772 21.034184486212034 0.30567894928513206
166 1947 1772 20.107931693737246 0.33988734670888693
166 1948 1772 19.189083276696746 0.3781808288046127
166 1949 1772 18.27875589311271 0.4209849739383612
166 1950 1772 17.378288667184762 0.4687205588681486
166 1951 1772 16.489297043840352 0.5217732347619547
166 1952 1772 15.613741287724796 0.5804471742936174
166 1953 1772 14.754013589528844 0.6448973530609424
166 1954 1772 13.913048443817107 0.7150350972357117
166 1955 1772 13.094461310034923 0.7904033844880074
166 1956 1772 12.302719902525673 0.8700239247628329
166 1957 1772 11.543349470582667 0.9522296133784293
166 1958 1772 10.823165756838474 1.03451539088804
166 1959 1772 10.150513139738344 1.113466480859482
166 1960 1772 9.535455783548084 1.1848462025611606
166 1961 1772 8.989822968223592 1.243925361406907
166 1962 1772 8.526952386403964 1.2860845452188998
166 1963 1772 8.160938487698585 1.3076089155509836
166 1964 1772 7.905246169475046 1.3064609998210392
166 1965 1772 7.77077325624675 1.2827519191093792
166 1966 1772 7.763821030909944 1.2387148496750569
166 1967 1772 7.884726818349471 1.1781922220763108
166 1968 1772 8.12778672210333 1.1058482288340465
166 1969 1772 8.482506528143615 1.026385634875596
166 1970 1772 8.935598301177087 0.9439693624134836
166 1971 1772 9.472957141252074 0.8619239649591743
166 1972 1772 10.081116852809439 0.782665746099261
166 1973 1772 10.748065732958574 0.7077856556899721
166 1974 1772 11.46354731311378 0.6382024646807511
166 1975 1772 12.219039119341504 0.574329951582182
166 1976 1772 13.00757152584593 0.516227366135937
166 1977 1772 13.823491490936638 0.4637210689707007
166 1978 1772 14.662227559276163 0.41649610435083234
166 1979 1772 15.520081088705602 0.37416153455562323
166 1980 1772 16.39405126867661 0.33629496228518607
166 1981 1772 17.281693117284455 0.3024715190464625
166 1982 1772 18.181004290192465 0.2722817520037083
166 1983 1772 19.090335696367326 0.24534184681813437
166 1984 1772 20.008321193943196 0.22129872173310575
166 1943 1773 23.54270411401383 0.23055068939408271
166 1944 1773 22.586520692660997 0.2565015717990607
166 1945 1773 21.634299549557948 0.2857810332182586
166 1946 1773 20.686587853002802 0.3188479689869417
166 1947 1773 19.74403497261902 0.35621897130629876
166 1948 1773 18.807416542417588 0.3984697010977709
166 1949 1773 17.87766531177946 0.4462320909806921
166 1950 1773 16.95591097523228 0.5001844172704868
166 1951 1773 16.043531936578123 0.5610297446774427
166 1952 1773 15.14222298739528 0.6294561275109284
166 1953 1773 14.254084221724026 0.7060692321458962
166 1954 1773 13.381738190534206 0.7912850199699074
166 1955 1773 12.528484225954932 0.8851678195566866
166 1956 1773 11.698500630422744 0.9872000119252173
166 1957 1773 10.897105900192086 1.0959786163641039
166 1958 1773 10.131086664321897 1.208859316513798
166 1959 1773 9.409086937636447 1.3216189222145343
166 1960 1773 8.74202018986462 1.4282837817647753
166 1961 1773 8.143397141242742 1.52134704233586
166 1962 1773 7.629345777981248 1.5925960041115383
166 1963 1773 7.217957952218905 1.634588316286826
166 1964 1773 6.927547690200331 1.6424345132371108
166 1965 1773 6.77369301046333 1.615177957017445
166 1966 1773 6.7657162961507336 1.5560832013243082
166 1967 1773 6.904123188356319 1.4716764592470133
166 1968 1773 7.18045381574168 1.3700424357880925
166 1969 1773 7.579638315909215 1.2591439384709853
166 1970 1773 8.0834965825439 1.1456927384091264
166 1971 1773 8.673806373213477 1.0346836846267362
166 1972 1773 9.334180038974958 0.9294243963630279
166 1973 1773 10.050816732982367 0.8318225756162873
166 1974 1773 10.81253517913344 0.7427466231218924
166 1975 1773 11.61046583906081 0.6623571998875988
166 1976 1773 12.437641134877541 0.5903703619630404
166 1977 1773 13.288601017413296 0.5262483589677641
166 1978 1773 14.159057772323605 0.4693292725603375
166 1979 1773 15.045627836683895 0.4189103907866821
166 1980 1773 15.945623757006095 0.37429889414340256
166 1981 1773 16.856895236074674 0.3348405283246777
166 1982 1773 17.777708429378542 0.2999340173721931
166 1983 1773 18.70665435079177 0.2690365757885505
166 1984 1773 19.64257918400729 0.24166409551372714
166 1985 1773 20.5845310123888 0.21738832861396096
166 1943 1774 23.27567221370854 0.235806754821131
166 1944 1774 22.308046014835174 0.2631316476177457
166 1945 1774 21.34340453161124 0.29414910881423023
166 1946 1774 20.382171547703233 0.3294209255390329
166 1947 1774 19.424853075377506 0.3695976103147788
166 1948 1774 18.472057735942762 0.41542942049587284
166 1949 1774 17.52452330307454 0.4677760145266403
166 1950 1774 16.583151600344323 0.5276122778566453
166 1951 1774 15.649054827688548 0.5960260245993104
166 1952 1774 14.72361766007261 0.6742003461116126
166 1953 1774 13.808581281217919 0.7633688072396849
166 1954 1774 12.906158103789126 0.8647249032730497
166 1955 1774 12.019189531744708 0.9792578983313917
166 1956 1774 11.15136390761244 1.1074763830101273
166 1957 1774 10.30751749937885 1.2489733109617742
166 1958 1774 9.49404639761156 1.4017948756817082
166 1959 1774 8.719456233045777 1.5616278283953735
166 1960 1774 7.995055784670967 1.720958040954645
166 1961 1774 7.3357287981495425 1.8686050533995318
166 1962 1774 6.760541176562742 1.9903201777172588
166 1963 1774 6.292608123822759 2.071123263012036
166 1964 1774 5.957257506604863 2.0992759545011346
166 1965 1774 5.777622088714337 2.0703295665889216
166 1966 1774 5.768268110967073 1.9888554566828818
166 1967 1774 5.930001433389327 1.866668420649414
166 1968 1774 6.24955334403982 1.7187631521016555
166 1969 1774 6.704395349321155 1.5593567765125549
166 1970 1774 7.269175812979003 1.399578809354223
166 1971 1774 7.920411416081792 1.2468934588152585
166 1972 1774 8.638571467551715 1.1055746129720554
166 1973 1774 9.408342946555383 0.9775489715696876
166 1974 1774 10.218068163796827 0.8632067747633279
166 1975 1774 11.058974500377424 0.7620300621733018
166 1976 1774 11.924467157906802 0.6730250865788804
166 1977 1774 12.809563497637136 0.5949968603198477
166 1978 1774 13.710467424562795 0.5267120358600058
166 1979 1774 14.624257827322294 0.4669886350555036
166 1980 1774 15.548662868555521 0.41474035997121067
166 1981 1774 16.481896644500505 0.3689939589973578
166 1982 1774 17.42254048639282 0.32889136898836163
166 1983 1774 18.369456088844785 0.2936838108956683
166 1984 1774 19.321721377765403 0.26272210044772454
166 1985 1774 20.27858271674814 0.23544562117132828
166 1942 1775 24.02837732765165 0.2142155292259151
166 1943 1775 23.0489678076916 0.2391420667204882
166 1944 1775 22.071404962077143 0.26751165847668595
166 1945 1775 21.095945510927056 0.2998794900332514
166 1946 1775 20.12289534336456 0.33690178957672134
166 1947 1775 19.15262167432968 0.37935515390701435
166 1948 1775 18.185568921537836 0.42815899267858204
166 1949 1775 17.222279669079896 0.48440091135078467
166 1950 1775 16.263422671750327 0.5493641166680319
166 1951 1775 15.309830730612351 0.6245544837716677
166 1952 1775 14.362552593463397 0.7117222009896207
166 1953 1775 13.422925053802615 0.8128679201414025
166 1954 1775 12.492674533501695 0.9302144390849076
166 1955 1775 11.57406225143107 1.066109558253734
166 1956 1775 10.670094516919775 1.222800424500237
166 1957 1775 9.784830964303945 1.4019814860785687
166 1958 1775 8.923839812547124 1.6039706889916396
166 1959 1775 8.094869795123385 1.8263392088604962
166 1960 1775 7.308824597703843 2.061898724496299
166 1961 1775 6.581103023050207 2.296337639457679
166 1962 1775 5.933204614708682 2.506741293457694
166 1963 1775 5.393970430026496 2.6635074367381506
166 1964 1775 4.998691528790314 2.738052679103765
166 1965 1775 4.783191089638786 2.7146078176008697
166 1966 1775 4.771888200702076 2.5982910003223694
166 1967 1775 4.966177302513426 2.4123735495034144
166 1968 1775 5.34368009895796 2.1872584141671756
166 1969 1775 5.869149597684419 1.9499716456580733
166 1970 1775 6.506836174363006 1.7193340987927015
166 1971 1775 7.227096028142896 1.506018041688811
166 1972 1775 8.007678627417476 1.3146812056482162
166 1973 1775 8.832605334780814 1.146246427289736
166 1974 1775 9.690558136660567 0.9996138326289165
166 1975 1775 10.573500697498352 0.8727525677487634
166 1976 1775 11.475666298738298 0.7633283982643405
166 1977 1775 12.392857499382366 0.6690339437964022
166 1978 1775 13.321971212999884 0.5877442313605808
166 1979 1775 14.260677298080811 0.5175757948089555
166 1980 1775 15.20719951207313 0.4568955989678517
166 1981 1775 16.160164510301158 0.40430588483741314
166 1982 1775 17.118496341676654 0.358619088083945
166 1983 1775 18.081341681412823 0.3188301844246822
166 1984 1775 19.048016090921294 0.284090053060429
166 1985 1775 20.017964856598095 0.2536814212689927
166 1986 1775 20.99073407482445 0.22699789504326187
166 1942 1776 23.85080537424269 0.21500333049466414
166 1943 1776 22.8637905212588 0.24042146879741186
166 1944 1776 21.877955046118995 0.26945163203624933
166 1945 1776 20.893465892474694 0.30270568676373166
166 1946 1776 19.910522770635712 0.340916912902655
166 1947 1776 18.929366524001882 0.38496736213780974
166 1948 1776 17.95029016478572 0.43592180890950816
166 1949 1776 16.973653613762792 0.4950697376639436
166 1950 1776 15.999903655960011 0.5639768638324137
166 1951 1776 15.029601358652277 0.6445473992883488
166 1952 1776 14.063460349430441 0.7390971897183797
166 1953 1776 13.102401192148026 0.8504350218455904
166 1954 1776 12.147630098089166 0.9819428731843937
166 1955 1776 11.200755197753484 1.1376317109356535
166 1956 1776 10.263962051761565 1.3221198397292757
166 1957 1776 9.340284631637374 1.5404210302480092
166 1958 1776 8.43403325817495 1.7973147471777537
166 1959 1776 7.551484423608445 2.0958694613780935
166 1960 1776 6.702008430314065 2.4344087584034884
166 1961 1776 5.899908219625168 2.8010778798910407
166 1962 1776 5.167293005046302 3.1661265891508625
166 1963 1776 4.53794193440157 3.4761170216570965
166 1964 1776 4.060162188878677 3.661615231884894
166 1965 1776 3.7916905200714783 3.6684340435671055
166 1966 1776 3.7774220044892712 3.4943837578139467
166 1967 1776 4.020064302968246 3.190951904035086
166 1968 1776 4.478048347215491 2.82778636280288
166 1969 1776 5.093615317237769 2.4599807958388684
166 1970 1776 5.816950833555244 2.1188664253707223
166 1971 1776 6.612784360615343 1.8173072801489385
166 1972 1776 7.457943215122967 1.5574958443651674
166 1973 1776 8.337440674451514 1.3365788295966423
166 1974 1776 9.24147807442069 1.1498365409490339
166 1975 1776 10.163509088892388 0.9922440461495623
166 1976 1776 11.099050274685577 0.8591443536777649
166 1977 1776 12.044954005723634 0.7464808313754081
166 1978 1776 12.998958304417998 0.6508277629233286
166 1979 1776 13.959402458558083 0.5693378449690487
166 1980 1776 14.925043283019225 0.49966267312435236
166 1981 1776 15.894933689701165 0.43987109184259143
166 1982 1776 16.868340671209985 0.38837533169813093
166 1983 1776 17.84468876164549 0.3438679485553469
166 1984 1776 18.823520313692566 0.30526956608029115
166 1985 1776 19.804467097096968 0.2716862543465558
166 1986 1776 20.78722966150122 0.2423750526533094
166 1942 1777 23.71410797394673 0.21402337418891046
166 1943 1777 22.721155714443835 0.23959203140555738
166 1944 1777 21.728849877524667 0.2688652298896094
166 1945 1777 20.737283259868047 0.30249203686937187
166 1946 1777 19.74656722065897 0.3412578581872915
166 1947 1777 18.756836540312523 0.386118274103603
166 1948 1777 17.76825587951735 0.4382425804161969
166 1949 1777 16.781028484571582 0.4990701415163582
166 1950 1777 15.795408098558346 0.5703836974658482
166 1951 1777 14.811715531970036 0.6544050924057808
166 1952 1777 13.830362142764095 0.7539204769454165
166 1953 1777 12.851883791880553 0.8724436413632165
166 1954 1777 11.876991075184062 1.0144269378038608
166 1955 1777 10.906645542970658 1.1855269121242504
166 1956 1777 9.942178684775362 1.3929200804185522
166 1957 1777 8.985483682028551 1.6456272187561725
166 1958 1777 8.03933560687705 1.954701385181249
166 1959 1777 7.107947453379281 2.3328648469565962
166 1960 1777 6.197976847326943 2.792509142135423
166 1961 1777 5.3204245131380885 3.33945803619798
166 1962 1777 4.494320527065297 3.9573012854770027
166 1963 1777 3.7537870211295044 4.576912904062735
166 1964 1777 3.159575446163636 5.04617243678208
166 1965 1777 2.8062282515860977 5.174362053791659
166 1966 1777 2.7869189080416015 4.895940782681388
166 1967 1777 3.107879823931359 4.345632304797782
166 1968 1777 3.681157019199187 3.7135424917060225
166 1969 1777 4.409412319119099 3.1185677518657062
166 1970 1777 5.228280501273731 2.6050472370329207
166 1971 1777 6.101386481776 2.178075094199311
166 1972 1777 7.0084889241546735 1.8281043509629327
166 1973 1777 7.937941609762481 1.5421923404286406
166 1974 1777 8.882731392989344 1.308149120877443
166 1975 1777 9.838440780936693 1.1157063760721604
166 1976 1777 10.802171864953735 0.9565891167356939
166 1977 1777 11.771954680510703 0.8242463108343107
166 1978 1777 12.746408003825929 0.7135205893026224
166 1979 1777 13.724537041372198 0.6203497570597479
166 1980 1777 14.705608351917894 0.5415226722243068
166 1981 1777 15.689069985183862 0.47448775315482417
166 1982 1777 16.674499002968485 0.4172054537586953
166 1983 1777 17.66156609703672 0.36803536470185366
166 1984 1777 18.650011179621224 0.3256498716267386
166 1985 1777 19.639626192980266 0.2889679516357328
166 1986 1777 20.630242776079886 0.2571041865242177
166 1942 1778 23.618994834666527 0.2113134052358872
166 1943 1778 22.62186811472483 0.23668813769544467
166 1944 1778 21.62500675144412 0.2657786927942207
166 1945 1778 20.628449214616293 0.2992488942474729
166 1946 1778 19.63224177214623 0.3379066695235677
166 1947 1778 18.636440566803607 0.38274177591367764
166 1948 1778 17.641114392237327 0.43497531593459754
166 1949 1778 16.64634845844586 0.49612538506278325
166 1950 1778 15.652249582727801 0.568095052468861
166 1951 1778 14.658953475606724 0.6532916374677675
166 1952 1778 13.666635174760549 0.7547903963930128
166 1953 1778 12.675524328405594 0.8765620314744899
166 1954 1778 11.685928161682405 1.0237930237586272
166 1955 1778 10.698267009193675 1.2033423181019889
166 1956 1778 9.71313116353329 1.4243992896971975
166 1957 1778 8.73137543574902 1.6994368648399747
166 1958 1778 7.754283783819188 2.0455824790299597
166 1959 1778 6.783871829567615 2.4865139290956066
166 1960 1778 5.823479801630713 3.0547352873420768
166 1961 1778 4.879028284402614 3.792823341899042
166 1962 1778 3.961933492627121 4.746911086049604
166 1963 1778 3.0965976490335914 5.92574671887146
166 1964 1778 2.341135835444024 7.149310947401498
166 1965 1778 1.8365502987939137 7.8033947712665945
166 1966 1778 1.8069081326951404 7.311862427422126
166 1967 1778 2.2708846293899794 6.125061963444594
166 1968 1778 3.008141785222148 4.918711069405449
166 1969 1778 3.865348237869302 3.9276422391174624
166 1970 1778 4.778380164867499 3.1584446285371572
166 1971 1778 5.7205696394676435 2.5665492063640025
166 1972 1778 6.679589583200362 2.1079917714147443
166 1973 1778 7.649112170703121 1.748693697208749
166 1974 1778 8.625596617046176 1.4637406318710828
166 1975 1778 9.606920266141396 1.2351136902285895
166 1976 1778 10.59173814819825 1.049710674206842
166 1977 1778 11.579158734553987 0.8978976538491348
166 1978 1778 12.568568613807928 0.7724987454350324
166 1979 1778 13.55953232969329 0.6680987307186042
166 1980 1778 14.55173243981614 0.5805596495878824
166 1981 1778 15.5449321966999 0.5066823463142321
166 1982 1778 16.53895150848436 0.4439665755240677
166 1983 1778 17.533650988884116 0.390438755298236
166 1984 1778 18.528921096491203 0.3445267004874926
166 1985 1778 19.524674568350598 0.30496739659832683
166 1986 1778 20.520841040269193 0.27073830567412543
166 1987 1778 21.517363151650255 0.24100563864669527
166 1942 1779 23.56596946870644 0.20697591893497097
166 1943 1779 22.566499883677217 0.231828170212774
166 1944 1779 21.567079473123005 0.2603281007113433
166 1945 1779 20.56771540546017 0.2931314537669472
166 1946 1779 19.56841631302859 0.33103809457138517
166 1947 1779 18.56919268573632 0.37503055330313384
166 1948 1779 17.570057398881858 0.42632502949158263
166 1949 1779 16.571026431697067 0.48643969324900405
166 1950 1779 15.572119862112629 0.5572873554853353
166 1951 1779 14.573363270021183 0.6413030406293442
166 1952 1779 13.574789758961364 0.7416224718013879
166 1953 1779 12.576442939082662 0.8623363572232379
166 1954 1779 11.578381449926495 1.008860159792251
166 1955 1779 10.580686036358976 1.1884844436633326
166 1956 1779 9.583471030894893 1.411216070814054
166 1957 1779 8.58690380754329 1.6911040113923599
166 1958 1779 7.5912394903600084 2.0484046626580508
166 1959 1779 6.596886917327073 2.513267775612864
166 1960 1779 5.604544316891511 3.13231825311281
166 1961 1779 4.615508314368068 3.98104942694908
166 1962 1779 3.6324808327093185 5.188326093019921
166 1963 1779 2.662126405714126 6.984311612797135
166 1964 1779 1.7259539391305423 9.747163336074411
166 1965 1779 0.9332293394445232 13.183250454158628
166 1966 1779 0.8734512006974898 12.265461307204893
166 1967 1779 1.6293916042497922 8.793655674904837
166 1968 1779 2.5586943936311615 6.364418407019013
166 1969 1779 3.526884886128177 4.777849071625843
166 1970 1779 4.5089818141127145 3.696325376993801
166 1971 1779 5.49753735776293 2.92686269316518
166 1972 1779 6.489600681089618 2.360302096380385
166 1973 1779 7.483776920779952 1.9316481888838937
166 1974 1779 8.479322909289309 1.6001686302144207
166 1975 1779 9.475806931338266 1.339200049704452
166 1976 1779 10.472961233576592 1.1306458233476775
166 1977 1779 11.47061101249615 0.9618481480160143
166 1978 1779 12.468637335330504 0.8237263475677884
166 1979 1779 13.4669564861552 0.7096240892012192
166 1980 1779 14.46550783761142 0.6145708623448928
166 1981 1779 15.464246409055866 0.534794747242709
166 1982 1779 16.46313812734368 0.46739265567359917
166 1983 1779 17.462156711013588 0.41010210264837743
166 1984 1779 18.461281564398416 0.36114010208229214
166 1985 1779 19.460496319467204 0.3190874352969589
166 1986 1779 20.459787804373644 0.2828042020651469
166 1987 1779 21.45914529984818 0.25136732515466603
166 1942 1780 23.555316109108027 0.20116925346122627
166 1943 1780 22.555374459316873 0.22520337193919687
166 1944 1780 21.55543822333482 0.25274546256397956
166 1945 1780 20.55550819123681 0.2844224533095555
166 1946 1780 19.55558531468704 0.32099826268397197
166 1947 1780 18.555670750474185 0.3634102442109989
166 1948 1780 17.555765918922567 0.4128173657433172
166 1949 1780 16.55587258346726 0.4706646673875131
166 1950 1780 15.555992960913898 0.5387706444887781
166 1951 1780 14.556129877134325 0.6194474615074935
166 1952 1780 13.556286991650861 0.7156690720725302
166 1953 1780 12.556469129496643 0.8313107326679994
166 1954 1780 11.556682785297951 0.9714974895783656
166 1955 1780 10.556936913707586 1.1431236201824377
166 1956 1780 9.557244215776935 1.355648902464301
166 1957 1780 8.55762332660193 1.6223601196923496
166 1958 1780 7.558102738121606 1.962449736135426
166 1959 1780 6.558728306615632 2.404608694448306
166 1960 1780 5.559578850956337 2.99361639012735
166 1961 1780 4.560802232064092 3.803383645768603
166 1962 1780 3.5627120287781655 4.965516626349158
166 1963 1780 2.566109311779305 6.741390037006606
166 1964 1780 1.5738224169201185 9.746855705543224
166 1965 1780 0.6073853801336583 15.891662820626047
166 1966 1780 0.5108003523882241 18.359288865941778
166 1967 1780 1.4672821814496895 10.819134815412387
166 1968 1780 2.458641291445254 7.321188913758713
166 1969 1780 3.4549843704421312 5.326233778484275
166 1970 1780 4.452967212993965 4.046621014298754
166 1971 1780 5.451689371194865 3.1664838493964536
166 1972 1780 6.450807468836663 2.53213647201285
166 1973 1780 7.450162212999037 2.0592093960861777
166 1974 1780 8.449669638512416 1.697410442986472
166 1975 1780 9.449281295421274 1.4149078927707637
166 1976 1780 10.448967269543827 1.190610715291142
166 1977 1780 11.448708093055652 1.0100296043762345
166 1978 1780 12.448490551066737 0.8629137684721304
166 1979 1780 13.448305357925125 0.7418320678890311
166 1980 1780 14.44814579799074 0.6412853596002827
166 1981 1780 15.448006894094698 0.5571317741435007
166 1982 1780 16.447884879217668 0.48620361065507384
166 1983 1780 17.447776849787967 0.42604549151483245
166 1984 1780 18.447680531709043 0.3747314598371404
166 1985 1780 19.4475941185535 0.3307347563017685
166 1986 1780 20.447516157225465 0.2928335217029554
166 1987 1780 21.44744546560257 0.26004147643521414
166 1988 1780 22.447381072187376 0.23155626634929552
166 1942 1781 23.587092169235362 0.19409452056690604
166 1943 1781 22.588557213775385 0.21706075266969252
166 1944 1781 21.590157873438624 0.24333617910782296
166 1945 1781 20.591913874140104 0.2735022080586483
166 1946 1781 19.59384895828289 0.308264488908965
166 1947 1781 18.595991960635047 0.3484850233774405
166 1948 1781 17.59837824914566 0.3952242391629464
166 1949 1781 16.601051683553152 0.4497967046693603
166 1950 1781 15.604067322336276 0.5138457653480608
166 1951 1781 14.60749523361218 0.5894447994271732
166 1952 1781 13.611425972322019 0.6792365032441257
166 1953 1781 12.615978638219163 0.786627427148467
166 1954 1781 11.621313049737626 0.9160642627175731
166 1955 1781 10.627648705146491 1.0734335157409087
166 1956 1781 9.635295376894355 1.2666514046048711
166 1957 1781 8.644704564067043 1.5065536216410145
166 1958 1781 7.656560389626753 1.8082682413703037
166 1959 1781 6.67195001480086 2.1933813396800654
166 1960 1781 5.692707352394028 2.6934100016583806
166 1961 1781 4.722172910853737 3.3553536710567005
166 1962 1781 3.7670833545331432 4.249923436699091
166 1963 1781 2.843047132919274 5.479014662611773
166 1964 1781 1.9937193884798157 7.148940163152
166 1965 1781 1.3663517116760808 9.104060777960829
166 1966 1781 1.3262416823490284 10.022496466905281
166 1967 1781 1.9107372922512937 8.701334526306942
166 1968 1781 2.746437146559089 6.752947776456119
166 1969 1781 3.6653672394453816 5.181896968962477
166 1970 1781 4.618107512823763 4.0343573135476065
166 1971 1781 5.58738910404485 3.197021942089546
166 1972 1781 6.565890419432762 2.574712384875558
166 1973 1781 7.550027615843452 2.102587808725605
166 1974 1781 8.537852013240718 1.737562067202346
166 1975 1781 9.528216884601148 1.450625323374975
166 1976 1781 10.520404792592261 1.2218106723785445
166 1977 1781 11.51394445878553 1.0370573421211462
166 1978 1781 12.508513780621495 0.8862496073340501
166 1979 1781 13.503885255732799 0.7619679472909906
166 1980 1781 14.499893689265363 0.6586757214106744
166 1981 1781 15.496416263123463 0.5721773749876503
166 1982 1781 16.49335978507706 0.49924972364428016
166 1983 1781 17.49065227485805 0.4373860253386811
166 1984 1781 18.488237260485295 0.3846151089569849
166 1985 1781 19.48606981923232 0.33937143441192713
166 1986 1781 20.484113771408236 0.3004003399654319
166 1987 1781 21.482339653771334 0.26668800340987325
166 1988 1781 22.480723231248504 0.2374090253222984
166 1943 1782 22.665853546690098 0.20768272208858277
166 1944 1782 21.6710155968751 0.23245173049902346
166 1945 1782 20.67667567574642 0.2608115778821762
166 1946 1782 19.68290926159046 0.29339445487560445
166 1947 1782 18.68980783742849 0.3309669415226559
166 1948 1782 17.697483352160646 0.3744641554385119
166 1949 1782 16.706074254593837 0.4250341263286065
166 1950 1782 15.715753784022032 0.48409593820841385
166 1951 1782 14.726741560847826 0.5534165599991772
166 1952 1782 13.739320106904943 0.6352132396379576
166 1953 1782 12.753858906229215 0.732291092895025
166 1954 1782 11.770850309132392 0.8482293407241298
166 1955 1782 10.790964600071764 0.9876347367597534
166 1956 1782 9.815137136077201 1.1564868339659495
166 1957 1782 8.844711244580097 1.3626049818127275
166 1958 1782 7.881682371169331 1.6162641742849506
166 1959 1782 6.929135371747419 1.930952775935596
166 1960 1782 5.992071177814986 2.324127449190073
166 1961 1782 5.0790665480972885 2.8173598499204764
166 1962 1782 4.205819420755096 3.433841585926731
166 1963 1782 3.403074639205046 4.187140514676301
166 1964 1782 2.7336636589018 5.045922724587996
166 1965 1782 2.316229047395832 5.855615085850457
166 1966 1782 2.2927967637799975 6.283769308648217
166 1967 1782 2.6737458742370888 6.057743426323077
166 1968 1782 3.3227875345859355 5.330642189763575
166 1969 1782 4.114962575771438 4.462043330368782
166 1970 1782 4.982460938130808 3.6666014168419174
166 1971 1782 5.892106329658279 3.005489481554947
166 1972 1782 6.827072359364515 2.474173866893968
166 1973 1782 7.7782335398211595 2.050642380538026
166 1974 1782 8.740304170908392 1.7122737835846593
166 1975 1782 9.71004206993968 1.4402089358068064
166 1976 1782 10.685359937783954 1.219727539386171
166 1977 1782 11.664858207453621 1.039586362450059
166 1978 1782 12.647565655097344 0.8912339949203085
166 1979 1782 13.632788306138908 0.7681440926186633
166 1980 1782 14.620017681247775 0.6653017575804773
166 1981 1782 15.608873021457937 0.5788216752511086
166 1982 1782 16.599063738656987 0.5056675063584433
166 1983 1782 17.590364322548783 0.4434458797072581
166 1984 1782 18.582597154326866 0.39025450818848323
166 1985 1782 19.575620475479102 0.34456944348094914
166 1986 1782 20.569319799157107 0.30516071148157004
166 1987 1782 21.56360167040739 0.2710286478293562
166 1988 1782 22.55838906039162 0.24135544335759798
166 1943 1783 22.786814542625393 0.19736630203733127
166 1944 1783 21.79749795274687 0.22046174639858276
166 1945 1783 20.809202699767326 0.2468140190051056
166 1946 1783 19.822081550634472 0.27697401521898063
166 1947 1783 18.836319093708394 0.31160317322953524
166 1948 1783 17.852140403884437 0.35149930155846215
166 1949 1783 16.869822672452816 0.3976292251904495
166 1950 1783 15.889711042054945 0.4511701753979555
166 1951 1783 14.912240509058412 0.5135623523669807
166 1952 1783 13.937966745548021 0.5865756367210966
166 1953 1783 12.967610304138628 0.6723938876850235
166 1954 1783 12.002121354160778 0.7737203037240008
166 1955 1783 11.04277668885874 0.8939061186674969
166 1956 1783 10.091328802491862 1.0371005647421614
166 1957 1783 9.150241362936917 1.2084082378488097
166 1958 1783 8.223072236092875 1.414011079937823
166 1959 1783 7.315115651854131 1.6611449145263928
166 1960 1783 6.434509849242685 1.9576701652345072
166 1961 1783 5.594185999768058 2.310658655942629
166 1962 1783 4.8152795349803705 2.722819804968966
166 1963 1783 4.132664636768945 3.1847786225264123
166 1964 1783 3.6015159308269658 3.6614510992196228
166 1965 1783 3.2958939606729234 4.076894987486467
166 1966 1783 3.2794690118981267 4.320164226989666
166 1967 1783 3.5562504130052344 4.302416424991347
166 1968 1783 4.066806732560539 4.03079277431935
166 1969 1783 4.736128904495691 3.6017207098467514
166 1970 1783 5.506624828331723 3.123652137765764
166 1971 1783 6.341523239727125 2.6668224976577126
166 1972 1783 7.218512104305085 2.2620847609280874
166 1973 1783 8.12397175032009 1.9166310078445612
166 1974 1783 9.049360032621019 1.6268717206745202
166 1975 1783 9.989139952968848 1.3854958607684698
166 1976 1783 10.939603146366798 1.184673170637881
166 1977 1783 11.898189652211723 1.0172913552243494
166 1978 1783 12.86308349502552 0.8773100127856296
166 1979 1783 13.832964866578596 0.7597552614417654
166 1980 1783 14.80685371711349 0.6605890493935155
166 1981 1783 15.784008267863948 0.5765512105124865
166 1982 1783 16.763857461813416 0.5050118128840314
166 1983 1783 17.745954947536553 0.44384547778538863
166 1984 1783 18.729947063459548 0.3913288910232559
166 1985 1783 19.715550131812115 0.3460589599506527
166 1986 1783 20.702534071943866 0.3068881001779413
166 1987 1783 21.690710384862836 0.27287326000059425
166 1944 1784 21.9688169230845 0.20772900017374402
166 1945 1784 20.988590162276356 0.2319619299565241
166 1946 1784 20.010320262304738 0.2595714149734198
166 1947 1784 19.03430894464003 0.2911130084244611
166 1948 1784 18.060922374009674 0.3272477363442898
166 1949 1784 17.090609029522707 0.36876422169558326
166 1950 1784 16.123923747028915 0.4166054561077135
166 1951 1784 15.161560506755324 0.4719008732279778
166 1952 1784 14.204397804905442 0.5360041027347077
166 1953 1784 13.253562426759169 0.6105360512787409
166 1954 1784 12.31052058200636 0.6974313093061474
166 1955 1784 11.377210422594901 0.7989824535302569
166 1956 1784 10.45623818588702 0.9178699810844088
166 1957 1784 9.551173592810555 1.0571524107166663
166 1958 1784 8.667001615322425 1.2201663544072345
166 1959 1784 7.810820507475597 1.4102419289252313
166 1960 1784 6.9929190614507455 1.6300646919091248
166 1961 1784 6.228396021448941 1.8804093315049792
166 1962 1784 5.539396808317745 2.157876743472489
166 1963 1784 4.95751116993201 2.4513786362336325
166 1964 1784 4.524258723813269 2.737941085533906
166 1965 1784 4.2849640605260975 2.980627346233406
166 1966 1784 4.272343268043911 3.1342182434655252
166 1967 1784 4.488308924305451 3.162353753679107
166 1968 1784 4.902745863289242 3.05766205160763
166 1969 1784 5.470732766275428 2.84644126034645
166 1970 1784 6.149871299466309 2.5728629809237713
166 1971 1784 6.9074537276770265 2.2786451392300173
166 1972 1784 7.720422073954188 1.99259490795155
166 1973 1784 8.573034293644165 1.7302434359037397
166 1974 1784 9.454571222429854 1.4976833305068555
166 1975 1784 10.35765016787102 1.2955262253047863
166 1976 1784 11.27709701119922 1.1216771222457362
166 1977 1784 12.209214430093288 0.972967336862748
166 1978 1784 13.151308566070451 0.8460130450812625
166 1979 1784 14.10137996793214 0.737620506339209
166 1980 1784 15.057918747290334 0.6449476172307347
166 1981 1784 16.01976644648721 0.5655430659616925
166 1982 1784 16.986021223347077 0.497328746486343
166 1983 1784 17.95597162506104 0.43855935890785036
166 1984 1784 18.92904955353007 0.3877759268291767
166 1985 1784 19.904796331537703 0.34376095167350995
166 1986 1784 20.882837857915685 0.30549834015090227
166 1987 1784 21.8628661661731 0.27213899328472435
166 1945 1785 21.213649308876676 0.21667064366353764
166 1946 1785 20.246256863924344 0.2417027567604141
166 1947 1785 19.28219170633887 0.2701416539185893
166 1948 1785 18.32197906886708 0.3025211235534649
166 1949 1785 17.366258002229586 0.3394667420655077
166 1950 1785 16.415813016722716 0.38171127102737307
166 1951 1785 15.471616496022733 0.43011145024314557
166 1952 1785 14.534886205264993 0.48566523404953404
166 1953 1785 13.60716417921098 0.5495274481606943
166 1954 1785 12.69042619457685 0.6230199583376717
166 1955 1785 11.787235341673725 0.7076291953530406
166 1956 1785 10.900959453185848 0.8049784298050797
166 1957 1785 10.036080758941797 0.9167533381121815
166 1958 1785 9.198636692467073 1.044545752401514
166 1959 1785 8.396839703126492 1.189561317292072
166 1960 1785 7.641918410975167 1.3521148175785336
166 1961 1785 6.9491666406844095 1.5308254124123717
166 1962 1785 6.338999684492883 1.7214604648317395
166 1963 1785 5.837372439719835 1.9155391526065093
166 1964 1785 5.474204691094453 2.0991973207545014
166 1965 1785 5.278154696482507 2.253411045417366
166 1966 1785 5.267913913495566 2.356985379741273
166 1967 1785 5.444530925617008 2.39265840123105
166 1968 1785 5.790934035196725 2.3538769038848533
166 1969 1785 6.2790856818488825 2.247749998374161
166 1970 1785 6.8788746899474384 2.091854284949962
166 1971 1785 7.563789856943363 1.907398353180351
166 1972 1785 8.312816430067437 1.7132242786528284
166 1973 1785 9.110154609006312 1.5229577510474277
166 1974 1785 9.944190112824613 1.3448715371116844
166 1975 1785 10.806429428816838 1.183049606244215
166 1976 1785 11.690633729614424 1.03877981939053
166 1977 1785 12.592176817373485 0.9116956467452073
166 1978 1785 13.50758738635431 0.8005666074207867
166 1979 1785 14.43422727408703 0.7037921422132007
166 1980 1785 15.370065614693964 0.6196867827163273
166 1981 1785 16.313519454734394 0.5466319803298073
166 1982 1785 17.263340261953868 0.48314796066744004
166 1983 1785 18.218532240551028 0.4279200185330661
166 1984 1785 19.178292859376118 0.37980024866401996
166 1985 1785 20.141969044758184 0.33779702792708816
166 1986 1785 21.109024539281695 0.3010592291147526
166 1987 1785 22.079015308658956 0.2688589721383533
166 1945 1786 21.482944793486855 0.20130135630835783
166 1946 1786 20.528246807752573 0.22381034408583678
166 1947 1786 19.578072351485567 0.2492328186338607
166 1948 1786 18.633113454278202 0.2779902271509261
166 1949 1786 17.694205746514964 0.31056689468355475
166 1950 1786 16.762366091933533 0.3475173910988176
166 1951 1786 15.838842034694418 0.38947309440916267
166 1952 1786 14.925177285379315 0.4371465638556054
166 1953 1786 14.023299076893514 0.4913313880552241
166 1954 1786 13.135635386230934 0.5528936961932921
166 1955 1786 12.265272805771675 0.6227492796485725
166 1956 1786 11.416169103512877 0.7018170031099961
166 1957 1786 10.593437449666741 0.790934705834329
166 1958 1786 9.803719549232403 0.8907183199123928
166 1959 1786 9.055656629974518 1.0013398064876173
166 1960 1786 8.360437608163897 1.1221986508381123
166 1961 1786 7.732329338562933 1.2514738324447503
166 1962 1786 7.188944081017804 1.3855840307563312
166 1963 1786 6.750771585530112 1.5186728498769304
166 1964 1786 6.439325818748463 1.642377391911472
166 1965 1786 6.273509145605861 1.7462757244700906
166 1966 1786 6.264895609665033 1.8193755083259477
166 1967 1786 6.414118567659943 1.85259098099694
166 1968 1786 6.710656972309035 1.8413998940481795
166 1969 1786 7.136169630831353 1.7873541839311529
166 1970 1786 7.66921879985175 1.6975479659412667
166 1971 1786 8.289084207558718 1.5823686040108083
166 1972 1786 8.977801345541076 1.452780594934153
166 1973 1786 9.720746730575742 1.3182924140888304
166 1974 1786 10.50642265473833 1.1860180660243969
166 1975 1786 11.325940005138587 1.060622834997025
166 1976 1786 12.17246552675334 0.9447385887206801
166 1977 1786 13.040740661480784 0.8395134856809391
166 1978 1786 13.926697993422493 0.7451136285841375
166 1979 1786 14.827168205695852 0.6611114001944988
166 1980 1786 15.73966063801878 0.586757946104132
166 1981 1786 16.662200244865552 0.5211614075362414
166 1982 1786 17.59320655821438 0.46339667064344714
166 1983 1786 18.53140353562021 0.4125686756676295
166 1984 1786 19.47575202655849 0.36784574505247525
166 1985 1786 20.42539882107561 0.3284743396567886
166 1986 1786 21.379637906194688 0.29378278721439804
166 1987 1786 22.337880763402705 0.2631788044273833
166 1946 1787 20.85442200110096 0.2062529664919383
166 1947 1787 19.91981217280935 0.2288181729577445
166 1948 1787 18.991864495093772 0.2541744410278754
166 1949 1787 18.071605269040248 0.2826888324795565
166 1950 1787 17.16027147221171 0.31477142677960335
166 1951 1787 16.2593639789508 0.3508757403248473
166 1952 1787 15.370716216234126 0.391496041914877
166 1953 1787 14.49658294219719 0.43715956707643355
166 1954 1787 13.639755019794247 0.48841068921684516
166 1955 1787 12.803707158475712 0.5457828407239411
166 1956 1787 11.992786039949268 0.6097524031551631
166 1957 1787 11.212444737879506 0.680667079190948
166 1958 1787 10.469523246070073 0.758639962326017
166 1959 1787 9.772559388410054 0.843400874820325
166 1960 1787 9.132081745144495 0.9341009322951997
166 1961 1787 8.560777826809964 1.029078530291193
166 1962 1787 8.073346084493155 1.125619625661939
166 1963 1787 7.685760665022089 1.219784427742976
166 1964 1787 7.413697930183061 1.3064184500448006
166 1965 1787 7.2701387194468605 1.3794898668117959
166 1966 1787 7.262707277592858 1.4328473217346867
166 1967 1787 7.39181418868197 1.4613325598128426
166 1968 1787 7.65055011093973 1.4619482526800318
166 1969 1787 8.026388789486823 1.4346276879976587
166 1970 1787 8.503817789675386 1.3822526335863488
166 1971 1787 9.066803019807995 1.309910726522804
166 1972 1787 9.700459628285621 1.2237351509321188
166 1973 1787 10.391867830183322 1.1297817201347133
166 1974 1787 11.130270302198364 1.0332527670335843
166 1975 1787 11.90692726945112 0.9381427906796084
166 1976 1787 12.714830592658265 0.8472161990873672
166 1977 1787 13.548391675767213 0.7621753845551125
166 1978 1787 14.403156494324366 0.6838993900175773
166 1979 1787 15.275566012426445 0.6126790836088327
166 1980 1787 16.162763284785118 0.5484145629311865
166 1981 1787 17.06244170686006 0.4907658138337791
166 1982 1787 17.97272703292401 0.43926033036289946
166 1983 1787 18.892086094446988 0.39336604119420426
166 1984 1787 19.81925621712372 0.3525383579153493
166 1985 1787 20.753190525796196 0.31624890305262193
166 1986 1787 21.6930153966662 0.2840017721289865
166 1987 1787 22.63799719498164 0.2553415989065714
166 1947 1788 20.305095838237346 0.2092196713422328
166 1948 1788 19.39559014312283 0.23144874998759776
166 1949 1788 18.495429624639794 0.2562658719598507
166 1950 1788 17.606047739342387 0.28396798103274623
166 1951 1788 16.729163667081597 0.31487320119792467
166 1952 1788 15.866849624295389 0.34931496409194474
166 1953 1788 15.021614993069239 0.3876316018836474
166 1954 1788 14.196510733275357 0.4301494217531225
166 1955 1788 13.395257257701408 0.47715668811525064
166 1956 1788 12.622397434719051 0.5288653655724843
166 1957 1788 11.883472430228544 0.5853571351917752
166 1958 1788 11.18520974322796 0.6465105143732562
166 1959 1788 10.535697271657037 0.7119076186853348
166 1960 1788 9.944491791941978 0.7807232880970388
166 1961 1788 9.422574860408442 0.8516072302293811
166 1962 1788 8.982033010404772 0.9225822828997334
166 1963 1788 8.635329582592712 0.9909976093332421
166 1964 1788 8.394100130448805 1.0535890195589928
166 1965 1788 8.267582294721988 1.1066981594123066
166 1966 1788 8.261048178046192 1.1466734504397504
166 1967 1788 8.374778623939868 1.1704118576157614
166 1968 1788 8.604005869361083 1.175919499836579
166 1969 1788 8.939849942812227 1.1627172093723668
166 1970 1788 9.37085465686026 1.1319430818662957
166 1971 1788 9.884579758391322 1.0861120956094492
166 1972 1788 10.468854617387676 1.0286248373913331
166 1973 1788 11.112556726514338 0.9631952325462011
166 1974 1788 11.805969549342356 0.8933568455502159
166 1975 1788 12.540849931324383 0.8221365661982941
166 1976 1788 13.310331213008885 0.7519063819823129
166 1977 1788 14.108753205014198 0.6843741733690666
166 1978 1788 14.931474039759042 0.6206589745444588
166 1979 1788 15.774692294938689 0.5614031556430913
166 1980 1788 16.63529131094487 0.5068893779739589
166 1981 1788 17.510708637859224 0.45714490997843504
166 1982 1788 18.398829229056872 0.41202646130663567
166 1983 1788 19.297899289819018 0.37128492615566283
166 1984 1788 20.206457309483945 0.33461243493239606
166 1985 1788 21.123279030491382 0.30167513419660014
166 1986 1788 22.047333557598225 0.27213509102844163
166 1987 1788 22.97774830134573 0.24566424386261937
166 1948 1789 19.84154522712391 0.21006118158234782
166 1949 1789 18.962566202916822 0.23156849685864914
166 1950 1789 18.09615752031362 0.2553929671664168
166 1951 1789 17.244214015141512 0.281752589545906
166 1952 1789 16.408988908522147 0.31086579086296207
166 1953 1789 15.59316892103727 0.342941088047073
166 1954 1789 14.79996341211702 0.37816195452287854
166 1955 1789 14.03320765185217 0.41666547636332785
166 1956 1789 13.297477843561241 0.45851329489824816
166 1957 1789 12.598210865039604 0.5036535207629252
166 1958 1789 11.941813806955865 0.551873017230445
166 1959 1789 11.335736279571856 0.6027410371740255
166 1960 1789 10.788462216646144 0.6555480580657294
166 1961 1789 10.309360649429296 0.709248075280464
166 1962 1789 9.908325640591404 0.7624183875823133
166 1963 1789 9.595150702307958 0.81325679541044
166 1964 1789 9.37864153275946 0.8596392881239847
166 1965 1789 9.265576992287125 0.8992573650523208
166 1966 1789 9.259747134776433 0.9298389310070654
166 1967 1789 9.361352306157492 0.949429908025731
166 1968 1789 9.566970105524529 0.956682868837952
166 1969 1789 9.870102177789237 0.9510795255749417
166 1970 1789 10.262110747794512 0.9330212184292986
166 1971 1789 10.73326217885315 0.9037586100626629
166 1972 1789 11.273638143917841 0.8651830528661415
166 1973 1789 11.873791180579147 0.819542222063537
166 1974 1789 12.525131416476196 0.7691539792140112
166 1975 1789 13.220095196328913 0.7161756896064133
166 1976 1789 13.952165315821004 0.6624558693416777
166 1977 1789 14.715805006862466 0.6094670980463281
166 1978 1789 15.506350860212027 0.5583023170635671
166 1979 1789 16.319893290092253 0.5097114440717837
166 1980 1789 17.153160554253493 0.4641577424891902
166 1981 1789 18.003414037342967 0.4218791156377431
166 1982 1789 18.8683575596817 0.38294538318328164
166 1983 1789 19.746060797029806 0.34730721547890386
166 1984 1789 20.63489561398354 0.3148354520798781
166 1985 1789 21.53348362434646 0.28535125925925664
166 1986 1789 22.440653221330187 0.2586483854561427
166 1949 1790 19.469897714163867 0.20873693543750343
166 1950 1790 18.627101680079036 0.22917125560821452
166 1951 1790 17.800587546482927 0.2516036118944148
166 1952 1790 16.992731298999665 0.27617222928711693
166 1953 1790 16.20632336466241 0.3029988073342859
166 1954 1790 15.444640397238212 0.33217614906615145
166 1955 1790 14.711523272591535 0.3637517868055464
166 1956 1790 14.011456633769459 0.3977070125884838
166 1957 1790 13.34964108131758 0.43393103714316056
166 1958 1790 12.732042923270475 0.4721906552289059
166 1959 1790 12.165398349417154 0.5120969265379224
166 1960 1790 11.65714017244373 0.5530720986241658
166 1961 1790 11.215209182177624 0.5943222802965609
166 1962 1790 10.847714828478905 0.6348239150683324
166 1963 1790 10.562429502723363 0.6733341382489092
166 1964 1790 10.366142821705708 0.7084353219708285
166 1965 1790 10.26396205176152 0.7386209075960222
166 1966 1790 10.258699576457067 0.7624218360246577
166 1967 1790 10.350503224481418 0.7785610329934308
166 1968 1790 10.536836194987567 0.7861107123943928
166 1969 1790 10.812812631318453 0.7846192945091282
166 1970 1790 11.171791127657182 0.7741768856277385
166 1971 1790 11.60607241921226 0.7554020220809339
166 1972 1790 12.107556194377102 0.7293532458746625
166 1973 1790 12.66826416680672 0.6973884447782162
166 1974 1790 13.280697157905493 0.6610050384732048
166 1975 1790 13.938038491839476 0.6216924970212171
166 1976 1790 14.63423783461232 0.5808184844429644
166 1977 1790 15.364013700852993 0.5395569720983245
166 1978 1790 16.122807354800166 0.49885593431481706
166 1979 1790 16.906712187767265 0.4594360053628838
166 1980 1790 17.71239444569813 0.4218095674834352
166 1981 1790 18.537014781242362 0.3863107278376084
166 1982 1790 19.378155665594125 0.35312896094962015
166 1983 1790 20.233756868164583 0.32234170805291046
166 1984 1790 21.10205954403497 0.293943337582632
166 1950 1791 19.19549210101172 0.2053106094188946
166 1951 1791 18.394534976454366 0.22437902165774182
166 1952 1791 17.61394098434541 0.24510162669238214
166 1953 1791 16.856539294885017 0.26754352945231324
166 1954 1791 16.125598190454905 0.29174182997825704
166 1955 1791 15.42487980504232 0.3176935650573388
166 1956 1791 14.758689542096961 0.34534104661353987
166 1957 1791 14.131911300316105 0.3745547474853139
166 1958 1791 13.550015387445205 0.40511436798389305
166 1959 1791 13.019021353389112 0.43668943756732376
166 1960 1791 12.545394254466517 0.46882177028840155
166 1961 1791 12.135852545247957 0.5009132199858345
166 1962 1791 11.797072391063859 0.5322232478629817
166 1963 1791 11.535290070041627 0.5618814107405581
166 1964 1791 11.355831849758994 0.5889194267388861
166 1965 1791 11.262633661804003 0.6123253860847679
166 1966 1791 11.257838025127224 0.6311186619122215
166 1967 1791 11.341557080048588 0.6444385694414183
166 1968 1791 11.511859841050885 0.6516342324427824
166 1969 1791 11.764986910319957 0.6523396112433772
166 1970 1791 12.095739621866855 0.6465182724187546
166 1971 1791 12.497956512966413 0.6344679443973931
166 1972 1791 12.964988121861099 0.6167838166080553
166 1973 1791 13.490104410270487 0.5942888269586445
166 1974 1791 14.06680194642688 0.5679455776770754
166 1975 1791 14.689006671657513 0.5387661916271158
166 1976 1791 15.351186175667296 0.5077336587699098
166 1977 1791 16.04839297250658 0.4757428846582094
166 1978 1791 16.77626051895947 0.44356397586604324
166 1979 1791 17.53097022414898 0.41182589556350624
166 1980 1791 18.30920306840246 0.38101612605452
166 1981 1791 19.10808512122546 0.351491217102753
166 1982 1791 19.925132797549875 0.3234935220349619
166 1983 1791 20.7582011985624 0.29717043035706103
166 1953 1792 17.53969546485921 0.23622154444578575
166 1954 1792 16.838435705254884 0.25632900325452596
166 1955 1792 16.168639924248495 0.2777205971377752
166 1956 1792 15.53437855210186 0.30032323606242306
166 1957 1792 14.94017794405415 0.32400899407119726
166 1958 1792 14.39100125078175 0.3485834368717264
166 1959 1792 13.892189064362812 0.3737744732241354
166 1960 1792 13.449346340993733 0.3992232858134003
166 1961 1792 13.068164255166115 0.424479435175504
166 1962 1792 12.754172532940002 0.4490026495985979
166 1963 1792 12.51243049930752 0.4721739073640372
166 1964 1792 12.347182553117161 0.4933179352509024
166 1965 1792 12.261521806040255 0.51173797587411
166 1966 1792 12.257116993812227 0.5267615707296135
166 1967 1792 12.33405517256998 0.5377934297115855
166 1968 1792 12.490833318878295 0.5443688498988891
166 1969 1792 12.724500658179085 0.5461995065098099
166 1970 1792 13.030921571400842 0.5432036008885662
166 1971 1792 13.40510786976366 0.5355146506936035
166 1972 1792 13.841564832055639 0.5234671956862201
166 1973 1792 14.334605575320142 0.5075622132728361
166 1974 1792 14.878606016693873 0.48841870193115006
166 1975 1792 15.46819048887099 0.466719682372174
166 1976 1792 16.09835137521848 0.44316053503342906
166 1977 1792 16.76451362253014 0.41840563188545604
166 1978 1792 17.462557573276555 0.39305651941378433
166 1979 1792 18.18881296291757 0.3676323271048989
166 1980 1792 18.940034767655472 0.3425611617845542
166 1981 1792 19.71336899162591 0.3181801809994567
166 1982 1792 20.5063140764009 0.2947417185350059
166 1955 1793 16.93879916050729 0.24308173787955
166 1956 1793 16.334470208733503 0.26164060138935263
166 1957 1793 15.77044441352247 0.28094938863287305
166 1958 1793 15.25119395326156 0.3008426161053778
166 1959 1793 14.78143825884348 0.3211000001637919
166 1960 1793 14.366033446988824 0.34144196205953975
166 1961 1793 14.009815023761071 0.3615282100025193
166 1962 1793 13.717394687038833 0.3809607996155269
166 1963 1793 13.492920995840784 0.39929301496339215
166 1964 1793 13.33982447410763 0.4160450412664658
166 1965 1793 13.260577551524696 0.43072664312042064
166 1966 1793 13.256504705238125 0.4428659312058274
166 1967 1793 13.327674853476895 0.4520419454376677
166 1968 1793 13.472895642733977 0.4579175028808009
166 1969 1793 13.689810699932998 0.46026794973360047
166 1970 1793 13.975082003337219 0.45900147951073983
166 1971 1793 14.324626242942594 0.45416769763438997
166 1972 1793 14.73386972251348 0.4459529750940083
166 1973 1793 15.197990557965198 0.4346633859189549
166 1974 1793 15.712126431517765 0.4206980614684185
166 1975 1793 16.271537020207987 0.40451709773073585
166 1976 1793 16.871719444087457 0.3866084695939308
166 1977 1793 17.50848128765024 0.3674578149927982
166 1978 1793 18.17797890305736 0.34752377060290224
166 1979 1793 18.876729510166697 0.3272201707606116
166 1980 1793 19.601604959798525 0.30690520027050594
166 1957 1794 16.619413858497 0.24421368060138365
166 1958 1794 16.127520485183148 0.26042141948563474
166 1959 1794 15.684033824243105 0.2768336859115
166 1960 1794 15.293165695826408 0.2932328029371877
166 1961 1794 14.959041312864988 0.30936035201424306
166 1962 1794 14.685534276967974 0.3249203005768072
166 1963 1794 14.476080857746032 0.33958581286000167
166 1964 1794 14.33348935186408 0.3530101839507778
166 1965 1794 14.259765671286495 0.3648418869321169
166 1966 1794 14.255978289826363 0.3747431005759065
166 1967 1794 14.322182689799778 0.38241037296767344
166 1968 1794 14.457417369641101 0.38759542031336724
166 1969 1794 14.659772065076593 0.3901236423373342
166 1970 1794 14.926517242813203 0.38990792119566314
166 1971 1794 15.254275367909147 0.3869557412575727
166 1972 1794 15.639210881626973 0.38136857137157154
166 1973 1794 16.07721732763476 0.37333360262864834
166 1974 1794 16.56408515433313 0.3631090639714813
166 1975 1794 17.09564029219143 0.351005183583208
166 1976 1794 17.667849812583274 0.3373632581910195
166 1977 1794 18.276895715629575 0.3225352065480886
166 1978 1794 18.919220834907513 0.3068655161063257
166 1958 1795 17.017488563239937 0.22609913550327654
166 1959 1795 16.59779855884514 0.23948993504609076
166 1960 1795 16.228953046946735 0.2528149924475468
166 1961 1795 15.914487644910267 0.26587683353173347
166 1962 1795 15.657679170298557 0.2784530587227097
166 1963 1795 15.461400874435704 0.2903014623842352
166 1964 1795 15.32797824241674 0.3011677054017912
166 1965 1795 15.25906016109776 0.310795465187754
166 1966 1795 15.255520869508214 0.3189386362621086
166 1967 1795 15.317405687648298 0.32537476758108236
166 1968 1795 15.44392815963608 0.3299185730232404
166 1969 1795 15.633519021640653 0.3324341268155967
166 1970 1795 15.883920076605772 0.3328443352141304
166 1971 1795 16.19231042810135 0.33113650135120404
166 1972 1795 16.555449767372664 0.3273632549370283
166 1973 1795 16.96982371741084 0.32163872285115624
166 1974 1795 17.43177893962631 0.31413044705302984
166 1975 1795 17.937639671930057 0.30504808129291255
166 1976 1795 18.483801475886903 0.29463021783482735
166 1977 1795 19.066801436003857 0.2831307679209647
166 1966 1796 16.25511971656932 0.2728655776749424
166 1967 1796 16.313212957599756 0.2782926454309784
166 1968 1796 16.432069772247207 0.2822596170786834
166 1969 1796 16.61038581731322 0.2846602662544145
166 1970 1796 16.846273089321567 0.2854286849235635
166 1971 1796 17.13735443410096 0.2845435162935081
166 1972 1796 17.480872890104763 0.28202935093355885
166 1973 1796 17.873805330706706 0.27795512029910924
166 1974 1796 18.312971277212206 0.2724296782843266
