# %ECSV 0.9
# ---
# datatype:
# - name: sexcat_id
#   datatype: int32
# - name: x
#   datatype: int32
# - name: y
#   datatype: int32
# - name: sep
#   datatype: float64
# - name: weight
#   datatype: float64
# schema: astropy-2.0
sexcat_id x y sep weight
416 1087 2042 7.59141126537095 0.23200766333617145
416 1088 2042 7.167951241463697 0.26013003543028024
416 1089 2042 6.865094682522665 0.2838709409192976
416 1090 2042 6.699218237973813 0.3000761626711364
416 1085 2043 7.986834479316622 0.22798146227566712
416 1086 2043 7.317070793698857 0.27244607226214534
416 1087 2043 6.729749252386809 0.3201794036679921
416 1088 2043 6.248161729661039 0.3674677854995941
416 1089 2043 5.898264575279819 0.4086791810972921
416 1090 2043 5.704342643986318 0.43715120981256333
416 1091 2043 5.682387262410124 0.4472528457529022
416 1092 2043 5.83434015120826 0.43677494522908705
416 1093 2043 6.1473185211115275 0.40800676755962423
416 1094 2043 6.598448681319028 0.3666218096554675
416 1085 2044 7.310918204986339 0.2981881730521232
416 1086 2044 6.5726345554884364 0.36763312756396316
416 1087 2044 5.911812327873803 0.44652057389907746
416 1088 2044 5.357193761662973 0.5292640304999313
416 1089 2044 4.944646094514821 0.6050376816930689
416 1090 2044 4.711637188918591 0.6587692925541134
416 1091 2044 4.685032016966446 0.676450500019913
416 1092 2044 4.868215792259078 0.6528305713166438
416 1093 2044 5.239229428074388 0.5948513032792838
416 1094 2044 5.761902897481064 0.5171658539498813
416 1095 2044 6.399181588297107 0.4344428618632773
416 1084 2045 7.573607132668061 0.3004330069473491
416 1085 2045 6.716362482772988 0.38565539963110035
416 1086 2045 5.904195542154793 0.49383954006795255
416 1087 2045 5.158442109784749 0.626211425724974
416 1088 2045 4.51215303375235 0.7769311765428824
416 1089 2045 4.013667275696945 0.9263921946034921
416 1090 2045 3.7228382989327558 1.0381538860770614
416 1091 2045 3.6891089710119074 1.072051568057842
416 1092 2045 3.919122988629029 1.0135248882417731
416 1093 2045 4.371444269346291 0.8870039035565151
416 1094 2045 4.985932711138462 0.7342114442900862
416 1095 2045 5.7104750240238795 0.5873177554135478
416 1096 2045 6.5084195470175805 0.46146568984144243
416 1084 2046 7.1427953211610635 0.3665066498109624
416 1085 2046 6.226517887230421 0.48695078331429015
416 1086 2046 5.340367496717842 0.6513496465892668
416 1087 2046 4.502168921753202 0.8722469162809076
416 1088 2046 3.744265615578092 1.1549263703259693
416 1089 2046 3.1256239377123394 1.4747279695336262
416 1090 2046 2.7421752314541075 1.7418211296114794
416 1091 2046 2.6962056672294845 1.8168062307712105
416 1092 2046 3.003252403645153 1.6487735534021632
416 1093 2046 3.5734472152251513 1.34448281630624
416 1094 2046 4.303431770110964 1.033322627604684
416 1095 2046 5.125380473681967 0.7751638135219808
416 1096 2046 6.001626862776491 0.5785373088824292
416 1097 2046 6.911550115567446 0.4335138875279681
416 1083 2047 7.805736672473665 0.31838521242447126
416 1084 2047 6.832241579452547 0.4294246922173339
416 1085 2047 5.867667764964223 0.5891726751983415
416 1086 2047 4.917268042317832 0.8236590867838206
416 1087 2047 3.991180902940913 1.173574857290101
416 1088 2047 3.111193500893225 1.6956767489307454
416 1089 2047 2.330134116311815 2.429224152708072
416 1090 2047 1.7831222616523643 3.2133162859635944
416 1091 2047 1.7115855222571388 3.4284381282485565
416 1092 2047 2.16322097807881 2.8150348475905993
416 1093 2047 2.90336442769423 2.0119995138396107
416 1094 2047 3.7655710058369958 1.3914137932764625
416 1095 2047 4.682897073393803 0.9690111537500659
416 1096 2047 5.628456715654855 0.6869364215671631
416 1097 2047 6.5901081174742675 0.4964100427862924
416 1083 2048 7.65437946537798 0.3471203507741172
416 1084 2048 6.658793058805784 0.4757484988918243
416 1085 2048 5.664761689603552 0.6675512627859221
416 1086 2048 4.673277757634367 0.9646240149690976
416 1087 2048 3.686397292750755 1.4478130581255289
416 1088 2048 2.7091557725609094 2.2859282435448196
416 1089 2048 1.757704468902579 3.860365841371073
416 1090 2048 0.916255968602714 6.838892420722417
416 1091 2048 0.7678053138654991 7.9503222666745295
416 1092 2048 1.5295505875910405 4.679595158097108
416 1093 2048 2.467696294117268 2.7040671947232733
416 1094 2048 3.440861084089286 1.6774401810279038
416 1095 2048 4.426005535468759 1.1005705742507417
416 1096 2048 5.416597179041478 0.7528164500267608
416 1097 2048 6.4101111534824495 0.5316416896923937
416 1083 2049 7.632137642888783 0.3576566568574779
416 1084 2049 6.633213776141996 0.49203281161761847
416 1085 2049 5.634671685200474 0.6939747148594337
416 1086 2049 4.636758026897668 1.0104099591546924
416 1087 2049 3.639989697787612 1.534949638513704
416 1088 2049 2.6456615429793646 2.477600698593657
416 1089 2049 1.658169171104068 4.4011046503329085
416 1090 2049 0.7067708256570527 9.220151082538212
416 1091 2049 0.4995247741603533 10.938476759373641
416 1092 2049 1.4140456145400515 5.0471882606705005
416 1093 2049 2.3978167152641072 2.7646785242495926
416 1094 2049 3.3910949559102517 1.6854209641570816
416 1095 2049 4.387428062088307 1.097623864897417
416 1096 2049 5.385120704311088 0.7480495291244265
416 1097 2049 6.383535462422054 0.5272336263446185
416 1083 2050 7.74012435300621 0.3471385473093318
416 1084 2050 6.7571832149202375 0.47279315163224855
416 1085 2050 5.780097317519819 0.6570489437434899
416 1086 2050 4.812434415137499 0.9347730470364348
416 1087 2050 3.8612854077366268 1.3654257235790748
416 1088 2050 2.942707087020352 2.0458718202887454
416 1089 2050 2.0998869017163297 3.082311113779484
416 1090 2050 1.4695322385030574 4.246977497142157
416 1091 2050 1.3818556364540424 4.3116977357770505
416 1092 2050 1.912988499704012 3.177905097789075
416 1093 2050 2.722044268559901 2.1134179161207824
416 1094 2050 3.627605959858348 1.4082372274218125
416 1095 2050 4.572693407609984 0.9620316312429851
416 1096 2050 5.537104387674104 0.674872145972134
416 1084 2051 7.0227861280263735 0.4244663146648312
416 1085 2051 6.0884747679529445 0.5724229936206748
416 1086 2051 5.178757090267863 0.7795831537587928
416 1087 2051 4.309237171472424 1.0661481228874354
416 1088 2051 3.5099180902123144 1.4428339100586003
416 1089 2051 2.8406909370784534 1.8694498664369037
416 1090 2051 2.412369167436788 2.186830612357393
416 1091 2051 2.3599841101159265 2.1772333244299613
416 1092 2051 2.705462067743634 1.848584359597666
416 1093 2051 3.3270895689776165 1.4218814233594321
416 1094 2051 4.101161420866004 1.0494890345101069
416 1095 2051 4.956765578479545 0.7673750718164759
416 1084 2052 7.414817934379745 0.36080079528655257
416 1085 2052 6.536782465402953 0.46890040812580674
416 1086 2052 5.6990810662772216 0.6080063498196213
416 1087 2052 4.922349540615692 0.7794155729516854
416 1088 2052 4.2402269986404635 0.9723559673619593
416 1089 2052 3.7053373665564537 1.1526479498525195
416 1090 2052 3.3881447725856573 1.261857144965806
416 1091 2052 3.3510483434291896 1.2502409490677953
416 1092 2052 3.6027107849506206 1.1236372667998502
416 1093 2052 4.0901742016691065 0.9372784898378045
416 1094 2052 4.74125774452302 0.7465017593922528
416 1085 2053 7.098557952147702 0.3693955477964358
416 1086 2053 6.335576137968777 0.4579617040180458
416 1087 2053 5.647081104429028 0.5570467053191781
416 1088 2053 5.063548656821554 0.6566762656533469
416 1089 2053 4.62488107955214 0.7391937325777673
416 1090 2053 4.374874283907981 0.7833077403045493
416 1091 2053 4.346208117428268 0.7749205726749112
416 1092 2053 4.543074399566814 0.7168643274105712
323 1033 2014 28.764245375118065 0.14801952294375392
323 1034 2014 28.242694843091748 0.16018344203515145
323 1035 2014 27.74739288653983 0.1670693475529424
323 1036 2014 27.2797692805493 0.16750208053623902
323 1033 2015 27.9240006446068 0.15519804689277328
323 1034 2015 27.38645307446733 0.17192314824011837
323 1035 2015 26.87537556946881 0.18362201556810936
323 1036 2015 26.392305924265145 0.18828654707246475
323 1037 2015 25.938808993475416 0.18504031679754807
323 1038 2015 25.51646158855105 0.17449788442782066
323 1033 2016 27.094608541184 0.16043766795528672
323 1034 2016 26.540267745446748 0.1820227066490874
323 1035 2016 26.012570269006503 0.19938254253454202
323 1036 2016 25.51316938367323 0.20961328388251482
323 1037 2016 25.04375794484528 0.21073721078765015
323 1038 2016 24.60605234490086 0.20252473439374288
323 1039 2016 24.201772910264264 0.1865971100946168
323 1040 2016 23.832620753916284 0.1657332274658613
323 1033 2017 26.277096719386655 0.16339390753217828
323 1034 2017 25.705132016778304 0.18983935691610393
323 1035 2017 25.15992472166801 0.21347503502461956
323 1036 2017 24.643250840747474 0.23059788834958617
323 1037 2017 24.156941279888915 0.23790467251059574
323 1038 2017 23.70286505889111 0.23382108194167256
323 1039 2017 23.282908151689323 0.21923928330537729
323 1040 2017 22.89894783609066 0.19709224664351335
323 1041 2017 22.5528227058167 0.1711018555531985
323 1033 2018 25.472609053648213 0.16386200550127145
323 1034 2018 24.88215850765365 0.1948202526246671
323 1035 2018 24.31850760223581 0.22496737634032382
323 1036 2018 23.783561802219637 0.25009978391576393
323 1037 2018 23.279300075388885 0.2655621306951154
323 1038 2018 22.807757715303822 0.267941344051226
323 1039 2018 22.371003821911994 0.2566740255728793
323 1040 2018 21.971113126102672 0.2343377176815372
323 1041 2018 21.610132160632453 0.20537728247300915
323 1042 2018 21.290040206631858 0.17429863141156848
323 1033 2019 24.682419087277502 0.16180884465307882
323 1034 2019 24.072594625424173 0.19658728139481585
323 1035 2019 23.489525580564646 0.23299077251674083
323 1036 2019 22.93525260379752 0.2668022954201233
323 1037 2019 22.411912278964525 0.2922990251492266
323 1038 2019 21.921720096744256 0.30392613266302654
323 1039 2019 21.466946965043746 0.29877970646615376
323 1040 2019 21.049888645786254 0.2781742893433993
323 1041 2019 20.672827866549873 0.24691230604675363
323 1042 2019 20.33798937948393 0.21092161115317457
323 1043 2019 20.047488920061813 0.17512443971804792
323 1033 2020 23.907944537329023 0.15737826971071173
323 1034 2020 23.27783950455885 0.19500139854912046
323 1035 2020 22.6743425924546 0.2368788703844202
323 1036 2020 22.09963375262135 0.2793699606123321
323 1037 2020 21.556015680083387 0.3163223530646463
323 1038 2020 21.045897747542178 0.3401636788550844
323 1039 2020 20.571772213399626 0.3448334116735444
323 1040 2020 20.136181663860725 0.3290324582972694
323 1041 2020 19.741677031093406 0.2970075448837636
323 1042 2020 19.390766152991507 0.25609850214943286
323 1043 2020 19.085853714204166 0.21334376365847557
323 1044 2020 18.82917449066743 0.1735266154198208
323 1033 2021 23.150762665622935 0.15086829720925862
323 1034 2021 22.499462482468346 0.19018751347942253
323 1035 2021 21.874501411460805 0.23629067723175276
323 1036 2021 21.278200393830318 0.2866658470361917
323 1037 2021 20.713034833167274 0.3356344963864273
323 1038 2021 20.181620648500974 0.3743404668145794
323 1039 2021 19.686691240531022 0.3932248890357523
323 1040 2021 19.231063725129736 0.3867535072236929
323 1041 2021 18.817593151091373 0.3568887572384933
323 1042 2021 18.44911412507389 0.31180373433934216
323 1043 2021 18.1283703625009 0.2612001490797347
323 1044 2021 17.857934147039543 0.21247033690568295
323 1045 2021 17.640119387351124 0.16960660065539668
323 1034 2022 21.739222893194704 0.18251210356734238
323 1035 2022 21.0917474856874 0.23127854426788355
323 1036 2022 20.472660110498605 0.28797625585982445
323 1037 2022 19.884612442791052 0.34834840028892
323 1038 2022 19.330437449783716 0.40357896028122026
323 1039 2022 18.813128713746707 0.44121037225598786
323 1040 2022 18.335806827080198 0.4501304165670761
323 1041 2022 17.901670648294278 0.42737797864449856
323 1042 2022 17.513931940029938 0.3802555561517606
323 1043 2022 17.17573323034568 0.32133618523379465
323 1044 2022 16.890050680800247 0.2618065013819092
323 1045 2022 16.659586189338587 0.2083643365113424
323 1046 2022 16.486655573523727 0.16360528881357997
323 1035 2023 20.32805480118549 0.22227751280693206
323 1036 2023 19.684964109695517 0.28316874981506573
323 1037 2023 19.072645647628455 0.3530788948792638
323 1038 2023 18.49415615809493 0.42483881772713206
323 1039 2023 17.952766137840726 0.48487219969190687
323 1040 2023 17.451928604025422 0.5163516122074518
323 1041 2023 16.995229095249076 0.5083034340747287
323 1042 2023 16.58631399678665 0.4636786389933305
323 1043 2023 16.228795765552068 0.39704140085409323
323 1044 2023 15.926136129017635 0.32474205016742486
323 1045 2023 15.681511789365235 0.257867579413329
323 1046 2023 15.49767117989025 0.2013147684156004
323 1047 2023 15.376794594453061 0.1558697915623933
323 1035 2024 19.585653218618994 0.2100198341268469
323 1036 2024 18.91734156798995 0.27272284676530967
323 1037 2024 18.279327449334687 0.34928085420777644
323 1038 2024 17.67489213545589 0.43555384098815003
323 1039 2024 17.107595155368877 0.5195001435061977
323 1040 2024 16.58124880701091 0.580545018329338
323 1041 2024 16.099869937362868 0.5975797521096798
323 1042 2024 15.66760390104373 0.563731982804248
323 1043 2024 15.288617072842158 0.4922307804835642
323 1044 2024 14.966957339419418 0.40554510639470326
323 1045 2024 14.706386775819572 0.321698949442675
323 1046 2024 14.510196828437607 0.24970364626127764
323 1047 2024 14.381022634013231 0.19179051843926057
323 1048 2024 14.320677777256245 0.1468096104316906
323 1036 2025 18.172336448569304 0.2576209027382679
323 1037 2025 17.50719315024543 0.3373932403719556
323 1038 2025 16.87512405880326 0.43431256672379215
323 1039 2025 16.27998194102194 0.5405169207530665
323 1040 2025 15.725959811725343 0.6358319909972588
323 1041 2025 15.217549474209065 0.6900515389895665
323 1042 2025 14.759465166461847 0.6803545041284506
323 1043 2025 14.356525067020941 0.611135376082476
323 1044 2025 14.013486789518184 0.5098293145415453
323 1045 2025 13.734839351080911 0.40483924601812943
323 1046 2025 13.524563283152649 0.31249528128584586
323 1047 2025 13.385881069246087 0.23794563283467166
323 1048 2025 13.321028939237419 0.18037140669027196
323 1036 2026 17.452845384062748 0.23914254039073335
323 1037 2026 16.759170981883337 0.3187226392928529
323 1038 2026 16.097757980538795 0.42128263721023523
323 1039 2026 15.47274416514409 0.5447596489715637
323 1040 2026 14.888714249390393 0.6743887652459891
323 1041 2026 14.350672876210389 0.7766096305147806
323 1042 2026 13.86397533177265 0.8097924256146555
323 1043 2026 13.434203065310596 0.7573161762513128
323 1044 2026 13.066974095022942 0.6447520713003273
323 1045 2026 12.76768624301211 0.5142626934803245
323 1046 2026 12.541204567345224 0.39500250912030627
323 1047 2026 12.391521779022975 0.29796721449577973
323 1048 2026 12.321437091508471 0.22342599172836936
323 1036 2027 16.76215415750614 0.21863591672039404
323 1037 2027 16.038634979324154 0.2951202386152232
323 1038 2027 15.346198617247216 0.3981586303641397
323 1039 2027 14.689241369110945 0.5315533847014879
323 1040 2027 14.072732925768202 0.6896284586539536
323 1041 2027 13.502215077534519 0.8446861276636362
323 1042 2027 12.98375184605746 0.9419852776719311
323 1043 2027 12.523809803729876 0.9313024669255787
323 1044 2027 12.12904827263873 0.8187813855345681
323 1045 2027 11.806007453834704 0.6597459413205505
323 1046 2027 11.560701189806812 0.5049445460605038
323 1047 2027 11.398149498931861 0.3770993742499243
323 1048 2027 11.321917328792004 0.27932659774069407
323 1049 2027 11.333746600308334 0.2070524523128268
323 1035 2028 16.884010542522184 0.14620878571157594
323 1036 2028 16.103968827590304 0.19733072251402708
323 1037 2028 15.34945640731294 0.26858912481142216
323 1038 2028 14.624425185285073 0.36766159940137727
323 1039 2028 13.933478101321304 0.5029585001931015
323 1040 2028 13.281935551718371 0.6786776275536234
323 1041 2028 12.67587519660873 0.8813064090370605
323 1042 2028 12.122120771548206 1.058775982430252
323 1043 2028 11.628147401886531 1.1259939868959528
323 1044 2028 11.201866451623163 1.0401154062367675
323 1045 2028 10.851258544519181 0.8548215119864444
323 1046 2028 10.583846748701559 0.6537490860198144
323 1047 2028 10.406046895915884 0.4830935895248932
323 1048 2028 10.322490590937859 0.3529163244661279
323 1049 2028 10.335463801881396 0.2579411322969678
323 1035 2029 16.292262335231413 0.13032620820331894
323 1036 2029 15.482435596507424 0.17622531219050153
323 1037 2029 14.696047495840514 0.24095626351464097
323 1038 2029 13.937066118807081 0.332844410343244
323 1039 2029 13.210216198079436 0.4630353565357618
323 1040 2029 12.521094680578065 0.6436168211695417
323 1041 2029 11.876270963564293 0.8782713786973699
323 1042 2029 11.283342235348549 1.1362730990726977
323 1043 2029 10.750898195034702 1.320080449710164
323 1044 2029 10.288333781521692 1.3116678059053895
323 1045 2029 9.90544355392531 1.1173708483130966
323 1046 2029 9.611753846203122 0.8586350579804143
323 1047 2029 9.415615327741492 0.6277244940236902
323 1048 2029 9.323186794224418 0.45136544231561193
323 1049 2029 9.337548500543415 0.3245683122172955
323 1050 2029 9.458213996310329 0.23513265255592602
323 1035 2030 15.741849065468774 0.11543125365230376
323 1036 2030 14.902141188433296 0.15604723745191587
323 1037 2030 14.083387802656013 0.21367884059135725
323 1038 2030 13.289462442100517 0.2964928701767177
323 1039 2030 12.525087305084952 0.41657694229116154
323 1040 2030 11.796008307898068 0.5905730861346584
323 1041 2030 11.109176927207537 0.8362942876446183
323 1042 2030 10.472908478545982 1.1540333538286363
323 1043 2030 9.896959735191427 1.4743445103387933
323 1044 2030 9.39243376340767 1.6191837573922352
323 1045 2030 8.971388521293703 1.467846500785026
323 1046 2030 8.646028683736853 1.1458547897858224
323 1047 2030 8.42744397786188 0.8294581420869699
323 1048 2030 8.324050216090752 0.5856071060299276
323 1049 2030 8.340132612854578 0.4131298808353572
323 1050 2030 8.475011032441229 0.2941205218120816
323 1051 2030 8.72317671493594 0.21203621746285048
323 1035 2031 15.237250801899929 0.10173067691125594
323 1036 2031 14.368083101095987 0.13726713975713073
323 1037 2031 13.517019345994889 0.18778410464771653
323 1038 2031 12.687703180639124 0.26078078048288417
323 1039 2031 11.8846881322145 0.3679630619152704
323 1040 2031 11.113676799331543 0.5273397041089377
323 1041 2031 10.381801963050549 0.7646168674662919
323 1042 2031 9.697928232359748 1.1068193252016467
323 1043 2031 9.072916399923471 1.54221798389673
323 1044 2031 8.519730746919196 1.9121200927769921
323 1045 2031 8.053186450095412 1.9186432817605366
323 1046 2031 7.689070945179293 1.5551223620078483
323 1047 2031 7.442433204268642 1.1183573529722177
323 1048 2031 7.325149281755317 0.7729190359715578
323 1049 2031 7.343419639377861 0.5329548255506104
323 1050 2031 7.4962531974314 0.3717259055936403
323 1051 2031 7.775719387940933 0.2633254648163481
323 1036 2032 13.885597286397154 0.12014164062960576
323 1037 2032 13.002992424822835 0.1639020599888429
323 1038 2032 12.138608322208938 0.22717839452936592
323 1039 2032 11.296628346546598 0.3205182056519771
323 1040 2032 10.48245257561417 0.4610590324434444
323 1041 2032 9.703082602966965 0.6764523230846118
323 1042 2032 8.9675978946427 1.0080935433100033
323 1043 2032 8.287690389969947 1.4983727006283032
323 1044 2032 7.67813857650409 2.096940973168047
323 1045 2032 7.156941525540103 2.4391194666990277
323 1046 2032 6.744613554533745 2.142252836412687
323 1047 2032 6.462028474093901 1.545511879732347
323 1048 2032 6.326595609014407 1.0418466837313949
323 1049 2032 6.347740700438259 0.6985556792791824
323 1050 2032 6.523941446702326 0.47539460928307964
323 1051 2032 6.843231108182776 0.3299450671621016
323 1052 2032 7.286824548457338 0.2335023169016521
323 1036 2033 13.460230755822872 0.10476560051171448
323 1037 2033 12.547741310690142 0.14234383043628104
323 1038 2033 11.649627118496111 0.19652752254249112
323 1039 2033 10.769485224466397 0.2763750617809555
323 1040 2033 9.912104317449453 0.39696231401826354
323 1041 2033 9.083931527703196 0.5839789674413919
323 1042 2033 8.293721239588423 0.8814186326397052
323 1043 2033 7.553397381311285 1.3595229238182398
323 1044 2033 6.879085113588886 2.0871859644955166
323 1045 2033 6.292043547211051 2.887786313318698
323 1046 2033 5.818746600428675 2.9608585996987817
323 1047 2033 5.488698570699642 2.2017507773096763
323 1048 2033 5.328584427406619 1.4423188298431517
323 1049 2033 5.353672758023257 0.9334289348259125
323 1050 2033 5.561457722576013 0.6163495109957792
323 1051 2033 5.932774393148656 0.41754099568444036
323 1052 2033 6.439395313226268 0.2898125253202498
323 1037 2034 12.157870372725641 0.1231902891611605
323 1038 2034 11.228615765088765 0.1691882461271629
323 1039 2034 10.312604520682445 0.236647324883405
323 1040 2034 9.413703415765765 0.33817999124013853
323 1041 2034 8.537318782849804 0.49570228298402935
323 1042 2034 7.691151539269011 0.7487472632131276
323 1043 2034 6.886349686154495 1.1703318418087563
323 1044 2034 6.139202879853389 1.88799531950607
323 1045 2034 5.473373000262285 3.0165174725295576
323 1046 2034 4.921972368878172 3.9412029218521334
323 1047 2034 4.527009167209652 3.2528731068294103
323 1048 2034 4.331490736455552 2.068580073701334
323 1049 2034 4.362317274110205 1.2775717277954923
323 1050 2034 4.614955254387665 0.8120017647168998
323 1051 2034 5.0562646291506885 0.5342778470299345
323 1052 2034 5.642146045610692 0.3625827278085139
323 1053 2034 6.332599150427919 0.25259989526226684
323 1038 2035 10.883465073220012 0.14519202786007696
323 1039 2035 9.935683771135228 0.201711861739731
323 1040 2035 8.999211743258403 0.2861467444073626
323 1041 2035 8.077983164131997 0.416250692476909
323 1042 2035 7.177869600375868 0.6244359857809758
323 1043 2035 6.3079166132725675 0.9733031286782888
323 1044 2035 5.482500524395787 1.5903259579869993
323 1045 2035 4.725019788318363 2.7291780374631975
323 1046 2035 4.073550294276497 4.568684149443996
323 1047 2035 3.5863368497674846 4.965194728494091
323 1048 2035 3.3361372873429826 3.118769542112071
323 1049 2035 3.3760645728422056 1.8036275868191993
323 1050 2035 3.6967299062820715 1.0902505689694553
323 1051 2035 4.234833172629151 0.6921368008399021
323 1052 2035 4.919533717741988 0.45749893728864677
323 1053 2035 5.698228847633302 0.3123640462555456
323 1054 2035 6.537416309215772 0.21896157663736435
323 1039 2036 9.64809888009031 0.17147801941598384
323 1040 2036 8.680657348380933 0.24116015294326265
323 1041 2036 7.721516172358893 0.34735563826899396
323 1042 2036 6.7742019456169125 0.5152966184635753
323 1043 2036 5.84446849593699 0.7937051773752691
323 1044 2036 4.942247666801009 1.284708369902955
323 1045 2036 4.085806162803131 2.224663620974999
323 1046 2036 3.310862727447345 4.1882234214379706
323 1047 2036 2.688830972746354 7.199618448981989
323 1048 2036 2.344741350341255 5.084387451383882
323 1049 2036 2.4012105280462523 2.6554980203202994
323 1050 2036 2.834397996047872 1.4973464608754297
323 1051 2036 3.5073939043113223 0.9088780090495403
323 1052 2036 4.309270471901276 0.58240202748155
323 1053 2036 5.180522367483832 0.38866549473408474
323 1054 2036 6.091454013616151 0.26769382499775435
323 1055 2036 7.02665012648277 0.18910622161735327
323 1040 2037 8.46887312456621 0.20286210880681058
323 1041 2037 7.4826340282015575 0.2889917018870664
323 1042 2037 6.500600895301902 0.42307355131789026
323 1043 2037 5.525016923050999 0.6412058837281726
323 1044 2037 4.560023245554781 1.0175758719493049
323 1045 2037 3.6141128925366988 1.723441818522406
323 1046 2037 2.707362554221361 3.22822366722615
323 1047 2037 1.8967899198382623 7.132546800653473
323 1048 2037 1.3659472903447156 9.574873422475289
323 1049 2037 1.4607573378217547 4.1545241632859335
323 1050 2037 2.098049570434438 2.112084034704789
323 1051 2037 2.9444544486203483 1.2107366018868015
323 1052 2037 3.8649465714289226 0.747959029460438
323 1053 2037 4.817241119146956 0.48646833042077087
323 1054 2037 5.785655710461887 0.3286554758226008
323 1055 2037 6.763269327773386 0.2286883625744561
323 1040 2038 8.371965838439605 0.1705774283771285
323 1041 2038 7.372775054211257 0.24024714029012548
323 1042 2038 6.373838090193368 0.346839751736023
323 1043 2038 5.375296456940758 0.5164845046836433
323 1044 2038 4.377420701737485 0.8008656512778719
323 1045 2038 3.380800496923757 1.3134246791467983
323 1046 2038 2.3870090071049064 2.3457388009045186
323 1047 2038 1.4020741777808974 4.889010793085703
323 1048 2038 0.4835411047677425 15.922274972688447
323 1049 2038 0.7083868999353659 7.133367356963174
323 1050 2038 1.6642752176247975 3.066554943154226
323 1051 2038 2.6528874834791045 1.6348249077396013
323 1052 2038 3.647713256274419 0.9680639513015267
323 1053 2038 4.644761780759069 0.6119478535080198
323 1054 2038 5.642854951174998 0.4049219393316187
323 1055 2038 6.641521813560519 0.2772772906559031
323 1041 2039 7.397689639340092 0.1998693861763753
323 1042 2039 6.40264101758015 0.2845727262792179
323 1043 2039 5.409418822757192 0.4163840178232822
323 1044 2039 4.4192546882930195 0.6308107430946127
323 1045 2039 3.4347943169860784 1.0010995938041396
323 1046 2039 2.462886923916705 1.6980479336992866
323 1047 2039 1.5276819040624647 3.2051270016524174
323 1048 2039 0.7757654284640088 7.488216275934099
323 1049 2039 0.9326371212856457 12.60234926992631
323 1050 2039 1.7713870271626144 4.527347078606936
323 1051 2039 2.72136215891969 2.2248248536183635
323 1052 2039 3.697811785367133 1.258692603675581
323 1053 2039 4.684208791247471 0.7721392842837778
323 1054 2039 5.675368886689228 0.49998067034158566
323 1055 2039 6.669168763796591 0.33675064049203723
323 1041 2040 7.556044732530352 0.16656338480479324
323 1042 2040 6.584968640775726 0.23400483230247504
323 1043 2040 5.624038762313053 0.3367020005603577
323 1044 2040 4.679509803387505 0.49905256215213195
323 1045 2040 3.7637497260046127 0.7684206446522523
323 1046 2040 2.904102615266862 1.2454652696853616
323 1047 2040 2.16836620523376 2.17243033566497
323 1048 2040 1.723314248765989 4.233273504151316
323 1049 2040 1.7993921195781408 8.766213217868621
323 1050 2040 2.3464466752943576 6.230746583026701
323 1051 2040 3.1263096455725514 2.9923434189008664
323 1052 2040 4.005223089916465 1.6313725095220517
323 1053 2040 4.930498149274578 0.9733581764635646
323 1054 2040 5.880290128896708 0.6172572790598081
323 1055 2040 6.844400046753557 0.4090387660541436
323 1056 2040 7.817532347230814 0.2802915218767964
323 1041 2041 7.8397584146451615 0.13913397311745898
323 1042 2041 6.908676573700613 0.19301432536214996
323 1043 2041 5.999817663896102 0.2734105196136595
323 1044 2041 5.125018243869938 0.39720887496904694
323 1045 2041 4.305091404372239 0.5954323147499743
323 1046 2041 3.5779619897365826 0.9289372644120217
323 1047 2041 3.0116128569256366 1.5267794558423209
323 1048 2041 2.7088396039632587 2.6814970736627406
323 1049 2041 2.757863665955925 4.9168556904243585
323 1050 2041 3.142262242397964 6.2561308378249185
323 1051 2041 3.760560064671207 3.7718479429506524
323 1052 2041 4.517721992331969 2.07224547585421
323 1053 2041 5.355166850808663 1.2167521543310003
323 1054 2041 6.240657978130191 0.7588943776686068
323 1055 2041 7.156382605758305 0.49572602636548946
323 1056 2041 8.092083291711726 0.3356044560453984
323 1042 2042 7.355121480981778 0.1597688080168815
323 1043 2042 6.508902518858277 0.22307283701953018
323 1044 2042 5.71260115884171 0.31826563220029397
323 1045 2042 4.9901715401376405 0.4660191014653435
323 1046 2042 4.378334386499015 0.7042481020613887
323 1047 2042 3.929098115343995 1.10589054723231
323 1048 2042 3.7021361401223163 1.8140911555532944
323 1049 2042 3.7381562300149778 3.0597007731019636
323 1050 2042 4.030113149776296 4.561729727890976
323 1051 2042 4.528775993577056 4.05852137623942
323 1052 2042 5.174728205422955 2.498027224524322
323 1053 2042 5.9199503376295235 1.4886356141080896
323 1054 2042 6.731553461126187 0.9231826376697883
323 1055 2042 7.588268050088899 0.5972415584405764
323 1056 2042 8.476426841541192 0.40039570417749865
323 1043 2043 7.122767158906681 0.18290760096019004
323 1044 2043 6.403265729297792 0.2567443224644783
323 1045 2043 5.767998959777959 0.368289525478575
323 1046 2043 5.2476482351620755 0.5418713487119309
323 1047 2043 4.879120002623391 0.8208685770794193
323 1048 2043 4.698277556722219 1.2822873098676622
323 1049 2043 4.726712599682758 2.0417493911282683
323 1050 2043 4.960827753510473 3.0901502456068974
323 1051 2043 5.373807960841156 3.56510432117078
323 1052 2043 5.928390338025982 2.7305702818513375
323 1053 2043 6.588915844052028 1.7462419794352184
323 1054 2043 7.326787290484137 1.1001988174681059
323 1055 2043 8.120948959327347 0.7114478544500324
323 1056 2043 8.956439694432154 0.47444754258884986
323 1057 2043 9.822719175462565 0.32536829990066674
323 1043 2044 7.816764803932602 0.15072089467434133
323 1044 2044 7.167273679719473 0.2084865833112152
323 1045 2044 6.605892218315369 0.293718115436788
323 1046 2044 6.156769607513309 0.4224561737859417
323 1047 2044 5.845837151341081 0.6216345051448109
323 1048 2044 5.6957714139526034 0.9357018368542114
323 1049 2044 5.71924925143149 1.42821448823586
323 1050 2044 5.914204257548068 2.127178260617629
323 1051 2044 6.264647795367249 2.7514726260790687
323 1052 2044 6.746392517486642 2.6232510007510688
323 1053 2044 7.33360838878105 1.913994170242798
323 1054 2044 8.003112644465265 1.2668520087008701
323 1055 2044 8.736006639191606 0.8316393984964783
323 1056 2044 9.517657905178137 0.555889796617879
323 1057 2044 10.337011753887092 0.38027879506139683
323 1044 2045 7.983596432686177 0.17036957306478115
323 1045 2045 7.483703094057078 0.23622689405248343
323 1046 2045 7.090402809431882 0.33321390566890513
323 1047 2045 6.8221559642095215 0.47867208240989034
323 1048 2045 6.694013146088046 0.6996916485441694
323 1049 2045 6.71400119153993 1.0336909578583582
323 1050 2045 6.880829310482831 1.5071928028021113
323 1051 2045 7.184275328799674 2.0314621653894904
323 1052 2045 7.608009726597337 2.2483567896795917
323 1053 2045 8.133253469553233 1.920732400366924
323 1054 2045 8.741728204422724 1.3868307626363878
323 1055 2045 9.417314479192026 0.9447068664350592
323 1056 2045 10.14661579049881 0.6402545050123845
323 1057 2045 10.918874117783382 0.43964515071135246
323 1044 2046 8.837749260982651 0.14005232305315873
323 1045 2046 8.388910060311733 0.1914645509321489
323 1046 2046 8.040013184068759 0.2655503543419602
323 1047 2046 7.804473845173644 0.3738246262965165
323 1048 2046 7.692711615548806 0.5335278673326265
323 1049 2046 7.71011102384392 0.7678747367694448
323 1050 2046 7.855813897999339 1.0968819668424177
323 1051 2046 8.122918933486877 1.494481625106126
323 1052 2046 8.499988941169255 1.7978993346813203
323 1053 2046 8.973171791512723 1.7632043472534513
323 1054 2046 9.528158898758967 1.4237654330895495
323 1055 2046 10.151542345870391 1.031568694428858
323 1056 2046 10.831519376338656 0.7197597618846271
323 1057 2046 11.558105900189691 0.500475476791946
323 1058 2046 12.323060171889116 0.3514456564235095
323 1045 2047 9.313528439855615 0.15628950882366188
323 1046 2047 9.00054509460396 0.21358114093014655
323 1047 2047 8.790779942644418 0.2955003407071388
323 1048 2047 8.691709383084518 0.41341239654135103
323 1049 2047 8.70711272466364 0.5823265791071933
323 1050 2047 8.836391344887318 0.8166048463699257
323 1051 2047 9.07467971886609 1.1109219635387146
323 1052 2047 9.41370341576574 1.3943133871661542
323 1053 2047 9.843059077339706 1.5094598813318683
323 1054 2047 10.351512546483224 1.3645735542814426
323 1055 2047 10.928028733490759 1.0724837952787423
323 1056 2047 11.562431059253917 0.7836763180990521
323 1057 2047 12.245726274909124 0.5579690610850434
323 1058 2047 12.970189358679377 0.3962906961034737
323 1046 2048 9.968842059136023 0.17320261483480198
323 1047 2048 9.779867688266512 0.23606000007543013
323 1048 2048 9.690913888792913 0.32469705896251566
323 1049 2048 9.704731423383102 0.4491471525358665
323 1050 2048 9.820886518028779 0.619629313315402
323 1051 2048 10.035826423369402 0.8375027201877544
323 1052 2048 10.343394607187696 1.0723080461321
323 1053 2048 10.735632817864046 1.236706458462279
323 1054 2048 11.203651726111428 1.2297817863855522
323 1055 2048 11.73839051999888 1.0564847113990248
323 1056 2048 12.331172369243713 0.8206974110702245
323 1057 2048 12.974043779793547 0.6057648690993955
323 1058 2048 13.65993455328391 0.4388183417893081
323 1059 2048 14.382691403211004 0.31729514649607804
323 1048 2049 10.690267162236841 0.2579876865762874
323 1049 2049 10.702794588330626 0.35136875702463183
323 1050 2049 10.808228902091193 0.4777841457703221
323 1051 2049 11.003899854142594 0.6404101405109859
323 1052 2049 11.285114620596437 0.8265590714442305
323 1053 2049 11.64567782484126 0.9903959409125886
323 1054 2049 12.078485501088267 1.0577537968012758
323 1055 2049 12.576080947576616 0.9879920453414631
323 1056 2049 13.131100943942194 0.8230895117778857
323 1057 2049 13.736586621136984 0.6370845187726485
323 1058 2049 14.38616738398381 0.47509301247356095
323 1059 2049 15.074143823116444 0.34934746198383543
323 1049 2050 11.701188486645247 0.2782189542312523
323 1050 2050 11.79770367486823 0.373500202780422
323 1051 2050 11.977220545685855 0.4962156720820136
323 1052 2050 12.236086465859882 0.6415238129733267
323 1053 2050 12.569399826562897 0.785905350859159
323 1054 2050 12.971422898047825 0.882238647528656
323 1055 2050 13.43598943137421 0.8840411886745271
323 1056 2050 13.956855376480746 0.7903217457628255
323 1057 2050 14.527966547318297 0.6466966808085268
323 1058 2050 15.143639324812234 0.5008916511581029
323 1059 2050 15.798664880299208 0.3772478497594286
323 1060 2050 16.488353829294166 0.281057421060348
323 1049 2051 12.699835117039875 0.22261605728963946
323 1050 2051 12.788815895148357 0.29545967271502915
323 1051 2051 12.954605821868888 0.3891132246105737
323 1052 2051 13.194309834167125 0.502189876814622
323 1053 2051 13.503992446680328 0.6227945849784687
323 1054 2051 13.878970134703776 0.72285301379574
323 1055 2051 14.314112337130773 0.7650001364377017
323 1056 2051 14.804114698285725 0.7293362019261281
323 1057 2051 15.343722234190746 0.6328648274365009
323 1058 2051 15.927894148317268 0.5126923782845119
323 1059 2051 16.551912638725458 0.3982780403687932
323 1060 2051 17.211444215986045 0.3027743871605591
323 1061 2051 17.90256439731469 0.2282016242828501
323 1050 2052 13.781212283395071 0.23615779935826303
323 1051 2052 13.935200465009437 0.30841703618757266
323 1052 2052 14.158312470065042 0.3966371636042944
323 1053 2052 14.447346192294255 0.49493320572054705
323 1054 2052 14.798439512326944 0.5870806600217955
323 1055 2052 15.207294696953806 0.6469414066591227
323 1056 2052 15.669390926261281 0.65122647065951
323 1057 2052 16.180167242646146 0.5980681269830401
323 1058 2052 16.7351669247725 0.5087342163411239
323 1059 2052 17.330141718981974 0.41004765158940437
323 1060 2052 17.961119452862604 0.31986685187472086
323 1061 2052 18.624441253363806 0.2452870645525071
323 1062 2052 19.316775403777918 0.18679399583959774
323 1051 2053 14.918371626957118 0.24681561587302792
323 1052 2053 15.126989522043015 0.3159992744689471
323 1053 2053 15.397850889003934 0.3952617101323284
323 1054 2053 15.727740206399623 0.4753824549978289
323 1055 2053 16.11303236513845 0.539273287687617
323 1056 2053 16.549858367974007 0.5669827478179272
323 1057 2053 17.034254078180215 0.5479832071233293
323 1058 2053 17.562283792263447 0.4896185222495723
323 1059 2053 18.130135465572213 0.4110853536426984
323 1060 2053 18.73418831975379 0.33069148400060133
323 1061 2053 19.37105603729439 0.2591895438619831
323 1062 2053 20.037609937315366 0.2003651823654355
323 1051 2054 15.903641469801785 0.19922951920025278
323 1052 2054 16.09949725923139 0.2538262775720071
323 1053 2054 16.354259750902795 0.31751819765261224
323 1054 2054 16.665227631208616 0.3851376304867856
323 1055 2054 17.02932212391319 0.445904914924389
323 1056 2054 17.443216790489053 0.4848323903503894
323 1057 2054 17.903458101718766 0.48944125486119794
323 1058 2054 18.406569805371106 0.4580984924385692
323 1059 2054 18.949137500160774 0.40125672180900607
323 1060 2054 19.52787269520158 0.33409987441182504
323 1061 2054 20.13965769321811 0.268763121762791
323 1062 2054 20.781573857626842 0.21170304282511454
323 1052 2055 17.075181170341917 0.20544707678442561
323 1053 2055 17.315594474345925 0.25664697779893664
323 1054 2055 17.609594316735386 0.3128314881914388
323 1055 2055 17.954548504487637 0.3673384914575197
323 1056 2055 18.34758327409905 0.40965240532748604
323 1057 2055 18.78568103636382 0.4285742261409903
323 1058 2055 19.265767879843235 0.4181842366972474
323 1059 2055 19.78478738829405 0.3818043458064576
323 1060 2055 20.33975938894065 0.32971271776678324
323 1061 2055 20.927823871583 0.27313568757028356
323 1062 2055 21.54627141757941 0.21999701185978024
323 1063 2055 22.192562087330057 0.17416223605150696
323 1053 2056 18.2810779769684 0.20872785617601006
323 1054 2056 18.559790192779634 0.25505002579411273
323 1055 2056 18.887398232684117 0.30237347276007126
323 1056 2056 19.261407321377096 0.3436004635085979
323 1057 2056 19.679172035428707 0.3698492430939507
323 1058 2056 20.13796941104041 0.37405823862086934
323 1059 2056 20.635062684663676 0.3549893391137427
323 1060 2056 21.16775406130748 0.31801666386659033
323 1061 2056 21.733426144996084 0.2718858557480089
323 1062 2056 22.329572588833834 0.22459152998596119
323 1063 2056 22.953819115781133 0.18126730873295793
323 1053 2057 19.25008602578178 0.1707731135531522
323 1054 2057 19.514963797045564 0.20884186071759892
323 1055 2057 19.826795303326232 0.24916498957388827
323 1056 2057 20.18340437091818 0.28706264332498144
323 1057 2057 20.582463700927523 0.3159497806894181
323 1058 2057 21.02155588913435 0.3292654466660239
323 1059 2057 21.498228113032926 0.3235131230243354
323 1060 2057 22.010038891378617 0.30024061314066175
323 1061 2057 22.554596249988588 0.2651355649551658
323 1062 2057 23.129587372021994 0.2251001305491514
323 1063 2057 23.73280034045707 0.18570577142767877
323 1064 2057 24.36213890445581 0.15026307823524968
323 1054 2058 20.474418477700386 0.17178987421858272
323 1055 2058 20.77185143409222 0.20578096132499607
323 1056 2058 21.112503688572776 0.2394545425128563
323 1057 2058 21.494320459135224 0.26812051228532496
323 1058 2058 21.915150284677473 0.28635111192798196
323 1059 2058 22.37279177930191 0.2899658733823477
323 1060 2058 22.86503470366925 0.2780663621197497
323 1061 2058 23.38969456833499 0.25352281932289256
323 1062 2058 23.944640569446836 0.22147899786093436
323 1063 2058 24.52781710629789 0.18714930627397872
323 1057 2059 22.41369697305643 0.2266319627558026
323 1058 2059 22.81757682138923 0.24686315727044172
323 1059 2059 23.257467875931788 0.2564660499973495
15 1306 487 2.9180161068780994 0.27866392553978886
15 1307 487 2.6699846441506088 0.3643778117252396
15 1305 488 2.7522387251108804 0.3583604662383952
15 1306 488 2.0466602062873056 0.6328654423587944
15 1307 488 1.6741618798670665 0.9562799718919522
15 1308 488 1.848463686416388 0.972903939421845
15 1304 489 3.2611068673074652 0.30152875983725214
15 1305 489 2.2910298994120404 0.6348097020030236
15 1306 489 1.364850907608584 1.5046471186917054
15 1307 489 0.6905200938423213 3.55544809321898
15 1308 489 1.044422328371067 2.7616119295408823
15 1305 490 2.218742436606809 0.8189160822728336
15 1306 490 1.2396846373170693 2.223323472872085
15 1307 490 0.3883529322664969 7.317006205985649
81 1194 826 9.408222999057818 1.1508307530895794
81 1195 826 10.100032673214507 1.122870895104442
81 1190 827 6.4391505650978615 1.2290425823481899
81 1191 827 6.85263890774935 1.3648656073596133
81 1192 827 7.379340078895964 1.460297819704683
81 1193 827 7.996915655426184 1.4941194652526004
81 1194 827 8.686003684088586 1.4577953711034413
81 1195 827 9.430941628490794 1.3604705549358957
81 1187 828 5.08985854420335 1.0770943849291776
81 1188 828 5.040105157633116 1.2888651825957729
81 1189 828 5.18639180934106 1.5176768571089438
81 1190 828 5.513135224171463 1.738195593080911
81 1191 828 5.990881404267674 1.9086295326855804
81 1192 828 6.586855091771818 1.982588366645656
81 1193 828 7.272046479499455 1.9356423053088545
81 1194 828 8.023631347463597 1.7836137442521063
81 1185 829 4.883304209241902 0.9974259280169512
81 1186 829 4.398029104041919 1.2334097004054663
81 1187 829 4.103493633478656 1.5226792753368759
81 1188 829 4.041616013428286 1.8618315773931886
81 1189 829 4.2226366170912755 2.223642878418452
81 1190 829 4.618079687489178 2.539478747102059
81 1191 829 5.179059760226777 2.7053514292318415
81 1192 829 5.8582130381201 2.647068384385822
81 1193 829 6.61926430957402 2.3923476186033183
81 1183 830 5.637965945267806 0.8660234828237433
81 1184 830 4.82521087622081 1.0874389742579456
81 1185 830 4.096176265738535 1.3771890436217014
81 1186 830 3.503521085993316 1.755883035905853
81 1187 830 3.125805496188123 2.2418426184005376
81 1188 830 3.0441189201474987 2.8295105511066803
81 1189 830 3.2806493259719285 3.4345008671504655
81 1190 830 3.7760640884391994 3.83129817359586
81 1191 830 4.444621468696773 3.772026498084881
81 1192 830 5.220216470607359 3.299280382447725
81 1193 830 6.061902341674637 2.683631763338198
81 1182 831 6.101037616668121 0.9034723408507875
81 1183 831 5.169009576311454 1.150334868707331
81 1184 831 4.267863634185096 1.485712377234209
81 1185 831 3.4220841602742187 1.9492592419540624
81 1186 831 2.6845223038745276 2.5981533157529144
81 1187 831 2.168561735344395 3.5002402359782887
81 1188 831 2.0490632005870366 4.658714523742773
81 1189 831 2.3863486752777945 5.705842277257037
81 1190 831 3.0316101332460574 5.7257783962337125
81 1191 831 3.832317836505771 4.695083116828762
81 1192 831 4.709847131277232 3.5314869921984022
81 1182 832 5.844198833030875 1.1752685349528178
81 1183 832 4.86319442342166 1.5363347219500767
81 1184 832 3.8918710153343508 2.05409080898396
81 1185 832 2.939840131707798 2.825730591268178
81 1186 832 2.0343696812526026 4.031455922586949
81 1187 832 1.2785382278210973 6.002678891451328
81 1188 832 1.0633249738438417 8.971905203942761
81 1189 832 1.6206973807593141 9.758255754311737
81 1190 832 2.474400937600896 6.796575611610765
81 1191 832 3.4086155547377723 4.5161211024148775
81 1181 833 6.752085603722701 1.15746447444283
81 1182 833 5.752100485909426 1.5167167743545387
81 1183 833 4.752121631439956 2.0369249190270877
81 1184 833 3.752154048010242 2.8268283025686896
81 1185 833 2.7522100210557583 4.112085064456024
81 1186 833 1.7523298776200313 6.454590451115848
81 1187 833 0.7527682246215819 11.877504666435422
81 1188 833 0.2503197954617711 20.813075384176898
81 1189 833 1.2484630551202216 8.821768154609773
81 1190 833 2.2482571027354084 5.2346719022147274
81 1191 833 3.2481779507903052 3.4660216942644544
81 1181 834 6.82075215793679 1.4317800205607787
81 1182 834 5.832551757164223 1.9036006844456659
81 1183 834 4.849191685219256 2.6009110483861826
81 1184 834 3.8743593018716864 3.6815855250308216
81 1185 834 2.916617904354246 5.451249988292843
81 1186 834 2.0006648894804573 8.363963896183517
81 1187 834 1.2241976964526378 10.598995156671153
81 1188 834 0.9973264260010557 7.782766582890837
81 1189 834 1.578182498952556 5.0807735016262034
81 1190 834 2.4467652114578193 3.4596702300901243
81 1180 835 7.997415832629894 1.300825251468746
81 1181 835 7.032400728058619 1.694699858721596
81 1182 835 6.078705454288724 2.245228369529874
81 1183 835 5.142631622039399 3.021909492616138
81 1184 835 4.235877713060149 4.090851313352803
81 1185 835 3.3821088096038205 5.350472311233785
81 1186 835 2.6333742612852937 6.079548068946185
81 1187 835 2.104913299877209 5.462127196357702
81 1188 835 1.9815801775351043 4.208599965609243
81 1189 835 2.3286605592056886 3.111299448656171
81 1180 836 8.300039758940876 1.4581790513069042
81 1181 836 7.374731181541427 1.865092601643705
81 1182 836 6.471681388943642 2.386728020596139
81 1183 836 5.601665823663493 3.00999591063386
81 1184 836 4.7827460731257405 3.6236385919194634
81 1185 836 4.04606722633223 3.9621978825071453
81 1186 836 3.4448018810956142 3.795231838037622
81 1187 836 3.0598464013737647 3.24443242765361
81 1188 836 2.97635011381391 2.603814492680368
81 1179 837 9.608676287605865 1.2286464479960126
81 1180 837 8.707620800195615 1.5204904727634243
81 1181 837 7.830623219131375 1.8658995093224702
81 1182 837 6.98674888628463 2.2400132547308997
81 1183 837 6.189560565985247 2.5751305951749623
81 1184 837 5.459547600305332 2.7624598623730474
339 2104 2323 8.494942789683765 0.3135056358276851
339 2105 2323 9.00833242059817 0.3346117507559736
339 2106 2323 9.598752679384962 0.35159273425654114
339 2107 2323 10.2529046128402 0.3631299747340092
339 2108 2323 10.95938196250134 0.36823980088025654
339 2100 2324 6.498003770389843 0.30755129367271694
339 2101 2324 6.573435403196756 0.3454127379762503
339 2102 2324 6.796767834787383 0.3839635047052522
339 2103 2324 7.154163333332574 0.4213223841612792
339 2104 2324 7.626798345308476 0.4550781307469929
339 2105 2324 8.194757653524599 0.48251143969080157
339 2106 2324 8.839686250088285 0.5010077655865566
339 2107 2324 9.545996700187978 0.5085888149970649
339 2108 2324 10.301070478353191 0.504391936039414
339 2109 2324 11.094956196398412 0.48889846505544243
339 2110 2324 11.91990155160685 0.46380491157494375
339 2098 2325 5.8528670752034655 0.34353611149960755
339 2099 2325 5.589459097265195 0.3961950753416568
339 2100 2325 5.49800445616412 0.4536693700087943
339 2101 2325 5.5869538211802325 0.5142185844685793
339 2102 2325 5.848081138288035 0.5748444317798517
339 2103 2325 6.259876436480209 0.6311821060337965
339 2104 2325 6.795002060338174 0.6778067367756
339 2105 2325 7.426846773698775 0.7091339257916068
339 2106 2325 8.132899421485538 0.7208141731904476
339 2107 2325 8.89550746163476 0.7110974050538085
339 2108 2325 9.70134284519414 0.681444456308162
339 2109 2325 10.54049586120119 0.6360142595126508
339 2110 2325 11.405614976843612 0.5803398389023002
339 2095 2326 6.730679980507248 0.30873532672306236
339 2096 2326 6.023956590149113 0.3652762634092838
339 2097 2326 5.410550156869521 0.43186042230355703
339 2098 2326 4.925449522632495 0.5092671504577467
339 2099 2326 4.609344096506633 0.5974173740151275
339 2100 2326 4.498005446862023 0.6946161305635249
339 2101 2326 4.606305786636435 0.7965698210299762
339 2102 2326 4.919761477958071 0.8954899081863921
339 2103 2326 5.402781968578785 0.9800398490199068
339 2104 2326 6.014653190334413 1.0371567240700372
339 2105 2326 6.7202717950987525 1.0560722778804648
339 2106 2326 7.493200451075608 1.0328533102744264
339 2107 2326 8.314688989974284 0.9723018611394717
339 2108 2326 9.171698479561975 0.8856520195699604
339 2109 2326 10.055150570727388 0.7859421862203909
339 2110 2326 10.958651970018904 0.6841850853987184
339 2092 2327 8.737737292915217 0.25528740956871027
339 2093 2327 7.831606029417031 0.305725031596359
339 2094 2327 6.951262691051251 0.3674810741996223
339 2095 2327 6.1078681223484965 0.4431515514490938
339 2096 2327 5.319027448697819 0.5357043409251584
339 2097 2327 4.612814000152261 0.6482277444119314
339 2098 2327 4.032871557587791 0.7832717458718665
339 2099 2327 3.640062224742931 0.9414315838870438
339 2100 2327 3.4980070039953226 1.1187491157901388
339 2101 2327 3.6362141026072994 1.3028936370168747
339 2102 2327 4.025922627175054 1.4697636228346265
339 2103 2327 4.603699925060273 1.5853385107675682
339 2104 2327 5.3084887680016655 1.6181801339832087
339 2105 2327 6.096396722655089 1.558072995729678
339 2106 2327 6.939168033705452 1.4232728161891928
339 2107 2327 7.819082618824249 1.2479422851136006
339 2108 2327 8.724909913575003 1.0638917688788254
339 2109 2327 9.649355056168222 0.8915073723763565
339 2110 2327 10.587542349383973 0.7401613433584558
339 2091 2328 9.34698095643729 0.2881355710484633
339 2092 2328 8.387613069282658 0.3495743136335943
339 2093 2328 7.438955101356716 0.42675848850318715
339 2094 2328 6.505693890739171 0.5243531247799385
339 2095 2328 5.595538669332994 0.6484491005536952
339 2096 2328 4.721869650890496 0.8068083736358186
339 2097 2328 3.909226649863194 1.0087571678727705
339 2098 2328 3.2043802832997965 1.2639283178686596
339 2099 2328 2.6933349216167604 1.5779395411315762
339 2100 2328 2.4980098078270703 1.9413700283099666
339 2101 2328 2.688131879205355 2.309128925074952
339 2102 2328 3.1956302977659963 2.5830508808733037
339 2103 2328 3.8984680324455487 2.6464359467755605
339 2104 2328 4.709995010613041 2.466279542865735
339 2105 2328 5.583014687424673 2.1303462431598112
339 2106 2328 6.492769285905629 1.7559080242261034
339 2107 2328 7.425769522413106 1.414261323414355
339 2108 2328 8.374249399199863 1.129679728688866
339 2109 2328 9.333490933193172 0.9021217305100823
339 2110 2328 10.30048799814839 0.7231159211929742
339 2090 2329 10.118500531205273 0.31602398634699036
339 2091 2329 9.130720289221506 0.3874261433838625
339 2092 2329 8.145922476920655 0.4790374360761886
339 2093 2329 7.165336907640911 0.597994599142994
339 2094 2329 6.190965433597646 0.754515412969067
339 2095 2329 5.226284818109396 0.9634363110712149
339 2096 2329 4.277856121937791 1.2464848953632217
339 2097 2329 3.359472131154017 1.635231453941336
339 2098 2329 2.504406716170596 2.17298247938027
339 2099 2329 1.8050077562160962 2.9059958481716976
339 2100 2329 1.4980163550509529 3.824684077316601
339 2101 2329 1.79723482049509 4.668388892597447
339 2102 2329 2.4932013556870802 4.815319660636306
339 2103 2329 3.3469468176234547 4.113950262327643
339 2104 2329 4.26474536168335 3.1710221386752133
339 2105 2329 5.212873775567515 2.374236022603753
339 2106 2329 6.177382374436554 1.781213334230356
339 2107 2329 7.151646873273266 1.352104930051858
339 2108 2329 8.132161643745109 1.040692139496519
339 2109 2329 9.116910277062019 0.8118531080955135
339 2110 2329 10.104655016377299 0.6411853616793562
339 2089 2330 11.01825998059591 0.33498163450244334
339 2090 2330 10.019383863292258 0.4132529334986574
339 2091 2330 9.020756786434339 0.5149639831082324
339 2092 2330 8.02247175127473 0.6492157176184419
339 2093 2330 7.024674583210308 0.8297261287336782
339 2094 2330 6.027607568513464 1.0779059149739192
339 2095 2330 5.031704780688218 1.4286335823722407
339 2096 2330 4.037827757594489 1.9418569055892065
339 2097 2330 3.0479588251812753 2.727895119910948
339 2098 2330 2.067861939298728 4.007961941889823
339 2099 2330 1.123411322713178 6.264117088203963
339 2100 2330 0.49804919435739275 10.239520708547523
339 2101 2330 1.110879381391123 10.709308202011256
339 2102 2330 2.054276758375025 6.601897852861921
339 2103 2330 3.0341478210528368 4.192293250095355
339 2104 2330 4.023935014385739 2.8368464867482395
339 2105 2330 5.017773709524915 2.010986797251131
339 2106 2330 6.013655543843471 1.4748658603313467
339 2107 2330 7.0107098784644615 1.1100749998100832
339 2108 2330 8.008498798151814 0.8528108154923703
339 2088 2331 12.017489463278153 0.3418145156993376
339 2089 2331 11.018441495964904 0.4220698136123899
339 2090 2331 10.019583474376628 0.5265058391798825
339 2091 2331 9.020978494598081 0.6645818197029938
339 2092 2331 8.022721047126153 0.8505991643065159
339 2093 2331 7.024959288138318 1.106961274698932
339 2094 2331 6.027939365985751 1.4703290531024276
339 2095 2331 5.03210224458929 2.0040702170515576
339 2096 2331 4.038323043046513 2.825619480059755
339 2097 2331 3.048614931407429 4.172319365805527
339 2098 2331 2.0688288957765937 6.561262560327715
339 2099 2331 1.125190206142978 10.628630236304957
339 2100 2331 0.5020488024086437 10.2466210487695
339 2101 2331 1.1126783003185736 6.284581390987407
339 2102 2331 2.055250106434666 4.021018189800597
339 2103 2331 3.0348069131329565 2.736124081308853
339 2104 2331 4.024432009613215 1.9472653574559369
339 2105 2331 5.018172276835395 1.4323321615641984
339 2106 2331 6.013988111062344 1.0805193980793988
339 2107 2331 7.010995150476078 0.831622887216946
339 2088 2332 12.100580688545543 0.41200597045871634
339 2089 2332 11.109007741468238 0.510790899384002
339 2090 2332 10.119093487066968 0.6395365755021615
339 2091 2332 9.131377387886287 0.8096176547232136
339 2092 2332 8.146659008452536 1.0375990466149414
339 2093 2332 7.166174223391497 1.3477278039007636
339 2094 2332 6.191934511927641 1.7748752861190202
339 2095 2332 5.227432735100518 2.3649005184547867
339 2096 2332 4.279258463799581 3.157407086960679
339 2097 2332 3.36125765153465 4.096028275197559
339 2098 2332 2.506801348332194 4.798806557264959
339 2099 2332 1.8083287864766135 4.661928438110546
339 2100 2332 1.5020163114959368 3.8262150998900815
339 2101 2332 1.8005701874683293 2.909871335436039
339 2102 2332 2.4956067398529784 2.176749832692929
339 2103 2332 3.3487390164059496 1.6383136359877686
339 2104 2332 4.266152013231522 1.2488836723192591
339 2105 2332 5.2140246451277195 0.9652797720355739
339 2087 2333 13.245454050352572 0.3851897636111419
339 2088 2333 12.264911455041215 0.47169427693142807
339 2089 2333 11.287783351925263 0.5813797129216033
339 2090 2333 10.315040135646639 0.7211220482517358
339 2091 2333 9.34805075938299 0.8994807095230871
339 2092 2333 8.388805218861668 1.1261694966366391
339 2093 2333 7.440299254734357 1.4096245595642207
339 2094 2333 6.507230824244711 1.7499414933924737
339 2095 2333 5.597325522068587 2.1231539634125207
339 2096 2333 4.723986981353808 2.458698632635218
339 2097 2333 3.9117838641724743 2.6401230852425854
339 2098 2333 3.2074994933748644 2.5794071182377203
339 2099 2333 2.6970452350674226 2.3081118810399404
339 2100 2333 2.502009792147058 1.941971965589938
339 2101 2333 2.6918493642846437 1.5792179635977988
339 2102 2333 3.1987580402399174 1.2653423901366763
339 2103 2333 3.901032299276615 1.0100697527376843
339 2087 2334 13.470191275553635 0.4177223391780725
339 2088 2334 12.507280000064007 0.5046002951053271
339 2089 2334 11.550673270420258 0.6104646660181349
339 2090 2334 10.602077768060415 0.738124116456326
339 2091 2334 9.66385290657928 0.888976895851028
339 2092 2334 8.73933939151013 1.06082349981958
339 2093 2334 7.833393453670034 1.2443805589096462
339 2094 2334 6.953276421946737 1.4194258369841208
339 2095 2334 6.110159817877131 1.5543500739242806
339 2096 2334 5.32165885791265 1.6150915703084818
339 2097 2334 4.615848026094451 1.5832522706922816
339 2098 2334 4.036341536589776 1.4687234543467382
339 2099 2334 3.6439062830978233 1.3026741615788842
339 2100 2334 3.502006995995249 1.1190422735677297
339 2101 2334 3.640062224742806 0.9419805246706942
339 2088 2335 12.823262182455798 0.4994615383894005
339 2089 2335 11.892100445253604 0.5862948208058574
339 2090 2335 10.973060329734855 0.682443770303737
339 2091 2335 10.069461405656249 0.7839635877942843
339 2092 2335 9.18586158180062 0.8835041964745531
339 2093 2335 8.328628518549765 0.9701146103359453
339 2094 2335 7.5068004502584404 1.0308068767588614
339 2095 2335 6.733353770596061 1.0543520808821631
339 2096 2335 6.026943918770115 1.0358902906009735
339 2097 2335 5.41387596828741 0.979256585680403
339 2089 2336 12.30552936691473 0.518724371423183
339 2090 2336 11.419809674421055 0.5790548326863705
339 2091 2336 10.554527606671963 0.6346771612535881
339 2092 2336 9.715145547031216 0.6801257928271601
339 2093 2336 8.90898720394189 0.7098798901681403
339 2094 2336 8.1459224769206 0.7197751281513445
339 2095 2336 7.439223951461611 0.7083260758271801
152 1883 1131 6.361636031713859 0.2766687894477484
152 1884 1131 5.82446675670831 0.3170673345183524
152 1885 1131 5.420185697925894 0.3446080588702009
152 1886 1131 5.18000125482616 0.35204849988842357
152 1882 1132 6.306537322493202 0.3168118328738063
152 1883 1132 5.588059860094549 0.3988659184433678
152 1884 1132 4.967938506060647 0.48181826576673514
152 1885 1132 4.487138620546536 0.5468955497955097
152 1886 1132 4.1938541939367 0.572464866530106
152 1887 1132 4.12824575334374 0.5482463558891151
152 1888 1132 4.300745633026999 0.4840024876705065
152 1889 1132 4.685126785904623 0.4012596563786579
152 1881 1133 6.563110009743811 0.3080602419564861
152 1882 1133 5.703368566031797 0.4200666073271628
152 1883 1133 4.897184190940726 0.566151271148743
152 1884 1133 4.175693116118563 0.7385210367329514
152 1885 1133 3.5903221303944477 0.901414923597273
152 1886 1133 3.2162731538226517 0.9882533253804973
152 1887 1133 3.1302416839599596 0.948940060282847
152 1888 1133 3.354461655765447 0.8074601607126968
152 1889 1133 3.834894131524473 0.6325233364360446
152 1890 1133 4.4900348550986795 0.47391141628165817
152 1881 1134 6.150643299688193 0.36389534563619597
152 1882 1134 5.223448382055618 0.5245353904976399
152 1883 1134 4.328788860639848 0.7641101161800131
152 1884 1134 3.491763594517791 1.1074413190477517
152 1885 1134 2.765214819864812 1.5318519750490542
152 1886 1134 2.2584093960130796 1.8578951540956328
152 1887 1134 2.134107073227663 1.806778509926863
152 1888 1134 2.4512064376548377 1.4305690721987376
152 1889 1134 3.076103541820512 1.0168874006376893
152 1890 1134 3.862177235705383 0.6990812005294659
152 1881 1135 5.881021424888633 0.3957498709318732
152 1882 1135 4.903102385225023 0.5945165565390615
152 1883 1135 3.9362943233451797 0.925577891986687
152 1884 1135 2.9913898107735246 1.500956191167872
152 1885 1135 2.098192793810865 2.5122023737725128
152 1886 1135 1.3625024770619762 3.9337476810269427
152 1887 1135 1.1447327198958714 4.086682084723356
152 1888 1135 1.662652399030049 2.6887505688404136
152 1889 1135 2.493674597857659 1.6053278376733324
152 1890 1135 3.416491328834413 0.9846035217691939
152 1891 1135 4.373375469817439 0.6291460606262388
152 1881 1136 5.774288960556008 0.39066687299757985
152 1882 1136 4.774558932508757 0.5944831751397857
152 1883 1136 3.7749719204252825 0.9480898699480129
152 1884 1136 2.775682438608481 1.617313881331435
152 1885 1136 1.7771924487797321 3.0759772090696575
152 1886 1136 0.7825682078898168 7.324275380364621
152 1887 1136 0.2577071981921688 14.023588405549594
152 1888 1136 1.2330502828353092 4.552128445838272
152 1889 1136 2.230339211868996 2.1926023157240926
152 1890 1136 3.2293053432589174 1.2263594680913292
152 1891 1136 4.228760220206482 0.7459921906765847
152 1882 1137 4.853082834652529 0.5244545092279518
152 1883 1137 3.8738111724759126 0.8137776061699747
152 1884 1137 2.908678909745691 1.3240964856250679
152 1885 1137 1.9784875536630397 2.2819854573522145
152 1886 1137 1.1697918618283074 4.0709293636852815
152 1887 1137 0.9068698914397345 5.572959690677487
152 1888 1137 1.5087786451299257 3.7844427837818646
152 1889 1137 2.3938281057754067 2.1182278458983363
152 1890 1137 3.3443105418008736 1.2386246225338822
152 1883 1138 4.214547781197772 0.6162192508860438
152 1884 1138 3.3490913693118673 0.9176886305970293
152 1885 1138 2.5827142699105177 1.3629014031319833
152 1886 1138 2.030865086607083 1.912914474147969
152 1887 1138 1.8916693685736348 2.25895971388116
152 1888 1138 2.2433040364604957 2.032316663408887
152 1889 1138 2.913144864231803 1.4895992464668324
152 1890 1138 3.7336862482003372 1.0095078047444326
152 1884 1139 3.996550137305811 0.6018938363886044
152 1885 1139 3.380297767948746 0.8056082148971546
152 1886 1139 2.980002181207164 1.013070637005293
152 1887 1139 2.886938343643597 1.1394776951444634
152 1888 1139 3.1286439554541534 1.105848210751348
152 1889 1139 3.6390126408134376 0.935303855492116
413 1006 2192 4.947173031136084 0.6273545283401556
413 1004 2193 5.067200509156902 0.7239138769126987
413 1005 2193 4.453820943863825 0.8742417393720532
413 1006 2193 3.9995651013579123 0.9803503337917836
413 1007 2193 3.7625152491385614 0.9975826284130354
413 1008 2193 3.783717880603718 0.9174763215719852
413 1003 2194 5.199857786516841 0.7319147570297598
413 1004 2194 4.381611689778078 0.9974896083615762
413 1005 2194 3.6549310527012655 1.3151342487219349
413 1006 2194 3.0852100414720653 1.6011823583449831
413 1007 2194 2.7710144351843686 1.6999459598493758
413 1008 2194 2.7997358804001897 1.5378630677312568
413 1009 2194 3.1620438010881995 1.2301959060528327
413 1003 2195 4.749791679642356 0.8722744798809019
413 1004 2195 3.8367331155554507 1.2881045156030317
413 1005 2195 2.980020301944253 1.9140567034999267
413 1006 2195 2.245110464988304 2.7163777231924455
413 1007 2195 1.7890000000000221 3.2195115358235884
413 1008 2195 1.8331723868747754 2.824384940670405
413 1009 2195 2.349578898441217 2.0206144670251063
413 1010 2195 3.111353563965421 1.3623498384092034
413 1003 2196 4.481352585994511 0.934330296618607
413 1004 2196 3.49893140830165 1.4598691185696802
413 1005 2196 2.5303203354515906 2.4211511126338654
413 1006 2196 1.6007876186427517 4.321757298084122
413 1007 2196 0.8500123528514242 7.3803008632496985
413 1008 2196 0.9394258885085591 5.9859158397715975
413 1009 2196 1.7442823739292264 3.2868654332817613
413 1010 2196 2.6837512925009013 1.9049493981302366
413 1003 2197 4.427699289698841 0.8835022202229507
413 1004 2197 3.4299447517415937 1.384000377454096
413 1005 2197 2.434033894587293 2.323170877399424
413 1006 2197 1.443787034157 4.372006070539783
413 1007 2197 0.4944906470297983 10.336153867825976
413 1008 2197 0.6360196537844018 9.77316861263296
413 1009 2197 1.6014121892879771 4.203901792586463
413 1010 2197 2.593168139554432 2.252449196766233
413 1004 2198 3.645068037773731 1.121975616290296
413 1005 2198 2.7288314348819203 1.7408725624204546
413 1006 2198 1.8990842530019043 2.770211978470069
413 1007 2198 1.3291053381880171 4.176458713689006
413 1008 2198 1.3879917146726652 4.542829697673188
413 1009 2198 2.0215145312364307 3.2426190759037747
413 1007 2199 2.2996784557845946 2.090938272804135
413 1008 2199 2.3342067174952392 2.2645728639599585
413 1009 2199 2.758354763260154 1.9888470060419654
