# %ECSV 0.9
# ---
# datatype:
# - name: sexcat_id
#   datatype: int32
# - name: x
#   datatype: int32
# - name: y
#   datatype: int32
# - name: sep
#   datatype: float64
# - name: weight
#   datatype: float64
# schema: astropy-2.0
sexcat_id x y sep weight
9 1649 584 6.26909347513663 1.4931496668377529
9 1648 585 5.333247884732201 1.8818926271851162
9 1649 585 5.269490772361269 1.96176005287783
9 1650 585 5.393656737316589 1.9731774609473232
9 1646 586 5.124600764937719 2.039349985449583
9 1647 586 4.64602335336364 2.303320640151799
9 1648 586 4.348509284800987 2.5222982589127816
9 1649 586 4.270074121136595 2.649136113765335
9 1650 586 4.422389964713711 2.6494314327152284
9 1645 587 5.040191762224934 2.2245210507832134
9 1646 587 4.327531975618453 2.6520588039886004
9 1647 587 3.748537448125631 3.1012691563700567
9 1648 587 3.3727634070596006 3.494705498126528
9 1649 587 3.271014062947507 3.71536357573366
9 1650 587 3.4674966474389595 3.673050511407706
9 1651 587 3.9175927557622034 3.386558069090486
9 1643 588 6.262709717047393 1.7994195023004977
9 1644 588 5.342801980234707 2.225471002189854
9 1645 588 4.457525434588116 2.7716711509446634
9 1646 588 3.632290324299538 3.459189571678271
9 1647 588 2.9184812831334233 4.271369767042597
9 1648 588 2.4169263538635555 5.070481458416137
9 1649 588 2.2727808957310978 5.517317312439415
9 1650 588 2.547456182155116 5.30569744599976
9 1651 588 3.132655901946524 4.59203371833434
9 1652 588 3.8906982663784735 3.758139757585812
9 1653 588 4.739359977887365 3.016961520026983
9 1643 589 5.973904334687637 2.041740907779833
9 1644 589 5.001153167020562 2.5917465956265198
9 1645 589 4.041724013338846 3.3506594232972207
9 1646 589 3.1079789252824637 4.420514947356131
9 1647 589 2.232382807674348 5.931152006843106
9 1648 589 1.5190566151398295 7.850493897874718
9 1649 589 1.2773147615212723 9.072567647596099
9 1650 589 1.7191663677492688 7.9842395410561116
9 1651 589 2.505899638852339 6.05641303045837
9 1652 589 3.4063958959581244 4.511039877317136
9 1653 589 4.350578467284601 3.414410588865569
9 1643 590 5.844102411833628 2.2148315825391114
9 1644 590 4.8453620091794685 2.8586061736142505
9 1645 590 3.8472760493626867 3.7919691199172982
9 1646 590 2.850532055599416 5.227702114970572
9 1647 590 1.857291845672053 7.651171816006976
9 1648 590 0.8795072484067259 12.485445885214101
9 1649 590 0.3123027377402244 19.61829699661498
9 1650 590 1.1922805877812943 10.93442403154243
9 1651 590 2.1784244306379272 6.929465169179846
9 1652 590 3.1732527475762544 4.8173615307872835
9 1653 590 4.17055547859039 3.5318812996708253
9 1643 591 5.8838365884854005 2.2678481098844334
9 1644 591 4.893212952651825 2.9240364985202034
9 1645 591 3.9073690637050986 3.8673564933579363
9 1646 591 2.9311316927084197 5.289035302781275
9 1647 591 1.9787705779093734 7.550684972745107
9 1648 591 1.113343163629195 11.069825180289232
9 1649 591 0.7506883507820897 12.557913979843661
9 1650 591 1.373875176280583 8.975986441429836
9 1651 591 2.2828782271509955 6.167611690570427
9 1652 591 3.245848579339483 4.428436371252578
9 1644 592 5.139020626539602 2.7578746366486677
9 1645 592 4.211120159767416 3.5279426626287544
9 1646 592 3.325286904915066 4.545259904043353
9 1647 592 2.5261696300921064 5.78183033885913
9 1648 592 1.9249761037477218 6.862365346025678
9 1649 592 1.7405553711387145 6.950789726883319
9 1650 592 2.086512161479031 5.954072555109947
9 1651 592 2.770836155387028 4.704087178943877
9 1645 593 4.711638037880186 2.970621948277433
9 1646 593 3.9399914974526933 3.5780106066552415
9 1647 593 3.293559320856326 4.160253148711692
9 1648 593 2.8585893374179605 4.525344294755121
9 1649 593 2.737797107164759 4.487081253191515
54 826 1830 12.357608587424947 1.0254596957974746
54 827 1830 12.250407748315926 1.0258219850910875
54 828 1830 12.224340063987052 1.0166393160960563
54 829 1830 12.279922231024065 0.9983709953901865
54 830 1830 12.41605774793268 0.9718973065541912
54 831 1830 12.630142121132256 0.9384167550791642
54 819 1831 14.273419001766827 0.9065957084891499
54 820 1831 13.678175682451165 0.9647113432874871
54 821 1831 13.132192886186164 1.0203270405746518
54 822 1831 12.641854689878324 1.07156092493394
54 824 1831 11.85497743565962 1.1527382141910907
54 825 1831 11.571624345786498 1.1788077558905925
54 826 1831 11.36945425251357 1.1931608650264982
54 827 1831 11.252843640609202 1.1949738556337197
54 828 1831 11.22445945246358 1.1841406601008841
54 829 1831 11.284967434600736 1.1612882999770453
54 830 1831 11.4329563105961 1.1276868505833946
54 831 1831 11.665097084893862 1.0850777148059443
54 832 1831 11.976497401160298 1.0354621578425705
54 833 1831 12.361168634073376 0.9808944626047814
54 834 1831 12.812513024383605 0.9233130276958201
54 835 1831 13.323756602400076 0.8644256504601001
54 817 1832 14.884908128705339 0.8741075858847249
54 818 1832 14.17471304824187 0.9456260171307259
54 819 1832 13.501277346977153 1.018867165094016
54 820 1832 12.870372566479903 1.0922523495861232
54 821 1832 12.288551175789543 1.163724345861128
54 822 1832 11.763098656391463 1.2307716179670087
54 823 1832 11.301879932117432 1.2905367115823125
54 824 1832 10.913042197297637 1.3400271339591867
54 825 1832 10.60455043837309 1.3764233730559154
54 826 1832 10.383568269145195 1.3974428537304058
54 827 1832 10.25575399470946 1.4016832758503077
54 828 1832 10.224602192750538 1.388854106430407
54 829 1832 10.29099072004242 1.3598264457466098
54 830 1832 10.453061274095704 1.316485462853106
54 831 1832 10.7064695394887 1.2614313934823127
54 832 1832 11.044930511325068 1.197614572419989
54 833 1832 11.460911394823691 1.1279921617258726
54 834 1832 11.946317005671649 1.055266510182799
54 835 1832 12.493057672163356 0.9817272386063904
54 836 1832 13.093452180383895 0.9091885512115194
54 816 1833 14.991747396484449 0.8832650595914365
54 817 1833 14.216697577144924 0.9656197604891468
54 818 1833 13.4713210191131 1.0528265282587193
54 819 1833 12.760818547412956 1.1437431595465521
54 820 1833 12.091339462607051 1.2365974806432212
54 821 1833 11.470069311037255 1.3288790537284094
54 822 1833 10.905250570252788 1.4172971556868628
54 823 1833 10.406079473077208 1.4978626166763611
54 824 1833 9.982409027884948 1.5661494998612284
54 825 1833 9.64419462682079 1.6177602770746504
54 826 1833 9.400664338226264 1.6489484118872326
54 827 1833 9.25929208957138 1.6572638508875182
54 828 1833 9.224775878036237 1.6420289448553558
54 829 1833 9.298305759653168 1.6044773321428187
54 830 1833 9.477367250455128 1.5475034309683526
54 831 1833 9.75615139283926 1.475115876285366
54 832 1833 10.126425331774266 1.3917801522693956
54 833 1833 10.578586389494564 1.3018324682505866
54 834 1833 11.102634372075832 1.209073746263041
54 835 1833 11.688904568008065 1.116565762293449
54 836 1833 12.328523431457631 1.0265922905854303
54 815 1834 15.229723897694216 0.8740883715908762
54 816 1834 14.398141894008349 0.9642702992294404
54 817 1834 13.589278494460197 1.0624708494545518
54 818 1834 12.80743885404098 1.1683380882993952
54 819 1834 12.057880825418643 1.2809151358314883
54 820 1834 11.347003569224725 1.3984061967244181
54 821 1834 10.68253200322839 1.5179311403326732
54 822 1834 10.0736532598655 1.6353303420667855
54 823 1834 9.531027751507121 1.7451245304969467
54 824 1834 9.066558884163218 1.840765701395968
54 825 1834 8.692783788867583 1.91529377586969
54 826 1834 8.421786627551135 1.9623952960765796
54 827 1834 8.263685013358097 1.9776494959908062
54 828 1834 8.224991793308932 1.9595500914906179
54 829 1834 8.307375638551527 1.9098802255068839
54 830 1834 8.507319789451874 1.8332700668080526
54 831 1834 8.8168299291752 1.736137414513862
54 832 1834 9.224884281117006 1.6254435798473454
54 833 1834 9.719078660037674 1.5076642024993685
54 834 1834 10.287005881207602 1.388169799340948
54 835 1834 10.917164925016012 1.2710052623961647
54 836 1834 11.599417657796444 1.1589484665599061
54 837 1834 12.325116226632511 1.053713249936326
54 814 1835 15.592834572328352 0.8475726505224869
54 815 1835 14.71388765758385 0.941737384694967
54 816 1835 13.851371412246458 1.0465625587186658
54 817 1835 13.00855449310178 1.162650594875653
54 818 1835 12.189523780689653 1.2902213999343337
54 819 1835 11.399407440740008 1.4288438486028232
54 820 1835 10.644646072087072 1.5770671897993769
54 821 1835 9.933302069301972 1.7319596438487466
54 822 1835 9.27537007347949 1.888614399846527
54 823 1835 8.683000057583726 2.039777684829446
54 824 1835 8.170464491079994 2.1758752196625917
54 825 1835 7.753611416623814 2.2857848239025453
54 826 1835 7.44852267231558 2.3585708438574353
54 827 1835 7.269284008758999 2.385938066457315
54 828 1835 7.225267469097554 2.3645374618584696
54 829 1835 7.318913170683162 2.2969988508017662
54 830 1835 7.545097083537066 2.1911151827457047
54 831 1835 7.892432451405563 2.0576361831500245
54 832 1835 8.3458067315269 1.9077743736420525
54 833 1835 8.889009506126078 1.7513559091136008
54 834 1835 9.506655037393534 1.5959347012852634
54 835 1835 10.185209374382048 1.4466925385197151
54 836 1835 10.91331709426607 1.306779152307284
54 837 1835 11.681716055443228 1.177801871509528
54 838 1835 12.482967996434189 1.060295819532975
54 813 1836 16.072600598534088 0.8064425793381953
54 814 1836 15.155543210324016 0.900601660883927
54 815 1836 14.249648767601201 1.0071267552936003
54 816 1836 13.357188701219973 1.1274815205457784
54 817 1836 12.481045228665689 1.2630780296325255
54 818 1836 11.624908171680268 1.415089153987302
54 819 1836 10.793539271249202 1.5841325199851841
54 820 1836 9.99312213474842 1.7697694334424359
54 821 1836 9.231711108998098 1.9697653691456347
54 822 1836 8.519770536816058 2.1791066983260015
54 823 1836 7.870736306089734 2.3889136641849817
54 824 1836 7.301403289779243 2.585683848868266
54 825 1836 6.831726721700688 2.7516909232551523
54 826 1836 6.483401113613079 2.867501668087215
54 827 1836 6.2766623296143145 2.9168094479398934
54 828 1836 6.225631694856311 2.8919274570691775
54 829 1836 6.334073728652008 2.7967920832346436
54 830 1836 6.594125415853085 2.6453930062106266
54 831 1836 6.988883315666367 2.456746032102108
54 832 1836 7.4970987721918 2.2495505556710813
54 833 1836 8.097437248907822 2.0388479583076897
54 834 1836 8.771002793295642 1.835011153143618
54 835 1836 9.502236052635192 1.6442252562053001
54 836 1836 10.278836996469984 1.469531673087352
54 837 1836 11.091279908107998 1.3118726942345458
54 838 1836 11.93224580705578 1.1709162267977788
54 813 1837 15.712494709625151 0.8451632805991615
54 814 1837 14.773100216271413 0.9488336417562778
54 815 1837 13.842199608443686 1.0675476532119825
54 816 1837 12.921628767303238 1.2035990686870581
54 817 1837 12.013762524704683 1.3594870329654682
54 818 1837 11.121712547984629 1.5377836638596658
54 819 1837 10.249609260844963 1.7408494307544335
54 820 1837 9.403004307134976 1.970285573837215
54 821 1837 8.589440610423882 2.225960951281491
54 822 1837 7.8192384539671815 2.5044204568228534
54 823 1837 7.106510395404988 2.7965745774059245
54 824 1837 6.4702774283641995 3.0850111102580224
54 825 1837 5.935190814118727 3.3423450296491986
54 826 1837 5.530686214205196 3.53349203905735
54 827 1837 5.286822296994621 3.6246542316437855
54 828 1837 5.226135283361842 3.597101972288666
54 829 1837 5.354856674085651 3.456683289972795
54 830 1837 5.660078621362049 3.2307204568893857
54 831 1837 6.115430483620903 2.9551578181506972
54 832 1837 6.690328093598988 2.6622344114683556
54 833 1837 7.356798896259157 2.3747412094458626
54 834 1837 8.092248760387934 2.1059685554899095
54 835 1837 8.879554605947312 1.8621029405935008
54 836 1837 9.706105810261919 1.6448364684762073
54 837 1837 10.562693311840512 1.4533526692061698
54 838 1837 11.442573574157185 1.2856125818631525
54 813 1838 15.40897433316048 0.8777149336402513
54 814 1838 14.449861245008497 0.9899889605613699
54 815 1838 13.496684407660965 1.1199623019592622
54 816 1838 12.550796389074229 1.2708702112558625
54 817 1838 11.613978215925789 1.4465194626241742
54 818 1838 10.688614971080156 1.6512956183166003
54 819 1838 9.777959398565681 1.8900500812909138
54 820 1838 8.886534195061593 2.167723343159757
54 821 1838 8.020753705232389 2.4884293713953594
54 822 1838 7.189888038071189 2.853512766235688
54 823 1838 6.407533846964777 3.257840125302962
54 824 1838 5.693723737590306 3.683641542206348
54 825 1838 5.077449162719348 4.092714054057532
54 826 1838 4.5980963452280434 4.422670566996395
54 827 1838 4.301684553753281 4.599614865491966
54 828 1838 4.22687709781106 4.573615567317901
54 829 1838 4.385030216543522 4.352498728953788
54 830 1838 4.75294540258983 3.996087585947427
54 831 1838 5.28701144315008 3.577966484430198
54 832 1838 5.942599599501885 3.154840315994234
54 833 1838 6.6840474265223495 2.759184746619149
54 834 1838 7.485886053100202 2.4049370632037883
54 835 1838 8.330695649224031 2.095155718149303
54 836 1838 9.206654658452237 1.8275484519374305
54 837 1838 10.105666232366888 1.5976664696058438
54 838 1838 11.022090999442911 1.4005332931189218
54 813 1839 15.165437349446885 0.9024763775611925
54 814 1839 14.189872797174703 1.021839295734047
54 815 1839 13.217960886611774 1.1612842167856243
54 816 1839 12.250571007099987 1.324991269428814
54 817 1839 11.288865753475806 1.5181466183188133
54 818 1839 10.334432253394423 1.747172332773717
54 819 1839 9.389488271466076 2.019951868759828
54 820 1839 8.457215262720885 2.345950587278808
54 821 1839 7.542313305611162 2.7359668915300444
54 822 1839 6.651953848306469 3.2008649175909487
54 823 1839 5.797455476327467 3.7477944785768904
54 824 1839 4.997248242783163 4.3708405907863215
54 825 1839 4.28187926032478 5.031621478263012
54 826 1839 3.7008769231088423 5.630852764326549
54 827 1839 3.3254307991596597 6.001970295321933
54 828 1839 3.2280783757523195 5.994233565164201
54 829 1839 3.4325631822298353 5.611207567529405
54 830 1839 3.891592219130865 5.006948120132871
54 831 1839 4.528409212957677 4.3462562009113235
54 832 1839 5.279061469617497 3.7256716936143537
54 833 1839 6.1016792770515345 3.1818562623466096
54 834 1839 6.970831370790733 2.719955891023779
54 835 1839 7.8711174556094825 2.332558933560933
54 836 1839 8.79297958601067 2.0087578728260063
54 837 1839 9.73028725166942 1.7377911349766744
54 838 1839 10.678974201673142 1.510252160590093
54 839 1839 11.63625755988585 1.318315997757335
54 813 1840 14.98480864075343 0.9180988687601035
54 814 1840 13.996659958718677 1.042470813336627
54 815 1840 13.010322440277903 1.1887641633981147
54 816 1840 12.026241723830386 1.3619620724865527
54 817 1840 11.045021050228874 1.5684725451795705
54 818 1840 10.067496709708875 1.816616586371757
54 819 1840 9.094860636645242 2.117295895243731
54 820 1840 8.128867694826825 2.4848835640101132
54 821 1840 7.172202590557468 2.9383260485073244
54 822 1840 6.229164470456639 3.5022013208203884
54 823 1840 5.3070227058115576 4.206595609726603
54 824 1840 4.418878817075606 5.081679644699969
54 825 1840 3.590054317137776 6.133639151278833
54 826 1840 2.8723666200538642 7.267977798817373
54 827 1840 2.3690694375639856 8.141648673180466
54 828 1840 2.2303564737502883 8.224307576005872
54 829 1840 2.5172385663659096 7.4512540826672655
54 830 1840 3.114239875154125 6.328277179979134
54 831 1840 3.8807847144617624 5.250633606740283
54 832 1840 4.735239170305988 4.34419028273727
54 833 1840 5.637773496691777 3.612406746562286
54 834 1840 6.568598785129161 3.026636326879174
54 835 1840 7.517212914371947 2.556124442424921
54 836 1840 8.477646489445078 2.1752695835057048
54 837 1840 9.446295040914217 1.8642222317503594
54 838 1840 10.420868006073228 1.6079058133429267
54 839 1840 11.39984605159213 1.3948918186255448
54 840 1840 12.38218437917966 1.2164688168860212
54 814 1841 13.873013010878307 1.0505518601584167
54 815 1841 12.877208160156412 1.2004116203568291
54 816 1841 11.882107977964136 1.3787569447608017
54 817 1841 10.88790567556493 1.592810725315753
54 818 1841 9.894871904173348 1.8522163098076785
54 819 1841 8.903397666059805 2.1700908107165477
54 820 1841 7.914069117716831 2.5646585704867197
54 821 1841 6.927805568865176 3.0618526634385343
54 822 1841 5.946132356414497 3.6995574895900982
54 823 1841 4.97176930277336 4.534590278438611
54 824 1841 4.010048628134027 5.653633268047412
54 825 1841 3.0728634854154633 7.184933683313709
54 826 1841 2.19191468812081 9.265992014125517
54 827 1841 1.4719001324817618 11.63312388399453
54 828 1841 1.2363211556872704 12.24330731555299
54 829 1841 1.70014411153878 10.19073275679932
54 830 1841 2.5004979504090916 7.91000892555637
54 831 1841 3.408003814551878 6.180976313627686
54 832 1841 4.356201326844322 4.922116077501916
54 833 1841 5.323390836675465 3.9909989864476607
54 834 1841 6.3008324846801305 3.286037316130027
54 835 1841 7.284400455768509 2.74053447328218
54 836 1841 8.271909694864938 2.310399164893206
54 837 1841 9.26209965396619 1.965758159579627
54 838 1841 10.254193776206918 1.6858229810932654
54 839 1841 11.247688206916157 1.4557621595440207
54 840 1841 12.242242033222546 1.2647563892598828
54 814 1842 13.820799180944599 1.0455406171146195
54 815 1842 12.820939513155771 1.1953424988759838
54 816 1842 11.821103586383085 1.373919566186014
54 817 1842 10.821297981295919 1.5887253031001114
54 818 1842 9.821531957897362 1.8498107183042451
54 819 1842 8.821818973431686 2.1710342771996083
54 820 1842 7.822179363834567 2.5720200698777944
54 821 1842 6.822645381375133 3.0814763603093134
54 822 1842 5.823271417339185 3.743150625565708
54 823 1842 4.824156921162452 4.627325778965733
54 824 1842 3.8255051953957238 5.855273975386543
54 825 1842 2.827806570471141 7.65883326741354
54 826 1842 1.8326183454281568 10.55858671267035
54 827 1842 0.8488168235844027 16.111770788339452
54 828 1842 0.28721072403375714 22.517645951042038
54 829 1842 1.2018693772619697 13.31096375531841
54 830 1842 2.1923708627876253 9.182836639781343
54 831 1842 3.1888069869467226 6.829020951207012
54 832 1842 4.186942798749502 5.300591947182807
54 833 1842 5.185796949360859 4.2328477305623915
54 834 1842 6.185021422760028 3.4505858046298603
54 835 1842 7.184461705653427 2.8577601224025657
54 836 1842 8.184038734023723 2.3968951103987735
54 837 1842 9.183707856851758 2.031368666181522
54 838 1842 10.18344195250313 1.7367147749636807
54 839 1842 11.183223596083595 1.4959708344613425
54 840 1842 12.183041081766119 1.2970193033158948
54 841 1842 13.182886254534742 1.1309874444307253
54 814 1843 13.84082692616301 1.027774433834066
54 815 1843 12.842526620568051 1.1739445622722093
54 816 1843 11.844513075681885 1.3478747337276162
54 817 1843 10.84686544583269 1.5566330618759794
54 818 1843 9.849694919133245 1.8096889272403536
54 819 1843 8.853162711709265 2.11999047041193
54 820 1843 7.857511692641599 2.5056729052726543
54 821 1843 6.863125381340452 2.9928733932207687
54 822 1843 5.870646472067587 3.620583533487616
54 823 1843 4.881238572329741 4.4494642514043745
54 824 1843 3.897241332019325 5.578804448761436
54 825 1843 2.9241220904743086 7.1806831828054785
54 826 1843 1.9780015166829177 9.56359633808507
54 827 1843 1.1289331246801124 13.124643335912113
54 828 1843 0.7978032338867036 15.64298945571344
54 829 1843 1.4136795959481634 12.324939422740464
54 830 1843 2.315273202021792 9.005783097791777
54 831 1843 3.2745213390662644 6.811930818016832
54 832 1843 4.252586271905651 5.323224568037028
54 833 1843 5.238939778237624 4.2644038747735475
54 834 1843 6.22964605736157 3.4819167473618795
54 835 1843 7.2229142318042685 2.8861531832431324
54 836 1843 8.21781540313487 2.4217701566422747
54 837 1843 9.213820597341844 2.052871616676429
54 838 1843 10.210606740052272 1.75521650341332
54 839 1843 11.207965471038932 1.5118820096206809
54 840 1843 12.205756428833121 1.3107237134813614
54 841 1843 13.203881626249197 1.1428215207402703
54 815 1844 12.941579888097092 1.1378040557054205
54 816 1844 11.951840444048742 1.3028357535200343
54 817 1844 10.963963243280201 1.499697561075519
54 818 1844 9.978501390489424 1.736503288499081
54 819 1844 8.996248662637079 2.024038841503877
54 820 1844 8.018384500633498 2.3768487096743454
54 821 1844 7.046736123908686 2.814815256650971
54 822 1844 6.084282209102376 3.365393103009694
54 823 1844 5.136194116269339 4.06644559240999
54 824 1844 4.212183519268819 4.968350582760494
54 825 1844 3.332340018665552 6.128084177288873
54 826 1844 2.5429294130982103 7.562934307505358
54 827 1844 1.95665275406754 9.05587190775885
54 828 1844 1.7861942783471707 9.79667764395022
54 829 1844 2.1336564859415046 9.069637168523142
54 830 1844 2.813270338947242 7.5791947902916
54 831 1844 3.64369180914089 6.14186772616534
54 832 1844 4.542960488492112 4.979159128011973
54 833 1844 5.477270305544594 4.07482387828935
54 834 1844 6.43136766170312 3.371935056539637
54 835 1844 7.3976002865794745 2.8199864602518536
54 836 1844 8.371767435852528 2.380989481808594
54 837 1844 9.351389736290585 2.027395061851659
54 838 1844 10.334916061584678 1.7392537839024598
54 839 1844 11.3213289855918 1.501974046281575
54 840 1844 12.309934605837723 1.3047366353686558
54 841 1844 13.300243982724574 1.1394039028567329
54 815 1845 13.116344384011851 1.089418959587028
54 816 1845 12.140860348426685 1.2423443210556808
54 817 1845 11.169713067039787 1.4230643120680087
54 818 1845 10.204140826154815 1.637944362050017
54 819 1845 9.245890438459648 1.8950628283857316
54 820 1845 8.297499020789314 2.2046496836563927
54 821 1845 7.3627773292419825 2.579499134579018
54 822 1845 6.447673223729609 3.0350593550293556
54 823 1845 5.561878279861926 3.5883305506625427
54 824 1845 4.721915924706828 4.25321756612806
54 825 1845 3.957080994874886 5.026577201045108
54 826 1845 3.3197123369352495 5.854270100615155
54 827 1845 2.8952530113964436 6.575152453045719
54 828 1845 2.782892380240432 6.916292202010702
54 829 1845 3.0176961410984267 6.692974807241974
54 830 1845 3.5310749071635987 6.030529590922702
54 831 1845 4.222616487440044 5.2077403647457405
54 832 1845 5.019212089561526 4.414976942488291
54 833 1845 5.8783067289824755 3.724863758725805
54 834 1845 6.776170747553572 3.147924604072511
54 835 1845 7.699252561125711 2.6723087604073608
54 836 1845 8.63947278484057 2.2810963695473037
54 837 1845 9.591792845969984 1.9583311974062243
54 838 1845 10.552937505737493 1.6906203121719101
54 839 1845 11.520698329528516 1.4672000864191714
54 840 1845 12.49353792966593 1.2795572589119804
54 816 1846 12.407839860346337 1.1706152695247822
54 817 1846 11.459340731473144 1.3327688392412675
54 818 1846 10.52038449867682 1.5228506926927623
54 819 1846 9.593773501599859 1.7463306706112625
54 820 1846 8.683460715636347 2.009539540646348
54 821 1846 7.7951581125721745 2.3193967722843407
54 822 1846 6.93732585367012 2.682533625931628
54 823 1846 6.122784497269191 3.103120405611064
54 824 1846 5.371265214081317 3.5781600029571776
54 825 1846 4.713012836816817 4.08860849562403
54 826 1846 4.192193936353634 4.586274422013771
54 827 1846 3.864775543288415 4.984685593607357
54 828 1846 3.7813344205452584 5.177318083461094
54 829 1846 3.9573336983378624 5.098342096949259
54 830 1846 4.361477960508399 4.775967472909229
54 831 1846 4.938065410664442 4.308285050205053
54 832 1846 5.634402364048974 3.795241058566999
54 833 1846 6.411590286348679 3.301271601948169
54 834 1846 7.243651703388341 2.8562315734184334
54 835 1846 8.113722327021113 2.46863701298766
54 836 1846 9.010798521773804 2.1366153731536115
54 837 1846 9.927562137806092 1.8542144797333016
54 838 1846 10.859028041219949 1.6144766888711728
54 839 1846 11.801715553257552 1.410760265955494
54 840 1846 12.753136476961318 1.2372137785838226
54 818 1847 10.919363076663384 1.3995400971249163
54 819 1847 10.029680453533887 1.5897089607280661
54 820 1847 9.162777417355493 1.808605041474708
54 821 1847 8.325772636818751 2.059153480978894
54 822 1847 7.528644632335886 2.3428186255781265
54 823 1847 6.785461664470593 2.6577873157627994
54 824 1847 6.115921026305041 2.996003557800461
54 825 1847 5.546754907150684 3.3391040612169336
54 826 1847 5.111603466623783 3.6547070093577982
54 827 1847 4.846698876555088 3.8972391248952833
54 828 1847 4.780427805123766 4.019073696101455
54 829 1847 4.920822085790189 3.9915378276748643
54 830 1847 5.25133221192495 3.8214079440277877
54 831 1847 5.739206391131153 3.546771634051114
54 832 1847 6.34826669257056 3.2165819043251296
54 833 1847 7.047161840060212 2.8722965378720713
54 834 1847 7.8118173301736205 2.5409770300970815
54 835 1847 8.624760286523967 2.236767807951154
54 836 1847 9.473567965661147 1.9650529031346335
54 837 1847 10.349419790500392 1.7261880583603035
54 838 1847 11.24599884403343 1.5180233640112615
54 839 1847 12.158720738630413 1.3373845849052437
54 818 1848 11.392387370520707 1.274801168262773
54 819 1848 10.542698421182301 1.4342513520317306
54 820 1848 9.721650580019828 1.6137565290789597
54 821 1848 8.937141041742597 1.8139059516387337
54 822 1848 8.199664017507061 2.033662965676015
54 823 1848 7.523063870525101 2.269196536158707
54 824 1848 6.925206856116299 2.512356415526178
54 825 1848 6.428101586005022 2.749140983871044
54 826 1848 6.056607136012733 2.959113932890969
54 827 1848 5.834765633682337 3.1173512237432472
54 828 1848 5.7798347727249535 3.20014433029199
54 829 1848 5.896481154044385 3.19321231289603
54 830 1848 6.1749890688162905 3.097802978479879
54 831 1848 6.594883622930791 2.93012726489699
54 832 1848 7.131233413652987 2.7145799167838045
54 833 1848 7.759928479051911 2.475677817201147
54 834 1848 8.460407200602168 2.232929627485842
54 835 1848 9.21631650932199 1.9993782093437145
54 836 1848 10.015113079741095 1.7824172745689688
54 837 1848 10.847326398703103 1.5853658428948167
54 838 1848 11.70583145274189 1.408950572249546
54 819 1849 11.12216210994966 1.285990531381153
54 820 1849 10.347197205040597 1.4320424406245091
54 821 1849 9.613869668348954 1.5911224015043344
54 822 1849 8.932440316061458 1.761254778995173
54 823 1849 8.315677362668673 1.9384267251680447
54 824 1849 7.778977439226848 2.1159014087008696
54 825 1849 7.339924386531537 2.283765955956977
54 826 1849 7.016871810144492 2.429180820778478
54 827 1849 6.826308665743187 2.537864222400889
54 828 1849 6.779416641570321 2.59698388393574
54 829 1849 6.879134393221336 2.598716585424269
54 830 1849 7.119304039019598 2.5428236815510603
54 831 1849 7.486420372915272 2.436734263324366
54 832 1849 7.962944807042237 2.29308374818367
54 833 1849 8.530562115124713 2.126160928019461
54 834 1849 9.172376464144998 1.9489455953056736
54 835 1849 9.87392981542816 1.7715394933529747
54 836 1849 10.623393525611354 1.6008581464883178
54 819 1850 11.758251995938851 1.1484017987413273
54 820 1850 11.028077348296032 1.26683893418685
54 821 1850 10.343137338351461 1.3932329743057004
54 822 1850 9.713006228763586 1.5254547792677375
54 823 1850 9.149015794062239 1.6599937606453563
54 824 1850 8.664091989354706 1.7916892057168858
54 825 1850 8.2721514734681 1.9136802648863422
54 826 1850 7.9868948910074264 2.0177780772250404
54 827 1850 7.820005754473625 2.0954244436194376
54 828 1850 7.779105989765192 2.139200094537304
54 829 1850 7.866161071323214 2.144504780587288
54 830 1850 8.077034728166076 2.110759835503593
54 831 1850 8.402409773392447 2.0415678154268107
54 832 1850 8.829637025382244 1.943748919185263
54 833 1850 9.344757353725194 1.8257205808070303
54 834 1850 9.93410740831813 1.6958909326584481
54 835 1850 10.585295933510846 1.5615363159737181
54 819 1851 12.442286365455509 1.0230788440942047
54 820 1851 11.75467949371654 1.1191039662186244
54 821 1851 11.114607055582317 1.2197958045585808
54 822 1851 10.530740239888187 1.3232098812731987
54 823 1851 10.012916158642316 1.4264976739762956
54 824 1851 9.571859276023675 1.5258271134026848
54 825 1851 9.218594795303705 1.6164576925607819
54 826 1851 8.963508799571773 1.6930534958552401
54 827 1851 8.815128473255548 1.7502766746327858
54 828 1851 8.778866099901558 1.78360433118696
54 829 1851 8.856099028353334 1.7901793075111994
54 830 1851 9.043920057143415 1.7694179313503402
54 831 1851 9.335656913147625 1.7231406314169393
54 832 1851 9.721959164695207 1.6551717540123343
54 833 1851 10.192079768133745 1.5705693654154693
54 834 1851 10.735012342796876 1.4747609316558952
54 835 1851 11.340303787818092 1.3728278408026235
54 819 1852 13.16679497827775 0.9103646451801334
54 820 1852 12.519045091379782 0.9883684975094778
54 821 1852 11.920087667462866 1.0689452974937945
54 822 1852 11.377631124271888 1.1504459093618544
54 823 1852 10.900114219585063 1.2306394285931848
54 824 1852 10.496403669829041 1.3067114084578166
54 825 1852 10.175288202306637 1.3753614907376497
54 826 1852 9.944771993364187 1.433032596785227
54 827 1852 9.811243040512286 1.4762767880219863
54 828 1852 9.778675268153702 1.502214960454503
54 829 1852 9.84807036936683 1.5089936775591446
54 830 1852 10.017309519027604 1.4961124888049238
54 831 1852 10.281463417237894 1.4645166337207902
54 832 1852 10.633460866528884 1.4164234754781957
54 833 1852 11.064921599360805 1.354941275052958
54 834 1852 11.566956816725883 1.2835984407327732
54 827 1853 10.80807522179601 1.255574223163033
54 828 1853 10.778519842724275 1.2761261774969241
54 829 1853 10.841516960278254 1.2826205069379248
54 830 1853 10.99547588783683 1.2746513359018665
54 831 1853 11.236658311081689 1.252715887247957
54 832 1853 11.559605962142538 1.218137118737846
54 833 1853 11.957695848281197 1.1728679103976303
54 832 1854 12.497139272649616 1.0526425483375068
63 2514 2263 19.14333053572467 0.1896438638863956
63 2515 2263 18.867196506105735 0.1973658149276218
63 2516 2263 18.640684107618164 0.20442866739405272
63 2517 2263 18.46561951303038 0.2106769120815173
63 2518 2263 18.34347578841066 0.2159626207703654
63 2519 2263 18.275314060229118 0.22015290584029445
63 2520 2263 18.261738800015948 0.2231372873066491
63 2521 2263 18.302871468706975 0.22483427540356962
63 2512 2264 18.919278633182827 0.1965154994360429
63 2513 2264 18.532218000013064 0.206896461972469
63 2514 2264 18.19195162702474 0.21688908542793112
63 2515 2264 17.901148119604173 0.2262987383643225
63 2516 2264 17.662250819190852 0.23492146633819905
63 2517 2264 17.477388363254043 0.24255221489689788
63 2518 2264 17.348288215268035 0.24899464028677123
63 2519 2264 17.276200508213826 0.25407184282766465
63 2520 2264 17.26183953117418 0.25763709017736025
63 2521 2264 17.30534899965925 0.25958343238286846
63 2522 2264 17.406294953263526 0.25985110679511064
63 2523 2264 17.563687084436662 0.25843181797895676
63 2524 2264 17.7760261025913 0.2553693397392432
63 2525 2264 18.041372009911193 0.25075636013932545
63 2526 2264 18.357426399144487 0.24472798048003203
63 2512 2265 18.011638015461223 0.22393807626322448
63 2513 2265 17.604633026564564 0.23657220407585863
63 2514 2265 17.246075031728456 0.24878808810729783
63 2515 2265 16.93904082290398 0.2603328777280574
63 2516 2265 16.686374801016772 0.27093786621484606
63 2517 2265 16.490576217949673 0.2803298475100466
63 2518 2265 16.353687779825297 0.2882451203451606
63 2519 2265 16.277195827291848 0.29444516113606445
63 2520 2265 16.261952650281795 0.2987325038713501
63 2521 2265 16.308129997029305 0.30096504757530185
63 2522 2265 16.415209532625738 0.3010669781527767
63 2523 2265 16.58201145820394 0.29903480428913526
63 2524 2265 16.806757688501573 0.29493763886425306
63 2525 2265 17.087161964469306 0.28891168473256945
63 2526 2265 17.42053684591857 0.2811497205633562
63 2527 2265 17.803906986951105 0.2718870394637251
63 2528 2265 18.234119227426543 0.26138563906029577
63 2511 2266 17.589630581681 0.24016525586037668
63 2512 2266 17.114295311230535 0.2557716029242658
63 2513 2266 16.68541590731281 0.2712379122124763
63 2514 2266 16.306658272006782 0.28627098414698215
63 2515 2266 15.98158640435946 0.3005402598023086
63 2516 2266 15.713532511819453 0.3136885519547166
63 2517 2266 15.505454008187149 0.32534777717009017
63 2518 2266 15.359788540211314 0.3351591635514586
63 2519 2266 15.278321373763765 0.3427965006136406
63 2520 2266 15.262080592108228 0.3479901064374653
63 2521 2266 15.311273754982194 0.35054856267733664
63 2522 2266 15.425274843580793 0.3503751543801676
63 2523 2266 15.60266336238805 0.347476487494159
63 2524 2266 15.841310046836602 0.34196189370154184
63 2525 2266 16.13849757567309 0.33403371998842324
63 2526 2266 16.491061336372685 0.32397006311902343
63 2527 2266 16.895535031481128 0.3121025800449453
63 2528 2266 17.34828821526798 0.29879245748409483
63 2529 2266 17.845646640007356 0.2844074349500144
63 2530 2266 18.38399042645545 0.2693021027243838
63 2510 2267 17.2734218960809 0.2548854292955741
63 2511 2267 16.729468132609806 0.2737063453997966
63 2512 2267 16.22895880825406 0.2927975996103471
63 2513 2267 15.776029411737506 0.31184701666164594
63 2514 2267 15.374885495508796 0.33047804162812977
63 2515 2267 15.029674114897057 0.3482559980658239
63 2516 2267 14.74432446740123 0.3647017315881888
63 2517 2267 14.522365647510961 0.3793133922215841
63 2518 2267 14.36673602458145 0.3915958972309479
63 2519 2267 14.27960447631538 0.40109600771602744
63 2520 2267 14.26222647415214 0.4074392693834861
63 2521 2267 14.314856059353376 0.4103638067992357
63 2522 2267 14.436727607044679 0.40974564228938204
63 2523 2267 14.626110351012873 0.40561115279683274
63 2524 2267 14.880426875597548 0.3981343946196589
63 2525 2267 15.196417472549435 0.3876197895000728
63 2526 2267 15.570327677990775 0.37447328637716015
63 2527 2267 15.99809688681768 0.3591668604273678
63 2528 2267 16.475530461869976 0.3422017013365644
63 2529 2267 16.99844416409941 0.32407474534637326
63 2530 2267 17.56277609035671 0.3052517356911762
63 2531 2267 18.16466636082274 0.28614828964181
63 2532 2267 18.800508078241 0.26711895433479615
63 2506 2268 19.100657161469787 0.2076239823322829
63 2507 2268 18.393996411873275 0.22631759435044274
63 2508 2268 17.715617516756417 0.24625795186133956
63 2509 2268 17.068892875638035 0.267365727368452
63 2510 2268 16.457554617864915 0.2895021253877655
63 2511 2268 15.885688653628039 0.31245620318252393
63 2512 2268 15.35770503688642 0.335933132711948
63 2513 2268 14.878276244243027 0.35954537562293687
63 2514 2268 14.452235259640853 0.38280936552077227
63 2515 2268 14.084427712903574 0.4051506955794172
63 2516 2268 13.779517553238435 0.42592070637070567
63 2517 2268 13.541754096128242 0.4444264440811962
63 2518 2268 13.374718838166503 0.45997400792240556
63 2519 2268 13.281080678920892 0.4719224232003447
63 2520 2268 13.2623943539621 0.4797419204294447
63 2521 2268 13.318975335963561 0.4830678768754381
63 2522 2268 13.449873754054554 0.4817408379797458
63 2523 2268 13.65295220822242 0.47582473970200034
63 2524 2268 13.925053105823524 0.46559954995522984
63 2525 2268 14.262226474152108 0.4515298703167032
63 2526 2268 14.659983083210061 0.43421585713330374
63 2527 2268 15.113540419107798 0.41433563805575885
63 2528 2268 15.618037776878536 0.3925886082251587
63 2529 2268 16.16870755502755 0.36964700361508407
63 2530 2268 16.76099949287049 0.3461200230746827
63 2531 2268 17.390661402028524 0.3225316294153103
63 2532 2268 18.053783647756628 0.29931077101809295
63 2533 2268 18.74681583629616 0.2767914104178049
63 2504 2269 19.95763272535114 0.19195409927009144
63 2505 2269 19.17840201893804 0.2107021784906166
63 2506 2269 18.420507702015342 0.23109068315650447
63 2507 2269 17.686692850841464 0.2531584723120083
63 2508 2269 16.98007962289949 0.27690346453035797
63 2509 2269 16.30420510175232 0.302267080157251
63 2510 2269 15.663049000753535 0.32911606380303926
63 2511 2269 15.061045913216192 0.3572224681971469
63 2512 2269 14.503072226256272 0.3862434413879888
63 2513 2269 13.99439544960789 0.41570359618003117
63 2514 2269 13.540572513745712 0.444984030262704
63 2515 2269 13.147285042928285 0.47332319560065256
63 2516 2269 12.820105459784864 0.49983524357475256
63 2517 2269 12.564199298005647 0.5235504854837725
63 2518 2269 12.383985788105763 0.54347957017385
63 2519 2269 12.282797075585243 0.5586977803260939
63 2520 2269 12.262589612312944 0.5684393893302765
63 2521 2269 12.323761763358021 0.5721863729734727
63 2522 2269 12.465115482818646 0.5697335861534081
63 2523 2269 12.683970356320021 0.5612156901300059
63 2524 2269 12.976405665668938 0.5470894063547013
63 2525 2269 13.337582389623872 0.5280753522158764
63 2526 2269 13.762089376254055 0.5050728013041151
63 2527 2269 14.244265653237608 0.4790650670148761
63 2528 2269 14.778467579556569 0.45103204534208635
63 2529 2269 15.359267690876557 0.42188131334033674
63 2530 2269 15.981586404359374 0.3924026847198237
63 2531 2269 16.64076632850796 0.36324554430302375
63 2532 2269 17.33260234356065 0.3349147736857394
63 2533 2269 18.05334052190907 0.30777970650169345
63 2504 2270 19.359418999546612 0.2112873227958962
63 2505 2270 18.555082969364655 0.2330286399241281
63 2506 2270 17.770624749850697 0.25687138188748027
63 2507 2270 17.00879490146219 0.2829095736261879
63 2508 2270 16.272771859766422 0.311193560265104
63 2509 2270 15.566216752955933 0.341708860969327
63 2510 2270 14.893324142044511 0.37434999661066526
63 2511 2270 14.25886054353593 0.4088897390058294
63 2512 2270 13.668178518003254 0.44494548526358757
63 2513 2270 13.127189493566608 0.48194635845222755
63 2514 2270 12.642274478906296 0.5191071233826907
63 2515 2270 12.220110637797244 0.5554176857196521
63 2516 2270 11.867396681665497 0.5896588756406478
63 2517 2270 11.590474709864353 0.6204548791339132
63 2518 2270 11.39487182902928 0.6463683247830108
63 2519 2270 11.284817411017556 0.6660346850511399
63 2520 2270 11.262819540417262 0.6783195187631509
63 2521 2270 11.329391157516135 0.6824694573659207
63 2522 2270 11.482991944611156 0.6782220778413524
63 2523 2270 11.72020068087593 0.6658459164962334
63 2524 2270 12.036075107775146 0.6460995336375597
63 2525 2270 12.424616855259739 0.6201209707836801
63 2526 2270 12.879250909893956 0.589276491380661
63 2527 2270 13.393248448378916 0.555003457528299
63 2528 2270 13.960053868091059 0.5186763196798861
63 2529 2270 14.57350692180863 0.48151203110482127
63 2530 2270 15.227971105830349 0.44451809198221737
63 2531 2270 15.918388863198558 0.4084771360275511
63 2532 2270 16.640285574472685 0.3739576726207935
63 2533 2270 17.389741343677414 0.3413402961057319
63 2503 2271 19.640852934636165 0.20934666557027407
63 2504 2271 18.795401139640674 0.23201659218053441
63 2505 2271 17.96583156995539 0.25716441504272647
63 2506 2271 17.15444851926187 0.28498937773077687
63 2507 2271 16.36395746755673 0.3156691146254534
63 2508 2271 15.597535189894767 0.3493395439741571
63 2509 2271 14.858906554656217 0.38606727416472975
63 2510 2271 14.152423961993415 0.42581322158204243
63 2511 2271 13.48314147370728 0.46838685856319323
63 2512 2271 12.856869914563388 0.5133921191047887
63 2513 2271 12.280191529451205 0.5601688897952363
63 2514 2271 11.760404074690845 0.6077384678633848
63 2515 2271 11.305357314123466 0.6547671161885679
63 2516 2271 10.923145334563888 0.6995675132715977
63 2517 2271 10.621633772636144 0.7401604698284
63 2518 2271 10.407838584451849 0.7744143301542221
63 2519 2271 10.28723014226884 0.8002630914132777
63 2520 2271 10.263094270248347 0.815976996548519
63 2521 2271 10.33610681059384 0.8204299325936878
63 2522 2271 10.504242190658223 0.8132922990116982
63 2523 2271 10.763043435757572 0.795090161980779
63 2524 2271 11.10617413873941 0.7671114166199047
63 2525 2271 11.526105326605512 0.7311893017776799
63 2526 2271 12.014786889495955 0.6894280789774309
63 2527 2271 12.564199298005574 0.6439406780699594
63 2528 2271 13.166742345774209 0.5966477059637505
63 2529 2271 13.815466115915294 0.5491570445793404
63 2530 2271 14.504175398829247 0.5027180802228849
63 2531 2271 15.227445747728128 0.4582310752638625
63 2532 2271 15.980585220823526 0.4162894132032561
63 2533 2271 16.7595675361867 0.37723610296632826
63 2502 2272 20.01846907233432 0.20498809454369538
63 2503 2272 19.13747903983191 0.22811478266362964
63 2504 2272 18.26874664556946 0.2540189303546517
63 2505 2272 17.414106465736488 0.28300186705352576
63 2506 2272 16.575738414924547 0.31537158410517824
63 2507 2272 15.75624016064763 0.35142799952576864
63 2508 2272 14.958713313651183 0.3914400547933498
63 2509 2272 14.186863783091916 0.43561177588123257
63 2510 2272 13.44511450304552 0.48403411601247004
63 2511 2272 12.738724582940197 0.5366196853347655
63 2512 2272 12.073901772004142 0.5930190319794025
63 2513 2272 11.457883923308207 0.6525209551111989
63 2514 2272 10.898949674166065 0.7139465415227235
63 2515 2272 10.406301168042587 0.7755578794165979
63 2516 2272 9.98974994682071 0.8350164918421628
63 2517 2272 9.659146132034875 0.8894382914752489
63 2518 2272 9.423539886900475 0.9355908979402944
63 2519 2272 9.29016167781832 0.9702526081587324
63 2520 2272 9.263428307058032 0.990694893256134
63 2521 2272 9.344255133503362 0.9951785226142806
63 2522 2272 9.529905770783037 0.9833087860919021
63 2523 2272 9.814433452828734 0.9561201722197427
63 2524 2272 10.189558577288992 0.9158576019544458
63 2525 2272 10.645708243231333 0.8655376954031057
63 2526 2272 11.172963080579986 0.8084411382834005
63 2527 2272 11.76176449347645 0.7476769377306731
63 2528 2272 12.40335051508274 0.6858962817247629
63 2529 2272 13.089961955636204 0.6251646204273277
63 2530 2272 13.814887042607445 0.5669567579890854
63 2531 2272 14.572408997828841 0.5122262560560342
63 2532 2272 15.357705036886301 0.4615068567985997
63 2533 2272 16.16672830228809 0.4150174218482112
63 2502 2273 19.575982836118477 0.22155029567094048
63 2503 2273 18.674129270196378 0.24763265490559286
63 2504 2273 17.78277548640833 0.27708184152457516
63 2505 2273 16.90358257885011 0.3103227015772263
63 2506 2273 16.0385505579527 0.34781040407224606
63 2507 2273 15.190098880520983 0.3900176278218331
63 2508 2273 14.361166526435264 0.43741154991162123
63 2509 2273 13.555334890735995 0.49041583018318685
63 2510 2273 12.776975541966282 0.5493513889056522
63 2511 2273 12.031421528647579 0.6143487245466976
63 2512 2273 11.325153597192593 0.6852248189115349
63 2513 2273 10.66597881115485 0.7613212261320964
63 2514 2273 10.063155767452084 0.8413097418827139
63 2515 2273 9.52738704997357 0.9229916738800844
63 2516 2273 9.070562496339681 1.0031478458402214
63 2517 2273 8.705119413310989 1.0775330739003626
63 2518 2273 8.442932192076624 1.1411295192917823
63 2519 2273 8.293799129470383 1.1887399658644018
63 2520 2273 8.26384317372998 1.2158820698378903
63 2521 2273 8.3543464136941 1.2197609817779007
63 2522 2273 8.561489590018981 1.1999626436630928
63 2523 2273 8.877111241840067 1.1585619292332825
63 2524 2273 9.290161677818272 1.0995947370533143
63 2525 2273 9.788314665967942 1.0281345154723234
63 2526 2273 10.359300362476368 0.9493392291881769
63 2527 2273 10.991774379052861 0.8677479274768526
63 2528 2273 11.675748541314293 0.7869221197262223
63 2529 2273 12.402705511298846 0.7093797713938907
63 2530 2273 13.165527106804447 0.6367103437193534
63 2531 2273 13.958334571144315 0.5697671114566528
63 2532 2273 14.77630210844386 0.5088677006491046
63 2533 2273 15.615476425649085 0.453967932594599
63 2502 2274 19.17548184531499 0.23839106160451848
63 2503 2274 18.253851757916866 0.26761873279313253
63 2504 2274 17.34090839604444 0.30088440047779247
63 2505 2274 16.438099160182862 0.33876914763533744
63 2506 2274 15.547189585259597 0.38192069909302234
63 2507 2274 14.670347780472158 0.4310469952781248
63 2508 2274 13.810253582031152 0.48689860066954344
63 2509 2274 12.97023916510425 0.5502328804181226
63 2510 2274 12.15446847871202 0.6217496156925127
63 2511 2274 11.368161856694512 0.7019838195486348
63 2512 2274 10.617867205800037 0.7911379518470942
63 2513 2274 9.911765937511024 0.8888352489535527
63 2514 2274 9.259973218104019 0.9937843893267092
63 2515 2274 8.674739419717667 1.1033734804481128
63 2516 2274 8.170379672940758 1.2132711083665106
63 2517 2274 7.762673766171256 1.3172077392174615
63 2518 2274 7.467469718720213 1.407209572035481
63 2519 2274 7.298431612339958 1.4745589892959654
63 2520 2274 7.264372237158772 1.5115200457385831
63 2521 2274 7.367163904787448 1.5133752612706761
63 2522 2274 7.6012567381981615 1.4798787112017284
63 2523 2274 7.955067818692865 1.4153359428038814
63 2524 2274 8.413507235392549 1.3272643391677572
63 2525 2274 8.96053034144758 1.2243710081071433
63 2526 2274 9.580976150685407 1.1147646963770375
63 2527 2274 10.261535167800307 1.0049116461704735
63 2528 2274 10.99104653797819 0.8993379454177068
63 2529 2274 11.76040407469073 0.8008153938922578
63 2530 2274 12.562288963401622 0.7107517508382724
63 2531 2274 13.390858971701633 0.6296009693915241
63 2532 2274 14.241457228809207 0.5572073542950441
63 2533 2274 15.110364125328083 0.49306118291898243
63 2501 2275 19.76550287748846 0.2268147290196097
63 2502 2275 18.81964675545225 0.2551980261473636
63 2503 2275 17.87968411354083 0.2876989487510664
63 2504 2275 16.9465956463239 0.3249816065071942
63 2505 2275 16.02158244369151 0.36781747064503084
63 2506 2275 15.106128028055503 0.41709650107097346
63 2507 2275 14.202080974279928 0.473833933470547
63 2508 2275 13.31176562293687 0.5391675548147965
63 2509 2275 12.43813104931781 0.6143366113148743
63 2510 2275 11.584951618371294 0.7006276985411009
63 2511 2275 10.75709551877288 0.799264358148117
63 2512 2275 9.960878676100991 0.9112054600407815
63 2513 2275 9.204515413643641 1.0368047345396578
63 2514 2275 8.498653069751892 1.1752778553234897
63 2515 2275 7.856914407068667 1.3239447568341403
63 2516 2275 7.296239031172368 1.4773039863608664
63 2517 2275 6.836600324723026 1.6262058657686396
63 2518 2275 6.499469516814653 1.7577236262101086
63 2519 2275 6.304530434536961 1.8565704034836594
63 2520 2275 6.2650701512435365 1.9085542772383741
63 2521 2275 6.383972431018371 1.905198425544722
63 2522 2275 6.652751611175823 1.8470720752447876
63 2523 2275 7.054296846603666 1.7435542417372476
63 2524 2275 7.56750315493838 1.6092027855448
63 2525 2275 8.171358760940695 1.4591667338032757
63 2526 2275 8.847321854663258 1.3059618854903434
63 2527 2275 9.58014112630926 1.158278338538266
63 2528 2275 10.357755741472278 1.0212344091894514
63 2529 2275 11.170814831515285 0.8972393415392255
63 2530 2275 12.012123209491392 0.7869075720415791
63 2531 2275 12.876144764641383 0.6897901253034115
63 2532 2275 13.758601091680854 0.6048822257865973
63 2533 2275 14.656162662852834 0.5309445092822404
63 2501 2276 19.47190550511182 0.24052076809355988
63 2502 2276 18.511053562669087 0.27159042139084383
63 2503 2276 17.55457501621739 0.30740426566347434
63 2504 2276 16.603225710686576 0.3487963484479998
63 2505 2276 15.657940605328776 0.39675999747093393
63 2506 2276 14.719888043052624 0.4524759390979978
63 2507 2276 13.790544006673684 0.5173414261426789
63 2508 2276 12.871794902033026 0.5929962330502051
63 2509 2276 11.966081397015621 0.6813369483012174
63 2510 2276 11.076601644909111 0.7845029310348264
63 2511 2276 10.20760030565476 0.9048030813572935
63 2512 2276 9.364779976059395 1.044528629570058
63 2513 2276 8.555881252098052 1.2055599121624887
63 2514 2276 7.791476368442815 1.388626077205262
63 2515 2276 7.085979395962336 1.5920383053430023
63 2516 2276 6.4587230936155375 1.8097702099424546
63 2517 2276 5.934568560561294 2.0290964073757216
63 2518 2276 5.542842592028251 2.2288905188152164
63 2519 2276 5.312918595273446 2.3810046678107772
63 2520 2276 5.266033042053788 2.4573178355765366
63 2521 2276 5.406949602132627 2.4412914661092286
63 2522 2276 5.721809503994526 2.336540527415944
63 2523 2276 6.184100904739669 2.1648563100212197
63 2524 2276 6.763660547366485 1.9555374065869677
63 2525 2276 7.433108636364856 1.7348187251918754
63 2526 2276 8.170379672940646 1.520909391608964
63 2527 2276 8.958744554902857 1.3239977673400243
63 2528 2276 9.78586245560408 1.1483825893859758
63 2529 2276 10.64270191257847 0.994749359675576
63 2530 2276 11.52263442099945 0.8618659704227908
63 2531 2276 12.420752956242277 0.7476503506555195
63 2532 2276 13.333383066573957 0.6497739060433941
63 2533 2276 14.257738390081403 0.5659715345893641
63 2500 2277 20.20225492364661 0.22431999636088057
63 2501 2277 19.225896702104784 0.25345360863974614
63 2502 2277 18.252098619063055 0.2871267957960272
63 2503 2277 17.281293470108174 0.3261779475130475
63 2504 2277 16.314015569442226 0.3716243321541417
63 2505 2277 15.350931698108855 0.4247039928639362
63 2506 2277 14.392883797210452 0.4869271180363985
63 2507 2277 13.440948776035235 0.560137867929323
63 2508 2277 12.496523676607145 0.6465862394467833
63 2509 2277 11.561449044129498 0.7490060553110791
63 2510 2277 10.638190823631751 0.8706872714013854
63 2511 2277 9.730113257306037 1.0155139028963918
63 2512 2277 8.841894819550987 1.1879040524571773
63 2513 2277 7.980169421760574 1.392519588639079
63 2514 2277 7.154516335854046 1.6334848707843943
63 2515 2277 6.378957908624442 1.9126444824697275
63 2516 2277 5.674072963930074 2.226150746766041
63 2517 2277 5.069428370142153 2.558770817796173
63 2518 2277 4.6046828338119035 2.876911445502908
63 2519 2277 4.325170979279539 3.126215320511398
63 2520 2277 4.267447011973533 3.2451577531407088
63 2521 2277 4.440169366139285 3.1976146787491335
63 2522 2277 4.818620549493563 2.998583129927484
63 2523 2277 5.359393995593304 2.702972248767995
63 2524 2277 6.018895579755597 2.371281303850598
63 2525 2277 6.762477652458554 2.0465794470823253
63 2526 2277 7.565388555784908 1.7513557157972637
63 2527 2277 8.410654195721113 1.4936195599530646
63 2528 2277 9.286716534922398 1.2734774625968526
63 2529 2277 10.185632233690798 1.087511014112647
63 2530 2277 11.101851377135297 0.9311550279750254
63 2531 2277 12.031421528647428 0.7998276109632833
63 2532 2277 12.971472699736168 0.6893934743519669
63 2533 2277 13.919881608691957 0.5963028276698574
63 2500 2278 20.015271769326624 0.23415476319682454
63 2501 2278 19.02932221599086 0.26523325916683216
63 2502 2278 18.044919063271056 0.3013216674647872
63 2503 2278 17.06232996984887 0.3433956557827053
63 2504 2278 16.081887451415735 0.39265738808432543
63 2505 2278 15.10400953389539 0.45059671404931434
63 2506 2278 14.129228712141463 0.5190707807311656
63 2507 2278 13.158233316064988 0.6004076708930468
63 2508 2278 12.191927821308758 0.6975408149237387
63 2509 2278 11.23152278188503 0.8141813081534118
63 2510 2278 10.278672287800713 0.9550330011723177
63 2511 2278 9.335689797760113 1.126045486672068
63 2512 2278 8.405896977717617 1.3346708760664874
63 2513 2278 7.49420469429559 1.5900122636107947
63 2514 2278 6.608108957939629 1.9025556614241546
63 2515 2278 5.75943608350695 2.2827099441312293
63 2516 2278 4.967404151063389 2.7363677241949307
63 2517 2278 4.263696049204455 3.2540096604315516
63 2518 2278 3.6990679907243647 3.7894372014073627
63 2519 2278 3.344712842681939 4.235123602204792
63 2520 2278 3.269725370730912 4.437975472428245
63 2521 2278 3.4921489086236437 4.305073706973411
63 2522 2278 3.9622094846185516 3.899057909652474
63 2523 2278 4.604682833811806 3.3716419831056785
63 2524 2278 5.357901081580456 2.8443955474454876
63 2525 2278 6.181513083380228 2.3751441137640112
63 2526 2278 7.050893844045649 1.9791946956324062
63 2527 2278 7.951044208152834 1.6527689596071147
63 2528 2278 8.872604127312378 1.3859064927517282
63 2529 2278 9.809541477561556 1.167948014966504
63 2530 2278 10.757839188238522 0.9894421734948605
63 2531 2278 11.714738750821564 0.8425826450410623
63 2532 2278 12.678292629530219 0.7211135751580625
63 2533 2278 13.647091411725803 0.6200825681233372
63 2499 2279 20.870723609880013 0.21445960828966634
63 2500 2279 19.876898752069017 0.24269675668822652
63 2501 2279 18.883725903539343 0.27547103475767476
63 2502 2279 17.8913136465717 0.3136718360738701
63 2503 2279 16.899795975099895 0.35840013074731375
63 2504 2279 15.909340149736018 0.4110289448711796
63 2505 2279 14.920157639917964 0.47328431629407075
63 2506 2279 13.932519657262368 0.5473547724433445
63 2507 2279 12.946779676815474 0.636040930179258
63 2508 2279 11.963406872626296 0.7429620298541694
63 2509 2279 10.98303710273265 0.8728437602506913
63 2510 2279 10.006553052874997 1.0319222395798422
63 2511 2279 9.03521466264094 1.2285121994310928
63 2512 2279 8.070880001586055 1.4737988487018636
63 2513 2279 7.116396841098845 1.782903004429727
63 2514 2279 6.176334187849742 2.1761658939589412
63 2515 2279 5.258431705366291 2.680153037725591
63 2516 2279 4.376654430041437 3.3262387148993193
63 2517 2279 3.5579634624320198 4.139149647690746
63 2518 2279 2.85711462843218 5.092667348969059
63 2519 2279 2.380567999449093 5.994463428642849
63 2520 2279 2.2740061565442082 6.396783364660038
63 2521 2279 2.583622263412527 5.991672724283494
63 2522 2279 3.190470811651593 5.088973097463383
63 2523 2279 3.9601898944369673 4.135779018744846
63 2524 2279 4.81529895229783 3.3235037016407323
63 2525 2279 5.717613488160991 2.6780106350375252
63 2526 2279 6.647939831256026 2.1744973683907767
63 2527 2279 7.595992627695231 1.7815969061661499
63 2528 2279 8.555881252097892 1.4727673010042652
63 2529 2279 9.524027719405279 1.2276893581567547
63 2530 2279 10.498147646132628 1.0312594007817857
63 2531 2279 11.476720088945271 0.8723048381400408
63 2532 2279 12.458695918915422 0.7425200837802637
63 2533 2279 13.44332934953242 0.6356756467479008
63 2499 2280 20.786223899496573 0.22031769893737352
63 2500 2280 19.788155649276728 0.2496585056339896
63 2501 2280 18.790292813045845 0.28379501512956523
63 2502 2280 17.792669951415448 0.32369135984732544
63 2503 2280 16.795329827068063 0.3705496281563344
63 2504 2280 15.798325987268463 0.4258815927883381
63 2505 2280 14.801726385797094 0.49160665415647814
63 2506 2280 13.805618566366443 0.5701875165442797
63 2507 2280 12.810117251610219 0.6648211432041368
63 2508 2280 11.815375745189048 0.7797122847546291
63 2509 2280 10.821603578028608 0.9204730184868213
63 2510 2280 9.829094770120058 1.0947191490200203
63 2511 2280 8.838274944806898 1.3129820802424361
63 2512 2280 7.849783691287377 1.5901400020351093
63 2513 2280 6.8646270109891026 1.9477269361601275
63 2514 2280 5.884479926042835 2.417757262479251
63 2515 2280 4.9123420076376 3.0491654335358898
63 2516 2280 3.9541249347992165 3.9183996034684276
63 2517 2280 3.023095102705307 5.143504375207735
63 2518 2280 2.154786300309317 6.874717323810404
63 2519 2280 1.4652999692897768 9.035548585088456
63 2520 2280 1.2849529174255867 10.112923843706527
63 2521 2280 1.7762612420475856 8.550911295648262
63 2522 2280 2.5805239777999227 6.435098348977152
63 2523 2280 3.4875641929576355 4.8288848929499695
63 2524 2280 4.434760872922028 3.696666124608761
63 2525 2280 5.401028050288209 2.889567533919229
63 2526 2280 6.377703661977401 2.2999624420146896
63 2527 2280 7.360645623856637 1.8587761418796551
63 2528 2280 8.34764062475139 1.5216344301635696
63 2529 2280 9.33740349347717 1.2593281830339573
63 2530 2280 10.329138589446828 1.052087754641479
63 2531 2280 11.322327675880057 0.8861759797396752
63 2532 2280 12.316619016597022 0.7518198275309016
63 2533 2280 13.311765622936699 0.6419203821218206
63 2499 2281 20.74962900873175 0.2246683011954627
63 2500 2281 19.74971149156367 0.2547884274277379
63 2501 2281 18.749802772296082 0.2898787460396276
63 2502 2281 17.749904337770438 0.33095202220744463
63 2503 2281 16.750018029841094 0.37927572207480714
63 2504 2281 15.750146158052045 0.4364507994281837
63 2505 2281 14.75029165813346 0.5045203073298723
63 2506 2281 13.750458319634346 0.5861215761619238
63 2507 2281 12.750651120629147 0.684703367210827
63 2508 2281 11.750876733248512 0.8048422409407404
63 2509 2281 10.751144311188513 0.9527145562356548
63 2510 2281 9.751466761467274 1.1368203099905054
63 2511 2281 8.751862887408654 1.3691295977005025
63 2512 2281 7.75236118869605 1.666969557355861
63 2513 2281 6.753007033907247 2.056278088938389
63 2514 2281 5.7538773014377576 2.577547686869283
63 2515 2281 4.755113458162755 3.297512870828432
63 2516 2281 3.7570073196628817 4.334483179927614
63 2517 2281 2.7602724503208687 5.921233121488779
63 2518 2281 1.76723060181751 8.596190526538468
63 2519 2281 0.7918989834569711 13.999896313661077
63 2520 2281 0.3620828634443912 19.73589793372105
63 2521 2281 1.2787118518258893 11.033442628385155
63 2522 2281 2.2669591968096605 7.207406796133059
63 2523 2281 3.262377047491569 5.121619701157053
63 2524 2281 4.2599417836397375 3.8213376655186573
63 2525 2281 5.258431705366117 2.945616751597801
63 2526 2281 6.2574039345402275 2.3250600928269636
63 2527 2281 7.256659286476073 1.8690133552605053
63 2528 2281 8.25609496069415 1.524493383645951
63 2529 2281 9.25565254317594 1.258503553196601
63 2530 2281 10.255296387720794 1.0494809598552708
63 2531 2281 11.255003509550722 0.8827907702675869
63 2532 2281 12.254758422751504 0.7481912747336548
63 2533 2281 13.254550313005675 0.6383311483559532
63 2499 2282 20.7611922586349 0.2273585272460658
63 2500 2282 19.761859831503752 0.2578909963295055
63 2501 2282 18.762598540713956 0.2934696732798423
63 2502 2282 17.763420391354853 0.3351240110487575
63 2503 2282 16.76434024947004 0.3841424447322879
63 2504 2282 15.765376747797724 0.4421524178006159
63 2505 2282 14.766553558633818 0.5112306079260347
63 2506 2282 13.767901219866483 0.5940571823719822
63 2507 2282 12.769459816296102 0.6941355522288681
63 2508 2282 11.771283022678572 0.8161117971669917
63 2509 2282 10.773444388866576 0.9662497069187489
63 2510 2282 9.776047463059935 1.153156021641567
63 2511 2282 8.779242791949686 1.3889217520889063
63 2512 2282 7.7832579296847415 1.6909830728600974
63 2513 2282 6.78845372673338 2.0852848632299574
63 2514 2282 5.795438206037591 2.6119319097801768
63 2515 2282 4.805320384740244 3.335892636946661
63 2516 2282 3.820353910307268 4.368664025270014
63 2517 2282 2.8458924786435515 5.914779013726783
63 2518 2282 1.8981843956791558 8.364677164079078
63 2519 2282 1.0521900968930222 12.161681358331073
63 2520 2282 0.7817314116751694 13.383836992867847
63 2521 2282 1.454339712721742 9.47915375311766
63 2522 2282 2.370464933298838 6.601553454232849
63 2523 2282 3.3351317815041988 4.811110129458804
63 2524 2282 4.315912881419095 3.637219043598984
63 2525 2282 5.303876318316555 2.8263108591515076
63 2526 2282 6.295641667058178 2.243013361431917
63 2527 2282 7.289657330766583 1.810129556601144
63 2528 2282 8.2851133969306 1.4808514077114632
63 2529 2282 9.281546422875813 1.2253331122349895
63 2530 2282 10.278672287800536 1.023752474608705
63 2531 2282 11.276307196950544 0.8624975528687391
63 2532 2282 12.274327028395426 0.7319580743484876
63 2533 2282 13.272644951176778 0.6251885043755386
63 2499 2283 20.820833412714325 0.22829061009971988
63 2500 2283 19.824507660973605 0.2588437213178938
63 2501 2283 18.828571480598338 0.29441310413279576
63 2502 2283 17.833090141644014 0.33601026815424745
63 2503 2283 16.8381443158087 0.38489638514676217
63 2504 2283 15.84383488931896 0.442657173170893
63 2505 2283 14.850289694144038 0.5113047967792547
63 2506 2283 13.857673109147889 0.5934183547846967
63 2507 2283 12.866200060623978 0.6923403132593031
63 2508 2283 11.876156954166627 0.8124553230460426
63 2509 2283 10.887933871952027 0.959592281195584
63 2510 2283 9.902075741984616 1.141613520346574
63 2511 2283 8.919366793668711 1.3692914604315485
63 2512 2283 7.940976262399981 1.6576282580758512
63 2513 2283 6.968723269007019 2.02784531124353
63 2514 2283 6.0055893965538285 2.5103035991823965
63 2515 2283 5.056787913290381 3.1483102017062157
63 2516 2283 4.1322032863836204 4.000651147594363
63 2517 2283 3.2525534584383853 5.1299666522864555
63 2518 2283 2.4663949399882017 6.5180636709415705
63 2519 2283 1.8939651527943462 7.751309527580615
63 2520 2283 1.7581535769093712 7.835244336224742
63 2521 2283 2.143619369197601 6.676934399043168
63 2522 2283 2.8458924786433917 5.273447314776001
63 2523 2283 3.688238603994993 4.111253217607584
63 2524 2283 4.594246837077742 3.2310276085953205
63 2525 2283 5.532730248258877 2.5724289771834536
63 2526 2283 6.489615088739751 2.0751354989569593
63 2527 2283 7.457821665875268 1.694172838616544
63 2528 2283 8.433451487973263 1.3979423956953996
63 2529 2283 9.414196938666535 1.1643725263967377
63 2530 2283 10.398610676431648 0.9778844828960019
63 2531 2283 11.385741258257989 0.8273119689404559
63 2532 2283 12.374938545301875 0.704519745242116
63 2533 2283 13.36574367553104 0.6034867407685048
63 2499 2284 20.928141436830956 0.2274300963973811
63 2500 2284 19.937178937853787 0.25760834175506897
63 2501 2284 18.947166120557466 0.2926676979437699
63 2502 2284 17.95826004934778 0.3335682158318104
63 2503 2284 16.970654200707774 0.3814976209660026
63 2504 2284 15.984589578716129 0.437935431834503
63 2505 2284 15.00037012876683 0.5047380125781243
63 2506 2284 14.018384500362375 0.5842521656457813
63 2507 2284 13.03913739478191 0.6794676780611562
63 2508 2284 12.063295735411609 0.7942227771358232
63 2509 2284 11.0917583817896 0.9334802677865058
63 2510 2284 10.125764366209582 1.10369423921988
63 2511 2284 9.167066270077884 1.313281229947236
63 2512 2284 8.218217811666927 1.5731765578199666
63 2513 2284 7.283069682489619 1.8973414015199013
63 2514 2284 6.367660794985812 2.302735454382605
63 2515 2284 5.481888725612666 2.807271122030297
63 2516 2284 4.642747462440656 3.421661950113669
63 2517 2284 3.880606138221072 4.125764371425327
63 2518 2284 3.2500929217483874 4.818048151230481
63 2519 2284 2.840264776389496 5.270270310325879
63 2520 2284 2.751563918937516 5.240922732348711
63 2521 2284 3.012491327788129 4.748198283359912
63 2522 2284 3.546703257956407 4.045675672804318
63 2523 2284 4.252423309126044 3.348543299871436
63 2524 2284 5.0583696978372785 2.74618647784378
63 2525 2284 5.923774472411852 2.25338553129123
63 2526 2284 6.826060650184571 1.857865460403615
63 2527 2284 7.7523611886958745 1.541586138788678
63 2528 2284 8.695004542839413 1.2878768570518728
63 2529 2284 9.649202246818021 1.0831264579974578
63 2530 2284 10.611837918098724 0.9167059508407567
63 2531 2284 11.58080757114968 0.7804419051188677
63 2532 2284 12.55464471819086 0.6680662108631332
63 2533 2284 13.532298548288 0.5747565151457483
63 2499 2285 21.082388479486863 0.22480880463723563
63 2500 2285 20.099032414521854 0.2542344108589912
63 2501 2285 19.117403170933027 0.28830970829336905
63 2502 2285 18.137781121184588 0.32791456694234655
63 2503 2285 17.160510015730882 0.3741247101453828
63 2504 2285 16.18601569256622 0.4282613262544537
63 2505 2285 15.214831711195485 0.49195405021410366
63 2506 2285 14.247635031821936 0.5672204506585351
63 2507 2285 13.285296534138768 0.656565019822979
63 2508 2285 12.328953889118065 0.7630991512285527
63 2509 2285 11.380118804300745 0.8906786994158477
63 2510 2285 10.440838280521316 1.044042958071315
63 2511 2285 9.513942610716086 1.2289083866568717
63 2512 2285 8.603435592831454 1.451900983604499
63 2513 2285 7.715121774800382 1.7200599833997166
63 2514 2285 6.857631077857638 2.0393374814082232
63 2515 2285 6.04409662397937 2.4109758827335996
63 2516 2285 5.294818599347736 2.8240409683517362
63 2517 2285 4.641024024932281 3.2431447728230824
63 2518 2285 4.128329444218149 3.596957626070472
63 2519 2285 3.8140665961671987 3.7885720393997024
63 2520 2285 3.748480225371123 3.7486243950511358
63 2521 2285 3.9439959432025598 3.4926397537022167
63 2522 2285 4.365673373031719 3.1070154939077863
63 2523 2285 4.95611783556425 2.6839032608631657
63 2524 2285 5.662782354991049 2.282160052609205
63 2525 2285 6.44756574220053 1.9274913895465238
63 2526 2285 7.2852662271187985 1.6256541160615474
63 2527 2285 8.159601951075658 1.3732436223685125
63 2528 2285 9.059972626890083 1.1636804246335841
63 2529 2285 9.97933384550279 0.9899621612603996
63 2530 2285 10.912887060718507 0.8457387028536523
63 2531 2285 11.857280632590143 0.7256218398585859
63 2532 2285 12.810117251610041 0.6251795282501377
63 2533 2285 13.769644294606781 0.5408188402172173
63 2499 2286 21.28255398207649 0.22052209188338448
63 2500 2286 20.308892239607747 0.24885466238845044
63 2501 2286 19.33791881252995 0.2815251916867378
63 2502 2286 18.370059989014724 0.31931223737342274
63 2503 2286 17.405835343355385 0.3631526150073335
63 2504 2286 16.445884105149208 0.4141751989469888
63 2505 2286 15.491000742366495 0.4737406746352999
63 2506 2286 14.54218360494734 0.5434866010370765
63 2507 2286 13.600702334806064 0.6253750302941194
63 2508 2286 12.668192609839773 0.7217355416170186
63 2509 2286 11.746791221435705 0.8352877959681
63 2510 2286 10.83933134469091 0.9691108389600496
63 2511 2286 9.94962833476702 1.1264949700043116
63 2512 2286 9.082901738981803 1.3105566164956293
63 2513 2286 8.24639945673253 1.523408403548436
63 2514 2286 7.450308986880911 1.764566007235137
63 2515 2286 6.7090315247432235 2.028232509116611
63 2516 2286 6.042772873441322 2.2994438414998055
63 2517 2286 5.478969246126336 2.550435270600806
63 2518 2286 5.052039588126571 2.7413403146944995
63 2519 2286 4.798656478640454 2.830849859770421
63 2520 2286 4.746694007411675 2.7958999304794183
63 2521 2286 4.9025609634147145 2.6457919269030423
63 2522 2286 5.247771336481585 2.4162508318192555
63 2523 2286 5.748313143870785 2.1498168371615156
63 2524 2286 6.36766079498567 1.8802293788766682
63 2525 2286 7.074680487484748 1.6278498636014889
63 2526 2286 7.8457060867711155 1.4020511276961127
63 2527 2286 8.663665736857421 1.2052795115759636
63 2528 2286 9.516464889863103 1.036326460807917
63 2529 2286 10.39553288677387 0.8923845994453375
63 2530 2286 11.294737889831573 0.7701732465361496
63 2531 2286 12.209631607874043 0.6664901247006259
63 2532 2286 13.136936629214468 0.5784461675467398
63 2533 2286 14.074199941737245 0.5035381341444819
63 2499 2287 21.527357106714224 0.21472085141315136
63 2500 2287 20.565288813921367 0.24167294056849853
63 2501 2287 19.607016703211105 0.27259161675011756
63 2502 2287 18.653125850644958 0.30814200466370445
63 2503 2287 17.704324443479877 0.3491084734638746
63 2504 2287 16.761476784579543 0.3964136208404062
63 2505 2287 15.825647032586026 0.45113721968468856
63 2506 2287 14.898157738458766 0.5145321102921465
63 2507 2287 13.980668939646582 0.5880312152102826
63 2508 2287 13.07528600069607 0.6732349963931625
63 2509 2287 12.18470779296732 0.7718605208900913
63 2510 2287 11.312431392057077 0.8856202123352545
63 2511 2287 10.463035123710439 1.0159788808245187
63 2512 2287 9.642567292998178 1.1637126905802573
63 2513 2287 8.859069025580403 1.3281729802259177
63 2514 2287 8.12324467192747 1.5061735419948
63 2515 2287 7.4492351285214475 1.6905478574041515
63 2516 2287 6.8552975136020065 1.8687823932811607
63 2517 2287 6.363890633880955 2.0227674454797486
63 2518 2287 6.000258661091008 2.131220299607838
63 2519 2287 5.788532110993041 2.1755796768529
63 2520 2287 5.745529044395952 2.147328897380362
63 2521 2287 5.874955659406917 2.051956031004203
63 2522 2287 6.165963347279749 1.9063608087876942
63 2523 2287 6.597204256349594 1.7318366176611077
63 2524 2287 7.143325836051236 1.5475448728963823
63 2525 2287 7.780173776979342 1.36730887396942
63 2526 2287 8.487349645207088 1.1993996510153389
63 2527 2287 9.24873526488875 1.0477675259031218
63 2528 2287 10.052019896518148 0.9135220845119711
63 2529 2287 10.88793387195186 0.7961316351580554
63 2530 2287 11.749515053822288 0.6942392279895987
63 2531 2287 12.631512340175124 0.6061613851856977
63 2532 2287 13.529933628809726 0.5301681339061348
63 2533 2287 14.441714025696404 0.4646263837994323
63 2499 2288 21.815295184800938 0.2075994412050636
63 2500 2288 20.86650675125089 0.2329466530338848
63 2501 2288 19.922728327214593 0.2618521157606234
63 2502 2288 18.98470710861768 0.2948643504602904
63 2503 2288 18.05334052190892 0.33261447640380043
63 2504 2288 17.129714066498558 0.37582300411062286
63 2505 2288 16.215150446418882 0.42530265673475365
63 2506 2288 15.311273754981926 0.48195330896751665
63 2507 2288 14.420093758363649 0.5467426350175043
63 2508 2288 13.544116951650933 0.6206623004573302
63 2509 2288 12.686492974813728 0.7046442039106953
63 2510 2288 11.851206858375141 0.7994144672472608
63 2511 2288 11.04332848374972 0.9052559816890521
63 2512 2288 10.269328312990961 1.021647913540477
63 2513 2288 9.537457942240044 1.1467635428314418
63 2514 2288 8.858165950127464 1.2768564449511544
63 2515 2288 8.244458987707896 1.4056755430250847
63 2516 2288 7.712010373436839 1.5242278949502064
63 2517 2288 7.278674604623929 1.621374748748973
63 2518 2288 6.9629809708196975 1.6856722320036208
63 2519 2288 6.781379210750356 1.7082860812069418
63 2520 2288 6.744709333988903 1.6858563661096964
63 2521 2288 6.85529751360194 1.62171620058231
63 2522 2288 7.106272159156082 1.5246824846278964
63 2523 2288 7.483522165397571 1.406194779143636
63 2524 2288 7.969134457392262 1.2773978162266697
63 2525 2288 8.544653533057765 1.147295410306862
63 2526 2288 9.193209668010214 1.022149896303745
63 2527 2288 9.900459787302626 0.9057169670841212
63 2528 2288 10.654722145602685 0.799829977946335
63 2529 2288 11.446707124758465 0.7050140374843381
63 2530 2288 12.269111785292207 0.6209887446834129
63 2531 2288 13.116215307778232 0.5470292492384993
63 2532 2288 13.983529740376564 0.48220415140449424
63 2533 2288 14.867518421041078 0.4255218261366514
63 2500 2289 21.210636576962948 0.22296639388258613
63 2501 2289 20.282877113466874 0.24968654637492466
63 2502 2289 19.36231143226444 0.2799781146208059
63 2503 2289 18.450016368556376 0.31432848924076523
63 2504 2289 17.547281954764337 0.35327401932553276
63 2505 2289 16.655662820794554 0.3973921207682139
63 2506 2289 15.777043576031534 0.44728381957869806
63 2507 2289 14.913722003577705 0.5035413337238477
63 2508 2289 14.068514633748572 0.5666931340805327
63 2509 2289 13.244889731515233 0.6371165578611301
63 2510 2289 12.447132360507682 0.7149063018302451
63 2511 2289 11.680543822956082 0.7996879475598384
63 2512 2289 10.951671287981453 0.8903728588665375
63 2513 2289 10.268549264623374 0.9848703398080368
63 2514 2289 9.640907841069593 1.0798114602768485
63 2515 2289 9.080259027142182 1.1703970547272529
63 2516 2289 8.599715344126047 1.2505406329530748
63 2517 2289 8.213349134183746 1.3134810999661393
63 2518 2289 7.934929363264476 1.3529140574370986
63 2519 2289 7.776059670552733 1.364412098205569
63 2520 2289 7.744101239007442 1.3466120539084978
63 2521 2289 7.840606099020438 1.3016102419415316
63 2522 2289 8.06096172922291 1.234360330810398
63 2523 2289 8.395421609424766 1.1513831138525186
63 2524 2289 8.831030743916376 1.059372696501672
63 2525 2289 9.353667943646286 0.9641697030321948
63 2526 2289 9.949628334766883 0.8702616621677154
63 2527 2289 10.606559479868856 0.7807203697711185
63 2528 2289 11.313845676868493 0.6973937063729223
63 2529 2289 12.062632548494369 0.6211916772854719
63 2530 2289 12.845664794007186 0.5523679334704704
63 2531 2289 13.657053269281612 0.4907525653093243
63 2532 2289 14.492035881821279 0.43592593645993377
63 2533 2289 15.346762003758165 0.3873395920334441
63 2501 2290 20.685142107319397 0.23648344224640974
63 2502 2290 19.78330366748683 0.26398206354372766
63 2503 2290 18.891349978230718 0.29489152218314346
63 2504 2290 18.010749679011077 0.32959027148642006
63 2505 2290 17.143252433537736 0.3684613604009635
63 2506 2290 16.290951598970437 0.41186970056592026
63 2507 2290 15.456361279421408 0.46012651251038456
63 2508 2290 14.642510167317532 0.5134363925402095
63 2509 2290 13.85305395932598 0.5718221294336299
63 2510 2290 13.092406348719747 0.6350234024125447
63 2511 2290 12.365884683272647 0.7023691964319373
63 2512 2290 11.679858903257218 0.7726321128269835
63 2513 2290 11.041879550148915 0.843887599764805
63 2514 2290 10.460741082733895 0.9134224018627228
63 2515 2290 9.946411614245443 0.9777586765715959
63 2516 2290 9.509737325499403 1.0328684299399058
63 2517 2290 9.161828638432201 1.0746244674628636
63 2518 2290 8.913086109759984 1.099452905550907
63 2519 2290 8.771949840257653 1.1050364173496507
63 2520 2290 8.743632197204784 1.0908335300579461
63 2521 2290 8.829218764986859 1.0582068351683298
63 2522 2290 9.025469738467686 1.010105271367617
63 2523 2290 9.325401010144061 0.9504337962740801
63 2524 2290 9.719418912671467 0.8833466553584557
63 2525 2290 10.196622185802301 0.8126717633662838
63 2526 2290 10.745934300934264 0.7415652005173808
63 2527 2290 11.356896759238216 0.6723887335857124
63 2528 2290 12.020112478674873 0.6067457004366863
63 2529 2290 12.727415448550241 0.5456011222676296
63 2530 2290 13.471863419735046 0.4894287090140997
63 2531 2290 14.247635031821778 0.43835040184752816
63 2532 2290 15.049887175656668 0.3922528139498493
63 2533 2290 15.874605632896678 0.3508767563228923
63 2501 2291 21.127117740004135 0.22261603065950916
63 2502 2291 20.244977253630033 0.2473437199589343
63 2503 2291 19.37428976762754 0.2748878099800066
63 2504 2291 18.516670975096932 0.30549842693765883
63 2505 2291 17.67402342422339 0.3394070319411916
63 2506 2291 16.848593531805466 0.3768033606465406
63 2507 2291 16.04303911358434 0.4178027754351651
63 2508 2291 15.260507986302319 0.4624019180115156
63 2509 2291 14.504726953651929 0.5104212572647235
63 2510 2291 13.780098112858148 0.5614350269017292
63 2511 2291 13.091795293236013 0.6146928145201013
63 2512 2291 12.445846857486094 0.6690432777434107
63 2513 2291 11.849181575112956 0.7228790212797053
63 2514 2291 11.309602291857848 0.774130778341512
63 2515 2291 10.835640451768239 0.8203441320984542
63 2516 2291 10.436239935915431 0.8588657808887866
63 2517 2291 10.120232408398337 0.8871418507595729
63 2518 2291 9.89561033994346 0.9030884014973771
63 2519 2291 9.76867974702804 0.9054488982498542
63 2520 2291 9.743259413563601 0.8940322526159218
63 2521 2291 9.820137677242393 0.8697504574338564
63 2522 2291 9.996954736318232 0.8344423633385505
63 2523 2291 10.268549264623287 0.7905450846892564
63 2524 2291 10.627657502949338 0.7407165084335919
63 2525 2291 11.065762694003304 0.6875055109358426
63 2526 2291 11.573897528490354 0.6331260406529343
63 2527 2291 12.143274023095874 0.5793453675881172
63 2528 2291 12.765700294147399 0.5274655623038398
63 2529 2291 13.433804524407629 0.47836540889912516
63 2530 2291 14.141113958949443 0.43257210367421794
63 2531 2291 14.882039645155993 0.3903405060862836
63 2532 2291 15.651808330029938 0.3517267757206861
63 2533 2291 16.446370541854954 0.3166503119133569
63 2502 2292 20.7446162654313 0.23047757613201605
63 2503 2292 19.895806191255403 0.2548195381729713
63 2504 2292 19.06166582437109 0.2816008622301293
63 2505 2292 18.244207409476484 0.3109409666852985
63 2506 2292 17.445776107700013 0.3429073525052997
63 2507 2292 16.669106274782596 0.3774886677171359
63 2508 2292 15.917383704616674 0.4145608736102954
63 2509 2292 15.194311567162112 0.45384699773798676
63 2510 2292 14.504175398828995 0.4948727496094303
63 2511 2292 13.851898931193375 0.5369230609025352
63 2512 2292 13.243077587932348 0.5790083307069959
63 2513 2292 12.683970356319662 0.6198531692665121
63 2514 2292 12.181424547235673 0.6579231830093603
63 2515 2292 11.742704288195107 0.6915042879968035
63 2516 2292 11.37519687741692 0.7188413768985146
63 2517 2292 11.085986830228311 0.7383277146603651
63 2518 2292 10.88131903769003 0.74871613217308
63 2519 2292 10.76601616197911 0.7493060392237326
63 2520 2292 10.742956017781852 0.7400568957697965
63 2521 2292 10.812728795266956 0.7215949587235458
63 2522 2292 10.973563869591096 0.6951112615970183
63 2523 2292 11.221546417495006 0.6621808842943196
63 2524 2292 11.551065059118786 0.6245519958070592
63 2525 2292 11.955379709569863 0.5839519524481215
63 2526 2292 12.427192120507138 0.5419417807357078
63 2527 2292 12.959132069702608 0.4998299402063205
63 2528 2292 13.5441169516508 0.45863997874318785
63 2529 2292 14.175581257923586 0.4191181100154564
63 2530 2292 14.847595899673266 0.38176503915618104
63 2531 2292 15.554906107077414 0.3468788091219014
63 2532 2292 16.292915761151963 0.3145994051921247
63 2503 2293 20.452948540491576 0.2350952507673371
63 2504 2293 19.64248212421221 0.25836760978069623
63 2505 2293 18.850228221430005 0.28359081649044804
63 2506 2293 18.078581360272608 0.3107525351474253
63 2507 2293 17.33029440026903 0.33976656094527047
63 2508 2293 16.608525039870216 0.37044879605856107
63 2509 2293 15.916881101522243 0.40249104492412086
63 2510 2293 15.259459492393425 0.4354352021820051
63 2511 2293 14.640871012340616 0.46865212995981814
63 2512 2293 14.066239867142732 0.5013313972954002
63 2513 2293 13.541163317824488 0.5324895052950386
63 2514 2293 13.071614437398138 0.5610042966403805
63 2515 2293 12.663771318213042 0.5856808064899552
63 2516 2293 12.323761763357616 0.6053480608195883
63 2517 2293 12.05732573998045 0.618977659864438
63 2518 2293 11.869418856877326 0.6258056626836845
63 2519 2293 11.763804826670448 0.6254332104126632
63 2520 2293 11.742704288195068 0.6178823411003818
63 2521 2293 11.80657037416009 0.603592848217329
63 2522 2293 11.954041325007816 0.5833609982467356
63 2523 2293 12.182081267172476 0.5582355562088319
63 2524 2293 12.486276626760857 0.5293951657072492
63 2525 2293 12.861224825031027 0.49803129585218175
63 2526 2293 13.300943725916378 0.4652543585855715
63 2527 2293 13.799242877781165 0.4320311850318416
63 2528 2293 14.35002104528053 0.39915361037937275
63 2529 2293 14.947478181954105 0.3672325144364347
63 2530 2293 15.586247271232223 0.33670953007308185
63 2531 2293 16.26146069699748 0.3078789001829622
63 2504 2294 20.25603870454428 0.23614234151502275
63 2505 2294 19.48874300718227 0.25771775309186995
63 2506 2294 18.74340161230068 0.28069506027131874
63 2507 2294 18.022738526650038 0.3049495905057528
63 2508 2294 17.32983277472681 0.3302763220126972
63 2509 2294 16.668146387645972 0.3563740043083384
63 2510 2294 16.041543067921967 0.3828316429622114
63 2511 2294 15.454290795762686 0.4091204819246262
63 2512 2294 14.91103966864803 0.43459538990141827
63 2513 2294 14.416764685601104 0.45850980056538065
63 2514 2294 13.97666283488283 0.48004758994816854
63 2515 2294 13.5959958811407 0.4983730818443934
63 2516 2294 13.27987590303444 0.5126966854003698
63 2517 2294 13.033000575462072 0.5223490744358744
63 2518 2294 12.8593586154207 0.5268526612471693
63 2519 2294 12.761939664486528 0.5259771671177693
63 2520 2294 12.742492063956501 0.5197677322553229
63 2521 2294 12.801371176557389 0.5085393391343548
63 2522 2294 12.937507642509596 0.49283880358491655
63 2523 2294 13.148501967904714 0.4733826272877284
63 2524 2294 13.43082663129839 0.45098323322940304
63 2525 2294 13.780098112858047 0.4264764948618976
63 2526 2294 14.191374281583649 0.40066061450382773
63 2527 2294 14.659437369830867 0.3742519220690423
63 2528 2294 15.17903501544132 0.3478587521705246
63 2529 2294 15.745066020820413 0.32197132757557734
63 2530 2294 16.35270937795916 0.29696387740049635
63 2508 2295 18.077696313413252 0.2940283314716335
63 2509 2295 17.44440036229377 0.31528201903400493
63 2510 2295 16.84669415642116 0.3365574747657365
63 2511 2295 16.288496063172772 0.35742256271906486
63 2512 2295 15.77400088753626 0.3773723092902273
63 2513 2295 15.307615882298414 0.39584454048187595
63 2514 2295 14.893861285777927 0.4122460676020615
63 2515 2295 14.537231648425859 0.4259890510832642
63 2516 2295 14.242018957998699 0.4365349778029819
63 2517 2295 14.012105623352767 0.44344132877637554
63 2518 2295 13.850743806741722 0.4464042146943669
63 2519 2295 13.760345344503316 0.4452897961087482
63 2520 2295 13.7423107227276 0.4401486593514476
63 2521 2295 13.796923715089312 0.43121034476132536
63 2522 2295 13.9233294868718 0.41885910393884473
63 2523 2295 14.119599994333893 0.40359551105988367
63 2524 2295 14.382875373164907 0.38599072870061746
63 2525 2295 14.709558253054151 0.3666405662118614
63 2526 2295 15.095532584178454 0.34612519064165065
63 2527 2295 15.536380015949446 0.3249781455712627
63 2528 2295 16.02757324113645 0.30366598953100415
63 2509 2296 18.242453343780124 0.27886742814123155
63 2510 2296 17.671760070802073 0.2960116408282659
63 2511 2296 17.1404522694121 0.31262945563976985
63 2512 2296 16.652300261525262 0.32832941528251103
63 2513 2296 16.211203039873205 0.3426895549861604
63 2514 2296 15.821096801422906 0.35527769212569876
63 2515 2296 15.485835592566325 0.3656772987162374
63 2516 2296 15.209046781438799 0.373516881222835
63 2517 2296 14.993968920869278 0.3784996075578915
63 2518 2296 14.843284811657886 0.3804291764939064
63 2519 2296 14.758966901514267 0.37922795702966194
63 2520 2296 14.742153981016259 0.3749443832637243
63 2521 2296 14.793076218285142 0.36774832613442904
63 2522 2296 14.91103966864797 0.35791524556208587
63 2523 2296 15.094472630734511 0.34580178996280175
63 2524 2296 15.341026823521076 0.3318166745923028
63 2525 2296 15.647718811379283 0.31639091506735856
63 2526 2296 16.011093154434928 0.29995090339579
63 2510 2297 18.51407853499585 0.2605702712984136
63 2511 2297 18.007640156333476 0.2738562919113517
63 2512 2297 17.543634287113772 0.28627445449683414
63 2513 2297 17.125510328162306 0.2975080755153444
63 2521 2297 15.789715133592278 0.31525908506438194
63 2522 2297 15.90028628673059 0.3073477911189864
63 2523 2297 16.07243304543506 0.2976348610915325
