# %ECSV 0.9
# ---
# datatype:
# - name: sexcat_id
#   datatype: int32
# - name: x
#   datatype: int32
# - name: y
#   datatype: int32
# - name: sep
#   datatype: float64
# - name: weight
#   datatype: float64
# schema: astropy-2.0
sexcat_id x y sep weight
480 691 2455 12.351905318613854 0.11690128186290683
480 692 2455 11.83881603033011 0.1280831804727762
480 693 2455 11.390591073337728 0.1388725219566244
480 694 2455 11.015151610395614 0.14877437059230145
480 695 2455 10.720147620252302 0.15725092009694044
480 696 2455 10.512352971623482 0.1637758021734247
480 697 2455 10.396997884004834 0.16790112215684924
480 698 2455 10.377165557125943 0.16932409867243342
480 699 2455 10.45339968622653 0.16793672077985888
480 700 2455 10.623632382570516 0.1638443197455812
480 701 2455 10.883453725725161 0.1573474526530692
480 702 2455 11.226645313716865 0.14889256529401432
480 690 2456 12.134066301121036 0.13028687543428488
480 691 2456 11.524910628720775 0.1456875149541816
480 692 2456 10.97322035685063 0.16141269198425168
480 693 2456 10.488067743869747 0.1768584676514274
480 694 2456 10.0790656809052 0.1912636223382798
480 695 2456 9.75579648209212 0.20375954564634385
480 696 2456 9.526991392879546 0.21346264876574259
480 697 2456 9.39955131907906 0.21960019090573057
480 698 2456 9.377609770085385 0.22164316726107042
480 699 2456 9.461900707574607 0.2194084570253573
480 700 2456 9.649640666885002 0.21309618561373703
480 701 2456 9.93496678404114 0.20324894432811827
480 702 2456 10.309780065549447 0.1906474233305582
480 703 2456 10.764737107797883 0.1761770687081934
480 704 2456 11.290153453341574 0.16070332153945804
480 689 2457 12.078972017518755 0.14077547473021224
480 690 2457 11.379348179926698 0.16068668305036743
480 691 2457 10.727421171931352 0.1821021808750162
480 692 2457 10.132401738975858 0.20446866698613697
480 693 2457 9.604871940843406 0.22692859228064624
480 694 2457 9.156503972586968 0.24830914397553597
480 695 2457 8.799407082298266 0.2671820778173783
480 696 2457 8.545031597367025 0.2820178968211399
480 697 2457 8.402711764662692 0.2914283268190856
480 698 2457 8.378160000859424 0.2944447851013532
480 699 2457 8.472400191209145 0.2907420193068785
480 700 2457 8.681564663123849 0.28071827468496735
480 701 2457 8.997642191152117 0.2653974789614122
480 702 2457 9.409865301905263 0.24619537097443825
480 703 2457 9.90623869084531 0.22464097156955545
480 704 2457 10.474806203457923 0.2021416297908737
480 705 2457 11.104484004221023 0.17983897368479035
480 706 2457 11.785481110247494 0.15855776381322603
480 707 2457 12.509419051258954 0.13882239285911002
480 688 2458 12.18882951722605 0.14686596158200876
480 689 2458 11.408574187864186 0.17092507951528854
480 690 2458 10.665062822131006 0.19804177545515214
480 691 2458 9.966522211885193 0.22798508877571289
480 692 2458 9.323066287440033 0.2601276808278009
480 693 2458 8.746860293842634 0.2933086974813266
480 694 2458 8.2520036960729 0.32574184785907284
480 695 2458 7.8538885273475065 0.355047026328135
480 696 2458 7.567797896350084 0.37848916287055656
480 697 2458 7.4067243097067355 0.3934538339511589
480 698 2458 7.378859329191788 0.3980640432288256
480 699 2458 7.485690682896312 0.39170791654243425
480 700 2458 7.721629685500375 0.3752248785475896
480 701 2458 8.075367793481643 0.3506519732070986
480 702 2458 8.532266111649387 0.3206632134680451
480 703 2458 9.076759609023503 0.2879628138509325
480 704 2458 9.694099494022149 0.25484516746174635
480 705 2458 10.371285600155867 0.2229936951543774
480 706 2458 11.09736748062352 0.19347515688079386
480 707 2458 11.863370726737 0.16684349272820978
480 708 2458 12.662052163847704 0.14327881367180853
480 687 2459 12.459276263090123 0.14757751470287636
480 688 2459 11.611268879842587 0.17467070161660525
480 689 2459 10.78932643866154 0.2064520941714465
480 690 2459 9.999878249258881 0.24329228805357225
480 691 2459 9.251246672746372 0.2852473866841076
480 692 2459 8.554154838439668 0.33180613643094964
480 693 2459 7.922219701573591 0.38156700786281
480 694 2459 7.372215745622257 0.43191698114577587
480 695 2459 6.923695906089514 0.4788827834504897
480 696 2459 6.597390772115948 0.5174146092396983
480 697 2459 6.411986041781487 0.5423116181153247
480 698 2459 6.379777817447923 0.5496723283658135
480 699 2459 6.503042749359761 0.5382587386571102
480 700 2459 6.773297941180538 0.5099738540765989
480 701 2459 7.173950445884087 0.46913628857322276
480 702 2459 7.684631741339363 0.421025734385125
480 703 2459 8.285020518984876 0.370511761600133
480 704 2459 8.957095790489257 0.32127477377084557
480 705 2459 9.685946778709882 0.2756402681958589
480 706 2459 10.459711516098343 0.23478549407848306
480 707 2459 11.269142159011052 0.1990717749915326
480 708 2459 12.107087387146432 0.16835545305421598
480 709 2459 12.968020859020863 0.14222262911189412
480 686 2460 12.880200503097804 0.14279022183541398
480 687 2460 11.978629512594539 0.17123565984488948
480 688 2460 11.093942716635995 0.20566762754967927
480 689 2460 10.230521247717578 0.24717277462314344
480 690 2460 9.394230410203956 0.29681200963006055
480 691 2460 8.592995112299363 0.3553910623857573
480 692 2460 7.837573923096401 0.4230444976500448
480 693 2460 7.142518113382749 0.4985730042106398
480 694 2460 6.527140645029846 0.5785614822031986
480 695 2460 6.015942569539756 0.6565559768257166
480 696 2460 5.637336693865337 0.7229982701456105
480 697 2460 5.419184901809546 0.7668717892480207
480 698 2460 5.381037539359904 0.7793169272456781
480 699 2460 5.5266232909436175 0.7575786130479151
480 700 2460 5.842222607877966 0.7063984855813504
480 701 2460 6.302345991771666 0.6356655960800327
480 702 2460 6.878049505492117 0.5562821086969664
480 703 2460 7.542914887495439 0.477022819888077
480 704 2460 8.275479744401547 0.4034442912825249
480 705 2460 9.059335792429833 0.33825443784979287
480 706 2460 9.882285413809916 0.28220215601781756
480 707 2460 10.735341866936524 0.23491195318978814
480 708 2460 11.611871726814766 0.1954751092263308
480 709 2460 12.50694067308229 0.16280681601424415
480 685 2461 13.437468697637991 0.1332893473927927
480 686 2461 12.496142004634903 0.1612519203511079
480 687 2461 11.564668823619671 0.195849647434742
480 688 2461 10.645635960336083 0.23874128227679764
480 689 2461 9.742564600760968 0.2919279024813473
480 690 2461 8.860336618887608 0.35771071131137466
480 691 2461 8.005845676753996 0.43849308834932527
480 692 2461 7.188989150082271 0.5362604431201322
480 693 2461 6.424139241953009 0.6514717829809865
480 694 2461 5.73215186470147 0.7810657889230683
480 695 2461 5.142525157935594 0.9156322791824949
480 696 2461 4.693992437147771 1.0371003578592548
480 697 2461 4.429623573171928 1.1204943406852197
480 698 2461 4.3828717754459126 1.1432592150239094
480 699 2461 4.560434738048596 1.0984145788097843
480 700 2461 4.938174257759677 0.9993676016118356
480 701 2461 5.47481186891388 0.8709634976674876
480 702 2461 6.128749056699928 0.7365014065072238
480 703 2461 6.866554084837622 0.6110516553335886
480 704 2461 7.664043645491602 0.5015652598205074
480 705 2461 8.50444383837063 0.4096416737267771
480 706 2461 9.376223386843987 0.334137845537686
480 707 2461 10.271395474812568 0.272840709283572
480 708 2461 11.184344638824399 0.22334364132604667
480 709 2461 12.111051358160447 0.18343411991524558
480 685 2462 13.146085539049286 0.14641738525769393
480 686 2462 12.182264362588784 0.17891366587059013
480 687 2462 11.224774607982145 0.2198851736402766
480 688 2462 10.275386367431672 0.2718463691094564
480 689 2462 9.336571372832783 0.3380892628708684
480 690 2462 8.41187048164679 0.42285872784938927
480 691 2462 7.506501515353245 0.5314398610371358
480 692 2462 6.628390830359999 0.6699139641555784
480 693 2462 5.789953799470293 0.8439977617688125
480 694 2462 5.011144080946031 1.0557512540150003
480 695 2462 4.324299365215181 1.296324749735086
480 696 2462 3.77988954865091 1.5345222105030814
480 697 2462 3.4460941658637747 1.710371199074026
480 698 2462 3.3857886821241974 1.7571092230412508
480 699 2462 3.612694977437242 1.6534281819519128
480 700 2462 4.0791622914515475 1.4445274044861536
480 701 2462 4.714611861012548 1.1997793667828172
480 702 2462 5.460363083165823 0.9683168557010793
480 703 2462 6.277225900029418 0.7711228823272672
480 704 2462 7.140837835996565 0.6115795505717525
480 705 2462 8.036141175962507 0.48558788172927675
480 706 2462 8.95363417836579 0.3870497125130443
480 707 2462 9.887141396784006 0.3101275972571243
480 708 2462 10.832523482550128 0.24994234474170968
480 709 2462 11.786923474766429 0.20264168823186587
480 685 2463 12.925693985237336 0.15772585134232966
480 686 2463 11.944101682420516 0.19434853543634162
480 687 2463 10.965836265420007 0.24126679180453603
480 688 2463 9.991874949177484 0.3019542521410046
480 689 2463 9.023611527542647 0.38125387853655396
480 690 2463 8.063098969999096 0.48596586961667
480 691 2463 7.113477700815576 0.6256482080824066
480 692 2463 6.179770626811356 0.8135607066470626
480 693 2463 5.270442581036282 1.0672467683429951
480 694 2463 4.400632340925603 1.406737605576733
480 695 2463 3.599106139029567 1.843902722582922
480 696 2463 2.9225955929618936 2.347651212206053
480 697 2463 2.475795831646917 2.777773162293092
480 698 2463 2.3911430321083293 2.893417679000247
480 699 2463 2.7028808704787894 2.607957671598016
480 700 2463 3.3005401073157925 2.1180408684904575
480 701 2463 4.0597493765009816 1.635155017985368
480 702 2463 4.906074296216892 1.2419618050421186
480 703 2463 5.801514026527906 0.9435227040443561
480 704 2463 6.72648236450524 0.7219001879311879
480 705 2463 7.670304100881527 0.5576323435606682
480 706 2463 8.626793436729544 0.4351043000195289
480 707 2463 9.592161643758924 0.34283924221298123
480 708 2463 10.56397486744454 0.27263418387546207
480 709 2463 11.540605053462311 0.21865681367174913
480 684 2464 13.774598542244366 0.13512314351360136
480 685 2464 12.779967331726656 0.166192384114318
480 686 2464 11.7862447369805 0.20601647477990165
480 687 2464 10.793681716634065 0.2576333526505582
480 688 2464 9.802630514305866 0.32537935382097405
480 689 2464 8.81360113687932 0.4155689357780104
480 690 2464 7.827360027493331 0.537604093564442
480 691 2464 6.845112489944951 0.7058308346502318
480 692 2464 5.868864029776148 0.9427095081960514
480 693 2464 4.902200016319234 1.2842418041763648
480 694 2464 3.9521595362535984 1.7886956712769686
480 695 2464 3.0343969746887476 2.545927511474934
480 696 2464 2.1898778504748133 3.652920083885748
480 697 2464 1.5438798528383466 4.952323855642362
480 698 2464 1.4041242822485906 5.359482260714358
480 699 2464 1.8866809481202924 4.307030076603697
480 700 2464 2.6734930334676488 3.0434558722689586
480 701 2464 3.5686923375376614 2.122501171592518
480 702 2464 4.508166478736115 1.507050137284422
480 703 2464 5.469146642758808 1.0945279813181834
480 704 2464 6.442015600726213 0.811846218710235
480 705 2464 7.422099770280637 0.6133622484581351
480 706 2464 8.406876054754218 0.4708250242133778
480 707 2464 9.394869078385277 0.36640961029078595
480 708 2464 10.3851608076139 0.2885804113260397
480 709 2464 11.377151005414305 0.229680755792221
480 684 2465 13.711074538488969 0.13862996638133954
480 685 2465 12.711473754053873 0.1709437208776311
480 686 2465 11.711941128608888 0.21256336141343746
480 687 2465 10.712495740956 0.26683105847083594
480 688 2465 9.713164520381623 0.3385966502114872
480 689 2465 8.713986745457003 0.4350767099169305
480 690 2465 7.715022034965312 0.567335160033331
480 691 2465 6.71636546057466 0.7529600930034916
480 692 2465 5.71817846870839 1.0211966524786813
480 693 2465 4.720758943220909 1.4235492093986581
480 694 2465 3.724723479669352 2.0579091200424595
480 695 2465 2.731586535330728 3.13114309385455
480 696 2465 1.7463003750787245 5.1534251780498535
480 697 2465 0.7984766746750087 9.635284544912043
480 698 2465 0.4749368379058684 12.836143212839715
480 699 2465 1.346686674768853 6.6342098521738215
480 700 2465 2.324126717715701 3.839907012533758
480 701 2465 3.3150512816546174 2.4502523419730426
480 702 2465 4.310169950245569 1.661633572711142
480 703 2465 5.307123985738401 1.174927372754485
480 704 2465 6.305042823010786 0.8567877699912898
480 705 2465 7.303530995347373 0.6399027035486518
480 706 2465 8.302383091618921 0.4871899719795319
480 707 2465 9.301481871185887 0.37685724605418225
480 708 2465 10.300755554812456 0.2954436918031266
480 709 2465 11.300157742261815 0.23429839543999595
480 710 2465 12.299657109041682 0.18767859354696517
480 685 2466 12.721460804483122 0.1714482671442058
480 686 2466 11.722779747141901 0.21315545472613812
480 687 2466 10.724344502112952 0.26751242051924673
480 688 2466 9.726230770447527 0.33935079863884393
480 689 2466 8.728548848462742 0.4358433943261581
480 690 2466 7.7314659024017045 0.5679508798547473
480 691 2466 6.735247953861845 0.753013165750266
480 692 2466 5.740345372884818 1.019649134942534
480 693 2466 4.747585175644572 1.4176508048337173
480 694 2466 3.758665321626823 2.0396206426696026
480 695 2466 2.77769058752051 3.072750860019083
480 696 2466 1.8175711815497073 4.928737886243195
480 697 2466 0.944227197235901 8.346811161047372
480 698 2466 0.6925063176606626 9.785860269654094
480 699 2466 1.4379029869917843 5.995419562492432
480 700 2466 2.3781431832418884 3.639269898821375
480 701 2466 3.3531425558720027 2.364387252663133
480 702 2466 4.339535113350252 1.6178862100409066
480 703 2466 5.331000375164098 1.1500592137392347
480 704 2466 6.325153357824593 0.8415516212876575
480 705 2466 7.320899193405117 0.6300447449802762
480 706 2466 8.317665838442878 0.4805413332796498
480 707 2466 9.315125603017902 0.3722238788837947
480 708 2466 10.313077377776217 0.2921279567794852
480 709 2466 11.311390940109867 0.2318728920039151
480 710 2466 12.309978269680231 0.18587114283376654
480 685 2467 12.809744923299617 0.1676477942500056
480 686 2467 11.818526346376702 0.20771468632841242
480 687 2467 10.828922614923435 0.2595736113585741
480 688 2467 9.841420883185526 0.3275071720190576
480 689 2467 8.85672428158403 0.41770603556349856
480 690 2467 7.875885029633185 0.5392923607934053
480 691 2467 6.900548166631407 0.7059730198151952
480 692 2467 5.933427761420884 0.9387033566451458
480 693 2467 4.979313707731218 1.2697734712557116
480 694 2467 4.047414606881778 1.747775462013877
480 695 2467 3.1574617970768766 2.436239453581458
480 696 2467 2.3574488329547907 3.3650422874742825
480 697 2467 1.7735740751375089 4.298551839433053
480 698 2467 1.6533496302959745 4.476957164749876
480 699 2467 2.0788374154800566 3.687954141913866
480 700 2467 2.812394886924624 2.707491520274578
480 701 2467 3.6739032377023393 1.9406530036947387
480 702 2467 4.591902111325948 1.4029124608257841
480 703 2467 5.538372053230052 1.0313042454471277
480 704 2467 6.500889554514799 0.7715043155277036
480 705 2467 7.4732566528923385 0.5865496360778817
480 706 2467 8.452074597399124 0.4523993720670352
480 707 2467 9.435335977059827 0.353392904689268
480 708 2467 10.421783196747066 0.27916959480103426
480 709 2467 11.410590037329333 0.22274203975054838
480 710 2467 12.401192079796177 0.17930531155942878
480 685 2468 12.9747279354906 0.159972494146599
480 686 2468 11.997148202802205 0.19694176731268775
480 687 2468 11.023591293222012 0.24419002352021232
480 688 2468 10.055225755794849 0.30510586354374974
480 689 2468 9.093710188916296 0.3843501827483452
480 690 2468 8.141471918516947 0.4883414174580435
480 691 2468 7.202191680315096 0.6258404587025372
480 692 2468 6.281684885442754 0.8084395881994306
480 693 2468 5.38957929712514 1.0502066836775474
480 694 2468 4.542638550446192 1.3641613090068372
480 695 2468 3.771414190989879 1.7496588287596984
480 696 2468 3.132341775732624 2.1614326068077396
480 697 2468 2.720214145981852 2.471309299307684
480 698 2468 2.643400272376422 2.5129566920098823
480 699 2468 2.928406563303618 2.2589057449396974
480 700 2468 3.487630284304756 1.8576601078269672
480 701 2468 4.213260613823887 1.4581563963292223
480 702 2468 5.03384197209245 1.1244703222186099
480 703 2468 5.909954737559296 0.8649779339438044
480 704 2468 6.8202320341759295 0.6684183137277577
480 705 2468 7.7526489021494775 0.5204332866300041
480 706 2468 8.700089942063787 0.40868551922199453
480 707 2468 9.658134654269396 0.3237116382172976
480 708 2468 10.623914768106877 0.258542651460696
480 709 2468 11.595497617610008 0.2081127238590662
480 710 2468 12.57153789319347 0.16874218530780882
480 685 2469 13.21353718729395 0.14923266951570255
480 686 2469 12.255022031803943 0.1821153423094534
480 687 2469 11.303696961613932 0.223429185346645
480 688 2469 10.361542597509311 0.27558185081589026
480 689 2469 9.431307703600808 0.34165605311282693
480 690 2469 8.516898790052629 0.4254970970711441
480 691 2469 7.624012395058123 0.5316434644468127
480 692 2469 6.761180740077864 0.6648207048140704
480 693 2469 5.9415120129475305 0.8284114507654884
480 694 2469 5.185514921393996 1.020893423143597
480 695 2469 4.525214359563506 1.2292957001759504
480 696 2469 4.008187246125075 1.4214265503852694
480 697 2469 3.6950730709959827 1.5466076536268585
480 698 2469 3.6388961238265165 1.5591534129558768
480 699 2469 3.8509174231603063 1.4538888051016992
480 700 2469 4.291569060378683 1.2708420638427744
480 701 2469 4.8995474280794085 1.0624146018482725
480 702 2469 5.620815332316078 0.8651540809216847
480 703 2469 6.417286420286964 0.6953517553354895
480 704 2469 7.264266308444332 0.5562158168213982
480 705 2469 8.146015283560386 0.4449797897600676
480 706 2469 9.052378969088698 0.35701768075944745
480 707 2469 9.976650991189345 0.2876904770099873
480 708 2469 10.914282614995788 0.23299871064607763
480 709 2469 11.862106263223207 0.18971006616609365
480 686 2470 12.587277902707955 0.1647655542648625
480 687 2470 11.663085569436586 0.19965747583437238
480 688 2470 10.752467856264435 0.2426530671487183
480 689 2470 9.85918683259425 0.29554749976498346
480 690 2470 8.988412818735009 0.36028643446784997
480 691 2470 8.147365525125272 0.4386825506923141
480 692 2470 7.346261974637153 0.5317938327481777
480 693 2470 6.599664006599103 0.6387583386506639
480 694 2470 5.92820082318402 0.7549660408427215
480 695 2470 5.3601832991045795 0.8699560934661625
480 696 2470 4.931487098229055 0.9666369814298699
480 697 2470 4.680551783710932 1.0246161585236793
480 698 2470 4.636330984733462 1.0287376637072219
480 699 2470 4.804535877688865 0.9778359526171677
480 700 2470 5.164452052250992 0.8854825685610215
480 701 2470 5.679750434658151 0.7719358380543918
480 702 2470 6.3124927722730435 0.6550988818262481
480 703 2470 7.0310429525070735 0.5464032678726477
480 704 2470 7.811758124775712 0.4511784170727697
480 705 2470 8.637798620018836 0.3706987425461705
480 706 2470 9.497345155357854 0.3040956217122521
480 707 2470 10.38207903071438 0.24961630733452791
480 687 2471 12.094691604170809 0.17501769599389813
480 688 2471 11.219160619226368 0.2094508630636524
480 689 2471 10.366174077257229 0.25056471218263493
480 690 2471 9.541779970215186 0.2991371472072221
480 691 2471 8.754059915262157 0.3555547133962135
480 692 2471 8.01383584808172 0.41937957046045027
480 693 2471 7.3355003237679455 0.48873234878302435
480 694 2471 6.737771515864841 0.5595962363632647
480 695 2471 6.243842166486878 0.6253935668709678
480 696 2471 5.879928996169896 0.677468012851546
480 697 2471 5.671116733060561 0.707040025039446
480 698 2471 5.634675234651901 0.7083090237221566
480 699 2471 5.7738691533493745 0.6810123849729692
480 700 2471 6.076640930645762 0.6305500089950551
480 701 2471 6.520242710206373 0.565574150757114
480 702 2471 7.0782458985259415 0.4948511831639643
480 703 2471 7.725902212686832 0.42517506151847745
480 704 2471 8.4426041598549 0.3607744141298569
480 705 2471 9.212250810741056 0.3036858978524093
480 706 2471 10.022652593001474 0.25444484730710787
480 689 2472 10.941278033209816 0.20946924003474454
480 690 2472 10.163639358025236 0.24529110780987082
480 691 2472 9.428020205748373 0.28538275064126745
480 692 2472 8.745030874731064 0.32890131117913324
480 693 2472 8.127949618446188 0.3741156760810047
480 694 2472 7.5928627670990805 0.4182079873012576
480 695 2472 7.158181682522417 0.4573129639390268
480 696 2472 6.843066929381842 0.48698870518865806
480 697 2472 6.664500356365764 0.5031797079207393
480 698 2472 6.63351829725368 0.5034112014774386
480 699 2472 6.752152619720568 0.4876464251749219
480 700 2472 7.012814342330709 0.4583000475638903
480 701 2472 7.40051113099624 0.4193992739026174
480 702 2472 7.896553995256363 0.3753903598330561
480 703 2472 8.481955258075768 0.33016369439585924
480 704 2472 9.1395604380079 0.286568819303701
480 690 2473 10.842212182022612 0.19970861962867661
480 691 2473 10.155863577264098 0.22809432885592254
480 692 2473 9.52520682190153 0.2578636645321567
480 693 2473 8.962006750722711 0.2877044233934998
480 694 2473 8.479714912660649 0.31578106778730175
480 695 2473 8.092809462726734 0.3398501716585264
480 696 2473 7.815469595616078 0.3575613524239199
480 697 2473 7.659606060366245 0.3669192444167294
480 698 2473 7.632664344774979 0.36677513719201743
480 699 2473 7.735991533087354 0.35714722472567767
480 700 2473 7.964519131749211 0.33921533186657726
480 701 2473 8.307921821972036 0.3149927807257761
480 702 2473 8.752689015382593 0.2868328510029229
480 703 2473 9.28426437581347 0.2569702302837463
480 692 2474 10.343285986571162 0.20271589868599324
480 693 2474 9.827083239700341 0.22270938995911604
480 694 2474 9.389332510886986 0.24100367491460734
480 695 2474 9.041436003202106 0.2562852298685992
480 696 2474 8.794064191259878 0.26726647970020795
480 697 2474 8.655839936135557 0.2729107577283911
480 698 2474 8.632008167280611 0.2726479597811024
480 699 2474 8.723506462426629 0.26650519929457295
480 700 2474 8.926789176405988 0.2551004074506693
480 696 2475 9.776991612965572 0.20284585300741947
480 697 2475 9.652852687159331 0.20636960954661526
480 698 2475 9.631488202764881 0.2060895867377696
107 1502 1015 7.001208181449808 0.2558834989543451
107 1503 1015 7.033982939984981 0.2605966225645468
107 1504 1015 7.206727135114788 0.2559315613627266
107 1505 1015 7.509788012986774 0.24266275004968726
107 1506 1015 7.928235364821094 0.22283504940825488
107 1498 1016 7.361040415593411 0.23535350152302467
107 1499 1016 6.829708339307006 0.27574278171461636
107 1500 1016 6.41131156628655 0.315174935962436
107 1501 1016 6.129022434287521 0.3488342976233164
107 1502 1016 6.002075974194242 0.3712606727759856
107 1503 1016 6.040274497073772 0.378079342008177
107 1504 1016 6.240586190415115 0.36783876243111996
107 1505 1016 6.58824073634228 0.3426973498494631
107 1506 1016 7.061509470361129 0.30741560101625703
107 1507 1016 7.637075094563359 0.26743938519763427
107 1508 1016 8.293667222646445 0.22731592290467298
107 1496 1017 8.017039104307749 0.2104309015779939
107 1497 1017 7.261743316862668 0.26109316257194914
107 1498 1017 6.572131769829304 0.32075971964052763
107 1499 1017 5.9710062803517205 0.387407720883716
107 1500 1017 5.487523667374905 0.45566631948539404
107 1501 1017 5.1548924334072925 0.5160484776395746
107 1502 1017 5.003290517249603 0.5563459159033414
107 1503 1017 5.049050999940468 0.5662308020755573
107 1504 1017 5.28705173040702 0.5428893146866001
107 1505 1017 5.693234230206931 0.492786214459124
107 1506 1017 6.2348148328559 0.4277513596233427
107 1507 1017 6.879892150317473 0.35924454037827125
107 1508 1017 7.602165217883654 0.29505411076669974
107 1495 1018 8.295837269377913 0.20927134092511104
107 1496 1018 7.435113718027426 0.2681471207552233
107 1497 1018 6.6136915561583045 0.34351966933853795
107 1498 1018 5.848154922708503 0.4377995030025082
107 1499 1018 5.163420959015421 0.5505195990551188
107 1500 1018 4.595749775607867 0.6744091163081458
107 1501 1018 4.192960290773072 0.7907996805411655
107 1502 1018 4.005111234410331 0.8698889509050367
107 1503 1018 4.062131952558887 0.883732738075522
107 1504 1018 4.354413393328648 0.8267560331105422
107 1505 1018 4.839516091511625 0.7205846812072157
107 1506 1018 5.466343933562906 0.59662015255092
107 1507 1018 6.1920041989649865 0.47831015818199235
107 1508 1018 6.985765240830818 0.3767632844126456
107 1495 1019 7.863136524313922 0.2540138648756079
107 1496 1019 6.949022665094686 0.33497930001964354
107 1497 1019 6.062088419018622 0.444740588188354
107 1498 1019 5.216216636605475 0.5923427227396553
107 1499 1019 4.434965163335533 0.7853907513396885
107 1500 1019 3.7588450353798577 1.0210525416305032
107 1501 1019 3.2540614622345165 1.2669011142439297
107 1502 1019 3.0081416190066377 1.4434598163789745
107 1503 1019 3.0836530284712502 1.4590540618254229
107 1504 1019 3.45961211698652 1.3040812424105657
107 1505 1019 4.053259922580834 1.0630586472561467
107 1506 1019 4.78423619818253 0.8222643390995201
107 1507 1019 5.599010269681603 0.6213754716121467
107 1508 1019 6.465981441359084 0.4665695431522747
107 1494 1020 8.50746237135373 0.2235734089024549
107 1495 1020 7.539026197062832 0.2986801598212271
107 1496 1020 6.580039209609597 0.4048085871471026
107 1497 1020 5.635327497138008 0.5572160298356273
107 1498 1020 4.713482364451973 0.7790497322475309
107 1499 1020 3.8310463322700503 1.1029966701947904
107 1500 1020 3.0227332002675724 1.5630479911919872
107 1501 1020 2.365780209571438 2.14214162991222
107 1502 1020 2.0141787408271177 2.6255434971668774
107 1503 1020 2.1253037429976804 2.612800250975751
107 1504 1020 2.6413852426331124 2.117215125233161
107 1505 1020 3.3818509724705526 1.5408236869217953
107 1506 1020 4.230474677858273 1.0868546791860814
107 1507 1020 5.133898713453558 0.767944795901666
107 1508 1020 6.067694455062823 0.5496178101268244
107 1494 1021 8.329760860913094 0.24770550045482603
107 1495 1021 7.337909511570697 0.33620959152706165
107 1496 1021 6.3486152820910275 0.4654735672985356
107 1497 1021 5.363293391191625 0.6600099518252084
107 1498 1021 4.3846226747577495 0.963607240455935
107 1499 1021 3.4183206403144575 1.4584970887128461
107 1500 1021 2.4788941082668052 2.3039504954705037
107 1501 1021 1.6139752166622372 3.7688382619410734
107 1502 1021 1.03194767309198 5.6587990331049625
107 1503 1021 1.234874892448619 5.249683479722404
107 1504 1021 1.9962254381707554 3.327637077208544
107 1505 1021 2.9060137645923256 2.0452009526770185
107 1506 1021 3.860688539626073 1.309178615375329
107 1507 1021 4.833726926502999 0.8734438861543455
107 1508 1021 5.815919187884248 0.603019674253704
107 1494 1022 8.2700009673518 0.2620970810519202
107 1495 1022 7.2700011004125535 0.3583313044475001
107 1496 1022 6.2700012759169175 0.5009769184994831
107 1497 1022 5.270001518026328 0.7202773171112599
107 1498 1022 4.27000187353587 1.0739935265738385
107 1499 1022 3.270002446482247 1.6839441005219908
107 1500 1022 2.270003524226321 2.848654643445118
107 1501 1022 1.2700062991969583 5.521204187487184
107 1502 1022 0.2700296280040217 15.914413111273651
107 1503 1022 0.7300109588218705 8.87077029757372
107 1504 1022 1.7300046242712945 3.974027305091236
107 1505 1022 2.7300029304013758 2.209203436062101
107 1506 1022 3.7300021447715195 1.358525546780444
107 1507 1022 4.73000169133164 0.8887340091289431
107 1508 1022 5.730001396160406 0.6069152892451475
107 1495 1023 7.338999659354112 0.35910249137868666
107 1496 1023 6.349875274365616 0.4994132023667542
107 1497 1023 5.364784804631015 0.7120032984339796
107 1498 1023 4.386446853661843 1.0464606459470487
107 1499 1023 3.420660170201056 1.596630693388261
107 1500 1023 2.482119255797343 2.5429351588784117
107 1501 1023 1.6189243342417188 4.152112789431981
107 1502 1023 1.039671101839437 5.8268626156864025
107 1503 1023 1.2413363766522212 4.812759672675213
107 1504 1023 2.000228986891276 2.9894817323544958
107 1505 1023 2.9087653738313337 1.8525426988250748
107 1506 1023 3.8627601530512057 1.1974856755527523
107 1507 1023 4.835381680901747 0.8054288163552215
107 1508 1023 5.817294560188632 0.5596904467110477
107 1495 1024 7.541148188439199 0.3383012226830901
107 1496 1024 6.582470356940458 0.46134787216909345
107 1497 1024 5.638166013873651 0.6390686395504641
107 1498 1024 4.716875660858565 0.8984252214501695
107 1499 1024 3.835220463024252 1.2745627825519228
107 1500 1024 3.02802179648694 1.7905383278598823
107 1501 1024 2.372533666779047 2.3682313690257417
107 1502 1024 2.022106822104131 2.6820127948435735
107 1503 1024 2.132818792115285 2.4290052423253212
107 1504 1024 2.647435740485525 1.860481707064555
107 1505 1024 3.3865788046345795 1.3292558010748865
107 1506 1024 4.234255070257366 0.9367649112232729
107 1507 1024 5.137014307941944 0.6653111367695803
107 1508 1024 6.070330798234993 0.4793919445288362
107 1496 1025 6.952475530341685 0.3993796489242084
107 1497 1025 6.066046158742935 0.53144763658869
107 1498 1025 5.220815645088415 0.7064185017502667
107 1499 1025 4.440373407721472 0.9268674291586879
107 1500 1025 3.765224561696159 1.1741196435497845
107 1501 1025 3.261428521369136 1.3867260564815984
107 1502 1025 3.0161094144609715 1.4688936624216808
107 1503 1025 3.091426208079394 1.3716577007394744
107 1504 1025 3.4665423695665654 1.152217814360024
107 1505 1025 4.059176763827884 0.9056112356189908
107 1506 1025 4.789250045675236 0.6889248215296819
107 1507 1025 5.603295101991353 0.5180460066179176
107 1497 1026 6.618528235189449 0.4202460336146401
107 1498 1026 5.853624176525172 0.5297861415072207
107 1499 1026 5.169614685834915 0.652198576844395
107 1500 1026 4.602707464091115 0.7709472620050685
107 1501 1026 4.2005851973266894 0.8577440452979425
107 1502 1026 4.013093071435067 0.8831721845752719
107 1503 1026 4.070001965601513 0.8371067142296935
107 1504 1026 4.361756068374321 0.7373784264387279
107 1505 1026 4.8461238118727685 0.6150351222564031
107 1499 1027 5.977701564982989 0.45743838773197754
107 1500 1027 5.494808094920159 0.5168483142349269
107 1501 1027 5.162646220689555 0.5556874359855835
107 1502 1027 5.011278878689569 0.5639449370804808
107 1503 1027 5.056967075233951 0.5392721516331248
334 946 1899 8.533092112475906 0.37208174511567993
334 944 1900 8.052307805840435 0.4162862364669857
334 945 1900 7.7363855255538265 0.46497289132574
334 946 1900 7.540799758646207 0.4926295347216621
334 947 1900 7.475002408026278 0.49186672010738364
334 948 1900 7.542390933914695 0.46290124596471954
334 943 1901 7.607736917112674 0.44665330027888256
334 944 1901 7.133698970379882 0.5364659132195659
334 945 1901 6.775076457133081 0.6156027652646565
334 946 1901 6.550851929329412 0.6641435958840434
334 947 1901 6.475002779922092 0.6663285551079698
334 948 1901 6.552683496095227 0.6213817890829242
334 949 1901 6.778617926981776 0.544108595055803
334 942 1902 7.4105101713714205 0.4339627617617465
334 943 1902 6.776994983028925 0.5561739815384881
334 944 1902 6.240165142045455 0.6941168511790117
334 945 1902 5.826805385457722 0.8261931567076589
334 946 1902 5.564500067391415 0.9150436548025817
334 947 1902 5.475003287670154 0.9250553338791037
334 948 1902 5.566656177634734 0.8516515963175615
334 949 1902 5.830922825762564 0.7257203821170989
334 950 1902 6.245931555820864 0.5865754601862971
334 941 1903 7.480217978107291 0.383849724682973
334 942 1903 6.7056439660930005 0.5139866193131671
334 943 1903 5.998138127785939 0.685470143695925
334 944 1903 5.384204769508618 0.8972677062275128
334 945 1903 4.899149007735863 1.123182053459106
334 946 1903 4.584065989926327 1.2945455203786391
334 947 1903 4.47500402234447 1.325471438896075
334 948 1903 4.58668300626925 1.1970812093591257
334 949 1903 4.904045370915635 0.9809163234033993
334 950 1903 5.3908868472635385 0.7588897493737834
334 941 1904 6.92846743515474 0.4306205475051987
334 942 1904 6.084049720375372 0.5949178215949635
334 943 1904 5.294115695751236 0.8280216679478746
334 944 1904 4.58690102356695 1.1475417154658103
334 945 1904 4.00645242078319 1.5396809557919946
334 946 1904 3.614368686229924 1.8916302173490176
334 947 1904 3.4750051798521637 1.9826371687523798
334 948 1904 3.6176872446356265 1.7352320039172442
334 949 1904 4.012438286129677 1.3402200316807724
334 950 1904 4.594742756673022 0.9780526498599564
334 951 1904 5.3031746152657595 0.7026729011500639
334 941 1905 6.484879412911229 0.4693084623937542
334 942 1905 5.57365777564427 0.6666395542316359
334 943 1905 4.698687157068427 0.9668946515174514
334 944 1905 3.8845412856603443 1.4263579194903584
334 945 1905 3.1783110294619785 2.0973214626431593
334 946 1905 2.667144727981518 2.869653485899799
334 947 1905 2.4750072727164962 3.160053098488644
334 948 1905 2.6716401329519464 2.608221176513793
334 949 1905 3.185853260901926 1.8339325169697835
334 950 1905 3.8937977605416774 1.2403792918478989
334 951 1905 4.708891695505358 0.8450164037395473
334 941 1906 6.172816294042783 0.4941088731382952
334 942 1906 5.207270014124485 0.7163513286307933
334 943 1906 4.257659098612753 1.073510528841165
334 944 1906 3.3376130692457298 1.675190126551198
334 945 1906 2.4802542208410503 2.7315447782258633
334 946 1906 1.7786683220881256 4.474921169900998
334 947 1906 1.4750122033392576 5.614457781897158
334 948 1906 1.7854021955849821 4.047939897894775
334 949 1906 2.4899118458290084 2.4485391819128965
334 950 1906 3.3483818479975613 1.5151924311562226
334 951 1906 4.268918012798969 0.9801438594217166
334 941 1907 6.012791448237686 0.5006475708017383
334 942 1907 5.016538746984836 0.7328471352511288
334 943 1907 4.0221463175772385 1.1165056734152372
334 944 1907 3.0314453648383775 1.7984195599320862
334 945 1907 2.049795355639198 3.1530192528124252
334 946 1907 1.1016628340830827 6.401661337268567
334 947 1907 0.4750378932252808 13.023705300449492
334 948 1907 1.112502134829348 6.011197704863027
334 949 1907 2.061470591592274 3.0053483535627836
334 950 1907 3.043297717936867 1.7283411314453294
334 951 1907 4.034062592474203 1.0785336309069506
334 941 1908 6.016947814299243 0.48768290598066155
334 942 1908 5.021519789864456 0.7119605526879661
334 943 1908 4.028357109294101 1.0806931197612486
334 944 1908 3.039681068796571 1.7311576468249927
334 945 1908 2.061955625128778 3.0064663616555216
334 946 1908 1.1241267722103907 5.977883864459538
334 947 1908 0.5250342845949159 12.324170740441422
334 948 1908 1.1347515146498104 6.272898926246245
334 949 1908 2.073562393563305 3.1206343545802455
334 950 1908 3.0515014337207718 1.7856308526261617
334 951 1908 4.040255066205582 1.1102716859660313
334 941 1909 6.184954405652528 0.45764048791962014
334 942 1909 5.221653090736741 0.658928698227188
334 943 1909 4.275238122023206 0.978827573983204
334 944 1909 3.360009077368757 1.5103375759159354
334 945 1909 2.5103109369160608 2.4310181984155395
334 946 1909 1.8203463956072574 3.981188473930497
334 947 1909 1.525011803233102 5.438340442809835
334 948 1909 1.8269266542475702 4.354970939279609
334 949 1909 2.519853368749889 2.6852298112476998
334 950 1909 3.370706305805967 1.655649930464618
334 951 1909 4.286450862893456 1.0640645796459438
334 941 1910 6.504126459410272 0.41558925892729476
334 942 1910 5.59603976040206 0.5854489591014753
334 943 1910 4.725215444823726 0.8416225221880032
334 944 1910 3.9165879282866394 1.2322710852613348
334 945 1910 3.217399726487303 1.8140977275134775
334 946 1910 2.7136066406169697 2.5623093880351893
334 947 1910 2.525007128702899 3.0829959574071073
334 948 1910 2.7180252022379046 2.800327034534518
334 949 1910 3.2248505391723734 2.0574499694357624
334 950 1910 3.925768841895851 1.405864969600183
334 951 1910 4.735362816089199 0.9560818999242372
334 942 1911 6.112745782379709 0.5041702930434846
334 943 1911 5.32706870614608 0.6985029587733345
334 944 1911 4.624895782609681 0.9697313640208121
334 945 1911 4.049896418428594 1.323891387950593
334 946 1911 3.6624665186183885 1.706097099674339
334 947 1911 3.5250051063793713 1.9416994569866837
334 948 1911 3.6657415348058278 1.8515026132814136
334 949 1911 4.055818166535641 1.5108485686639201
334 950 1911 4.63267320237468 1.1298077711888366
334 944 1912 5.425832747145916 0.7516388008225571
334 945 1912 4.944862080988805 0.9686486792123359
334 946 1912 4.632889055438397 1.1782586062715112
334 947 1912 4.525003977898894 1.3013050788556317
334 948 1912 4.635478508201798 1.2700585482017803
334 949 1912 4.949713224016186 1.1032892505894265
334 950 1912 5.43246362159938 0.8833019705181385
334 946 1913 5.613702966848269 0.8391080484072968
334 947 1913 5.525003257917682 0.9097862284978996
334 948 1913 5.61584018647263 0.8993453517470951
334 949 1913 5.877895967095784 0.8124931107404121
89 1635 932 10.447478595335816 0.18343690438350807
89 1636 932 10.485695446654944 0.20169801036878662
89 1637 932 10.618371296955122 0.21439988796345139
89 1638 932 10.842038968754935 0.21949876315970476
89 1639 932 11.15122455159077 0.2161004304394872
89 1634 933 9.510825884222665 0.20903329430346837
89 1635 933 9.447529253725548 0.238444025790224
89 1636 933 9.489773917222697 0.2630850664078487
89 1637 933 9.636171905897092 0.27894397643536556
89 1638 933 9.882095374969854 0.2829637764457945
89 1639 933 10.220362469110416 0.2743086766752963
89 1633 934 8.704125975650838 0.23001379538384056
89 1634 934 8.518321959165423 0.2729448337645841
89 1635 934 8.447591905389372 0.3143843179726712
89 1636 934 8.494810710074722 0.348171346049819
89 1637 934 8.6580487986613 0.36761700639384737
89 1638 934 8.93094670233792 0.368150793623279
89 1639 934 9.303859897913378 0.3496395883617865
89 1633 935 7.737429094990122 0.29972656349589505
89 1634 935 7.527802401763734 0.36161089908979804
89 1635 935 7.447671381042535 0.4215392279764395
89 1636 935 7.501187172708078 0.46871646372315096
89 1637 935 7.685558470273998 0.49152184265885823
89 1638 935 7.991733791862725 0.4832843493416421
89 1639 935 8.406414753032397 0.4464950521187279
89 1640 935 8.914471885647568 0.3911659066907758
89 1632 936 7.153587142126632 0.3132879424992958
89 1633 936 6.7803988820717365 0.3955155906727496
89 1634 936 6.540168881611532 0.4873077843985819
89 1635 936 6.447775507878668 0.5768164169515635
89 1636 936 6.509516802344104 0.6440498666080714
89 1637 936 6.721146405190143 0.6678038873337654
89 1638 936 7.069215585904886 0.6392264855277514
89 1639 936 7.534839679780901 0.5688785103560573
89 1640 936 8.097765679494618 0.47839639699514364
89 1630 937 7.461890444116631 0.23595956687515948
89 1631 937 6.81761021179704 0.3104043555543803
89 1632 937 6.267360608741089 0.4074679615847989
89 1633 937 5.837791448827172 0.5291835583225186
89 1634 937 5.556960410152283 0.6701388163976828
89 1635 937 5.447917859145823 0.8094558593861496
89 1636 937 5.520852198709923 0.9074138767621223
89 1637 937 5.768865486384683 0.9230128931169314
89 1638 937 6.170883972333344 0.8486574222787578
89 1639 937 6.699239434443341 0.7178983714905336
89 1640 937 7.326650599011865 0.5741961347171914
89 1641 937 8.029932066960535 0.44495103009783493
89 1629 938 7.548894554833768 0.21765417914842217
89 1630 938 6.766521188912297 0.2917867331164422
89 1631 938 6.048620421219972 0.3940086446245704
89 1632 938 5.420867919438682 0.5336801470790734
89 1633 938 4.917906973499971 0.718545894827572
89 1634 938 4.581027068245703 0.9443966437441176
89 1635 938 4.448124211395181 1.173456356248673
89 1636 938 4.537158692397719 1.3191553068368203
89 1637 938 4.835887612424463 1.296860188726677
89 1638 938 5.309030890850095 1.1210988198306928
89 1639 938 5.914880303100032 0.8865850945334535
89 1640 938 6.617084629956074 0.6690090580280694
89 1641 938 7.388220963127801 0.4955452353037382
89 1629 939 7.0065547168347235 0.26169810356391954
89 1630 939 6.155632298959961 0.35901748905946235
89 1631 939 5.35647356009523 0.49919863554143257
89 1632 939 4.635925905361242 0.7018625605818115
89 1633 939 4.036311311085858 0.9899260066729516
89 1634 939 3.618260493662641 1.3712372319839776
89 1635 939 3.4484502316257952 1.7779328241891934
89 1636 939 3.5625565258673695 1.9957137790148796
89 1637 939 3.9359635414978587 1.8394202804837292
89 1638 939 4.504643049121711 1.4470433380627292
89 1639 939 5.204979250679173 1.0523808380536968
89 1640 939 5.990977299239324 0.7469778943034932
89 1641 939 6.8331404932140165 0.5305387423024218
89 1628 940 7.50984746849087 0.22586884052423625
89 1629 940 6.572504012931366 0.31129436221893275
89 1630 940 5.656660587307593 0.43724922426906404
89 1631 940 4.774705121784932 0.6274057162075074
89 1632 940 3.949406157892532 0.9209345376617714
89 1633 940 3.224563381296704 1.37858879572861
89 1634 940 2.6828732731904825 2.063794607567612
89 1635 940 2.4490424659445975 2.8747332116285325
89 1636 940 2.607260823162918 3.172042528594671
89 1637 940 3.0980330856852323 2.566797648277804
89 1638 940 3.7944444916220004 1.7653908724730427
89 1639 940 4.6041078397449295 1.1740247297609379
89 1640 940 5.477025561379178 0.7896006286457248
89 1641 940 6.387316259588301 0.5427703640809944
89 1628 941 7.245951214298832 0.25999684254865546
89 1629 941 6.269274997956215 0.36432890437851895
89 1630 941 5.301302575782586 0.5232235072035067
89 1631 941 4.34785107840635 0.774420376375095
89 1632 941 3.4210830156544643 1.1900604367976935
89 1633 941 2.550256653750682 1.9148351264391905
89 1634 941 1.8176383028534053 3.2242405023279086
89 1635 941 1.4504513090758993 5.190333803646775
89 1636 941 1.7040566305144238 5.245083799498884
89 1637 941 2.3882648513094926 3.2786907005188075
89 1638 941 3.240958037371131 1.9453032082639432
89 1639 941 4.159784730007157 1.2071176216522694
89 1640 941 5.1091886831473445 0.7844833899475591
89 1641 941 6.074850533140801 0.5294612304774506
89 1627 942 8.112324512739768 0.2116125780416662
89 1628 942 7.114057140619459 0.2935049141363253
89 1629 942 6.116355859496641 0.41670861308122265
89 1630 942 5.119551640524692 0.6091411840624592
89 1631 942 4.124294970052367 0.9247957918828146
89 1632 942 3.1320614617212477 1.4787832533544574
89 1633 942 2.147046576113248 2.5542507623247177
89 1634 942 1.1873537804714323 5.027348353043108
89 1635 942 0.45804912400307485 12.158330287358945
89 1636 942 1.0048925315675135 7.36854895934113
89 1637 942 1.9518732028490857 3.4066281530775733
89 1638 942 2.9342476037309 1.8759352777799363
89 1639 942 3.9255329574467606 1.1373246168317421
89 1640 942 4.920346430892939 0.7332029541304518
89 1641 942 5.9169087368321875 0.49362805017002376
89 1627 943 8.11885515328353 0.2316716556298557
89 1628 943 7.121503282313272 0.3232408734189053
89 1629 943 6.125015020389656 0.462276251221673
89 1630 943 5.12989366361517 0.6819846812078387
89 1631 943 4.137125693038495 1.047968921507558
89 1632 943 3.14893775740319 1.7041567567269431
89 1633 943 2.171591351981218 3.018755073329826
89 1634 943 1.231181952434244 6.172483375830707
89 1635 943 0.5619688603472427 11.855787669416051
89 1636 943 1.0563186072393882 5.616424305477505
89 1637 943 1.9788403169534279 2.805423485720003
89 1638 943 2.9522549009190455 1.60336776564889
89 1639 943 3.939011170332055 0.9937268512034271
89 1640 943 4.931106265332445 0.6502289766439115
89 1627 944 8.247533510086425 0.24757455576841825
89 1628 944 7.267861377324055 0.3455514939157124
89 1629 944 6.2945856893046495 0.4937759742389279
89 1630 944 5.33121083807413 0.7260447653233616
89 1631 944 4.38426835401293 1.1057156246821382
89 1632 944 3.467248044198659 1.7564097733681574
89 1633 944 2.6118592994262935 2.906101496892095
89 1634 944 1.9031050943129209 4.659036778737535
89 1635 944 1.5562162446138306 5.112858905968989
89 1636 944 1.7949398318607104 3.4001389406386284
89 1637 944 2.4539374482656107 2.0433707371860765
89 1638 944 3.2896518052828205 1.2688144220883921
89 1639 944 4.1978338461640785 0.8229743268418265
89 1640 944 5.140214878777042 0.5541053965826981
89 1627 945 8.492809252538203 0.25746561273096746
89 1628 945 7.545051954758078 0.3571314364403508
89 1629 945 6.612700582969024 0.5050751394852929
89 1630 945 5.703315614622696 0.7295386458024937
89 1631 945 4.8298870587208595 1.0755770901255826
89 1632 945 4.015944347223878 1.6038358249356395
89 1633 945 3.3057236726622516 2.3301611787018914
89 1634 945 2.7798937030037294 2.9614341876174297
89 1635 945 2.5549577295916204 2.841348539549895
89 1636 945 2.706992611737267 2.1236053375835082
89 1637 945 3.1824218764960017 1.4417658204623771
89 1638 945 3.8636522876677857 0.9679702072438734
89 1639 945 4.66130979446772 0.6599218594645035
89 1627 946 8.84498778970319 0.2600525431507102
89 1628 946 7.939383414346399 0.35606572940549097
89 1629 946 7.059306552346262 0.49374057600474175
89 1630 946 6.215610106819687 0.6914548035051996
89 1631 946 5.425293448284547 0.9696509122371275
89 1632 946 4.715274011125909 1.3322963948427449
89 1633 946 4.127203532659808 1.7107744222553227
89 1634 946 3.7193828789195367 1.9074200237160763
89 1635 946 3.554406982887576 1.760453792709186
89 1636 946 3.6652160918559966 1.394706278701925
89 1637 946 4.029120127273488 1.0219365637848183
89 1638 946 4.58626307575138 0.7296783786586829
89 1628 947 8.43444183096894 0.34253642549447016
89 1629 947 7.611820347328152 0.4622128807107429
89 1630 947 6.836651885243174 0.6222049571704329
89 1631 947 6.126973886022301 0.8240704130655769
89 1632 947 5.508158403677168 1.0469031366182706
89 1633 947 5.013961407908879 1.2273468174602142
89 1634 947 4.68399498291787 1.2763271652323656
89 1635 947 4.554098044618709 1.163273178366002
89 1636 947 4.641099977376068 0.9545560338543447
89 1637 947 4.933539196155263 0.735520024063955
89 1628 948 9.013645710809731 0.3187523988576683
89 1629 948 8.248988362217446 0.41662866411183386
89 1630 948 7.539615971652604 0.5373943837123388
89 1631 948 6.902594367337488 0.6735603608780133
89 1632 948 6.359701958425363 0.8020768878017251
89 1633 948 5.9368180871574285 0.8839144796727583
89 1634 948 5.660901783285042 0.884319002036736
89 1635 948 5.553900341201663 0.8030984143571558
89 1636 948 5.62546078112719 0.6748143555744529
89 1629 949 8.952754268938628 0.3642435021991045
89 1630 949 8.303722598931099 0.4507613679486945
89 1631 949 7.729929430466957 0.5383629593298688
89 1632 949 7.249262652159832 0.6098813776064872
89 1633 949 6.88126507264468 0.6447418311975045
89 1634 949 6.644682761426595 0.6305976097266786
89 1635 949 6.55376296489276 0.5726474570659363
89 1631 950 8.594056609075787 0.42567597087463516
89 1632 950 8.164423372167773 0.4644721127242132
89 1633 950 7.839503109253774 0.47730681297522054
89 1634 950 7.632680328691865 0.4604128524439013
317 1239 1838 11.891633403363802 0.127894389141773
317 1236 1839 11.442943021792862 0.13055948006783508
317 1237 1839 11.17340346537249 0.1449482731601385
317 1238 1839 10.988582483650834 0.1564128989109482
317 1239 1839 10.89279325976574 0.1634365736543984
317 1240 1839 10.8883857848626 0.16497098279338132
317 1241 1839 10.97547014938303 0.16077483024996725
317 1234 1840 11.33026676649752 0.12051752091914067
317 1235 1840 10.875612396550281 0.1419245774910366
317 1236 1840 10.496806419097103 0.16384423639997786
317 1237 1840 10.20230096595852 0.18435247684689784
317 1238 1840 9.999547239750315 0.2009868425670998
317 1239 1840 9.894187435054894 0.21125034240979979
317 1240 1840 9.889334911913851 0.2133692637718085
317 1241 1840 9.985136203377404 0.20695473029047573
317 1242 1840 10.178749677637137 0.193160030850117
317 1243 1840 10.46474772748957 0.17422664233079074
317 1233 1841 11.03235899524659 0.12061311877928702
317 1234 1841 10.469811125325917 0.14669510921708456
317 1235 1841 9.9760184943693 0.17594820811704043
317 1236 1841 9.561639242305596 0.2068335554140334
317 1237 1841 9.237366778470925 0.23657378382245123
317 1238 1841 9.012932097824676 0.2612618029352542
317 1239 1841 8.89589483975605 0.2766625176619583
317 1240 1841 8.890497455148296 0.2796531424127709
317 1241 1841 8.996940868984208 0.26958313241723175
317 1242 1841 9.211348706894029 0.248585471259472
317 1243 1841 9.526434012787696 0.2205912468142948
317 1244 1841 9.932620248453995 0.18980130102544543
317 1232 1842 10.911046925020464 0.11508741518319829
317 1233 1842 10.24475207118252 0.14378343801493923
317 1234 1842 9.636334624741844 0.17836736259614058
317 1235 1842 9.097414193054998 0.218537035056904
317 1236 1842 8.641003703274205 0.26254515696543435
317 1237 1842 8.280757513657704 0.30648177265322873
317 1238 1842 8.029629194427256 0.34408605471412684
317 1239 1842 7.898034249102653 0.3679365753624955
317 1240 1842 7.891954447410256 0.3722705367808355
317 1241 1842 8.01167554260646 0.35594943792285033
317 1242 1842 8.251723759312263 0.3231135207947191
317 1243 1842 8.602031446117742 0.28090739880988613
317 1244 1842 9.049803589028796 0.2363149379151622
317 1245 1842 9.581385338248248 0.19424837188417912
317 1232 1843 10.212391737492188 0.13386154507519857
317 1233 1843 9.497207221072873 0.17047439890941907
317 1234 1843 8.837473903780351 0.21617934999790758
317 1235 1843 8.246511080450855 0.27145505354255806
317 1236 1843 7.740086885817155 0.334775839376085
317 1237 1843 7.33573070661667 0.4009584877504104
317 1238 1843 7.051024393660733 0.4599705353310538
317 1239 1843 6.90079307036508 0.49834739408197154
317 1240 1843 6.893833839018656 0.5048375250796087
317 1241 1843 7.0305721673274 0.4773344535958857
317 1242 1843 7.302940845987916 0.4243576299894453
317 1243 1843 7.696554099075683 0.35940770149261797
317 1244 1843 8.193957834892652 0.29417363826629167
317 1245 1843 8.777524992843864 0.23558010910043076
317 1246 1843 9.431274834294602 0.18630756749883376
317 1231 1844 10.374533483487289 0.1190288917633741
317 1232 1844 9.567389664898096 0.15425530933363366
317 1233 1844 8.799940056613961 0.20045089159170906
317 1234 1844 8.0834983144675 0.2603719182940182
317 1235 1844 7.432828869279778 0.33625341969472333
317 1236 1844 6.866654571186678 0.4279621692280377
317 1237 1844 6.407413284625778 0.5295855377858847
317 1238 1844 6.079386893429213 0.6254091473837062
317 1239 1844 5.904485159605272 0.6901511461743821
317 1240 1844 5.896350142248923 0.700286986161168
317 1241 1844 6.05565396963853 0.6516353313309611
317 1242 1844 6.369846544462345 0.5630261779195789
317 1243 1844 6.817546846190269 0.4610247734286776
317 1244 1844 7.374479303652487 0.3649729511708728
317 1245 1844 8.017914005525306 0.2836419996202055
317 1246 1844 8.728742463837438 0.2186234310651166
317 1231 1845 9.842405447856693 0.13325028823217125
317 1232 1845 8.987599512661827 0.17558555301837409
317 1233 1845 8.165840128241497 0.23291276353389054
317 1234 1845 7.388162491445291 0.3103477096329025
317 1235 1845 6.670003373312422 0.41355057984710114
317 1236 1845 6.0326565458344374 0.5464323645292072
317 1237 1845 5.504266072783826 0.7050708665915792
317 1238 1845 5.118685866509009 0.866750412862112
317 1239 1845 4.909678706392006 0.9827096658771481
317 1240 1845 4.8998923457560855 0.9994503412044589
317 1241 1845 5.090475910953618 0.9078780114611196
317 1242 1845 5.460489446926811 0.753476500259289
317 1243 1845 5.976700176518734 0.5904626545662649
317 1244 1845 6.604918243248667 0.44909115153473794
317 1245 1845 7.31634779107712 0.3374706680779654
317 1246 1845 8.089063295586149 0.2531130520182074
317 1247 1845 8.907128886459375 0.19050797329604144
317 1231 1846 9.38695610941051 0.1469941592188069
317 1232 1846 8.486397645644429 0.19675876690227218
317 1233 1846 7.610712515921179 0.26627152446291735
317 1234 1846 6.7695601777367544 0.36408075697637166
317 1235 1846 5.977536700012747 0.5017228671643038
317 1236 1846 5.256894996097913 0.69225558546767
317 1237 1846 4.641006895060518 0.9420408334431153
317 1238 1846 4.1764751884812235 1.2261068850042598
317 1239 1846 3.917517708957966 1.4505753782061233
317 1240 1846 3.9052458309303995 1.4804894084679665
317 1241 1846 4.141852846251211 1.2934827047211142
317 1242 1846 4.589002614947964 1.0123565966432808
317 1243 1846 5.192585579458393 0.749524862346787
317 1244 1846 5.904823875442793 0.5440881677013815
317 1245 1846 6.691109399793075 0.3943649321490139
317 1246 1846 7.528276363152408 0.28775570516538995
317 1247 1846 8.401127602887557 0.21206115612095092
317 1230 1847 9.972609738679214 0.1190584033286401
317 1231 1847 9.01980847911969 0.15936334612182765
317 1232 1847 8.078424660786252 0.21627418828147235
317 1233 1847 7.152967565982631 0.29802282838270183
317 1234 1847 6.250515578734244 0.4175327471071292
317 1235 1847 5.382652227294596 0.5950108689884048
317 1236 1847 4.5691295669962635 0.8605081148811968
317 1237 1847 3.8445994589813206 1.250008087802107
317 1238 1847 3.268783412831058 1.7667120119538997
317 1239 1847 2.9306901917465544 2.248196368945665
317 1240 1847 2.91426577374121 2.3084218692494995
317 1241 1847 3.224429406887279 1.8821200711316457
317 1242 1847 3.7816590274639315 1.3500992568833194
317 1243 1847 4.494991101214711 0.9312692228750665
317 1244 1847 5.301786962902172 0.6425034597601301
317 1245 1847 6.165463891711591 0.4493050167992434
317 1246 1847 7.0651924956082715 0.31954675863830145
317 1247 1847 7.98880122421377 0.23110664957976743
317 1230 1848 9.73113277064904 0.1254905016475504
317 1231 1848 8.752082323653022 0.16937027378291974
317 1232 1848 7.778363902518297 0.23235575337711098
317 1233 1848 6.81226430784946 0.324880807222999
317 1234 1848 5.85755452386059 0.4645052167360671
317 1235 1848 4.920868317685372 0.6818322042608342
317 1236 1848 4.014840594593969 1.0317143857029116
317 1237 1848 3.165903504530682 1.6111632657982877
317 1238 1848 2.4345317824993886 2.554380268414725
317 1239 1848 1.9572800004086401 3.7338093023730936
317 1240 1848 1.9326005795299872 3.8819385242346054
317 1241 1848 2.3746462894502076 2.7555498819561564
317 1242 1848 3.089165744986765 1.7432889867132717
317 1243 1848 3.930260169505275 1.111060253020994
317 1244 1848 4.832281552227646 0.7302445791280785
317 1245 1848 5.766710067274028 0.4950426221530609
317 1246 1848 6.720040550472864 0.3447875181300289
317 1247 1848 7.685242026117305 0.24571565371658563
317 1230 1849 9.588375514131675 0.1297864855734188
317 1231 1849 8.593075409886723 0.17608565491908287
317 1232 1849 7.599009474924996 0.2432401706827913
317 1233 1849 6.606734821377339 0.3433238116478888
317 1234 1849 5.617200815352772 0.4975502300784667
317 1235 1849 4.632164181028113 0.7454757287305093
317 1236 1849 3.6552626444620704 1.166720696934631
317 1237 1849 2.69535619167483 1.9382390888606327
317 1238 1849 1.780153083304871 3.5002261439772253
317 1239 1849 1.0358305846034068 6.776879418621914
317 1240 1849 0.9884052812484523 7.3004785813311495
317 1241 1849 1.697334675307091 3.810069643519431
317 1242 1849 2.604792698085555 2.083273736637915
317 1243 1849 3.5621545446540948 1.2422394652103168
317 1244 1849 4.537945019499444 0.7883904629560888
317 1245 1849 5.522403914963103 0.5235495784742825
317 1246 1849 6.511600801646229 0.3598517722136728
317 1247 1849 7.503662105931997 0.25414820333468824
317 1230 1850 9.548766674288364 0.13157368271406888
317 1231 1850 8.548856356261933 0.17881839966701618
317 1232 1850 7.548969797263734 0.24757364968357373
317 1233 1850 6.549117879531567 0.35051623642130897
317 1234 1850 5.549319327629294 0.5102127107261616
317 1235 1850 4.549609323887056 0.769613795523554
317 1236 1850 3.5500626755030726 1.218276755500547
317 1237 1850 2.550871419730919 2.0696927612441565
317 1238 1850 1.552721803801321 3.959481952167147
317 1239 1850 0.561199607982779 9.959126055455593
317 1240 1850 0.46791559067851246 11.180828741592075
317 1241 1850 1.4570329440338736 4.240021554690175
317 1242 1850 2.454983706666913 2.1826281731399644
317 1243 1850 3.454120003705721 1.274258455592381
317 1244 1850 4.453644013614021 0.8007266269229856
317 1245 1850 5.453342552966942 0.5288364179719023
317 1246 1850 6.4531345096782236 0.36226924224643314
317 1247 1850 7.452982288990093 0.25529320219257085
317 1231 1851 8.621191622971864 0.1772714479106154
317 1232 1851 7.630789277656686 0.24478019106596596
317 1233 1851 6.643263128914904 0.3452567550206145
317 1234 1851 5.660118815007352 0.4997395092341482
317 1235 1851 4.684116245355171 0.7470861205045706
317 1236 1851 3.7208796003096127 1.1641288018531883
317 1237 1851 2.783692691372419 1.9151883555296103
317 1238 1851 1.9112679037749307 3.3677041476186407
317 1239 1851 1.2477760215680593 5.94916027814654
317 1240 1851 1.2086955778856023 6.084002027861253
317 1241 1851 1.8343786413933756 3.4721455075617973
317 1242 1851 2.696098106523612 1.9680714327613258
317 1243 1851 3.6294551932762857 1.192471908041966
317 1244 1851 4.590963406519398 0.7634132674954697
317 1245 1851 5.566052910276742 0.509705698255434
317 1246 1851 6.548659786551764 0.351621592920393
317 1247 1851 7.535844013778429 0.24899363535871216
317 1231 1852 8.80720983058769 0.17161409300983962
317 1232 1852 7.8403408726917245 0.23523353603930366
317 1233 1852 6.882945953587056 0.32842917731063737
317 1234 1852 5.939608152058553 0.4684190461458349
317 1235 1852 5.018261153029046 0.684592249821337
317 1236 1852 4.133635808825012 1.0275860060612556
317 1237 1852 3.315259416697344 1.579349945444332
317 1238 1852 2.6258227282130844 2.4220654562026374
317 1239 1852 2.1906494470819386 3.3354360330756987
317 1240 1852 2.1686274461051167 3.3427057102928943
317 1241 1852 2.5703978291308127 2.4330757691721088
317 1242 1852 3.2420587594922448 1.5871485741022886
317 1243 1852 4.051536128433312 1.0324592152632615
317 1244 1852 4.931424236465606 0.6876312338128108
317 1245 1852 5.8500380340644265 0.4703610665751613
317 1246 1852 6.791682044972393 0.32970573100908634
317 1231 1853 9.09994203278244 0.16244038296956528
317 1232 1853 8.167799275202631 0.2201445947105653
317 1233 1853 7.253753855763278 0.3026680336092254
317 1234 1853 6.3656064125895035 0.4224604933121372
317 1235 1853 5.515881162606806 0.5982867727670905
317 1236 1853 4.725351309691228 0.8560487463385585
317 1237 1853 4.029012906407797 1.2206562588961853
317 1238 1853 3.483811849110195 1.6726057717745122
317 1239 1853 3.1687450197200455 2.0418398203612043
317 1240 1853 3.1535606859549397 2.035311656588969
317 1241 1853 3.4422296553252494 1.6594737522918295
317 1242 1853 3.968997984378498 1.2086658128847814
317 1243 1853 4.653702289575535 0.8472562029842937
317 1244 1853 5.436997792900101 0.5922430142139159
317 1245 1853 6.282113099905204 0.41835327425090746
317 1246 1853 7.167213196215148 0.2998557471891412
317 1232 1854 8.599706099629266 0.20122271369760633
317 1233 1854 7.736856273707093 0.2714545195585626
317 1234 1854 6.9110740843953335 0.3693322552686043
317 1235 1854 6.137340221952893 0.5049931350902265
317 1236 1854 5.43791734030601 0.688206189537097
317 1237 1854 4.845094942310293 0.9187662284222351
317 1238 1854 4.402152314493534 1.1634392054322342
317 1239 1854 4.1572761515204615 1.3327353179050498
317 1240 1854 4.145714051885486 1.325938463581419
317 1241 1854 4.369318596760915 1.1477430309882894
317 1242 1854 4.79530447417062 0.9018331453898667
317 1243 1854 5.375773897775162 0.6740084202273666
317 1244 1854 6.066543084821928 0.49425625178752625
317 1245 1854 6.834247946921502 0.3615330973029898
317 1246 1854 7.6557785365043545 0.26585672185753445
317 1232 1855 9.121235935990308 0.18027091583053945
317 1233 1855 8.312697817195149 0.2381593380649793
317 1234 1855 7.550161918793595 0.31541467457319283
317 1235 1855 6.849010512475578 0.41651034907891055
317 1236 1855 6.230003611556014 0.5430643927236654
317 1237 1855 5.719872813271373 0.687658901651855
317 1238 1855 5.3498546709234045 0.8249485277038302
317 1239 1855 5.150237373170383 0.9104676513611197
317 1240 1855 5.140908966321128 0.905135465933074
317 1241 1855 5.322869996533915 0.8116582483462735
317 1242 1855 5.677758800794638 0.6716729747874808
317 1243 1855 6.175835570997738 0.5282008474762288
317 1244 1855 6.785642563530808 0.4042855985114501
317 1245 1855 7.479902740009455 0.3059448897160787
317 1233 1856 8.96342261638941 0.20542804085976138
317 1234 1856 8.261170921848862 0.2649600199969966
317 1235 1856 7.625676691284595 0.33878144041528135
317 1236 1856 7.0749519432997685 0.42528281319367767
317 1237 1856 6.630154221434157 0.5168023780494957
317 1238 1856 6.313710873963201 0.5969994210980248
317 1239 1856 6.145481673555065 0.6434986614854317
317 1240 1856 6.1376660873658775 0.6395414833989174
317 1241 1856 6.290862023602263 0.5866669860649385
317 1242 1856 6.593856610512633 0.5034315013038354
317 1243 1856 7.027299979366268 0.41184427563325904
317 1244 1856 7.568813975782542 0.32692738773644714
317 1233 1857 9.673931207115407 0.17498940289925546
317 1234 1857 9.027122742048064 0.2201656620850981
317 1235 1857 8.44943459646865 0.273541857309951
317 1236 1857 7.955937719716097 0.33268912158721875
317 1237 1857 7.563130634862878 0.39158917720376296
317 1238 1857 7.287313977042663 0.440237311290288
317 1239 1857 7.142054676351992 0.4670034279472263
317 1240 1857 7.135330756173911 0.4640936193585836
317 1241 1857 7.2675267457369115 0.43240478426451734
317 1242 1857 7.531330891681851 0.38092369852646674
317 1243 1857 7.913592420639398 0.3213219316807058
317 1234 1858 9.835189118669836 0.18173920322659373
317 1235 1858 9.307789479785281 0.22022630662171314
317 1236 1858 8.862220094310542 0.26093382768220064
317 1237 1858 8.511342138581997 0.2995745621790682
317 1238 1858 8.267221117159112 0.33009062551804075
317 1239 1858 8.139468348731478 0.34621032317234945
317 1240 1858 8.133569019809295 0.3440608613884534
317 1241 1858 8.24978454264119 0.3241816012248694
317 1235 1859 10.192003973704177 0.1773014588327481
317 1236 1859 9.786773983289986 0.2055912357458698
317 1237 1859 9.470213566757707 0.23143610507530687
317 1238 1859 9.251429349025033 0.25114659352302793
317 1239 1859 9.137447400669496 0.2612168997155903
317 1240 1859 9.132192781583278 0.25961462523289175
286 828 1704 7.988065347754641 0.23936993535248635
286 829 1704 7.716552857331995 0.24873322581735963
286 830 1704 7.568433655651523 0.24663753503622982
286 831 1704 7.550972652579188 0.23353053235513194
286 825 1705 8.632333867500627 0.21299206078279442
286 826 1705 8.015808630450108 0.2554678198803888
286 827 1705 7.482592331538484 0.2969572518428762
286 828 1705 7.051608894429599 0.3309982140851672
286 829 1705 6.742491230991608 0.3504120399009908
286 830 1705 6.572456770492967 0.35029982317901803
286 831 1705 6.552342176657057 0.3306916119875823
286 832 1705 6.683501178274681 0.2965288511818405
286 833 1705 6.957383703663264 0.25499688058002107
286 824 1706 8.642753496426842 0.21035465098652997
286 825 1706 7.901467458643268 0.2667038537433683
286 826 1706 7.22282410141619 0.33218988095881324
286 827 1706 6.626099003184203 0.4016135308044118
286 828 1706 6.135241478540091 0.46423528119370794
286 829 1706 5.777299369082314 0.5050961552773191
286 830 1706 5.5779196838964085 0.5114850627132801
286 831 1706 5.554204533504246 0.48119372775995584
286 832 1706 5.708343717752043 0.4241589964936984
286 833 1706 6.0267062314334945 0.3555432512885846
286 823 1707 8.881283015420602 0.1887463865523071
286 824 1707 8.038232890380732 0.24887371232755184
286 825 1707 7.235273871803241 0.3273918075520984
286 826 1707 6.487309765996901 0.4262096729147679
286 827 1707 5.815598679413743 0.5417607542573852
286 828 1707 5.249494070860445 0.6589240523450274
286 829 1707 4.826301689699792 0.7475856899088054
286 830 1707 4.585759261016563 0.7735962157886671
286 831 1707 4.5568835842052495 0.7249406362825158
286 832 1707 4.743541714794905 0.6233440687859968
286 833 1707 5.122224907205802 0.5041171903311475
286 834 1707 5.6544838844937555 0.39289062839064337
286 823 1708 8.41386878908856 0.2102213345703179
286 824 1708 7.5185894953773555 0.28520101655368923
286 825 1708 6.653208849870777 0.3894462213537751
286 826 1708 5.831053764114933 0.5322402949301435
286 827 1708 5.073183221607419 0.7192831096410611
286 828 1708 4.4128435277040055 0.9389921860773167
286 829 1708 3.8998958960463597 1.139010331524164
286 830 1708 3.597942189641093 1.2259725037834193
286 831 1708 3.5610655708649124 1.1441099711621159
286 832 1708 3.7969972346578746 0.9461822730254421
286 833 1708 4.260655818063652 0.726009782161046
286 834 1708 4.887656698255285 0.5375803845327994
286 835 1708 5.623627654814983 0.3934038102137179
286 823 1709 8.044202135699896 0.22568823487986467
286 824 1709 7.102477595881516 0.3136033949501792
286 825 1709 6.179092813674107 0.44276041647571834
286 826 1709 5.2836718293246685 0.6344849076073429
286 827 1709 4.433191626807846 0.9175158917616075
286 828 1709 3.6591239388683325 1.3144630311987546
286 829 1709 3.0207926112196786 1.7784103572664074
286 830 1709 2.6193869511776047 2.074050261048995
286 831 1709 2.568499172668664 1.929951724459604
286 832 1709 2.88672617336659 1.490466780263749
286 833 1709 3.4740736894890154 1.0547968789329936
286 834 1709 4.219619414117809 0.7296116006491822
286 835 1709 5.053829043408575 0.5068222755752249
286 836 1709 5.939460244837079 0.3568521372783182
286 823 1710 7.786217823821715 0.2324249731271141
286 824 1710 6.808905051474801 0.32824796795231603
286 825 1710 5.8392797501061 0.4746809971688932
286 826 1710 4.881924620474927 0.7058876996358727
286 827 1710 3.945781038020149 1.0839825422328153
286 828 1710 3.0504406239098425 1.7187387819305253
286 829 1710 2.24525900510377 2.743939690051334
286 830 1710 1.6664897239406178 3.8591797119219358
286 831 1710 1.585303756382284 3.619641244527775
286 832 1710 2.061355864473644 2.4242260034303715
286 833 1710 2.8258074952126493 1.5120641762522191
286 834 1710 3.704212196945538 0.961295108013125
286 835 1710 4.632190410594128 0.6316943257160471
286 836 1710 5.585086212405347 0.42822384386984125
286 824 1711 6.654110609239917 0.32563928338434156
286 825 1711 5.658019794945872 0.4757323470213563
286 826 1711 4.663602470193984 0.7197880247565142
286 827 1711 3.6722184030909073 1.1410297509844924
286 828 1711 2.6872268233254215 1.9320578160612716
286 829 1711 1.7196476383258694 3.6176201014977702
286 830 1711 0.8325791253687806 7.76043653940928
286 831 1711 0.6551244156646487 8.217049748721719
286 832 1711 1.4714577805700206 3.814210569581375
286 833 1711 2.4292360939192705 2.0175123899582394
286 834 1711 3.4113322910558357 1.1842237287216364
286 835 1711 4.401498381233414 0.743925550706181
286 836 1711 5.395293133834386 0.4901887388474679
286 824 1712 6.6477957249000506 0.306424892757069
286 825 1712 5.650591827410603 0.44557720439677145
286 826 1712 4.654587844267159 0.6702058406116992
286 827 1712 3.6607633083825153 1.0542904923491108
286 828 1712 2.6715516090840925 1.7667056284041063
286 829 1712 1.6950480819138751 3.263695430928619
286 830 1712 0.7805049647503923 7.083143633206638
286 831 1712 0.5875270206553183 10.075821354697322
286 832 1712 1.4426323162886026 4.423307984085631
286 833 1712 2.411884740198072 2.257084481491273
286 834 1712 3.3989980876723696 1.2997744075917481
286 835 1712 4.391945810230419 0.8067662269306951
286 836 1712 5.387502946634984 0.5271599353675932
286 824 1713 6.790374658293867 0.27504326820395986
286 825 1713 5.817661729595462 0.393251042610186
286 826 1713 4.856046540139393 0.5772812088967125
286 827 1713 3.913717925451433 0.8744181667757964
286 828 1713 3.008851608172123 1.3725980660733945
286 829 1713 2.188421348826609 2.222520629838002
286 830 1713 1.5890840128829498 3.5069035700145665
286 831 1713 1.503724708848093 4.234234500239333
286 832 1713 1.9992968764043988 3.1925759222843033
286 833 1713 2.7808610177426143 1.987405831859644
286 834 1713 3.6700392368475563 1.2339736603635796
286 835 1713 4.604909119624479 0.7927003148369904
286 836 1713 5.56248038198795 0.5273418551685496
286 825 1714 6.14501326280097 0.33140791502744416
286 826 1714 5.243776120316344 0.47018836349451804
286 827 1714 4.385565869987593 0.6776696176391226
286 828 1714 3.601275885016328 0.9860854891719517
286 829 1714 2.9504555580452725 1.4194190171700756
286 830 1714 2.537949566086833 1.9145723366920018
286 831 1714 2.485394938435429 2.186644225169557
286 832 1714 2.8130389261438515 1.9664952894774677
286 833 1714 3.4130906814792743 1.4781163757562668
286 834 1714 4.169554892311739 1.0309316925976328
286 835 1714 5.012104148957887 0.7083388310012466
286 836 1714 5.903997628725893 0.49067165240078614
286 826 1715 5.780414172012253 0.36994106501957985
286 827 1715 5.014896609103741 0.5078224105892883
286 828 1715 4.345709148113839 0.6924635987669578
286 829 1715 3.823766206242271 0.9189020323559068
286 830 1715 3.515279220773296 1.1440620067109275
286 831 1715 3.4775261321808375 1.272500695054151
286 832 1715 3.718761621830676 1.2227963524189953
286 833 1715 4.1910843465624525 1.0288837710286454
286 834 1715 4.827130410502799 0.7942792494299976
286 835 1715 5.571102942865177 0.5879099831061314
286 827 1716 5.750233734379879 0.3759236394371087
286 828 1716 5.176986382056695 0.48726187080181776
286 829 1716 4.747334831250117 0.6120140249665977
286 830 1716 4.502575707303619 0.727410113109937
286 831 1716 4.473163086676003 0.7964694802517093
286 832 1716 4.663173597454945 0.7888767564414398
286 833 1716 5.047889459962549 0.7082795204264443
286 834 1716 5.5872343784739416 0.5886286257246256
286 835 1716 6.241248913478873 0.4651702255294055
286 829 1717 5.696769962004851 0.41920320646944387
286 830 1717 5.494468855130663 0.48365300041301723
286 831 1717 5.4703919420824825 0.5240170570379667
286 832 1717 5.626827525346859 0.5272704647567776
286 833 1717 5.949553596699601 0.49226009489328887
286 834 1717 6.413516040363605 0.4305829248635586
