# %ECSV 0.9
# ---
# datatype:
# - name: sexcat_id
#   datatype: int32
# - name: x
#   datatype: int32
# - name: y
#   datatype: int32
# - name: sep
#   datatype: float64
# - name: weight
#   datatype: float64
# schema: astropy-2.0
sexcat_id x y sep weight
98 2174 2259 9.372338928997243 0.6283867507373389
98 2175 2259 8.913402100208279 0.6925022167469208
98 2176 2259 8.547323382205539 0.7359736022864346
98 2177 2259 8.286418828420254 0.7503289233758257
98 2174 2260 8.521662807222393 0.7583108114118516
98 2175 2260 8.01415853349543 0.8575390825643794
98 2176 2260 7.604915318397554 0.9319485550490674
98 2177 2260 7.310453953072814 0.9648590946594822
98 2178 2260 7.14497984601763 0.9476987112444485
98 2179 2260 7.1174951352282845 0.8850313815944414
98 2174 2261 7.706927857453817 0.9092596854998211
98 2175 2261 7.141760077179703 1.0622048045192183
98 2176 2261 6.679276682395933 1.1897448276312894
98 2177 2261 6.341982103412008 1.2594994971945976
98 2178 2261 6.150507052267996 1.2492215128333195
98 2179 2261 6.118556774272715 1.162401373185698
98 2180 2261 6.248578798414782 1.0256154256633379
98 2173 2262 7.652890761012974 0.8656827779381606
98 2174 2262 6.940802331142843 1.076454045899008
98 2175 2262 6.307355785112973 1.3090298912159017
98 2176 2262 5.778471856814591 1.5276017405251918
98 2177 2262 5.385047539251482 1.6718690349656473
98 2178 2262 5.158171866078002 1.6853047984200216
98 2179 2262 5.120032910050363 1.5619086129815665
98 2180 2262 5.274726248820782 1.3520437835745804
98 2181 2262 5.606312246031177 1.1185290384445143
98 2173 2263 7.024580912766112 0.9663557126724758
98 2174 2263 6.241212782784943 1.2469381203792227
98 2175 2263 5.528176643342571 1.5899346553950295
98 2176 2263 4.916170969362081 1.9603597418739476
98 2177 2263 4.4471043387803135 2.2581666904216977
98 2178 2263 4.169500809449359 2.342321565335467
98 2179 2263 4.122224763401316 2.1618473597044807
98 2180 2263 4.312857173614634 1.8198912067419042
98 2181 2263 4.712614667039879 1.4522004935779385
98 2172 2264 7.3834095782367415 0.789812660976663
98 2173 2264 6.490203155525891 1.0450487604986367
98 2174 2264 5.633004260605384 1.397049913831166
98 2175 2264 4.831018215655845 1.8745382851546826
98 2176 2264 4.116641470907901 2.478350863219357
98 2177 2264 3.5432664308514727 3.091470692192517
98 2178 2264 3.187904797825542 3.3871344757995145
98 2179 2264 3.1258178129889918 3.116495825619877
98 2180 2264 3.3732383550528207 2.5097346332569126
98 2181 2264 3.871270721610623 1.901241236612178
98 2182 2264 4.538142461404204 1.4171627916442295
98 2172 2265 7.02087864871615 0.8070885439530268
98 2173 2265 6.074597682151344 1.0874227455693148
98 2174 2265 5.148663613016358 1.4954038531255784
98 2175 2265 4.25637604071807 2.1010036056947223
98 2176 2265 3.424140330068119 2.9981866923015676
98 2177 2265 2.7079026939680055 4.203978786973414
98 2178 2265 2.222776866894056 5.169481771787867
98 2179 2265 2.1327768284561635 4.773900818180449
98 2180 2265 2.4812772920412796 3.549851441470535
98 2181 2265 3.1248579167699577 2.4899935494009195
98 2182 2265 3.9208082075000883 1.7562149228084094
98 2183 2265 4.793822796057467 1.2638894630331914
98 2172 2266 6.787542780712219 0.7973849097616851
98 2173 2266 5.803338435762533 1.0844399908028015
98 2174 2266 4.8256333263105375 1.5153018852896627
98 2175 2266 3.8593700263124653 2.1922152584862387
98 2176 2266 2.9159453012701135 3.318591421112151
98 2177 2266 2.027495252768654 5.302326980233205
98 2178 2266 1.311006102197699 8.366212877508548
98 2179 2266 1.1518407007914673 8.109441407319677
98 2180 2266 1.7131074105262498 5.079099683394265
98 2181 2266 2.5578774403790594 3.1932483297597853
98 2182 2266 3.485790728084562 2.1188335160816103
98 2183 2266 4.445080089267288 1.469612045362651
98 2172 2267 6.696919963684708 0.7623637144559163
98 2173 2267 5.69708144579301 1.0367681044612813
98 2174 2267 4.697311677970619 1.4507057848979377
98 2175 2267 3.697666426274729 2.109139800595118
98 2176 2267 2.6982840843764953 3.2411066832770516
98 2177 2267 1.6996284888173874 5.45529480479439
98 2178 2267 0.7047957150833503 11.187251119636723
98 2179 2267 0.3236309626720311 16.136465435264693
98 2180 2267 1.3087157827428384 6.758207789792321
98 2181 2267 2.3066722784132936 3.8264660770524044
98 2182 2267 3.3058640322917925 2.4269326402181997
98 2183 2267 4.305431105011521 1.6418705509556912
98 2184 2267 5.305161354756413 1.1596077499948865
98 2173 2268 5.764957675473362 0.9544329004908644
98 2174 2268 4.7794075992741405 1.3204250971705391
98 2175 2268 3.8014125006370425 1.8875231607321514
98 2176 2268 2.838791468213146 2.8193988823603466
98 2177 2268 1.914872580617291 4.4760437400288255
98 2178 2268 1.1290425146999994 7.6297995155987195
98 2179 2268 0.9395408453070431 10.525371772201757
98 2180 2268 1.5782068939148783 6.7444232215319975
98 2181 2268 2.469562106933256 4.010018749171212
98 2182 2268 3.421510923554212 2.565105080033977
98 2183 2268 4.394853467409462 1.736450910221656
98 2184 2268 5.377986333192113 1.2246700281398368
98 2174 2269 5.061693096188235 1.1557471857776265
98 2175 2269 4.150751377762805 1.6040635487087593
98 2176 2269 3.2919199564995494 2.283206439756944
98 2177 2269 2.538648656273682 3.3189513009188256
98 2178 2269 2.013141078017223 4.752924775209319
98 2179 2269 1.9133052553109553 5.808221484195619
98 2180 2269 2.295372954445681 5.05934014225609
98 2181 2269 2.979385339294142 3.5891891369511493
98 2182 2269 3.805881895172398 2.4644428307870934
98 2183 2269 4.700291161194295 1.7224778462217936
98 2184 2269 5.630340753453684 1.2347146484358742
98 2174 2270 5.513504965083454 0.9848044585240553
98 2175 2270 4.691133871464347 1.3220403910618677
98 2176 2270 3.951548683744165 1.7918195687282867
98 2177 2270 3.3500353729476378 2.4212359127980534
98 2178 2270 2.971655599156907 3.14965977788348
98 2179 2270 2.904950429869806 3.6645022245045675
98 2180 2270 3.1696588144469025 3.535658947785754
98 2181 2270 3.695231657149673 2.8881763772696876
98 2182 2270 4.388933469534631 2.176255518070599
98 2183 2270 5.183699161795703 1.604825842351819
98 2175 2271 5.365140911476633 1.0732428155922729
98 2176 2271 4.732096469853556 1.3944399213412237
98 2177 2271 4.242727542513267 1.7860403461559173
98 2178 2271 3.950789414787992 2.1964269457499066
98 2179 2271 3.9008636223278836 2.4888325182889424
98 2180 2271 4.101796801403159 2.500350418464677
98 2181 2271 4.520258510306835 2.223331271288457
98 2182 2271 5.103012541626911 1.8157787533159153
98 2176 2272 5.583075944316066 1.087806123913917
98 2177 2272 5.174817581326023 1.3402360631604895
98 2178 2272 4.938292923673229 1.5901714009431667
98 2179 2272 4.898442303426801 1.7720295887794468
98 2180 2272 5.059914722601699 1.813606890713065
98 2181 2272 5.404695828629175 1.6951889334480459
98 2178 2273 5.929986256307963 1.1843380313876022
98 2179 2273 5.8968412730886275 1.3045071006524744
61 1123 1416 6.768374694119787 0.9250905502336605
61 1124 1416 6.328577723312001 1.0635036460185578
61 1125 1416 6.0241925600034305 1.1583782269785612
61 1126 1416 5.876299515851831 1.1801757411434806
61 1127 1416 5.8966851705004775 1.1211479377415468
61 1122 1417 6.545448494946796 0.9340818360573684
61 1123 1417 5.923081630367849 1.1589254848182224
61 1124 1417 5.41506195717102 1.3866499896852964
61 1125 1417 5.055976265767138 1.5610249377211765
61 1126 1417 4.878821169094067 1.6154354833563866
61 1127 1417 4.903355585718844 1.5244446091650528
61 1128 1417 5.126684698711241 1.3293131119761707
61 1121 1418 6.623812799287237 0.8453496349678232
61 1122 1418 5.8407958361854435 1.1071205888989426
61 1123 1418 5.133701978105176 1.4385232828079015
61 1124 1418 4.538159979551269 1.8166133818457733
61 1125 1418 4.103034974259975 2.1513469621709636
61 1126 1418 3.882640338738619 2.287173726259574
61 1127 1418 3.9134250982994576 2.1374128339842744
61 1128 1418 4.189856322118922 1.7968375186581156
61 1129 1418 4.66850040162788 1.4196944450408293
61 1121 1419 6.094825346144167 0.9398187989923328
61 1122 1419 5.233249086370832 1.2757473874098737
61 1123 1419 4.430225276439216 1.7447293587992654
61 1124 1419 3.7238281378174136 2.3633108728940915
61 1125 1419 3.1791344734063216 3.032563483830996
61 1126 1419 2.88909951368939 3.3950586043216835
61 1127 1419 2.930340594538466 3.122878038269676
61 1128 1419 3.290424896574884 2.4714018283048294
61 1129 1419 3.881609975255064 1.832940768198048
61 1130 1419 4.615939341022518 1.3401292720260956
61 1121 1420 5.693759390771733 1.0076484698293697
61 1122 1420 4.76013613250725 1.409675513930707
61 1123 1420 3.8599088072130487 2.023591553039103
61 1124 1420 3.023060700680792 2.9703466887560483
61 1125 1420 2.3192447046399445 4.315122334758152
61 1126 1420 1.902339612161878 5.417076670447887
61 1127 1420 1.9644072897441576 4.832255082006259
61 1128 1420 2.4695942986652217 3.4254799911692206
61 1129 1420 3.2154153697461156 2.3262721343822608
61 1130 1420 4.071719047282036 1.6055064343263585
61 1121 1421 5.448935308847155 1.0349516091170987
61 1122 1421 4.464403207596846 1.4744592601022473
61 1123 1421 3.4886811261565303 2.1866618096146717
61 1124 1421 2.531974723412652 3.427260790432054
61 1125 1421 1.6281572405638092 5.788278299330564
61 1126 1421 0.9438728727959818 9.747195795752964
61 1127 1421 1.0634359407128957 8.027912118443147
61 1128 1421 1.835999999999919 4.595066432143425
61 1129 1421 2.7587852399198245 2.81315084571725
61 1130 1421 3.7216791909028464 1.8413880095196409
61 1121 1422 5.381718684584058 1.0153922171655334
61 1122 1422 4.38211090685767 1.4497537695553822
61 1123 1422 3.3827349881420994 2.1615634154125454
61 1124 1422 2.383882547442409 3.437316265222554
61 1125 1422 1.386685256285756 6.110418010091203
61 1126 1422 0.4036037660875751 14.341666122654711
61 1127 1422 0.634740892018039 11.42675665910795
61 1128 1422 1.6256986190557086 5.336834646988862
61 1129 1422 2.6235273964644277 3.094369743681676
61 1122 1423 4.524919446796913 1.34361419871366
61 1123 1423 3.5657952829629274 1.9605067152093327
61 1124 1423 2.637213681141603 2.9924886276923
61 1125 1423 1.7874272013148471 4.813865238912716
61 1126 1423 1.1978714455232702 7.648039944391952
61 1127 1423 1.2941777312254257 7.644707058547019
61 1128 1423 1.9786096128341166 4.810883608363142
61 1129 1423 2.855677852979806 2.99081331787821
61 1123 1424 3.9983616644821662 1.6673942562760542
61 1124 1424 3.1979518445405617 2.3861209019512133
61 1125 1424 2.5430092410371143 3.406145946110211
61 1126 1424 2.1695381997097773 4.481977842779243
61 1127 1424 2.224161864613213 4.627769379900061
61 1128 1424 2.6808386747433177 3.6478512838235653
61 1129 1424 3.380369210603967 2.5743161356762263
61 1123 1425 4.610737034358014 1.3644208835620804
61 1124 1425 3.936863726369039 1.8353878683161515
61 1125 1425 3.4262072324948614 2.4022341671233907
61 1126 1425 3.1589390624068514 2.8995840496717022
61 1127 1425 3.1967007992615857 3.009131292282473
61 1128 1425 3.5297161358952707 2.63606037384321
61 1129 1425 4.086428269283486 2.0662270361606345
61 1124 1426 4.771886000314787 1.4009570851063666
61 1125 1426 4.360148621320153 1.7297532560350473
61 1126 1426 4.153419795782725 1.9932309736800047
61 1127 1426 4.182211854987692 2.0686023316886866
61 1128 1426 4.441947320714123 1.911194524093143
102 950 2335 25.844750337351115 0.2025445431953866
102 950 2336 24.912308604382897 0.22384689415009434
102 951 2336 24.561903835004525 0.22958871546536289
102 952 2336 24.247703396404578 0.2343286985403253
102 950 2337 23.985310504556942 0.24768692300925835
102 951 2337 23.621158311988207 0.2546664779939372
102 952 2337 23.294272257359953 0.26049877973707186
102 953 2337 23.006240892418944 0.26503996178986405
102 954 2337 22.758539496198118 0.2681729461658226
102 955 2337 22.5524969792706 0.26981434406927035
102 956 2337 22.389263498382647 0.26991960712298246
102 957 2337 22.269780421010207 0.2684858581582715
102 958 2337 22.194754335202937 0.2655520759107878
102 950 2338 23.06441241393349 0.27438810676806724
102 951 2338 22.685482582480127 0.28289182182381173
102 952 2338 22.34491262010235 0.2900842449061401
102 953 2338 22.044480488321994 0.2957771286528618
102 954 2338 21.78584678179871 0.29981379806911784
102 955 2338 21.570515061073742 0.3020789865226393
102 956 2338 21.39979252235893 0.3025064789313288
102 957 2338 21.274753112551252 0.3010836546623439
102 958 2338 21.19620532076459 0.297852365853945
102 959 2338 21.16466678216336 0.2929060400149262
102 949 2339 22.582628722095414 0.2927002581486558
102 950 2339 22.150375166123233 0.3043116517013098
102 951 2339 21.75553079104274 0.31469761112671146
102 952 2339 21.40016635449381 0.3235895275924118
102 953 2339 21.08627800253067 0.3307403475614736
102 954 2339 20.815742119847872 0.3359396931944712
102 955 2339 20.59026760389502 0.3390279314717825
102 956 2339 20.4113478241886 0.33990755349125434
102 957 2339 20.28021498899873 0.3385504158911681
102 958 2339 20.197799880185187 0.3349998712302083
102 959 2339 20.164699848993752 0.32936749379757385
102 960 2339 20.181157548565164 0.32182485064164246
102 948 2340 22.18069250496946 0.30872714673564244
102 949 2340 21.694402964820405 0.32379273152456955
102 950 2340 21.244084353061876 0.33785759493576145
102 951 2340 20.83206950833278 0.35057450498719583
102 952 2340 20.460672520716624 0.36159756694555734
102 953 2340 20.132141465825445 0.37060162226370597
102 954 2340 19.848604988764535 0.3773031365829581
102 955 2340 19.61201468488152 0.3814803890423927
102 956 2340 19.424086078886912 0.3829904851799876
102 957 2340 19.28624172823747 0.38178087319433823
102 958 2340 19.199560411634643 0.3778936859467215
102 959 2340 19.164736366566807 0.37146225527646753
102 960 2340 19.18205202787252 0.3627003240740152
102 961 2340 19.251366704730557 0.3518855357908646
102 947 2341 21.863008027259376 0.32158673594253745
102 948 2341 21.322643363335793 0.34029741941946406
102 949 2341 20.816318598638137 0.35839236484055476
102 950 2341 20.34657514177774 0.3754638332653048
102 951 2341 19.916001606748477 0.3910749875592758
102 952 2341 19.527189249864097 0.4047801286950357
102 953 2341 19.182677602462277 0.41615020080659987
102 954 2341 18.884891315546614 0.42480159258938927
102 955 2341 18.636070401240918 0.43042518390116435
102 956 2341 18.43819730884795 0.4328119010699245
102 957 2341 18.29292540847439 0.4318710489480159
102 958 2341 18.201514222723553 0.427638520180183
102 959 2341 18.16477690476841 0.4202735279718412
102 960 2341 18.18304484952968 0.4100444050811905
102 961 2341 18.25615293538066 0.3973057663787377
102 962 2341 18.383446902036837 0.3824705056693618
102 963 2341 18.563812108508525 0.3659804592669957
102 945 2342 22.256125448963655 0.308445938994952
102 946 2342 21.633287313767354 0.330490053357799
102 947 2342 21.039560831918703 0.3528217288051919
102 948 2342 20.477478360384307 0.37508265521044837
102 949 2342 19.94971478492882 0.3968416719032785
102 950 2342 19.45906267012899 0.4176017210100212
102 951 2342 19.008396039645415 0.4368150644683758
102 952 2342 18.60062149499332 0.45390764989093557
102 953 2342 18.238616175576684 0.4683121761551751
102 954 2342 17.9251532768902 0.4795076187814703
102 955 2342 17.662817442299726 0.4870610766841867
102 956 2342 17.453914174190484 0.49066634551009886
102 957 2342 17.300379186596096 0.49017319870432224
102 958 2342 17.203694951957484 0.4856023415832854
102 959 2342 17.164822166279713 0.47714332753093
102 960 2342 17.184153165053186 0.4651358194672729
102 961 2342 17.261492403613524 0.45003756303318504
102 962 2342 17.396066221994193 0.43238447522766543
102 963 2342 17.586560778048884 0.4127488859174004
102 964 2342 17.831183920312395 0.39170125148312374
102 965 2342 18.12774448187108 0.36977904157007613
102 966 2342 18.473741364434204 0.3474645830271283
102 944 2343 22.16626084841571 0.3100801347452051
102 945 2343 21.494350885756173 0.33484712533167776
102 946 2343 20.84876782929886 0.36052428555817945
102 947 2343 20.232032028444575 0.3868064763155166
102 948 2343 19.646860308965582 0.41329214993886554
102 949 2343 19.096154586722612 0.4394787549476764
102 950 2343 18.582979309034574 0.4647662363861198
102 951 2343 18.11052511662782 0.4884716284952268
102 952 2343 17.682056441489124 0.5098570179938734
102 953 2343 17.300841598026583 0.5281714537548502
102 954 2343 16.970065409420407 0.542704697228283
102 955 2343 16.692726559792654 0.5528474693499805
102 956 2343 16.47152451960677 0.5581499366147793
102 957 2343 16.308743667125526 0.5583687253507348
102 958 2343 16.20614451373327 0.5534936712918729
102 959 2343 16.164873027648778 0.5437489564786506
102 960 2343 16.185398357779366 0.5295684009846514
102 961 2343 16.267486591357834 0.511549867074487
102 962 2343 16.410213892573335 0.49039736814211027
102 963 2343 16.612017336856077 0.466860616235183
102 964 2343 16.870777101248386 0.4416804624401398
102 965 2343 17.183920390877248 0.41554585096555013
102 966 2343 17.54853612128393 0.3890646566751385
102 967 2343 17.96148991592866 0.36274802361072184
102 968 2343 18.41953093865332 0.3370060309554133
102 944 2344 21.447963073448413 0.33435591660873626
102 945 2344 20.752809930224068 0.36285257240396057
102 946 2344 20.083404093928067 0.39270280637421284
102 947 2344 19.442405201003467 0.4235940282762886
102 948 2344 18.832714090114752 0.45508948907780344
102 949 2344 18.25746751332196 0.48661550064794473
102 950 2344 17.72002031601563 0.5174578425094449
102 951 2344 17.2239112863486 0.546772365483197
102 952 2344 16.772808947818092 0.573614484372593
102 953 2344 16.370434325331953 0.5969903711241364
102 954 2344 16.020459419130482 0.6159288884841492
102 955 2344 15.72638292806094 0.6295679815889135
102 956 2344 15.491388575592781 0.6372436659093943
102 957 2344 15.31819571620648 0.6385660031533565
102 958 2344 15.208915806197577 0.6334666176885083
102 959 2344 15.164930596610276 0.622207244855656
102 960 2344 15.186807432768958 0.6053473569275807
102 961 2344 15.274263321024897 0.583678166661757
102 962 2344 15.426182936812543 0.5581369912299335
102 963 2344 15.640687964408933 0.5297180811436308
102 964 2344 15.915248034511006 0.4993936649969784
102 965 2344 16.246818765530882 0.4680538564045903
102 966 2344 16.631990860988545 0.43646842947888936
102 967 2344 17.067135670639242 0.40526896938966445
102 968 2344 17.548536121283917 0.37494725936718887
102 943 2345 21.494723073350034 0.3290509202143257
102 944 2345 20.75300267431213 0.3596342302934262
102 945 2345 20.033749524240495 0.3923152916419169
102 946 2345 19.339470520156603 0.4269221582078
102 947 2345 18.672951561014834 0.4631559189611841
102 948 2345 18.037270303457955 0.5005620655105346
102 949 2345 17.435799952970505 0.5385050613604998
102 950 2345 16.8721996194926 0.5761520429429108
102 951 2345 16.350385928167146 0.6124734216108285
102 952 2345 15.874480148968853 0.6462689558168835
102 953 2345 15.44872551377641 0.6762264318081148
102 954 2345 15.077371123641088 0.7010153288166061
102 955 2345 14.764522342426325 0.719409541777512
102 956 2345 14.513962932294065 0.7304229675461654
102 957 2345 14.328960883469748 0.7334331481879801
102 958 2345 14.212076554817951 0.728265706035995
102 959 2345 14.16499629368134 0.7152188603797188
102 960 2345 14.188414992521402 0.6950217268762242
102 961 2345 14.281985856315853 0.6687370390829763
102 962 2345 14.444345606499661 0.6376316366296282
102 963 2345 14.673210964202962 0.6030421514062453
102 964 2345 14.965531063079787 0.5662588360778994
102 965 2345 15.317673452584305 0.5284409894110383
102 966 2345 15.725619860597101 0.4905674105607677
102 967 2345 16.185151219559426 0.45341788268761674
102 968 2345 16.692007668342534 0.417577880923536
102 969 2345 17.242016123412192 0.38345798238472295
102 941 2346 22.43584453502934 0.2901718472372534
102 942 2346 21.63402690208196 0.31929750617137814
102 943 2346 20.849343394937065 0.3511068483332624
102 944 2346 20.08380242882323 0.38567440932165087
102 945 2346 19.33967734994578 0.42299982261453134
102 946 2346 18.619535977032452 0.4629758020466107
102 947 2346 17.926268992738166 0.5053497421269176
102 948 2346 17.263114435118762 0.549680625042643
102 949 2346 16.633674278403006 0.5952952795922212
102 950 2346 16.04191759111129 0.6412513041979958
102 951 2346 15.492163180137426 0.6863177493732034
102 952 2346 14.989033324401069 0.728987822213439
102 953 2346 14.537369775857176 0.7675383793556665
102 954 2346 14.142104510998557 0.8001462065043234
102 955 2346 13.808081691531438 0.8250591729232378
102 956 2346 13.539834563243588 0.8408023197521566
102 957 2346 13.341331267905977 0.8463804247253057
102 958 2346 13.21571488796598 0.8414288561800839
102 959 2346 13.165071970939074 0.8262716057546415
102 960 2346 13.190266108005769 0.8018696512276018
102 961 2346 13.290866036493094 0.7696746681107502
102 962 2346 13.46518176631885 0.7314281822990778
102 963 2346 13.710401890535726 0.688954451896689
102 964 2346 14.022807136946781 0.6439864639013723
102 965 2346 14.398024864543247 0.5980461616449975
102 966 2346 14.83128854820125 0.55238175324611
102 967 2346 15.317673452584291 0.5079526062315798
102 968 2346 15.852290686207011 0.4654470730699928
102 969 2346 16.430432739280043 0.4253188552481246
102 970 2346 17.047671981828064 0.38783058777445567
102 940 2347 22.70187481244678 0.2766472958122784
102 941 2347 21.864105744347412 0.30573368253408933
102 942 2347 21.040511400629157 0.33787706008580054
102 943 2347 20.23282283815102 0.37329185446089963
102 944 2347 19.443022398794007 0.4121526191570021
102 945 2347 18.67337998328116 0.4545651350218405
102 946 2347 17.926492127574914 0.5005276299597765
102 947 2347 17.20532243231743 0.5498809380950376
102 948 2347 16.513240747957543 0.6022478428819187
102 949 2347 15.854056894057287 0.6569646544599377
102 950 2347 15.232042541957574 0.7130127145715233
102 951 2347 14.651932295776055 0.7689640493001794
102 952 2347 14.118892307826606 0.8229627762713508
102 953 2347 13.638442726352789 0.8727692241907219
102 954 2347 13.2163202140386 0.9158919922994575
102 955 2347 12.85827049023333 0.9498186319856845
102 956 2347 12.5697700854075 0.9723260503225434
102 957 2347 12.355691805803723 0.9818140121346361
102 958 2347 12.219947626729226 0.9775770654247996
102 959 2347 12.165160089370186 0.9599325279339972
102 960 2347 12.192420596419941 0.9301623144261941
102 961 2347 12.301183682882115 0.8902880501615894
102 962 2347 12.489320237707302 0.8427505136471268
102 963 2347 12.753317999642492 0.7900816642781513
102 964 2347 13.088587395131881 0.7346390328722312
102 965 2347 13.48981541756614 0.6784356857860886
102 966 2347 13.951312483060693 0.6230648034777404
102 967 2347 14.46731212077783 0.5696974654566185
102 968 2347 15.032202766062102 0.5191261822213067
102 969 2347 15.64068796440889 0.4718300358196885
102 970 2347 16.287882612543754 0.42804435989254497
102 971 2347 16.969358267182795 0.3878249543760497
102 972 2347 17.68115154620889 0.3511022331708124
102 940 2348 22.182135154218248 0.2891757231634834
102 941 2348 21.32395648091613 0.32082149191678283
102 942 2348 20.47865034615331 0.35606899552318344
102 943 2348 19.647878256951945 0.39524520268974195
102 944 2348 18.833563656408867 0.4386548154264331
102 945 2348 18.037935580326394 0.48654983594447815
102 946 2348 17.263577844699658 0.5390857202975436
102 947 2348 16.51348297604127 0.5962607981700231
102 948 2348 15.791108890765237 0.6578364762406357
102 949 2348 15.100434430836913 0.7232383666728184
102 950 2348 14.446007060776514 0.7914440499455189
102 951 2348 13.832972204121749 0.8608727966765631
102 952 2348 13.267069005624599 0.9293062914151639
102 953 2348 12.754572513416703 0.993884373391074
102 954 2348 12.302159160082626 1.0512281375278856
102 955 2348 11.91667403263196 1.0977314024378724
102 956 2348 11.604788666753256 1.1300184356384635
102 957 2348 11.372559958074735 1.1454934974234037
102 958 2348 11.224932961938116 1.142836336320021
102 959 2348 11.165263991505297 1.122277219918016
102 960 2348 11.194959580096963 1.0855478770633802
102 961 2348 11.313316047914721 1.0355273656930502
102 962 2348 11.517600444537255 0.9757131695307908
102 963 2348 11.803352066256634 0.9096859523516565
102 964 2348 12.164831277087435 0.8406960277589994
102 965 2348 12.595519838418925 0.7714231627330934
102 966 2348 13.088587395131864 0.7038957257010081
102 967 2348 13.63726952142564 0.6395220073979044
102 968 2348 14.235136810020643 0.5791824090390579
102 969 2348 14.876260282745951 0.5233426097232102
102 970 2348 15.555292346979682 0.47216298950265706
102 971 2348 16.267486591357763 0.4255922326711081
102 972 2348 17.008677785177913 0.38344139557028917
102 973 2348 17.775238957606298 0.3454393077789498
102 940 2349 21.696062315544832 0.3009579392773925
102 941 2349 20.81785579736791 0.335148397747092
102 942 2349 19.95111826439823 0.37352275758549436
102 943 2349 19.09741134290207 0.41654272875061726
102 944 2349 18.25856292264001 0.46467505763464123
102 945 2349 17.436717581012903 0.51836284598967
102 946 2349 16.634395690857076 0.5779803360917998
102 947 2349 15.854561488732651 0.6437650432081539
102 948 2349 15.100699321554764 0.7157205719072812
102 949 2349 14.376895353309228 0.7934846680747765
102 950 2349 13.687918760717587 0.8761620319976127
102 951 2349 13.039291391789835 0.9621330255912749
102 952 2349 12.437327687248755 1.0488705189852299
102 953 2349 11.889117713270588 1.132827705099367
102 954 2349 11.402417287575666 1.2094911767297762
102 955 2349 10.985404862817047 1.2737027174728248
102 956 2349 10.646272587154831 1.320305185527331
102 957 2349 10.392647400927466 1.3450413389070657
102 958 2349 10.230890479328004 1.3454664698171492
102 959 2349 10.165388334933613 1.3215374105403577
102 960 2349 10.197995881544783 1.2756233445109975
102 961 2349 10.327783886197675 1.2119335176597905
102 962 2349 10.551166760126783 1.1356100058340992
102 963 2349 10.862371748380015 1.0518235334959212
102 964 2349 11.254115691603863 0.9651167882839171
102 965 2349 11.718324112261287 0.8790719160080395
102 966 2349 12.24675957141334 0.7962498574954515
102 967 2349 12.831489391337401 0.7182985726985723
102 968 2349 13.4651817663188 0.6461349930955138
102 969 2349 14.141255955536773 0.5801367211676518
102 970 2349 14.853926080333247 0.5203103212463653
102 971 2349 15.598176816538661 0.46642451400387
102 972 2349 16.36970128010906 0.4181084788511014
102 973 2349 17.16482216627962 0.37492061813221195
102 974 2349 17.980409339055775 0.33639444277632186
102 939 2350 22.152361499397852 0.27931869520431735
102 940 2350 21.245967146731736 0.3117505823655076
102 941 2350 20.348344404398215 0.34840807852030425
102 942 2350 19.460707078623948 0.38985416640523834
102 943 2350 18.58448600311572 0.4367054685550506
102 944 2350 17.721374664511895 0.48962172010039406
102 945 2350 16.873384959752567 0.5492835376760452
102 946 2350 16.042914947103725 0.6163519416636771
102 947 2350 15.232830334511183 0.691400476309964
102 948 2350 14.446560836406846 0.7748079443941315
102 949 2350 13.68821098610056 0.8665977997628452
102 950 2350 12.96268182129007 0.9662116458557897
102 951 2350 12.275794068002446 1.0722139711073573
102 952 2350 11.634393838958866 1.1819508893117205
102 953 2350 11.046407560831893 1.2912353538173234
102 954 2350 10.520794646793748 1.394204364843
102 955 2350 10.06732933801234 1.483561581517131
102 956 2350 9.696139437941472 1.5514075987724854
102 957 2350 9.416959169498611 1.5906751851535093
102 958 2350 9.238134010719046 1.5968227091140652
102 959 2350 9.165539809525892 1.5691080525176075
102 960 2350 9.20169114891409 1.5108099000833444
102 961 2350 9.345326104529681 1.4282777104962465
102 962 2350 9.591617173344853 1.3293022637069043
102 963 2350 9.932931088052705 1.2215263218595016
102 964 2350 10.35988030818908 1.1113828765125446
102 965 2350 10.862371748379994 1.003659596768855
102 966 2350 11.430447060373616 0.9015298666632727
102 967 2350 12.054838032922873 0.8068267191153616
102 968 2350 12.727258935057613 0.7203863500199128
102 969 2350 13.440502966779324 0.642364537398395
102 970 2350 14.18841499252132 0.5724884162442486
102 971 2350 14.965798341552105 0.5102395714619937
102 972 2350 15.76829477147113 0.4549788207207693
102 973 2350 16.592260846551433 0.40602672358369996
102 974 2350 17.43465284999973 0.36271269887441493
102 975 2350 18.292925408474275 0.32440293087770944
102 939 2351 21.757737014680636 0.2870336331965632
102 940 2351 20.83418152940028 0.32130958904807744
102 941 2351 19.918009940754718 0.3602864627830737
102 942 2351 19.010289845239175 0.4046594186865514
102 943 2351 18.11229195877771 0.45521557491803344
102 944 2351 17.225536856655694 0.5128339800249475
102 945 2351 16.35185371754541 0.5784756873105623
102 946 2351 15.493454101652208 0.6531564852269803
102 947 2351 14.65302426122347 0.7378906870180841
102 948 2351 13.833839669448379 0.8335886457563403
102 949 2351 13.039904907628875 0.9408836594171887
102 950 2351 12.276119908179604 1.0598576109862483
102 951 2351 11.548468296705135 1.1896347542438195
102 952 2351 10.864212810876065 1.3278322629559614
102 953 2351 10.232063330531314 1.469916783373114
102 954 2351 9.662252325415828 1.6086435495058056
102 955 2351 9.16641260253997 1.733943816506868
102 956 2351 8.75711824746038 1.8337712346851218
102 957 2351 8.44695921619156 1.896261963582674
102 958 2351 8.247127984941395 1.91286997252223
102 959 2351 8.165728381473603 1.8811710834290793
102 960 2351 8.20628539596348 1.805735747130057
102 961 2351 8.367025755906544 1.696511564793455
102 962 2351 8.641245280629608 1.5657302650121747
102 963 2351 9.0185985607523 1.4249824579974322
102 964 2351 9.486786600319597 1.2834801041322377
102 965 2351 10.033101215476869 1.1475683412481157
102 966 2351 10.645521123928289 1.0210310842851233
102 967 2351 11.313316047914661 0.9057078479103435
102 968 2351 12.027265690920917 0.8021190101851912
102 969 2351 12.779636927550147 0.7099713287928217
102 970 2351 13.564037746924894 0.6285197706718783
102 971 2351 14.375225911268432 0.5568063388014148
102 972 2351 15.208915806197473 0.49380778987534557
102 973 2351 16.06160390496551 0.43852121414292966
102 974 2351 16.930419959351372 0.3900095319321275
102 975 2351 17.813004238477102 0.34742225705618246
102 939 2352 21.402596104211362 0.2934786761189696
102 940 2352 20.463018350184885 0.3294014146883598
102 941 2352 19.529442388353115 0.3704763878115865
102 942 2352 18.602771836476503 0.4175339301680728
102 943 2352 17.684092286572227 0.4715399167608292
102 944 2352 16.77471668911291 0.5336101384994081
102 945 2352 15.87624388827544 0.6050190066133452
102 946 2352 14.990634409523942 0.6871955523653581
102 947 2352 14.120308778493593 0.7816944423409031
102 948 2352 13.268274944392855 0.8901212930216149
102 949 2352 12.438292487315259 1.0139787185186424
102 950 2352 11.635081435039602 1.1543818079716395
102 951 2352 10.864580985937891 1.3115720643885636
102 952 2352 10.134254782666714 1.4841502027736995
102 953 2352 9.453418429330373 1.667986023662987
102 954 2352 8.833522513697645 1.8549191899318929
102 955 2352 8.288251926673267 2.031726854013883
102 956 2352 7.833206240103928 2.180372456515725
102 957 2352 7.484859384116919 2.2808104595763266
102 958 2352 7.258589394641572 2.316646214605486
102 959 2352 7.165969578501089 2.2814300913813
102 960 2352 7.212150858100728 2.1815029520424063
102 961 2352 7.394533115755386 2.033196995680731
102 962 2352 7.703448578396759 1.856553715067838
102 963 2352 8.124476598526396 1.6696443388325724
102 964 2352 8.641245280629581 1.485738332833531
102 965 2352 9.237701012698073 1.3130373369405004
102 966 2352 9.899450489800078 1.1557014555567409
102 967 2352 10.61428848298382 1.0151489201342272
102 968 2352 11.3722082288359 0.8911489280513397
102 969 2352 12.165160089370092 0.7825916385238088
102 970 2352 12.98672861039311 0.6879763818050834
102 971 2352 13.831815499058788 0.6056976288656581
102 972 2352 14.69636417621729 0.5341998459069854
102 973 2352 15.577134524680812 0.4720527120282189
102 974 2352 16.471524519606643 0.417980402511126
102 975 2352 17.377431340678715 0.37086574681335643
102 976 2352 18.293144070935508 0.32974159991214025
102 938 2353 22.04720209006129 0.2659298622413429
102 939 2353 21.088933590867104 0.29849655848115914
102 940 2353 20.134724234515925 0.3358152784387494
102 941 2353 19.185179696838986 0.37869433883172265
102 942 2353 18.2410284797761 0.42809506418685317
102 943 2353 17.303153469815925 0.4851605713841713
102 944 2353 16.372633264078285 0.5512477031540758
102 945 2353 15.450796743210455 0.6279600458436705
102 946 2353 14.539295718844253 0.7171772041621907
102 947 2353 13.640202344540304 0.8210702842183758
102 948 2353 12.756140482136546 0.9420839362280384
102 949 2353 11.890463405603786 1.0828481874720652
102 950 2353 11.047493833444886 1.2459540785851126
102 951 2353 10.232845156651338 1.4334809697345623
102 952 2353 9.453841547223156 1.6461014943961931
102 953 2353 8.720041284306097 1.8815403625379932
102 954 2353 8.043824960800844 2.132230551334835
102 955 2353 7.440908546676454 2.3824522860167305
102 956 2353 6.930448758919057 2.6064162310150967
102 957 2353 6.534150289058454 2.7704528184366044
102 958 2353 6.273684722713013 2.8424138075027887
102 959 2353 6.166288997444301 2.80597014104189
102 960 2353 6.2198971052584655 2.66956875864902
102 961 2353 6.430483652106008 2.461665841929157
102 962 2353 6.783444552732971 2.21684389876065
102 963 2353 7.258038302461802 1.9640815343273164
102 964 2353 7.8321848803512415 1.7223686045401574
102 965 2353 8.485700913890529 1.5016751538564679
102 966 2353 9.201691148914017 1.3057428014980383
102 967 2353 9.966700557356107 1.13467293492405
102 968 2353 10.770288761217246 0.9867289863177219
102 969 2353 11.604443976339518 0.8594214601882356
102 970 2353 12.463030129146063 0.7500989761101855
102 971 2353 13.341331267905856 0.6562402124716449
102 972 2353 14.235698788608955 0.575578290964809
102 973 2353 15.143286301196397 0.5061369307979172
102 974 2353 16.06185294416564 0.4462232870023691
102 975 2353 16.989618006300272 0.39440180062875757
102 976 2353 17.92515327689006 0.34946170011749605
102 977 2353 18.86730293391195 0.31038437573360256
102 938 2354 21.788784270812414 0.26855459096230877
102 939 2354 20.818624354169092 0.3019593202520812
102 940 2354 19.851426145242122 0.3403754081525879
102 941 2354 18.887644638757966 0.3846978707145251
102 942 2354 17.927830878274218 0.43600690879273474
102 943 2354 16.972658012226677 0.4956099515372436
102 944 2354 16.022956031893816 0.5650928151404134
102 945 2354 15.079758618757875 0.6463807335244018
102 946 2354 14.144367076684711 0.7418085305816033
102 947 2354 13.218438636995005 0.8541956254837704
102 948 2354 12.304109882474325 0.9869136607155536
102 949 2354 11.404171166726776 1.1439178922389988
102 950 2354 10.522315334564077 1.3296795766801077
102 951 2354 9.663494192061291 1.5488900814633382
102 952 2354 8.834428108259317 1.8056845092391896
102 953 2354 8.044322221293868 2.1019314486861966
102 954 2354 7.305827810727699 2.433899228329926
102 955 2354 6.6361977065185656 2.786665954804104
102 956 2354 6.058309995370182 3.1270669238557596
102 957 2354 5.6006356782067375 3.4005128944389806
102 958 2354 5.294442369126538 3.5429014167152015
102 959 2354 5.166732042597354 3.5125027088529786
102 960 2354 5.230594612470193 3.318741533690449
102 961 2354 5.479335726162634 3.0152069247349536
102 962 2354 5.8895772344033475 2.66547841151592
102 963 2354 6.4304836521059725 2.3171447138487347
102 964 2354 7.072136876503604 1.996401872718987
102 965 2354 7.789680352877269 1.7135813856564388
102 966 2354 8.564059784938573 1.4699947477087525
102 967 2354 9.3812110092462 1.2627226958768347
102 968 2354 10.230890479327892 1.0873070588824174
102 969 2354 11.105634605910735 0.9390756225421818
102 970 2354 11.999963333277401 0.8137152843166359
102 971 2354 12.909807124818018 0.7074693047329033
102 972 2354 13.83210468439283 0.6171608326278732
102 973 2354 14.764522342426186 0.5401442820358995
102 974 2354 15.705257718356679 0.4742330306725334
102 975 2354 16.652901248731464 0.4176252157188379
102 976 2354 17.606337495345308 0.3688364402427556
102 977 2354 18.564673980439355 0.32664213547622617
102 938 2355 21.573667282128973 0.26980728758799416
102 939 2355 20.593375633926605 0.30377580257284337
102 940 2355 19.615073795425854 0.34295207793624977
102 941 2355 18.639075084349063 0.3883019293805725
102 942 2355 17.665761234659605 0.44100450258087226
102 943 2355 16.695601816047304 0.5025068621943534
102 944 2355 15.72918052538027 0.5745939570847727
102 945 2355 14.76723129093609 0.6594781702231202
102 946 2355 13.810688614258233 0.7599132173288123
102 947 2355 12.860758920063851 0.8793368393731591
102 948 2355 11.919023449930869 1.0220438992796688
102 949 2355 10.98758936254909 1.1933822219215677
102 950 2355 10.069315766227708 1.3999386150319926
102 951 2355 9.168157939302851 1.649620767516844
102 952 2355 8.2896996326768 1.95139463159348
102 953 2355 7.441983606539447 2.314107430908348
102 954 2355 6.636800433944195 2.743145921341641
102 955 2355 5.89161437977757 3.2325611300685027
102 956 2355 5.232123851745277 3.7497470155353594
102 957 2355 4.69458411363582 4.215230383985111
102 958 2355 4.324710394928405 4.502197436962123
102 959 2355 4.167387670951887 4.4995980584971695
102 960 2355 4.246306630473331 4.208564135474499
102 961 2355 4.549188938701246 3.741273528574043
102 962 2355 5.035783950886073 3.2240533389208275
102 963 2355 5.6588974191092865 2.7354771538635534
102 964 2355 6.37864562426866 2.307540422178489
102 965 2355 7.165969578500994 1.9459018351202573
102 966 2355 8.000944944192636 1.6450695660058836
102 967 2355 8.870125140041807 1.396175636201888
102 968 2355 9.764380164659796 1.1902658117584386
102 969 2355 10.677411671374372 1.0194536987891958
102 970 2355 11.60478866675312 0.8771742607810311
102 971 2355 12.543329701478855 0.7580988066934343
102 972 2355 13.490704948222744 0.6579482859396834
102 973 2355 14.445176357525083 0.5732976632156352
102 974 2355 15.405425018479743 0.5014033045296109
102 975 2355 16.370434325331797 0.4400607901472672
102 976 2355 17.33940944784457 0.3874914601188914
102 977 2355 18.311720836666378 0.3422532280480492
102 978 2355 19.286863923406564 0.30317090386221035
102 938 2356 21.40315677651317 0.2696568663907653
102 939 2356 20.41467903250016 0.30389724458051093
102 940 2356 19.427380677796005 0.34347021978541503
102 941 2356 18.441451135960033 0.3893921580936043
102 942 2356 17.45712232872307 0.44291450207891087
102 943 2356 16.47468118052673 0.5055887862716205
102 944 2356 15.49448676142587 0.5793526787052287
102 945 2356 14.51699417923702 0.666644719377442
102 946 2356 13.542788486866415 0.7705583640985348
102 947 2356 12.572633773398536 0.8950498157874597
102 948 2356 11.607545821576648 1.0452187656227838
102 949 2356 10.648902290846765 1.2276853100088578
102 950 2356 9.698614334017075 1.4510853026530204
102 951 2356 8.759401806059673 1.7266855605772433
102 952 2356 7.835248560192679 2.0690357305271716
102 953 2356 6.93218003228432 2.4962966645193285
102 954 2356 6.059630351762508 3.0290495362062777
102 955 2356 5.23288830379566 3.684036125299806
102 956 2356 4.477401031848879 4.4536115029621905
102 957 2356 3.8355077890680116 5.254605388714799
102 958 2356 3.3727021807448954 5.857524293713127
102 959 2356 3.1684570377395618 5.9519588510541395
102 960 2356 3.271562317914997 5.476567770790817
102 961 2356 3.656107219434536 4.704433822853381
102 962 2356 4.246306630473278 3.910727022263017
102 963 2356 4.969418477045509 3.2174648017230263
102 964 2356 5.775735451005465 2.648295690516862
102 965 2356 6.634992087410601 2.19073609109418
102 966 2356 7.5290849377597855 1.8243119017312788
102 967 2356 8.446959216191425 1.5298573785423772
102 968 2356 9.38163738374071 1.2917101507151845
102 969 2356 10.32855846669811 1.0976573299477828
102 970 2356 11.284640889279606 0.9383224297676298
102 971 2356 12.247739383249515 0.8065227979157873
102 972 2356 13.216320214038445 0.6967354488712453
102 973 2356 14.18926072774763 0.6046856586947835
102 974 2356 15.165721875334558 0.5270391882324535
102 975 2356 16.145064880637708 0.46117424251034767
102 976 2356 17.126795380338997 0.4050125980746289
102 977 2356 18.110525116627656 0.3568940422140939
102 978 2356 19.0959451193179 0.31548242362647066
102 938 2357 21.27832512205792 0.26810707678086537
102 939 2357 20.283764936520075 0.302320363132091
102 940 2357 19.289767235506012 0.34191458320933515
102 941 2357 18.296423694263346 0.3879334774184453
102 942 2357 17.303846971121803 0.4416694226597432
102 943 2357 16.312177046611563 0.5047355717772017
102 944 2357 15.32158999581966 0.5791631955292336
102 945 2357 14.33231035109138 0.667534678161364
102 946 2357 13.344628882063416 0.7731676682249874
102 947 2357 12.358928756166575 0.9003737052254712
102 948 2357 11.375725031838677 1.0548268657688684
102 949 2357 10.395726044870607 1.2440971404182042
102 950 2357 9.419932059203031 1.4784329505562748
102 951 2357 8.449799997633141 1.7719209810721055
102 952 2357 7.487530968216493 2.1442057838528537
102 953 2357 6.536598503809226 2.622972847212456
102 954 2357 5.602777882443761 3.2471592144643027
102 955 2357 4.696287895774809 4.069310224240606
102 956 2357 3.836550534008508 5.148036655904694
102 957 2357 3.063187881929699 6.490055101019172
102 958 2357 2.4590892623084963 7.818512710128894
102 959 2357 2.170511460462932 8.268574307416683
102 960 2357 2.318430503595249 7.375348577539482
102 961 2357 2.8353341954698927 5.973737614184153
102 962 2357 3.5641436559152453 4.719428486385564
102 963 2357 4.4008090165333105 3.7407990788001233
102 964 2357 5.2944423691264095 2.9981964723361663
102 965 2357 6.220540169470884 2.4327418867643043
102 966 2357 7.166527750591694 1.996901417985618
102 967 2357 8.125461217678712 1.6562577056020307
102 968 2357 9.093245845131474 1.3864180901566203
102 969 2357 10.067329338012183 1.170021589312711
102 970 2357 11.046045446221955 0.9945555241239977
102 971 2357 12.028263382550316 0.8508656951530927
102 972 2357 13.013190231453653 0.7321532664873904
102 973 2357 14.000254283405026 0.6332959136052777
102 974 2357 14.989033324400902 0.5503828524683616
102 975 2357 15.979208991686688 0.4803917187399312
102 976 2357 16.970536821208714 0.4209606321659105
102 977 2357 17.96282605827938 0.37022503697491427
102 978 2357 18.955925722580808 0.32669927539814425
102 939 2358 20.20156231582104 0.29908756229823485
102 940 2358 19.20331013132894 0.3383307990342048
102 941 2358 18.205249792298943 0.3839727709643725
102 942 2358 17.207414680886863 0.4373133336546672
102 943 2358 16.209846390388797 0.4999806591160837
102 944 2358 15.212597411356178 0.5740337815128587
102 945 2358 14.215734944068164 0.662104455804149
102 946 2358 13.219346428625006 0.7675966776754137
102 947 2358 12.223547766503826 0.8949725546575891
102 948 2358 11.228495892148718 1.0501705440665683
102 949 2358 10.23440862971577 1.2412319906119358
102 950 2358 9.241597264542564 1.4792653135232359
102 951 2358 8.250522407702473 1.7799761318214626
102 952 2358 7.261895069470544 2.1661821815454414
102 953 2358 6.276871832370053 2.6721133487085087
102 954 2358 5.2974635439992 3.3510822745263664
102 955 2358 4.327484257625965 4.289692221531533
102 956 2358 3.3750733325367226 5.634094780118967
102 957 2358 2.4607153431472986 7.626615787914792
102 958 2358 1.6489754394776517 10.48612429616339
102 959 2358 1.1760612228963685 12.558997872616578
102 960 2358 1.4307760132181728 10.353638895341115
102 961 2358 2.1705114604628273 7.525554294512812
102 962 2358 3.061881774334284 5.566488576354811
102 963 2358 4.00488701463605 4.243285081697073
102 964 2358 4.970223335022324 3.3180164309411806
102 965 2358 5.947026147580018 2.6477793104270226
102 966 2358 6.930448758918892 2.147795019460096
102 967 2358 7.918025006275264 1.7657796961036372
102 968 2358 8.908373588933078 1.4681072293589505
102 969 2358 9.900662604088696 1.2323296716805823
102 970 2358 10.89436184455062 1.0429768035168947
102 971 2358 11.889117713270416 0.8890951817929521
102 972 2358 12.884685483161796 0.7627484985047271
102 973 2358 13.880890461350106 0.6580712985544895
102 974 2358 14.877604645909916 0.5706533344644182
102 975 2358 15.874732123724176 0.4971281644219217
102 976 2358 16.872199619492424 0.4348916914671076
102 977 2358 17.86995019578959 0.3819055594756128
102 978 2358 18.867938944145443 0.33655726493166166
102 939 2359 20.168666787866776 0.29428424828345773
102 940 2359 19.168701573137405 0.33282221206507806
102 941 2359 18.16874018747586 0.377635301546208
102 942 2359 17.168783299931313 0.42999812977277624
102 943 2359 16.168831745058153 0.4915079322535866
102 944 2359 15.16888657746508 0.5641858967131655
102 945 2359 14.1689491494606 0.6506177533477673
102 946 2359 13.169021224069777 0.7541522763577702
102 947 2359 12.169105143764689 0.879187153492823
102 948 2359 11.16920408981769 1.0315900935874414
102 949 2359 10.169322494640447 1.2193355586190333
102 950 2359 9.169466723861328 1.4534973559993918
102 951 2359 8.169646259171824 1.7498529730616086
102 952 2359 7.169875870613114 2.131592350370348
102 953 2359 6.1701799001325845 2.634144214219625
102 954 2359 5.170601512396806 3.3143821214786215
102 955 2359 4.171225239662817 4.269830872594784
102 956 2359 3.1722421092974775 5.6840234560068374
102 957 2359 2.1741941035703545 7.955411737950065
102 958 2359 1.179457502413752 12.200433955447089
102 959 2359 0.2347764894534215 23.880884954433363
102 960 2359 0.8480094339098238 14.200499397505215
102 961 2359 1.8393259634985983 8.868123488256407
102 962 2359 2.8367446131084892 6.2122936137734195
102 963 2359 3.8355077890678335 4.611698695081326
102 964 2359 4.834782311542063 3.5508453030808353
102 965 2359 5.834305442809795 2.8052150298314955
102 966 2359 6.833968100598654 2.259469813005851
102 967 2359 7.833716870043235 1.8478704428276644
102 968 2359 8.833522513697464 1.5301415993736098
102 969 2359 9.833367683555819 1.280253949453964
102 970 2359 10.833241435507654 1.0806753746377364
102 971 2359 11.833136524184951 0.9192007130329028
102 972 2359 12.833047962195105 0.7871002676788197
102 973 2359 13.832972204121567 0.6779873807071919
102 974 2359 14.832906660530156 0.5870989312915632
102 975 2359 15.83284939611313 0.5108233418756195
102 976 2359 16.832798935411777 0.4463823972434215
102 977 2359 17.83275413389642 0.3916116462925624
102 978 2359 18.83271409011457 0.3448056984300977
102 939 2360 20.185319417834336 0.2880335586806766
102 940 2360 19.18622213985859 0.32554288293239286
102 941 2360 18.187224087254215 0.36911535762779807
102 942 2360 17.18834256116627 0.41997095548939256
102 943 2360 16.189599130305847 0.4796347365575426
102 944 2360 15.191021032175547 0.5500312185659056
102 945 2360 14.192643164682181 0.6336146163386314
102 946 2360 13.194510979949193 0.7335515846647819
102 947 2360 12.19668479546798 0.8539824499381856
102 948 2360 11.199246403218378 1.0004026031604276
102 949 2360 10.202309542451639 1.1802329048086755
102 950 2360 9.206037149610019 1.4036967916265446
102 951 2360 8.210671105336015 1.6852132949066676
102 952 2360 7.216586450670409 2.045695141760405
102 953 2360 6.22439715956491 2.516515184843298
102 954 2360 5.2351809901855075 3.1467328052666574
102 955 2360 4.251013996683579 4.0171372636846225
102 956 2360 3.2764492976390893 5.269612447801707
102 957 2360 2.323600654157179 7.172231464830048
102 958 2360 1.4363565017082827 10.237901225033209
102 959 2360 0.8527133164197938 14.446351000463558
102 960 2360 1.179457502413559 12.859986050396067
102 961 2360 2.0137328521925686 8.851471595877927
102 962 2360 2.952815605485653 6.322254123770938
102 963 2360 3.9221320732478646 4.719388956707812
102 964 2360 4.903786292243941 3.6397366304894287
102 965 2360 5.891614379777377 2.87619336533324
102 966 2360 6.882958666155097 2.3159725645645355
102 967 2360 7.876491604769191 1.8931070577036722
102 968 2360 8.871477892662503 1.5666596563623145
102 969 2360 9.86747789457871 1.309993233040381
102 970 2360 10.864212810875877 1.1051004576194792
102 971 2360 11.861497375963943 0.9394209767238141
102 972 2360 12.859203707850634 0.8039625379124471
102 973 2360 13.857240706576453 0.6921440885193068
102 974 2360 14.855541726911188 0.599057592373349
102 975 2360 15.854056894057099 0.520982473604618
102 976 2360 16.852748143848807 0.45505774223527584
102 977 2360 17.85158592394523 0.3990554790170307
102 978 2360 18.850546941667222 0.351221172926836
102 940 2361 19.25572953694561 0.3166876153764946
102 941 2361 18.26053449382026 0.3586623952612365
102 942 2361 17.265894706038242 0.4075546730640135
102 943 2361 16.27191199582887 0.4647839178568052
102 944 2361 15.278714605620442 0.5321309214805469
102 945 2361 14.286466323062516 0.6118509955274148
102 946 2361 13.29537964858467 0.7068303423631835
102 947 2361 12.30573524824906 0.8208053826107272
102 948 2361 11.317911468111038 0.9586755320841819
102 949 2361 10.332430498193508 1.12695732424998
102 950 2361 9.350033155021395 1.3344564944059762
102 951 2361 8.371805062231163 1.5932824648900117
102 952 2361 7.399399975673656 1.9204086603090171
102 953 2361 6.435458025657482 2.3401054167183304
102 954 2361 5.484443453988679 2.8877236850279373
102 955 2361 4.5544615488550635 3.6152617506675164
102 956 2361 3.661573432282801 4.597478685778317
102 957 2361 2.840971664765286 5.92592814126855
102 958 2361 2.1760330879835506 7.6153783840431055
102 959 2361 1.843670252512421 9.143060967052127
102 960 2361 2.0157182342775988 9.073466858080273
102 961 2361 2.5936692156092667 7.494665482312235
102 962 2361 3.3750733325365205 5.8237207366828825
102 963 2361 4.249131676001482 4.521189469657176
102 964 2361 5.169054072071519 3.559030310515023
102 965 2361 6.114173697238176 2.8457307481398106
102 966 2361 7.074398914395422 2.308175825234607
102 967 2361 8.044322221293669 1.8957004322141582
102 968 2361 9.020815927619802 1.573857310336783
102 969 2361 10.001955808740563 1.3189704758645262
102 970 2361 10.986497166977246 1.1144599208198518
102 971 2361 11.97360096211658 0.9484811539766359
102 972 2361 12.962681821289877 0.8124104326646956
102 973 2361 13.953319318355724 0.6998587322505142
102 974 2361 14.945203912961476 0.6060176439213878
102 975 2361 15.938102772914943 0.5272168175089348
102 976 2361 16.931837466737004 0.4606187675432967
102 977 2361 17.926268992737977 0.4040046137039535
102 978 2361 18.921287482621235 0.35562115920060783
102 940 2362 19.37666431561426 0.30648015734412004
102 941 2362 18.388015662381818 0.3465644382465421
102 942 2362 17.400664355133085 0.39312413368822824
102 943 2362 16.414844501243348 0.44744929728389016
102 944 2362 15.430849620160226 0.5111444383144447
102 945 2362 14.449052564095647 0.5862209876707795
102 946 2362 13.469933927083643 0.6752218717412438
102 947 2362 12.494123418631615 0.7813909257591098
102 948 2362 11.522461542569753 0.9089052794646425
102 949 2362 10.556093974572171 1.0631962643369641
102 950 2362 9.596620238396374 1.2513936837229893
102 951 2362 8.646335640026871 1.4829369710696234
102 952 2362 7.708639309242512 1.7703941709848077
102 953 2362 6.788749516663497 2.1304782192602856
102 954 2362 5.895008057670392 2.585024814993098
102 955 2362 5.041341091415937 3.1608923269753695
102 956 2362 4.251954844539018 3.8851013338592506
102 957 2362 3.5697506915748067 4.76372978631022
102 958 2362 3.0671028675280514 5.717250008525142
102 959 2362 2.8409716647652057 6.462639560428142
102 960 2362 2.9555236422669284 6.564610885298432
102 961 2362 3.3762582839585535 5.946134343578341
102 962 2362 4.007882233798636 5.00866542788876
102 963 2362 4.767296928029419 4.097263327639606
102 964 2362 5.602777882443558 3.3321183249936985
102 965 2362 6.484991904389604 2.7204149714818744
102 966 2362 7.397237322135791 2.2373830855296575
102 967 2362 8.329653053999229 1.855305323029143
102 968 2362 9.276158687732691 1.5509527413581692
102 969 2362 10.232845156651138 1.3063738213259857
102 970 2362 11.19710319680937 1.1080370850747834
102 971 2362 12.167132776459647 0.9457854203881241
102 972 2362 13.141655907837437 0.8119610106624722
102 973 2362 14.119742207278382 0.7007439228426798
102 974 2362 15.100699321554568 0.6076693057998218
102 975 2362 16.084001989554668 0.5292784745147797
102 976 2362 17.069244857344994 0.4628665393542801
102 977 2362 18.056110323101112 0.40629878539598124
102 978 2362 19.044346142621926 0.35787596483138484
102 941 2363 18.568551909074618 0.3331306517446221
102 942 2363 17.591336504086282 0.37708127963037424
102 943 2363 16.616832429798365 0.4281594821986669
102 944 2363 15.645546331144802 0.48777584471748525
102 945 2363 14.67811704545234 0.557675685595617
102 946 2363 13.715360731675945 0.6400312628164793
102 947 2363 12.758335314608976 0.737561636769706
102 948 2363 11.808434273856907 0.8536877276271563
102 949 2363 10.867525937397088 0.9927301260982706
102 950 2363 9.938164820528913 1.1601535180359506
102 951 2363 9.023919325880438 1.362847559271091
102 952 2363 8.129890528168165 1.609393168908583
102 953 2363 7.263547342724382 1.910154893079074
102 954 2363 6.436079552025318 2.2767674834410796
102 955 2363 5.664549408381783 2.7199361119009757
102 956 2363 4.975049748494822 3.2430899640133712
102 957 2363 4.406259184387408 3.8273463942595676
102 958 2363 4.009877803624241 4.404216601993725
102 959 2363 3.8396770697544804 4.832420906210979
102 960 2363 3.9251904412395513 4.943434753528754
102 961 2363 4.251013996683419 4.683147144039255
102 962 2363 4.768135904103229 4.171423199331193
102 963 2363 5.422095535860494 3.5786153919849966
102 964 2363 6.169531586757482 3.015164294009275
102 965 2363 6.980481358760174 2.524907841427493
102 966 2363 7.8352485601924755 2.114788723701899
102 967 2363 8.720958662899294 1.7771345167692303
102 968 2363 9.629076798945901 1.5003969892085842
102 969 2363 10.55382016143909 1.2733379519912735
102 970 2363 11.491175744892175 1.0863255710710384
102 971 2363 12.438292487315058 0.9315126666086174
102 972 2363 13.393099715898414 0.8026402974105921
102 973 2363 14.354062839488972 0.6947545089748964
102 974 2363 15.320023498676436 0.6039377551339854
102 975 2363 16.290092694641064 0.5270838841808339
102 976 2363 17.263577844699462 0.4617190119257232
102 977 2363 18.239932017417118 0.4058621358899152
102 978 2363 19.218717959322838 0.35791769179943034
102 979 2363 20.199582173896523 0.31659293648815945
102 942 2364 17.83611841180693 0.3598318005680949
102 943 2364 16.87575539050025 0.4074443679560929
102 944 2364 15.92027386699105 0.46272499803211176
102 945 2364 14.970608538065449 0.5271506298583671
102 946 2364 14.027940689923026 0.6025255499976798
102 947 2364 13.093781730271743 0.6910578844042894
102 948 2364 12.170091207546395 0.7954498298196292
102 949 2364 11.259445812294585 0.9189977561467155
102 950 2364 10.365284366576637 1.0656888525319415
102 951 2364 9.492266325804287 1.2402599184030005
102 952 2364 8.646798251375941 1.4481387665193477
102 953 2364 7.837800711934312 1.695095626998716
102 954 2364 7.077790615721688 1.9862507780167236
102 955 2364 6.384286960968937 2.3237717587454694
102 956 2364 5.781273216169425 2.702205793369441
102 957 2364 5.299728294922104 3.1004944796812524
102 958 2364 4.975049748494777 3.4722800285514523
102 959 2364 4.838917234257879 3.7441097073320835
102 960 2364 4.9070479924286365 3.839152658821567
102 961 2364 5.17137505891788 3.7252577463929684
102 962 2364 5.60420556368143 3.4406134681342673
102 963 2364 6.1701799001324 3.063607234057657
102 964 2364 6.836308945622474 2.6656605061497287
102 965 2364 7.576220693723082 2.290458683570161
102 966 2364 8.370371556866388 1.9571883500443863
102 967 2364 9.204733564856607 1.6703093483619418
102 968 2364 10.069315766227506 1.4272276567871542
102 969 2364 10.956966733544363 1.222692061855983
102 970 2364 11.862509009480153 1.0509359298448373
102 971 2364 12.782140665788253 0.9065873809358298
102 972 2364 13.713027382748047 0.784979604788182
102 973 2364 14.653024261223269 0.682193173503918
102 974 2364 15.600484607857467 0.5949913200380267
102 975 2364 16.554126977886742 0.5207219677446172
102 976 2364 17.512941500501785 0.45721818932731123
102 977 2364 18.476122969930618 0.4027091801647168
102 978 2364 19.443022398793808 0.35574507437662817
102 979 2364 20.413111472776453 0.3151352668943836
102 942 2365 18.13281886525087 0.3417653606064704
102 943 2365 17.189040694582047 0.38580743865204375
102 944 2365 16.25198818606504 0.43664829751496514
102 945 2365 15.322895287771097 0.4955096026222478
102 946 2365 14.403302399102703 0.563852372484778
102 947 2365 13.49515172200734 0.6434191531213995
102 948 2365 12.600917426917679 0.7362756892271299
102 949 2365 11.723784371950792 0.844842816529801
102 950 2365 10.867894000219067 0.9718992408355599
102 951 2365 10.038681188283528 1.1205170735800218
102 952 2365 9.243328404854909 1.2938581679732668
102 953 2365 8.491355604377759 1.4947020836669653
102 954 2365 7.795326805208205 1.7244909889648794
102 955 2365 7.17154934445811 1.981584513584918
102 956 2365 6.6404156496410325 2.2584334015230616
102 957 2365 6.225682291925723 2.5378423859040162
102 958 2365 5.95173252087134 2.789991586274071
102 959 2365 5.838417593834608 2.9744383635194387
102 960 2365 5.895008057670276 3.051881801574456
102 961 2365 6.116790007838873 3.0030759173450763
102 962 2365 6.486842066830166 2.84034753582151
102 963 2365 6.981627317466713 2.6000598309750504
102 964 2365 7.576748643052469 2.3238350013245825
102 965 2365 8.25052240770228 2.0444310611464083
102 966 2365 8.985272394312673 1.781798425781006
102 967 2365 9.767247309247237 1.545373670213255
102 968 2365 10.585986963906453 1.3378725752615273
102 969 2365 11.43359610971095 1.158376121002708
102 970 2365 12.304109882474123 1.0043063021055432
102 971 2365 13.192995111042729 0.8725343723326943
102 972 2365 14.096776936590766 0.759942092985877
102 973 2365 15.012765234959126 0.6636734173391455
102 974 2365 15.938855667832534 0.5812231593509062
102 975 2365 16.873384959752364 0.510445466478386
102 976 2365 17.81502511926372 0.4495264439464549
102 977 2365 18.76270556183189 0.3969436559489387
102 978 2365 19.71555528003199 0.3514235702698052
102 942 2366 18.47893719887584 0.32324053645539674
102 943 2366 17.553777940944716 0.3637054709877765
102 944 2366 16.637281027860208 0.41013128663961046
102 945 2366 15.730960555541332 0.4635077250684411
102 946 2366 14.836681569677136 0.5249907312113701
102 947 2366 13.956758936085313 0.5959198202110537
102 948 2366 13.094087215227994 0.6778270034094476
102 949 2366 12.252310802456702 0.7724268059430944
102 950 2366 11.436044770811156 0.8815688042603718
102 951 2366 10.651155805826763 1.007120923495013
102 952 2366 9.905105754104655 1.1507316213533434
102 953 2366 9.207340549800314 1.31339202980518
102 954 2366 8.569662770494364 1.4946926853125868
102 955 2366 8.006442405962659 1.6916725013017484
102 956 2366 7.534395795284258 1.897263920858817
102 957 2366 7.171549344458079 2.098679337100902
102 958 2366 6.935064527457339 2.276757153594667
102 959 2366 6.838064053516687 2.4079874807654775
102 960 2366 6.886444655988826 2.470489065366585
102 961 2366 7.077225445045328 2.4523437902196865
102 962 2366 7.399399975673503 2.3571155604633987
102 963 2366 7.836779950974572 2.202131880494792
102 964 2366 8.371327254384278 2.010971508907708
102 965 2366 8.985717556210911 1.8057110992731256
102 966 2366 9.664735899133353 1.6027326760059764
102 967 2366 10.39572604487041 1.4121163677808821
102 968 2366 11.168487811695769 1.2388989195075097
102 969 2366 11.974937160586562 1.0847395111630616
102 970 2366 12.808712659748322 0.9493106182623696
102 971 2366 13.664813207651136 0.8312587188421493
102 972 2366 14.53929571884405 0.7287980639279239
102 973 2366 15.429034966581575 0.640048199221986
102 974 2366 16.331537588359428 0.5632100753449466
102 975 2366 17.244799795880404 0.49664701908540726
102 976 2366 18.167199013606826 0.438912581909007
102 977 2366 19.097411342901868 0.3887504230395597
102 978 2366 20.034348504505875 0.345080693039535
102 942 2367 18.871754555419507 0.30457477416047624
102 943 2367 17.966833889141316 0.34153587190436147
102 944 2367 17.072525296510673 0.3836730167997634
102 945 2367 16.19058738897378 0.43177290336122415
102 946 2367 15.323156332818536 0.4867307013333865
102 947 2367 14.472840771596873 0.5495510527743801
102 948 2367 13.642841346288419 0.621337325777767
102 949 2367 12.837099360836808 0.7032597867939141
102 950 2367 12.060477602483111 0.7964878536106393
102 951 2367 11.318971684742246 0.9020638417806675
102 952 2367 10.619939736175377 1.0206859872639495
102 953 2367 9.97231768447018 1.1523597657304339
102 954 2367 9.386752367032845 1.2958770877068493
102 955 2367 8.875534913457143 1.4481122280923862
102 956 2367 8.452166586147996 1.6032153189074168
102 957 2367 8.130382524826041 1.7519747977436622
102 958 2367 7.922570290000377 1.8818876311176018
102 959 2367 7.837800711934225 1.978623396621042
102 960 2367 7.880045685146541 2.029185186058879
102 961 2367 8.047305138988866 2.025922222958829
102 962 2367 8.332053768429281 1.9693467532542095
102 963 2367 8.722793130643222 1.8679354815385691
102 964 2367 9.206037149609847 1.7350520493461123
102 965 2367 9.768066338840894 1.5849443892662896
102 966 2367 10.396110811259975 1.4297688809561833
102 967 2367 11.07894940867574 1.2783220670191593
102 968 2367 11.807079232392596 1.1360903486087168
102 969 2367 12.572633773398337 1.0059303891845062
102 970 2367 13.369185465090853 0.8888729425620876
102 971 2367 14.191515775279132 0.7848068305108689
102 972 2367 15.035395571783154 0.6929777697766443
102 973 2367 15.897393497048391 0.6123191523812125
102 974 2367 16.774716689112708 0.5416562581147609
102 975 2367 17.66508194150246 0.479824084868876
102 976 2367 18.56661304600267 0.4257298286341502
102 977 2367 19.477759624761685 0.37838156305890963
102 942 2368 19.308420960813873 0.2860390221221327
102 943 2368 18.424959158706336 0.3196308726033256
102 944 2368 17.554005810640383 0.35768052643843173
102 945 2368 16.69751837848955 0.4008022551144248
102 946 2368 15.857840962753926 0.4496753226033475
102 947 2368 15.037789731207054 0.5050352884263761
102 948 2368 14.240755597930763 0.5676532027374798
102 949 2368 13.47082477059205 0.6382953887788084
102 950 2368 12.732914827328278 0.7176532785059287
102 951 2368 12.032918183050873 0.8062289898606885
102 952 2368 11.377834591871878 0.9041590667897975
102 953 2368 10.775858202481892 1.010958839707773
102 954 2368 10.236362635233096 1.1251790885100388
102 955 2368 9.769704192041655 1.2439951220473733
102 956 2368 9.38675236703282 1.3628081479558791
102 957 2368 9.098083314632607 1.4750329511798304
102 958 2368 8.912862615343974 1.572342189243861
102 959 2368 8.83759695844952 1.64563910603708
102 960 2368 8.875084224952245 1.6868007834240495
102 961 2368 9.023919325880312 1.6907519085941756
102 962 2368 9.278745604875487 1.656985115652124
102 963 2368 9.631153617298198 1.5897219984421391
102 964 2368 10.070904626695466 1.496623127577998
102 965 2368 10.587120477258967 1.3867481435843443
102 966 2368 11.169204089817507 1.2686899942364656
102 967 2368 11.807418007337425 1.149433821453575
102 968 2368 12.493162930178894 1.0339813280082353
102 969 2368 13.219043838341564 0.9254933720411547
102 970 2368 13.97880967750817 0.8256679577819591
102 971 2368 14.76723129093589 0.7351578057311862
102 972 2368 15.579958921640198 0.6539307082097413
102 973 2368 16.413382344903685 0.5815431499131537
102 974 2368 17.264504626545065 0.5173316212163864
102 975 2368 18.130833406106735 0.4605382825440228
102 976 2368 19.010289845238972 0.4103889599472896
102 977 2368 19.901133636051892 0.3661385576922047
102 943 2369 18.92488097716855 0.29825722872685223
102 944 2369 18.078028653589303 0.332471022780341
102 945 2369 17.247583019078235 0.3709692125057095
102 946 2369 16.436031151102018 0.4142569999296827
102 947 2369 15.646313303778495 0.46285967646158754
102 948 2369 14.881905791933905 0.5172981577126831
102 949 2369 14.146912030545602 0.5780484142457237
102 950 2369 13.446156328110867 0.6454779816561701
102 951 2369 12.78526964909211 0.7197513902735618
102 952 2369 12.17074853901747 0.800696293544612
102 953 2369 11.609957794927416 0.8876252947147574
102 954 2369 11.11103595530119 0.9791182815408465
102 955 2369 10.682655100675854 1.072790731643738
102 956 2369 10.333591824723667 1.165107747118729
102 957 2369 10.0720961075635 1.2513466893516785
102 958 2369 9.905105754104587 1.3258412731073788
102 959 2369 9.837434624941391 1.382613601921975
102 960 2369 9.871125569052182 1.4163742729499562
102 961 2369 10.00515467146789 1.4236580284716338
102 962 2369 10.235581077789172 1.4036848545574594
102 963 2369 10.556093974572022 1.3585660000402597
102 964 2369 10.958791904219904 1.2927565928546505
102 965 2369 11.434995408831423 1.2120101504562657
102 966 2369 11.975939211602391 1.1222632778801085
102 967 2369 12.573270059932527 1.028793292672999
102 968 2369 13.219346428624815 0.9357759515163215
102 969 2369 13.907376459994016 0.8461901323378629
102 970 2369 14.631442854346103 0.7619403171729344
102 971 2369 15.3864589818449 0.684074126406208
102 972 2369 16.168089559375765 0.6130124651921932
102 973 2369 16.972658012226475 0.5487502791058333
102 974 2369 17.797053688742853 0.4910137533103465
102 975 2369 18.638645873560545 0.4393748281343
102 976 2369 19.49520761623214 0.3933301283754016
102 977 2369 20.364850109931954 0.35235275728847204
102 943 2370 19.46337894611302 0.2776198875002616
102 944 2370 18.64100641059907 0.3082792328087376
102 945 2370 17.836791191242764 0.34253714197486507
102 946 2370 17.053302319492126 0.3807616224074144
102 947 2370 16.293530004268426 0.42331752622996455
102 948 2370 15.560948557205485 0.47054227323060194
102 949 2370 14.859580074820267 0.522709096807213
102 950 2370 14.19405227551299 0.57997377186433
102 951 2370 13.569639641493634 0.6423007200218699
102 952 2370 12.992271548886109 0.7093656053157285
102 953 2370 12.468485072373284 0.7804352329787925
102 954 2370 12.005295498237244 0.8542333333288786
102 955 2370 11.609957794927396 0.9288140495692208
102 956 2370 11.28960229591793 1.0014832751772875
102 957 2370 11.050752010609747 1.0688264419111662
102 958 2370 10.89876690272782 1.1269075835404658
102 959 2370 10.83730224733053 1.1716800698602432
102 960 2370 10.867894000218964 1.1995812848930136
102 961 2370 10.989773428055527 1.2081852104109718
102 962 2370 11.199960714216605 1.1967107980316967
102 963 2370 11.493612138922877 1.16619618592118
102 964 2370 11.864532017740746 1.11926824592878
102 965 2370 12.305735248248894 1.0596001773623605
102 966 2370 12.809961748576585 0.9912559014119373
102 967 2370 13.370083021432412 0.9181165044039832
102 968 2370 13.979381960587357 0.8435003673189364
102 969 2370 14.631716235629886 0.7699922912775407
102 970 2370 15.321589995819469 0.6994351370935373
102 971 2370 16.044161554908225 0.6330186169861968
102 972 2370 16.795211222250085 0.5714089217644436
102 973 2370 17.571087615739533 0.5148818734072013
102 974 2370 18.368645023517526 0.4634400482447183
102 975 2370 19.185179696838784 0.4169067212641419
102 976 2370 20.01836956397786 0.3749965631086968
102 977 2370 20.86621959052466 0.337366271552871
102 945 2371 18.461395396881436 0.315676060228899
102 946 2371 17.70556748596314 0.34935526832102115
102 947 2371 16.97501458025869 0.3865502876269117
102 948 2371 16.273141061270103 0.427467058873437
102 949 2371 15.603817481629138 0.4722412314617007
102 950 2371 14.971410087229428 0.5208955542305782
102 951 2371 14.3807899643933 0.5732842370960071
102 952 2371 13.837308986937995 0.6290241128184219
102 953 2371 13.346726939590658 0.6874155706242279
102 954 2371 12.915073364096504 0.7473616568693072
102 955 2371 12.548430977616086 0.8073016443466761
102 956 2371 12.252637267135388 0.8651846752105496
102 957 2371 12.032918183050816 0.9185162973061698
102 958 2371 11.893490656657319 0.964509413708592
102 959 2371 11.837192234647324 1.0003537201606258
102 960 2371 11.865206277178451 1.0235808336329308
102 961 2371 11.97694117878162 1.0324548285412312
102 962 2371 12.170091207546264 1.0262833133006044
102 963 2371 12.440864921700374 1.0055495464486413
102 964 2371 12.78433103451232 0.9718197497323013
102 965 2371 13.194814132832446 0.9274579892334763
102 966 2371 13.666276742404818 0.8752417374735482
102 967 2371 14.192643164682003 0.8179855968518007
102 968 2371 14.768043878591193 0.7582515314692284
102 969 2371 15.38697891075421 0.6981767130823031
102 970 2371 16.0444108648462 0.639410188531969
102 971 2371 16.735803536131595 0.5831286094716982
102 972 2371 17.457122328722875 0.5300975818532083
102 973 2371 18.204810353310325 0.48075142162223117
102 974 2371 18.975750841534435 0.4352733731075281
102 975 2371 19.767223376083823 0.3936666410706881
102 976 2371 20.576858846772378 0.3558124685448589
102 977 2371 21.40259610421116 0.3215150048270165
102 946 2372 18.389103295158105 0.3201101120624249
102 947 2372 17.686806382159407 0.3525857269865589
102 948 2372 17.01432102671143 0.3880206906997485
102 949 2372 16.37532045487949 0.42646013267655075
102 950 2372 15.773874603279774 0.46784744060014444
102 951 2372 15.214437879855918 0.5119834320114262
102 952 2372 14.701806691695909 0.5584787032866588
102 953 2372 14.241036479132921 0.6067025199138801
102 954 2372 13.837308986937979 0.6557351399224368
102 955 2372 13.495744514475463 0.7043349688476608
102 956 2372 13.22116182489249 0.7509364445500587
102 957 2372 13.017800121372064 0.7936969002634904
102 958 2372 12.88903099538497 0.8306076476337323
102 959 2372 12.837099360836719 0.8596730838014898
102 960 2372 12.862935901262762 0.8791413846921637
102 961 2372 12.966075736320319 0.8877464698661504
102 962 2372 13.144699311889735 0.8849043693540491
102 963 2372 13.395787397536377 0.870809628800424
102 964 2372 13.715360731675796 0.8464027908352436
102 965 2372 14.098763066311683 0.8132188779149961
102 966 2372 14.540946324087521 0.7731609804484115
102 967 2372 15.036725707413645 0.7282574615797548
102 968 2372 15.58098584814178 0.6804531936787861
102 969 2372 16.16883174505797 0.6314634646383281
102 970 2372 16.79568754174697 0.5826960543707927
102 971 2372 17.45735146005815 0.5352308449644413
102 972 2372 18.150017079881614 0.4898393467676672
102 973 2372 18.870270798268752 0.44702660178683734
102 974 2372 19.61507379542566 0.4070816852864015
102 975 2372 20.381734960498193 0.3701277193243851
102 976 2372 21.167879440321705 0.336166398437268
102 977 2372 21.9714159762177 0.30511496594898424
102 946 2373 19.100552871579247 0.2930276204615684
102 947 2373 18.42539334722584 0.3213703070192959
102 948 2373 17.780863871027027 0.3520622361229872
102 949 2373 17.17041408935714 0.38509119768229916
102 950 2373 16.597804674112606 0.42035682422609116
102 951 2373 16.067081875685897 0.4576411816231608
102 952 2373 15.582526110999915 0.49657629739314774
102 953 2373 15.14856824917768 0.5366116468013244
102 954 2373 14.769668919782669 0.5769868096346623
102 955 2373 14.45015986070722 0.6167169861053711
102 956 2373 14.194052275512941 0.6546011075121465
102 957 2373 14.004824882874976 0.6892626601418873
102 958 2373 13.885212277815347 0.7192304979643234
102 959 2373 13.83701991037066 0.7430596625334023
102 960 2373 13.860992749438767 0.7594809081785712
102 961 2373 13.956758936085198 0.7675551772840901
102 962 2373 14.122858067685664 0.7668009777443886
102 963 2373 14.356849236514048 0.7572638430446053
102 964 2373 14.65548088600282 0.7395096454357594
102 965 2373 15.014896603040395 0.7145435577121118
102 966 2373 15.430849620160064 0.6836757316146568
102 967 2373 15.898903106818217 0.6483655381153601
102 968 2373 16.414600817564647 0.6100755590400236
102 969 2373 16.97360067870085 0.5701571026785887
102 970 2373 17.571770542549032 0.5297764300363236
102 971 2373 18.20524979229876 0.4898801187759985
102 972 2373 18.87048277071877 0.45119151694395626
102 947 2374 19.187681464939786 0.29279530342580423
102 948 2374 18.56962896775253 0.31939544994356117
102 949 2374 17.985970087821055 0.34781197642100836
102 950 2374 17.440158256162523 0.37792374851507365
102 951 2374 16.935853093363612 0.40951427077810154
102 952 2374 16.476866206897284 0.4422498412666927
102 953 2374 16.067081875685883 0.4756592022701664
102 954 2374 15.710350728102593 0.5091184569045091
102 955 2374 15.410357555877596 0.5418463333586536
102 956 2374 15.170468680960179 0.5729157187375551
102 957 2374 14.99356928819798 0.6012870648535149
102 958 2374 14.881905791933828 0.6258670426490934
102 959 2374 14.836951169293293 0.6455912665012554
102 960 2374 14.859310885771036 0.6595234497340505
102 961 2374 14.948682885123812 0.6669566373600729
102 962 2374 15.103877647809307 0.6674978377915338
102 963 2374 15.322895287770963 0.6611180028283031
102 964 2374 15.60304842010027 0.6481558035332462
102 965 2374 15.941114139231095 0.6292743043089611
102 966 2374 16.3334968699294 0.6053806262820081
102 967 2374 16.776385784786708 0.5775260155391664
102 968 2374 17.265894706038072 0.5468052717945345
102 969 2374 17.798177434782293 0.5142707930744813
102 970 2374 18.369516052416664 0.4808699598298109
102 971 2374 18.97638321704095 0.44740794212925517
102 948 2375 19.377902879310582 0.28979362441350903
102 949 2375 18.819328362085436 0.3142812024846272
102 950 2375 18.29839118611233 0.34005226957910845
102 951 2375 17.818392744576972 0.3669027803144506
102 952 2375 17.38272475764353 0.39453763657734753
102 953 2375 16.994796850800935 0.4225581960936198
102 954 2375 16.65794465112648 0.45045447002759087
102 955 2375 16.37532045487945 0.4776053304390949
102 956 2375 16.149771515411395 0.5032903196727354
102 957 2375 15.983714211659105 0.526716155848027
102 958 2375 15.879015082806403 0.5470594117408301
102 959 2375 15.836891109052724 0.5635239848043715
102 960 2375 15.857840962753826 0.5754082135729206
102 961 2375 15.94161597831265 0.5821727629607671
102 962 2375 16.087234690896793 0.5834980638811204
102 963 2375 16.293039004433556 0.5793204248193213
102 964 2375 16.556784712014384 0.5698394100067528
102 965 2375 16.8757553905001 0.5554949216744242
102 966 2375 17.246887255385918 0.5369187857094838
102 967 2375 17.66689333187907 0.5148704290392967
102 968 2375 18.132377670895593 0.4901680926231264
102 969 2375 18.639933476275957 0.4636258426014931
102 970 2375 19.186222139858412 0.43600339868919996
102 949 2376 19.668226152858647 0.28415801231368987
102 950 2376 19.170370888430742 0.3062692248709617
102 951 2376 18.71275287070272 0.3291645979402349
102 952 2376 18.298391186112315 0.35258732270706733
102 953 2376 17.930284994946202 0.37620257816324687
102 954 2376 17.611334986309043 0.39959397382393985
102 955 2376 17.344253226933493 0.42226606201471284
102 956 2376 17.131465786674323 0.4436550966056049
102 957 2376 16.975014580258623 0.463149737442448
102 958 2376 16.87646645480009 0.4801222650127959
102 959 2376 16.836838182984145 0.49396906474422203
102 960 2376 16.856545316285683 0.5041569045587204
102 961 2376 16.935380716121877 0.5102693962361571
102 962 2376 17.072525296510552 0.5120467268687047
102 963 2376 17.26658970381797 0.5094119280178683
102 964 2376 17.515682116320583 0.5024788713495143
102 965 2376 17.81749477339597 0.4915404738231636
102 966 2376 18.16940065054411 0.47703934173700946
102 967 2376 18.568551909074458 0.459526167998624
102 968 2376 19.01197306962096 0.43961278706607876
102 969 2376 19.496643813743756 0.4179266466531622
102 970 2376 20.019568426916518 0.39507193094290305
102 971 2376 20.577830789468376 0.3716003631915618
102 950 2377 20.054304276139636 0.2761344851246987
102 951 2377 19.617316839975658 0.2957207078759417
102 952 2377 19.222463941961042 0.3156515333366848
102 953 2377 18.87239041563078 0.3356468732920363
102 954 2377 18.56962896775249 0.35536658861227965
102 955 2377 18.31652587146352 0.37441389001364267
102 956 2377 18.11516270973 0.39234460394109455
102 957 2377 17.96727914849637 0.4086832261241268
102 958 2377 17.874202639558284 0.4229459017103621
102 959 2377 17.83679119124268 0.43466932143676207
102 960 2377 17.855394703002013 0.44344316889805785
102 961 2377 17.929838816899398 0.4489425038076761
102 962 2377 18.059432992206382 0.450955716915691
102 963 2377 18.24300194595156 0.4494037938850148
102 964 2377 18.478937198875705 0.4443477179661195
102 965 2377 18.765263653889658 0.43598274665517733
102 966 2377 19.099715181122264 0.42462054242609953
102 967 2377 19.479813140787368 0.4106621186938965
102 968 2377 19.90294249602285 0.3945657774435581
102 969 2377 20.366421384229294 0.3768144434442808
102 970 2377 20.867561429165416 0.357886144310491
102 971 2377 21.403717434127937 0.33823017752718515
102 954 2378 19.532104853291976 0.3167937326759931
102 955 2378 19.291633419697565 0.3328860730388895
102 956 2378 19.10055287157919 0.348009819784877
102 957 2378 18.960356536731897 0.3617919038663518
102 958 2378 18.872178464607416 0.37385556286761124
102 959 2378 18.836749188753135 0.38384122235761453
102 960 2378 18.85436607261013 0.3914295945344266
102 961 2378 18.924880977168442 0.39636462163023156
102 962 2378 19.047706423608904 0.39847344973654886
102 963 2378 19.22183966221735 0.39768067700497944
102 964 2378 19.44590239613456 0.3940147578364556
102 965 2378 19.71819261494298 0.3876055727759145
102 966 2378 20.03674424650851 0.37867354257333563
102 967 2378 20.399390186963725 0.36751194085044214
102 968 2378 20.80382464836675 0.3544649421710515
102 969 2378 21.24766151838813 0.33990426359889137
102 970 2378 21.728486371581244 0.3242070245464063
102 971 2378 22.243900737055807 0.3077368122258263
102 972 2378 22.79155808627378 0.2908291170852163
102 960 2379 19.853441011572567 0.34665042919754147
102 961 2379 19.9204196742938 0.3510729838261989
102 962 2379 20.037143508993278 0.3531872920380068
102 963 2379 20.202750307816792 0.3529241586215734
102 964 2379 20.416050548526556 0.35029224661154174
102 965 2379 20.67556819049942 0.3453774012922383
102 966 2379 20.97958817517616 0.33833604098095255
102 967 2379 21.326207351519198 0.3293835378428937
102 968 2379 21.71338573322897 0.3187791368005564
102 969 2379 22.13899546049891 0.30680926560615585
102 970 2379 22.600865470153824 0.2937710501559145
102 971 2379 23.096820560414617 0.2799575291650154
102 962 2380 21.027579984391714 0.3139499299481931
102 963 2380 21.185445947630914 0.314052781008466
102 964 2380 21.388948548257137 0.31219236976923176
102 965 2380 21.63680013310635 0.30842474594753
102 966 2380 21.92749689317025 0.3028611515561726
102 967 2380 22.25936027831867 0.29566035839064325
