# %ECSV 0.9
# ---
# datatype:
# - name: sexcat_id
#   datatype: int32
# - name: x
#   datatype: int32
# - name: y
#   datatype: int32
# - name: sep
#   datatype: float64
# - name: weight
#   datatype: float64
# schema: astropy-2.0
sexcat_id x y sep weight
161 1494 1240 8.515164883899729 0.2528325617070788
161 1495 1240 8.141991955289516 0.27036425306535194
161 1496 1240 7.878834495025219 0.28316061813145327
161 1497 1240 7.73692658618391 0.289927168491593
161 1498 1240 7.722954939658751 0.2899255498358189
161 1499 1240 7.837603779217193 0.2831559433134673
161 1500 1240 8.075396770437953 0.2703570191841195
161 1492 1241 8.747230018697287 0.2728772947410418
161 1493 1241 8.142360407154614 0.30742132855024196
161 1494 1241 7.6211569331696065 0.3404948441273838
161 1495 1241 7.20180762031306 0.36933305087188834
161 1496 1241 6.902900332468908 0.39091322276968804
161 1497 1241 6.7404772086254745 0.40257682037618153
161 1498 1241 6.724435515342502 0.4027395219791658
161 1499 1241 6.8558028705615275 0.39137847931285774
161 1500 1241 7.1264319964481375 0.37003967431538226
161 1501 1241 7.521305272357977 0.3413612706730426
161 1490 1242 9.51420164806269 0.25859620885690043
161 1491 1242 8.735217970949488 0.3046489976420205
161 1492 1242 8.005500171756854 0.35576529580070976
161 1493 1242 7.339757012326711 0.41014423007473805
161 1494 1242 6.756924818288215 0.4644663570949348
161 1495 1242 6.28013001457767 0.5137726512790106
161 1496 1242 5.934983824746234 0.551975915263981
161 1497 1242 5.745261786898796 0.5732284481819737
161 1498 1242 5.726432833797987 0.573823280496972
161 1499 1242 5.880138858904588 0.5536518444114501
161 1500 1242 6.19354769094417 0.5162493849094463
161 1501 1242 6.6440976061463735 0.4673956145943633
161 1502 1242 7.2061108095837705 0.4132080998337788
161 1503 1242 7.855700668941006 0.3587296433212528
161 1489 1243 9.813767523229739 0.2636865350658079
161 1490 1243 8.949526970739788 0.31929469513608927
161 1491 1243 8.116528383490012 0.3855731778145027
161 1492 1243 7.325437393084394 0.4627825918068825
161 1493 1243 6.5913604817214475 0.5494488441642694
161 1494 1243 5.935489280590042 0.6411157777451797
161 1495 1243 5.386467580891897 0.7291916011407801
161 1496 1243 4.979762343726807 0.8010212999489277
161 1497 1243 4.752055660448393 0.8426655665209396
161 1498 1243 4.729274045770632 0.8444191455224073
161 1499 1243 4.9142683076934075 0.8058460136326112
161 1500 1243 5.285265650844802 0.7360259608196789
161 1501 1243 5.806723086216531 0.6487795237604174
161 1502 1243 6.442207152832028 0.5570212902929986
161 1503 1243 7.161426743324283 0.46971436000865263
161 1504 1243 7.9416643721577875 0.39162423674134855
161 1488 1244 10.30048702732054 0.25288239576640326
161 1489 1244 9.374648420074154 0.31238928165791496
161 1490 1244 8.465697431399196 0.3871398395078982
161 1491 1244 7.5797119338401675 0.4805236765876685
161 1492 1244 6.7257737844800545 0.5956439356249617
161 1493 1244 5.917772638417199 0.7338316377739508
161 1494 1244 5.177261148522389 0.8916835843776388
161 1495 1244 4.537403773084281 1.0564646636372155
161 1496 1244 4.046236893707482 1.2020583233740294
161 1497 1244 3.7624503983441 1.2921846776061476
161 1498 1244 3.7336353598068177 1.2973085396735355
161 1499 1244 3.9653540825504967 1.2155770408799258
161 1500 1244 4.416789897651913 1.074308951147794
161 1501 1244 5.029118511230383 0.9101169487908346
161 1502 1244 5.751176662214456 0.7506361742851708
161 1503 1244 6.546757441665325 0.6099542559807442
161 1504 1244 7.392160239064114 0.4922664693832735
161 1505 1244 8.272123850620257 0.3965913315235538
161 1488 1245 9.98368834649794 0.28607282875971796
161 1489 1245 9.025410406180923 0.35990863772752063
161 1490 1245 8.077254050727822 0.4562299320742005
161 1491 1245 7.1432508705770035 0.582482281865414
161 1492 1245 6.229769899442452 0.7480085799624322
161 1493 1245 5.347338870877675 0.963056571157129
161 1494 1245 4.514203473482275 1.2346026305231932
161 1495 1245 3.763247666577306 1.5547074092337037
161 1496 1245 3.153733184655868 1.877775486154507
161 1497 1245 2.7802936895227 2.1028848181619986
161 1498 1245 2.7411736537475795 2.119504101887754
161 1499 1245 3.0492676169860786 1.9180324015542962
161 1500 1245 3.6169093159768417 1.6014272101828388
161 1501 1245 4.3435046909149495 1.2769656200733281
161 1502 1245 5.162366995865392 0.9975804000734413
161 1503 1245 6.036061050055771 0.7748805454851823
161 1504 1245 6.943920578462897 0.6030365443325836
161 1505 1245 7.87413696858269 0.4718927338469733
161 1506 1245 8.819639051571254 0.371877971674714
161 1488 1246 9.759509874988542 0.3128918701756038
161 1489 1246 8.776789447172522 0.399531431105093
161 1490 1246 7.798463502511189 0.5161960076967228
161 1491 1246 6.8264216834297 0.675715663108597
161 1492 1246 5.863789986007283 0.8973057712266808
161 1493 1246 4.91609936840168 1.2095239126159782
161 1494 1246 3.993999624436575 1.6523898474016667
161 1495 1246 3.1202616877434504 2.2693094298462793
161 1496 1246 2.3494750477499675 3.0503315766894805
161 1497 1246 1.8176999202288087 3.7492872505532895
161 1498 1246 1.7572800004552271 3.8190132041995852
161 1499 1246 2.2072682211276518 3.1860938933749305
161 1500 1246 2.9421136959676004 2.391306903722937
161 1501 1246 3.800004342102814 1.742859229348761
161 1502 1246 4.7142372659848535 1.2735180527806864
161 1503 1246 5.6575642285351435 0.942459481416297
161 1504 1246 6.61755491099247 0.7079465393395578
161 1505 1246 7.5878872553564385 0.5395604679050064
161 1506 1246 8.565047168580028 0.4167374561056781
161 1488 1247 9.634419183323867 0.32885008991422293
161 1489 1247 8.637478393605337 0.4237112841027279
161 1490 1247 7.6413371212111265 0.5539993650297284
161 1491 1247 6.646354865638703 0.7370944103263751
161 1492 1247 5.653143638719908 1.0016867899064448
161 1493 1247 4.662835296254787 1.3975673020596946
161 1494 1247 3.677775550519576 2.016525026652713
161 1495 1247 2.7037072696576594 3.039383384266419
161 1496 1247 1.7589863558310455 4.830649763142935
161 1497 1247 0.9370341509250806 7.746531729250926
161 1498 1247 0.8136541034124956 8.296296626513156
161 1499 1247 1.5639798592053855 5.318470736435198
161 1500 1247 2.4960034054464355 3.314010858769706
161 1501 1247 3.466126512405499 2.177084278207028
161 1502 1247 4.449498061579577 1.4973096367105105
161 1503 1247 5.438936752711923 1.066830368199958
161 1504 1247 6.4316431026605185 0.7813510743152756
161 1505 1247 7.426306821024885 0.5850241836513814
161 1506 1247 8.42223444223686 0.44602165227016255
161 1488 1248 9.612285524265236 0.3308372549297653
161 1489 1248 8.612783115811004 0.4269111132619043
161 1490 1248 7.613411390434594 0.5593177737061173
161 1491 1248 6.6142295847664165 0.7462989494711327
161 1492 1248 5.615339081480248 1.01848111981585
161 1493 1248 4.6169289576513455 1.4304758190091804
161 1494 1248 3.6193967729443037 2.087869712285488
161 1495 1248 2.6237440805078047 3.219685863195903
161 1496 1248 1.633411460716451 5.418115971413313
161 1497 1248 0.6723339943807362 10.650840644842647
161 1498 1248 0.48583227558496067 12.661336818730446
161 1499 1248 1.4212786496673222 6.19891047273495
161 1500 1248 2.4091560763056163 3.5845408220791835
161 1501 1248 3.404120003760205 2.287845706326536
161 1502 1248 4.4013671739586195 1.551070546205629
161 1503 1248 5.399632672691782 1.0959803157809689
161 1504 1248 6.398439887972747 0.7984344293059353
161 1505 1248 7.397569398119953 0.595630520147609
161 1488 1249 9.69381416161869 0.318442466612101
161 1489 1249 8.70367927947711 0.408343286865277
161 1490 1249 7.716089229655091 0.5305624690468914
161 1491 1249 6.732164065142753 0.6999127877322184
161 1492 1249 5.753784233006961 0.9397158201124863
161 1493 1249 4.784352934305704 1.2875411354131645
161 1494 1249 3.830670045827454 1.8043051768853353
161 1495 1249 2.9082697605276944 2.5828102447341217
161 1496 1249 2.0596196250764165 3.7124395265905195
161 1497 1249 1.4233878600016319 4.964228715312275
161 1498 1249 1.345374669004932 5.173333418138774
161 1499 1249 1.8957935014131249 4.0439707340698545
161 1500 1249 2.7162534859619307 2.833174571810613
161 1501 1249 3.6279516259179156 1.971583647197476
161 1502 1249 4.576683624634825 1.3988254904717679
161 1503 1249 5.543467597091252 1.015314917834894
161 1504 1249 6.52027859834231 0.7525541909713512
161 1505 1249 7.503201516686119 0.5680783014880634
161 1489 1250 8.906628598970501 0.37239866092835555
161 1490 1250 7.944308214061143 0.4759197770820466
161 1491 1250 6.9925698423397575 0.6141652944704393
161 1492 1250 6.05640429628006 0.8001017601857526
161 1493 1250 5.14432046046897 1.0504344845457694
161 1494 1250 4.271771646518547 1.3829136330394334
161 1495 1250 3.468722098986871 1.8037742924796527
161 1496 1250 2.7957169026924005 2.27124233458452
161 1497 1250 2.3664388857521956 2.638464250870971
161 1498 1250 2.320351912964971 2.6923883331355793
161 1499 1250 2.6773182477995223 2.3936045042138088
161 1500 1250 3.3093855925232423 1.93400245257546
161 1501 1250 4.0909696894502305 1.492365232318739
161 1502 1250 4.951770693398537 1.1346399113662844
161 1503 1250 5.856964486831103 0.862954243309445
161 1504 1250 6.78881675993695 0.6607986062718865
161 1490 1251 8.287703722986207 0.4083062246728044
161 1491 1251 7.380381629699072 0.5128294804736738
161 1492 1251 6.500310223366238 0.6452244517259266
161 1493 1251 5.660214925247957 0.8098283230947985
161 1494 1251 4.880782007014844 1.0065303081259156
161 1495 1251 4.195954361048265 1.2238161262154565
161 1496 1251 3.6592394018429646 1.429460751438193
161 1497 1251 3.342758292189276 1.5689382019397735
161 1498 1251 3.310291981079655 1.5895656983189037
161 1499 1251 3.5695984367993514 1.4823786500515856
161 1500 1251 4.065222380141151 1.2906272640159024
161 1501 1251 4.723349764732714 1.0723260434209805
161 1502 1251 5.485802858287991 0.8672680820164119
161 1503 1251 6.314905620830829 0.6924004798637056
161 1504 1251 7.187630555336084 0.5504282392701509
161 1491 1252 7.876803476030084 0.41451010842032115
161 1492 1252 7.058897435152299 0.5044948780275474
161 1493 1252 6.293809101013457 0.6087769252977887
161 1494 1252 5.603216308514237 0.7234016184089906
161 1495 1252 5.0179710043004455 0.8386849207950083
161 1496 1252 4.578649691775964 0.9380555474078398
161 1497 1252 4.329899883369157 1.0008148384983817
161 1498 1252 4.304884783591814 1.0104786795181517
161 1499 1252 4.507331028446928 0.9642598768680075
161 1500 1252 4.909178444505817 0.8748825791039244
161 1501 1252 5.466629034423376 0.7627843573087856
161 1502 1252 6.137428859058226 0.6465152734894389
161 1503 1252 6.888543605146219 0.5380738013036284
161 1493 1253 7.013275482967989 0.45441539744663917
161 1494 1253 6.400783780131929 0.5222189314251146
161 1495 1253 5.895255125946637 0.5862123614626865
161 1496 1253 5.526122781842636 0.6383141878537957
161 1497 1253 5.321844886879013 0.6699852934213442
161 1498 1253 5.301512331401334 0.6751090477655292
161 1499 1253 5.4671777911460415 0.6526273388769178
161 1500 1253 5.802933137646911 0.6070400590266344
130 1014 1122 9.207984198509573 0.3088873043002412
130 1015 1122 8.67818950012051 0.35675911445355124
130 1016 1122 8.236198941259358 0.3987391827269865
130 1017 1122 7.89676978263908 0.4277501247061174
130 1018 1122 7.673524157777933 0.4377602045539823
130 1019 1122 7.576738942315581 0.4264617082655265
130 1020 1122 7.611239912130041 0.39645081434667434
130 1013 1123 9.061841589875753 0.31218408942310766
130 1014 1123 8.404818439443044 0.38019773854079275
130 1015 1123 7.820803858939418 0.45259388569495557
130 1016 1123 7.327275960409952 0.5208462216374609
130 1017 1123 6.943556221418637 0.5725169873962945
130 1018 1123 6.6885703255629565 0.5950320707502582
130 1019 1123 6.577307427815827 0.5820028606205843
130 1020 1123 6.6170214598413635 0.5371954172769753
130 1021 1123 6.805069654309279 0.4721344009526991
130 1013 1124 8.364865390429289 0.3681488736707045
130 1014 1124 7.648200638058707 0.46312280631524677
130 1015 1124 7.001355083125088 0.5718328596897583
130 1016 1124 6.445383852029404 0.6835196973185113
130 1017 1124 6.005578490037515 0.7773102549551805
130 1018 1124 5.7088504096710375 0.8267251822312118
130 1019 1124 5.5780796874911225 0.8141939065201875
130 1020 1124 5.624853153638853 0.7444186446733362
130 1021 1124 5.844910007861612 0.6405500798518222
130 1022 1124 6.219885288331347 0.5281073512885727
130 1012 1125 8.561598740889558 0.3257156899449599
130 1013 1125 7.734660496751072 0.42521422373920365
130 1014 1125 6.953342577494757 0.5540284113575897
130 1015 1125 6.234819403960416 0.7140020748973462
130 1016 1125 5.60330018828201 0.8961131162437959
130 1017 1125 5.091264381271228 1.069521135970207
130 1018 1125 4.737612584414326 1.1793076566175094
130 1019 1125 4.579189120357541 1.1758299847839955
130 1020 1125 4.636051444926034 1.060849133123338
130 1021 1125 4.900711478959014 0.8856564111072539
130 1022 1125 5.3423752208170985 0.704225431894789
130 1023 1125 5.921568457765258 0.5459186577298804
130 1012 1126 8.07186304393239 0.35615273432427
130 1013 1126 7.1888088721290515 0.4773502953349662
130 1014 1126 6.340581440215184 0.6443055538123671
130 1015 1126 5.543191589689205 0.8703441846604647
130 1016 1126 4.821926274840899 1.1601579925288428
130 1017 1126 4.21603759470915 1.4832613341987575
130 1018 1126 3.781398286348689 1.73586948138345
130 1019 1126 3.5809178990868653 1.77261459274697
130 1020 1126 3.6533509275732845 1.5672063321695924
130 1021 1126 3.983838977669713 1.2496987779734057
130 1022 1126 4.516079383713306 0.945030341047748
130 1023 1126 5.188349737633368 0.7008623414877403
130 1024 1126 5.953400120939304 0.5186872395555872
130 1012 1127 7.681729818211605 0.37721564299863014
130 1013 1127 6.747812460346033 0.5167726985530663
130 1014 1127 5.835835244418837 0.7197229316029781
130 1015 1127 4.957920229289793 1.017876130945884
130 1016 1127 4.135815880814914 1.4514866790786132
130 1017 1127 3.4101280034627335 2.037776519000034
130 1018 1127 2.8553411354863742 2.6433243007914653
130 1019 1127 2.5839839395786703 2.8447906324028414
130 1020 1127 2.683462874719975 2.4287366693239556
130 1021 1127 3.1184888968858426 1.7959185157304032
130 1022 1127 3.774781185711321 1.2655402495243502
130 1023 1127 4.55773770636267 0.8889425491920824
130 1024 1127 5.412667826497386 0.6320549674992606
130 1012 1128 7.406954367349721 0.3855500075975104
130 1013 1128 6.4332707855336695 0.536016545839714
130 1014 1128 5.469092520702213 0.7634282652795225
130 1015 1128 4.520505834527898 1.1191261831274466
130 1016 1128 3.5998573582852775 1.695989420923056
130 1017 1128 2.7355023304688566 2.6508695869714773
130 1018 1128 2.0017424909314463 4.089986482395336
130 1019 1128 1.5909032025866057 5.062463288806955
130 1020 1128 1.747848105528683 4.010309584374425
130 1021 1128 2.3619849703163003 2.5899266070982847
130 1022 1128 3.1785174216920664 1.6589462766422858
130 1023 1128 4.077618545180491 1.0966082363322456
130 1024 1128 5.015074575716672 0.7492599186188299
130 1012 1129 7.260645494720213 0.379706964927998
130 1013 1129 6.264261568612921 0.530913914012824
130 1014 1129 5.269247859040291 0.7633906644431364
130 1015 1129 4.276560884636226 1.1381469427251567
130 1016 1129 3.288308531753137 1.7826736257128597
130 1017 1129 2.31018895331104 3.0007875836034827
130 1018 1129 1.3641748421665918 5.657235700873033
130 1019 1129 0.6204619246981503 11.14918157070894
130 1020 1129 0.9534007551916562 6.958129172697463
130 1021 1129 1.8528283784527664 3.543252608606095
130 1022 1129 2.8208106990721293 2.0489335169502443
130 1023 1129 3.8053873653019457 1.2853946681945516
130 1024 1129 4.796349966380641 0.8515476916494586
130 1025 1129 5.7904207964533505 0.5867483698122187
130 1013 1130 6.252597300322533 0.502604344548941
130 1014 1130 5.255375628820504 0.71962122701399
130 1015 1130 4.259456890261997 1.0671836122116205
130 1016 1130 3.2660332208966105 1.6601070626992462
130 1017 1130 2.2783706897693743 2.770368865336835
130 1018 1130 1.3095697766824264 5.1921724289371545
130 1019 1130 0.4888486473336585 11.688582579680201
130 1020 1130 0.8734832568514608 8.438679595542244
130 1021 1130 1.813001103143548 4.012616678717163
130 1022 1130 2.794811800461636 2.2557927836627196
130 1023 1130 3.786155437907891 1.393497490551912
130 1024 1130 4.781105834427783 0.9140372196166079
130 1025 1130 5.777800013846037 0.625386666321299
130 1013 1131 6.399138457636343 0.45696234469614844
130 1014 1131 5.428901638453245 0.6441657461035981
130 1015 1131 4.471797513304937 0.9335339106363434
130 1016 1131 3.5384986929487625 1.399104164695712
130 1017 1131 2.654236801794442 2.17975050938031
130 1018 1131 1.8891725702010058 3.4992830812948754
130 1019 1131 1.4467110976279134 5.226479771951787
130 1020 1131 1.6177060919708652 5.161644594208402
130 1021 1131 2.2673713855474884 3.4243431671393743
130 1022 1131 3.108853968908708 2.1341092581994787
130 1023 1131 4.023552286226601 1.37228076520066
130 1024 1131 4.971214439148567 0.9171709782828428
130 1014 1132 5.772951844593902 0.5538773677440257
130 1015 1132 4.8837457960053605 0.7770640109280479
130 1016 1132 4.046600177927134 1.1089321960401843
130 1017 1132 3.3013592655147064 1.5978355130565582
130 1018 1132 2.724513351040822 2.2621012959783697
130 1019 1132 2.4386416300882705 2.916939742753662
130 1020 1132 2.5438107240908203 3.0298399113771954
130 1021 1132 2.9991620496397577 2.4708466858481133
130 1022 1132 3.6768156059284833 1.7738373410765824
130 1023 1132 4.4769379044162685 1.2320971945371408
130 1024 1132 5.344808041454717 0.859876209961386
130 1014 1133 6.2594706645210785 0.4629793436413253
130 1015 1133 5.450226876011662 0.6273642083571436
130 1016 1133 4.714761181650639 0.8535220539742158
130 1017 1133 4.0930395795789245 1.1520719658847607
130 1018 1133 3.6437580874695157 1.5035209100733469
130 1019 1133 3.435254430169531 1.8106857489604882
130 1020 1133 3.510694090916963 1.9027281122180617
130 1021 1133 3.853436518226188 1.7109679089853485
130 1022 1133 4.401473957664529 1.3692143566118053
130 1023 1133 5.088906857076374 1.0315460786876058
130 1024 1133 5.866938980422314 0.7603747726409711
130 1015 1134 6.128537590649147 0.49836911794431565
130 1016 1134 5.484794709011409 0.6505010988924138
130 1017 1134 4.960541603494464 0.8351783679962281
130 1018 1134 4.5968438085276855 1.0336835890097629
130 1019 1134 4.433392944461296 1.1981098685451137
130 1020 1134 4.492101178735748 1.262231961599571
130 1021 1134 4.764763687739297 1.1929726045644165
130 1022 1134 5.217947201725873 1.0258775453605682
130 1023 1134 5.809558761214035 0.8272163541353188
130 1016 1135 6.319570634149076 0.4959565074874163
130 1017 1135 5.8703469233086425 0.613158676890627
130 1018 1135 5.566414734818017 0.7319928309148103
130 1019 1135 5.432216214400806 0.8281475710218399
130 1020 1135 5.480234757745229 0.872272600933026
130 1021 1135 5.705871800172064 0.8477241496616684
130 1022 1135 6.0894148323134205 0.7640169413763139
130 1019 1136 6.431405211926771 0.5911760280429943
130 1020 1136 6.472014601343133 0.6219411362845251
132 1703 1146 13.902506608522057 0.24583798469931134
132 1704 1146 14.39700281308577 0.24691629494599215
132 1701 1147 12.153587536196845 0.2833444642343119
132 1702 1147 12.558012979767119 0.29933619344224943
132 1703 1147 13.02680659256134 0.30541195344245525
132 1704 1147 13.553290744317401 0.3005594960107104
132 1705 1147 14.131018717700428 0.2855907534956693
132 1697 1148 10.30299422498134 0.22438920016974617
132 1698 1148 10.399311996473564 0.26261158165443005
132 1699 1148 10.589602919845442 0.3012519510090192
132 1700 1148 10.868932330270498 0.33658491750586894
132 1701 1148 11.230658484701571 0.36394737690528184
132 1702 1148 11.667120038809902 0.37883868783634367
132 1703 1148 12.170278961470016 0.37846603045567295
132 1704 1148 12.732230362352066 0.3629023259449223
132 1705 1148 13.345549445414376 0.3350542279707453
132 1695 1149 9.411784634170008 0.20168106054335444
132 1696 1149 9.304605848718086 0.24433406585462916
132 1697 1149 9.304283422166318 0.2927144402841632
132 1698 1149 9.410828337611896 0.344716450847241
132 1699 1149 9.620690723643456 0.39612953136369383
132 1700 1149 9.927320383668464 0.4405339487318892
132 1701 1149 10.322097170633471 0.47037998937814696
132 1702 1149 10.795355019636903 0.4794662640034872
132 1703 1149 11.33726995356465 0.465716672779174
132 1704 1149 11.938496136448675 0.43223828050486496
132 1705 1149 12.590539702490918 0.3857610088297464
132 1693 1150 9.000649421013936 0.17058120637763008
132 1694 1150 8.66058254391693 0.21137395388675934
132 1695 1150 8.426131378040505 0.2611007534380704
132 1696 1150 8.306244036867623 0.32022626876801996
132 1697 1150 8.305882854940773 0.3876923532438691
132 1698 1150 8.425063204510648 0.4596898602625835
132 1699 1150 8.65885038558811 0.528518953868933
132 1700 1150 8.998315953554837 0.5827654123400505
132 1701 1150 9.432056509584728 0.6103159776064959
132 1702 1150 9.947747986353484 0.6038877126685672
132 1703 1150 10.53336081220044 0.5652502954046632
132 1704 1150 11.177910806586357 0.5041445146359349
132 1705 1150 11.871802306305485 0.4329836384162789
132 1692 1151 8.56946264359665 0.17285734067585765
132 1693 1151 8.088862095498886 0.21723534260795568
132 1694 1151 7.708676280659266 0.27316595232564056
132 1695 1151 7.444305877648964 0.3426167807634419
132 1696 1151 7.308330178638555 0.4264859816948157
132 1697 1151 7.30791967662475 0.5228830982181487
132 1698 1151 7.443096801735105 0.6245592729581417
132 1699 1151 7.706730175632171 0.7166864391223189
132 1700 1151 8.086265516293638 0.7783640496746049
132 1701 1151 8.566311341528497 0.7911664239022465
132 1702 1151 9.131028967208454 0.7507954781201405
132 1703 1151 9.765740627315475 0.6702457846102076
132 1704 1151 10.457709596273947 0.5707317274847981
132 1705 1151 11.19632484344753 0.4705185807078486
132 1691 1152 8.358210932968758 0.1720056955451651
132 1692 1152 7.736516658031482 0.21872174502537212
132 1693 1152 7.2005340079746 0.2792900655321077
132 1694 1152 6.770649156469333 0.35740762338288884
132 1695 1152 6.46805148402508 0.45670514981564136
132 1696 1152 6.311076770250793 0.5790696714907891
132 1697 1152 6.310601397648192 0.7210025905830194
132 1698 1152 6.466659879721482 0.8677821454749136
132 1699 1152 6.768433349010656 0.9890060494295049
132 1700 1152 7.1976169667466845 1.0457679971392433
132 1701 1152 7.733025927798243 1.0150956321756541
132 1702 1152 8.354261786657156 0.9097939541961865
132 1703 1152 9.043654681598595 0.7669596778372918
132 1704 1152 9.786812044787634 0.6212613158462338
132 1705 1152 10.572402281411753 0.4920802834016095
132 1690 1153 8.383536843122862 0.16809708814748012
132 1691 1153 7.633982577920818 0.21569037001476019
132 1692 1153 6.947783099665585 0.2787965906809372
132 1693 1153 6.345525194969985 0.3627451142519566
132 1694 1153 5.853177769382971 0.47417793259437513
132 1695 1153 5.500335444316024 0.6201998294792619
132 1696 1153 5.314855595404196 0.8051530694815914
132 1697 1153 5.314291109828237 1.0222812737997375
132 1698 1153 5.498698937021336 1.2389946272796453
132 1699 1153 5.850614497640374 1.3881433885665202
132 1700 1153 6.342214912788738 1.3996902876788189
132 1701 1153 6.943895880555814 1.2673374012885141
132 1702 1153 7.6296585768958325 1.055689272625114
132 1703 1153 8.378883577183794 0.8357271808551768
132 1704 1153 9.176038905758869 0.6451421856608512
132 1705 1153 10.00967981505905 0.49348076818718456
132 1690 1154 7.791128929750718 0.20843028722958432
132 1691 1154 6.978229718202082 0.27174123661692157
132 1692 1154 6.220103696884711 0.357916737686306
132 1693 1154 5.539286055079571 0.47617574436251503
132 1694 1154 4.967664441163385 0.6389812193839207
132 1695 1154 4.5466130250989325 0.8612011913092772
132 1696 1154 4.320380770256183 1.153907619771419
132 1697 1154 4.319686331205028 1.503385420948622
132 1698 1154 4.544633098501978 1.8283696565516216
132 1699 1154 4.9646439952931 1.9683184730219103
132 1700 1154 5.535493654589443 1.8250460241509432
132 1701 1154 6.215761417557798 1.4988499618929043
132 1702 1154 6.973499121674876 1.149776217340711
132 1703 1154 7.786121627614124 0.8579639573431045
132 1704 1154 8.63815315909602 0.63658491567891
132 1705 1154 9.519017281211369 0.4744329654194267
132 1689 1155 8.19302691317431 0.19759996676189054
132 1690 1155 7.288325596458948 0.2588975718075979
132 1691 1155 6.411995789143878 0.3435680541731336
132 1692 1155 5.577426826055091 0.46237140194136134
132 1693 1155 4.80642174595604 0.6316670389262383
132 1694 1155 4.134693459012318 0.875904076284696
132 1695 1155 3.617967661546934 1.2286505528473806
132 1696 1155 3.329217625809333 1.721795276562125
132 1697 1155 3.3283163912103784 2.3259943099397375
132 1698 1155 3.6154792213480933 2.800456255900786
132 1699 1155 4.131064027584172 2.746735324069836
132 1700 1155 4.802050603648414 2.219754565991385
132 1701 1155 5.5725837813352115 1.6257767978809539
132 1702 1155 6.40684711851316 1.1580335119694292
132 1703 1155 7.28297260739051 0.8267831691559548
132 1704 1155 8.187532595355005 0.5977235645944012
132 1689 1156 7.8449786487917645 0.24156565223760362
132 1690 1156 6.894758153844035 0.32150575217104815
132 1691 1156 5.960846416407568 0.43496175835521167
132 1692 1156 5.052295517880865 0.5997482796126112
132 1693 1156 4.185652876194971 0.8454065358018713
132 1694 1156 3.3931828715822805 1.2218382501876586
132 1695 1156 2.7400164233083553 1.811308538736731
132 1696 1156 2.345568161448235 2.7208542280062287
132 1697 1156 2.344288804733708 3.8857963026007645
132 1698 1156 2.7367298003273794 4.385043205230482
132 1699 1156 3.3887593600018397 3.498757915204125
132 1700 1156 4.180632727231636 2.37614440563589
132 1701 1156 5.04694858305495 1.5838195215345618
132 1702 1156 5.955307716650795 1.0771123716136721
132 1703 1156 6.889099360584129 0.7517182748124497
132 1704 1156 7.8392403968752475 0.5374214130234357
132 1688 1157 8.600447081402143 0.22128538609024842
132 1689 1157 7.613257515676111 0.2941908682317906
132 1690 1157 6.629908747486569 0.3978758591013634
132 1691 1157 5.65240568253899 0.549260555222947
132 1692 1157 4.6844092477066095 0.7775260905456072
132 1693 1157 3.733321577362356 1.1358894099409307
132 1694 1157 2.8163256203783487 1.7281262828941295
132 1695 1157 1.9813354082536434 2.7709711168689686
132 1696 1157 1.3855287799247527 4.7035103113602394
132 1697 1157 1.3833618470956597 7.3906710141781415
132 1698 1157 1.9767877984245192 6.130638312597311
132 1699 1157 2.8109944859426883 3.598204228666535
132 1700 1157 3.7276923156291137 2.177073945671354
132 1701 1157 4.678641896961177 1.3957533460908702
132 1702 1157 5.64656444220737 0.9372915166193877
132 1703 1157 6.6240237016484755 0.652291463620627
132 1704 1157 7.6073444775427985 0.4668717055314713
132 1688 1158 8.50797802065795 0.26416303665551155
132 1689 1158 7.508641022182303 0.35555558046046526
132 1690 1158 6.50950766187421 0.48825191391076334
132 1691 1158 5.510688704690112 0.6872545211426636
132 1692 1158 4.5123929350178855 0.9984046561018277
132 1693 1158 3.5150661444700395 1.513144970081121
132 1694 1158 2.5198591230462886 2.437493792801503
132 1695 1158 1.5309114931960475 4.33557842601518
132 1696 1158 0.5811110048862383 9.454855510317
132 1697 1158 0.5759253423839201 13.615882285824906
132 1698 1158 1.525021311326559 5.485753278121642
132 1699 1158 2.5138993615497656 2.9293809810539084
132 1700 1158 3.509086775786609 1.768107584862
132 1701 1158 4.5064054411471455 1.1455292058408715
132 1702 1158 5.504697085217382 0.778294676352888
132 1703 1158 6.50351366570417 0.5474631661342043
132 1687 1159 9.529411839142998 0.23360691112060006
132 1688 1159 8.532507837675796 0.3119253390461464
132 1689 1159 7.5364242184207635 0.42417475076599986
132 1690 1159 6.5415357524054825 0.5897548671051981
132 1691 1159 5.5484853789119155 0.843016384512463
132 1692 1159 4.558474525540254 1.2491603914896872
132 1693 1159 3.5740299383188705 1.944136774647266
132 1694 1159 2.601478425818621 3.2515002838411
132 1695 1159 1.6618333249757244 6.088063735614334
132 1696 1159 0.869304319556744 11.5322592712093
132 1697 1159 0.8658464067028029 6.935413456355222
132 1698 1159 1.6564087659754454 3.6105586963859855
132 1699 1159 2.595706069646646 2.1225352158749686
132 1700 1159 3.5681493802811257 1.3488040022791763
132 1701 1159 4.552547638410906 0.9031886816146804
132 1702 1159 5.54253461874627 0.6281602026882932
132 1687 1160 9.655448720800026 0.26986530783567875
132 1688 1160 8.673043871674984 0.36244393800123464
132 1689 1160 7.695173162444049 0.4959638798693116
132 1690 1160 6.723815137256473 0.694030322083878
132 1691 1160 5.76226431188291 0.9979635320302377
132 1692 1160 4.816398031724493 1.4834413461633724
132 1693 1160 3.897651857208351 2.292672723380471
132 1694 1160 3.0307903259710742 3.661401757665721
132 1695 1160 2.2758932312391087 5.507902348478377
132 1696 1160 1.7814853353312043 5.541432400087388
132 1697 1160 1.7798005506236578 3.699516114947715
132 1698 1160 2.2719352983745855 2.315823009010859
132 1699 1160 3.025837074265658 1.4970953972753487
132 1700 1160 3.892260268789936 1.0063386177549953
132 1701 1160 4.810788916591627 0.6993907329091577
132 1686 1161 10.84673637551862 0.2311469567054334
132 1687 1161 9.88158337514788 0.3062222628671746
132 1688 1161 8.924107238261938 0.4118373567909025
132 1689 1161 7.977072771386711 0.5634216079045374
132 1690 1161 7.044692328270938 0.7856589424656767
132 1691 1161 6.133652256200994 1.1179513451097214
132 1692 1161 5.2550632726923165 1.6190170916775861
132 1693 1161 4.428282962955262 2.3480949895673553
132 1694 1161 3.688318044854588 3.21767391481689
132 1695 1161 3.098013879891456 3.639019083731828
132 1696 1161 2.75530216128835 3.1037069430576567
132 1697 1161 2.754213136269667 2.2329503644596067
132 1698 1161 3.0951074294764855 1.536790449056445
132 1699 1161 3.6842489058152244 1.063259448007307
132 1700 1161 4.423538176618443 0.749312378540696
132 1701 1161 5.249922856576177 0.5388389760359849
132 1686 1162 11.138657459496587 0.2568804266286738
132 1687 1162 10.201161208411477 0.33955402053625955
132 1688 1162 9.276728410382576 0.45447879319526147
132 1689 1162 8.369688763627915 0.6160453778008165
132 1690 1162 7.486366942649787 0.8444259868132169
132 1691 1162 6.636240652658677 1.163910100914788
132 1692 1162 5.8338400732279085 1.588233471216576
132 1693 1162 5.101734018939046 2.0676905930486553
132 1694 1162 4.474560313595078 2.40111433789731
132 1695 1162 4.001960769422937 2.3345421021051678
132 1696 1162 3.742952043507955 1.9266279141230866
132 1697 1162 3.74215045127805 1.4508403737477118
132 1698 1162 3.9997112395772594 1.0572444167564838
132 1699 1162 4.471206772226129 0.7675341097387011
132 1700 1162 5.097616109516383 0.5616419446466794
132 1686 1163 11.510329708570431 0.27904921105288477
132 1687 1163 10.605738540997473 0.36602673085193704
132 1688 1163 9.719860595708118 0.48389994676844245
132 1689 1163 8.858311915935197 0.6430574795654617
132 1690 1163 8.028928322011577 0.8537141362461993
132 1691 1163 7.242768117232512 1.1176636607049841
132 1692 1163 6.515496143809766 1.40782614380891
132 1693 1163 5.869045067129751 1.6413230102254686
132 1694 1163 5.332887585539396 1.7008563911878287
132 1695 1163 4.943044608336076 1.5485007790505885
132 1696 1163 4.735788213170062 1.2746913745218136
132 1697 1163 4.735154696522663 0.9901717468320599
132 1698 1163 4.941223532689123 0.7498071802480613
132 1699 1163 5.330074108302896 0.5639099161743159
132 1686 1164 11.954316793526898 0.29518746266244666
132 1687 1164 11.086013259959566 0.38188394453396424
132 1688 1164 10.241762055427742 0.4947003492521105
132 1689 1164 9.428026834921484 0.6379813990674205
132 1690 1164 8.653420710909632 0.8106203333088913
132 1691 1164 7.929419272557096 0.9974961633518333
132 1692 1164 7.27115465383594 1.1598478593036308
132 1693 1164 6.698036279388175 1.2408485031058896
132 1694 1164 6.233593666577918 1.2030669723887086
132 1695 1164 5.903531993645878 1.0647491685847275
132 1696 1164 5.73111594717823 0.8811888189898505
132 1697 1164 5.7305924650075015 0.700268250959366
132 1686 1165 12.462892521401255 0.3031992206298608
132 1687 1165 11.632613205982542 0.38455773550682737
132 1688 1165 10.831052118792504 0.484696369437941
132 1689 1165 10.065072776686701 0.6020846912129392
132 1690 1165 9.343430312256837 0.7279707130331554
132 1691 1165 8.677193670767066 0.8424988744265482
132 1692 1165 8.08007982633836 0.916357460829915
132 1693 1165 7.568466819640574 0.9242315521065029
132 1694 1165 7.160704574272035 0.8631069608089001
132 1695 1165 6.8752956300075265 0.7547777153033073
132 1696 1165 6.727829516270514 0.6292531492274787
132 1686 1166 13.02849530836157 0.30194633983124436
132 1687 1166 12.236653545802445 0.3735909620697705
132 1688 1166 11.477355531654482 0.45591436537940233
132 1689 1166 10.757494596791572 0.5436681286932035
132 1690 1166 10.085518826515571 0.6259593186868454
132 1691 1166 9.471625520469026 0.6867729843161976
132 1692 1166 8.927804321332333 0.7102315545465626
132 1693 1166 8.467566946886244 0.6892265668555883
132 1694 1166 8.105164403021112 0.6301492533010946
132 1695 1166 7.854151131726503 0.5486148899678966
132 1686 1167 13.644034960377358 0.2916111489052804
132 1687 1167 12.890061675570047 0.350814097446042
132 1688 1167 12.171593568633478 0.4136667849639969
132 1689 1167 11.49528990500022 0.4738642101640615
132 1690 1167 10.869024335238196 0.5222139028034319
132 1691 1167 10.301926518860453 0.5488513299847307
132 1692 1167 9.804268968158738 0.5473283718060621
132 1686 1168 14.303065755284763 0.2736364079738161
132 1687 1168 13.585716396274428 0.31965983248229535
132 1688 1168 12.906033085344232 0.36442138044327177
132 1689 1168 12.270276687996898 0.4024199889337357
132 1690 1168 11.685618939534193 0.4274579993805839
132 1691 1168 11.160093637600017 0.43463022872945295
132 1686 1169 14.999856332645317 0.25027658613624426
132 1687 1169 14.317461017931914 0.284050885599827
132 1688 1169 13.674197965511546 0.31386172093746717
132 1689 1169 13.075843758626066 0.3357447132468651
132 1690 1169 12.528834343226043 0.3461818328590232
132 1687 1170 15.080042771822633 0.2474470733461725
132 1688 1170 14.470718365029436 0.2659418625341654
132 1689 1170 13.90667789229334 0.277009004976313
261 1488 1632 5.723853597009601 0.6600353943649171
261 1489 1632 5.153882032022069 0.8067845480144646
261 1490 1632 4.728900506460261 0.9348632654887403
261 1491 1632 4.490267252625427 1.0036986633526355
261 1492 1632 4.467941360403074 0.9846946399357883
261 1493 1632 4.665029474719389 0.8862429764601987
261 1487 1633 5.749999999999955 0.6535260787532086
261 1488 1633 4.986231041578364 0.8683726220996945
261 1489 1633 4.320011574058551 1.127280966667616
261 1490 1633 3.802959373961287 1.3861485288288742
261 1491 1633 3.501785258978655 1.5476206614085652
261 1492 1633 3.473110997362507 1.5191246884076488
261 1493 1633 3.7232378382263693 1.318888737704873
261 1494 1633 4.202677717836659 1.0523443404752073
261 1487 1634 5.211765535785295 0.7883165875141859
261 1488 1634 4.354595273960551 1.1101080754859833
261 1489 1634 3.5724641355792155 1.559519755267301
261 1490 1634 2.926174977679895 2.108317279298122
261 1491 1634 2.52239965112591 2.540343028391255
261 1492 1634 2.4824383174613414 2.501616223454686
261 1493 1634 2.821790211904577 2.030875536511928
261 1494 1634 3.4296501279286 1.4888631311462948
261 1487 1635 4.8231213959426 0.8990000653139824
261 1488 1635 3.8810436740649386 1.336151395728314
261 1489 1635 2.976995129320782 2.050569251437655
261 1490 1635 2.159282288168882 3.1982492052330325
261 1491 1635 1.5692354826475288 4.575556062715502
261 1492 1635 1.5041608956492003 4.574465413608408
261 1493 1635 2.015564437074733 3.196808526595434
261 1494 1635 2.804014978562092 2.0496253553021226
261 1487 1636 4.621958459354563 0.9496171387408107
261 1488 1636 3.6280159867342627 1.4563427355301555
261 1489 1636 2.6386549603916705 2.376185940434359
261 1490 1636 1.662077013859391 4.271159422622105
261 1491 1636 0.7499999999999546 8.955265063082043
261 1492 1636 0.6020797289397092 9.977931746267352
261 1493 1636 1.4705441169853748 4.6806116976609395
261 1494 1636 2.441823089415054 2.558305749585517
261 1487 1637 4.6327637539593045 0.9195435340837461
261 1488 1637 3.641771546925932 1.402698084433755
261 1489 1637 2.657536453183564 2.2685043591780643
261 1490 1637 1.6918924315687625 4.005217194689221
261 1491 1637 0.8139410298048876 7.982293836533353
261 1492 1637 0.6800735254367889 9.60580191165673
261 1493 1637 1.5041608956492003 4.787313258516003
261 1494 1637 2.4622144504491046 2.626638858374235
261 1488 1638 3.919502519453101 1.2073647579335915
261 1489 1638 3.026962173532961 1.8271172828403897
261 1490 1638 2.2276669409944496 2.8107433190824223
261 1491 1638 1.6620770138593908 4.073164076640491
261 1492 1638 1.6007810593581908 4.438572991933808
261 1493 1638 2.0886598574205695 3.3326754150065554
261 1494 1638 2.8570089254323823 2.184460875905154
261 1489 1639 3.641771546925932 1.3476030045262777
261 1490 1639 3.0103986446979873 1.8388883360979158
261 1491 1639 2.619637379485882 2.3066115431678003
261 1492 1639 2.5811818998280303 2.441982635757761
261 1493 1639 2.909037641557775 2.117961569393682
134 1208 1134 7.6104357956689626 0.23496166396513632
134 1209 1134 7.312641998621259 0.26870014940705783
134 1210 1134 7.143579844867666 0.29262641471014583
134 1211 1134 7.112435096364647 0.3010085078906514
134 1212 1134 7.220992521807486 0.2915882665731886
134 1206 1135 7.719632957595811 0.207096749995566
134 1207 1135 7.151834240249105 0.2606451891134632
134 1208 1135 6.686159809636585 0.3192158869695012
134 1209 1135 6.345134592741085 0.37494946612968116
134 1210 1135 6.149531120337518 0.4157376944003344
134 1211 1135 6.113324218459189 0.42957756140654413
134 1212 1135 6.239289462751323 0.41175993115409487
134 1213 1135 6.51803137457927 0.3682868079282029
134 1214 1135 6.931142257954296 0.31157020437846616
134 1206 1136 6.955482226272993 0.26355966626592037
134 1207 1136 6.319393404433653 0.34405060773707014
134 1208 1136 5.78711784915424 0.43819302762838785
134 1209 1136 5.38950211058495 0.5339636240232375
134 1210 1136 5.157783729471378 0.6076225024296804
134 1211 1136 5.114560880466642 0.6319427880227301
134 1212 1136 5.264478416709461 0.5961020639664596
134 1213 1136 5.5920240521657085 0.5157259608998349
134 1214 1136 6.068503357500911 0.4187376561969677
134 1205 1137 7.043346718712598 0.2424950303487189
134 1206 1137 6.258173295778855 0.33167345041902757
134 1207 1137 5.54262870847395 0.4521441298199731
134 1208 1137 4.927142478150967 0.6056993079085715
134 1209 1137 4.453395670721354 0.777457538275875
134 1210 1137 4.169979975971075 0.9206640488953491
134 1211 1137 4.116398061412401 0.9672451484149588
134 1212 1137 4.301247842196473 0.8888571483536631
134 1213 1137 4.696459624014652 0.7314169429950629
134 1214 1137 5.254781917453844 0.5614824184063602
134 1215 1137 5.930323178377375 0.416358817984602
134 1205 1138 6.5111237893315765 0.2880461442745453
134 1206 1138 5.652497943387474 0.4087780082448469
134 1207 1138 4.848374263606273 0.5852841802833165
134 1208 1138 4.1307061139712795 0.8356636708648713
134 1209 1138 3.5522856022566303 1.1562993337635392
134 1210 1138 3.1897857294808674 1.4627588006324488
134 1211 1138 3.119412284389454 1.5640772093048143
134 1212 1138 3.359573336005611 1.3711050035592898
134 1213 1138 3.852626766246623 1.042398462401923
134 1214 1138 4.516495654819115 0.7417934397620669
134 1215 1138 5.287223562513693 0.517961237891934
134 1204 1139 7.044482450826292 0.23080747325651102
134 1205 1139 6.097600593676143 0.3314176772251426
134 1206 1139 5.170757488028198 0.486919261673865
134 1207 1139 4.277000467617431 0.733155648156628
134 1208 1139 3.4421988611932006 1.1279249440978483
134 1209 1139 2.7211639053904504 1.7369281148853737
134 1210 1139 2.2272703024105196 2.4778587494629956
134 1211 1139 2.125260689891922 2.7487492193099867
134 1212 1139 2.4642915817735385 2.1830471021384446
134 1213 1139 3.10301998059954 1.459951251028693
134 1214 1139 3.8967592945933944 0.9439234152131759
134 1215 1139 4.768724462579071 0.6183567785523482
134 1204 1140 6.812542330143693 0.25007882533351017
134 1205 1140 5.828098575007093 0.36563714092755367
134 1206 1140 4.850024020559047 0.5516992502624707
134 1207 1140 3.8831344298130843 0.8662448219274517
134 1208 1140 2.9384916198621065 1.4313732756388842
134 1209 1140 2.0471279881824356 2.5160068138934464
134 1210 1140 1.3216402687569362 4.53366667363524
134 1211 1140 1.1413732956399263 5.592086643375668
134 1212 1140 1.6907788146295146 3.4420568242351943
134 1213 1140 2.532732319057825 1.9055441086641425
134 1214 1140 3.4598747087141852 1.1174336267192775
134 1215 1140 4.418906312652499 0.6940790648266935
134 1204 1141 6.722851552726694 0.26012548738005226
134 1205 1141 5.723000349467031 0.3834368261883835
134 1206 1141 4.7232121485277165 0.5856946536186266
134 1207 1141 3.7235376995539933 0.9383386909185679
134 1208 1141 2.7241022374352775 1.6101532297644663
134 1209 1141 1.725321129529203 3.0897120794951656
134 1210 1141 0.7298856074755584 7.511929690252639
134 1211 1141 0.29788084866269077 13.863678311561868
134 1212 1141 1.2824714421771914 4.413367649794676
134 1213 1141 2.280511565416866 2.1224506584057345
134 1214 1141 3.279745874301868 1.1851065990022087
134 1215 1141 4.279337916080029 0.719609962878051
134 1205 1142 5.7912635063516 0.38038354827524723
134 1206 1142 4.805697972199238 0.5776058131078252
134 1207 1142 3.8276275942154956 0.9157058160600992
134 1208 1142 2.8647396042223354 1.5379377971987649
134 1209 1142 1.9397765335213186 2.7913280490327486
134 1210 1142 1.1483610059558897 5.3922043867973874
134 1211 1142 0.9352716183013698 6.574461697197101
134 1212 1142 1.5590808189443237 3.5841659616828423
134 1213 1142 2.4467801290676165 1.9111155117151126
134 1214 1142 3.3974597863698377 1.1074051561673723
134 1215 1142 4.370209720368146 0.684716850458786
134 1205 1143 6.027000331840034 0.3572703577698353
134 1206 1143 5.087310979289542 0.5302606991174105
134 1207 1143 4.175731432934829 0.8096233352536378
134 1208 1143 3.3155290678864513 1.2700687627619212
134 1209 1143 2.559049237509908 2.0058196338313548
134 1210 1143 2.026014067078529 2.907831361845693
134 1211 1143 1.9133042099990585 3.1006019620368894
134 1212 1143 2.284016856330128 2.291302750932585
134 1213 1143 2.9618799773117415 1.4665896362685797
134 1214 1143 3.7853312932952434 0.9292633419315587
134 1215 1143 4.678112119220774 0.6031746165808777
134 1205 1144 6.4117652015650055 0.31966462621827196
134 1206 1144 5.537755231138334 0.45848042736177386
134 1207 1144 4.714099383763565 0.6646659068188375
134 1208 1144 3.9722453348201014 0.9614664257658349
134 1209 1144 3.366709521179411 1.3414989248497264
134 1210 1144 2.981733220796277 1.680667485493711
134 1211 1144 2.906326375340557 1.7273895082079433
134 1212 1144 3.1627097558897526 1.435936275499457
134 1213 1144 3.6822184889004426 1.0477085890538835
134 1214 1144 4.372039912901105 0.7275133921099957
134 1206 1145 6.119863805674113 0.3793770924486812
134 1207 1145 5.385975584794279 0.5212308590991506
134 1208 1145 4.750235046816117 0.7013976796475844
134 1209 1145 4.2568454282485 0.8966109828276558
134 1210 1145 3.959385432109407 1.0411635566312896
134 1211 1145 3.9029133989880225 1.0544335506912004
134 1212 1145 4.097405642598774 0.9275670795197395
134 1213 1145 4.510513607118408 0.7351735166195007
134 1207 1146 6.147742105846677 0.3991826717690623
134 1208 1146 5.599172528150939 0.5070520194030133
134 1209 1146 5.187170037698804 0.6108036664690655
134 1210 1146 4.945981500167611 0.6790830756393731
134 1211 1146 4.90089104143321 0.6827426301439408
134 1212 1146 5.057146725180152 0.6200191773591504
459 827 2379 5.038937189527048 0.6730475358033658
459 828 2379 4.769369769686425 0.7584660303263593
459 826 2380 4.6517618167742665 0.7725042287527262
459 827 2380 4.122485657949463 0.9871025215863832
459 828 2380 3.788256591098207 1.163747002015737
459 829 2380 3.7022814587763317 1.215356566419628
459 830 2380 3.8810936602971844 1.1094652815407262
459 825 2381 4.6783424415063175 0.7433602806388316
459 826 2381 3.9042141334715863 1.060396950770266
459 827 2381 3.2555933406983253 1.4745230141679444
459 828 2381 2.8204411002535186 1.8810067325559152
459 829 2381 2.703865381264251 2.0146705184842184
459 830 2381 2.943957880133353 1.7492923458820928
459 825 2382 4.182210898555878 0.9096997481998208
459 826 2382 3.2934614010186243 1.400951178380184
459 827 2382 2.4905597764357217 2.1928291835589313
459 828 2382 1.8865015239854823 3.2529258660527796
459 829 2382 1.707304307966082 3.7073621838589976
459 830 2382 2.06661268746699 2.868205544999621
459 831 2382 2.761682096114528 1.8671552229325792
459 825 2383 3.8852140224188205 1.030955879976605
459 826 2383 2.907041107380463 1.6886761810386397
459 827 2383 1.9511248037990347 2.995542199510003
459 828 2383 1.0783728483227943 5.873528871047968
459 829 2383 0.7203388091723304 8.465665541575708
459 830 2383 1.3692654965344762 4.574139205257669
459 831 2383 2.2871134646098783 2.4135973349630375
459 825 2384 3.8339128837259855 1.0534104276467302
459 826 2384 2.8381134579153278 1.746723011863391
459 827 2384 1.8468589550910732 3.1917686890207055
459 828 2384 0.8757214168901465 7.000814817393872
459 829 2384 0.35055384750431756 13.408857040577475
459 830 2384 1.216095390995326 5.1351232061985
459 831 2384 2.1988378748784707 2.538685344879319
459 825 2385 4.037683494282381 0.9652549479744473
459 826 2385 3.1078751583679107 1.5287417364718439
459 827 2385 2.239394561036612 2.522416616437481
459 828 2385 1.5397688138160077 4.112704475730874
459 829 2385 1.3141111064138944 4.952852956915044
459 830 2385 1.7558154800548786 3.500433634379087
459 831 2385 2.5374964039384054 2.1056771716907647
459 826 2386 3.6418248173135175 1.1900716249766092
459 827 2386 2.9357942707214053 1.727809132841548
459 828 2386 2.4443584025262384 2.3137395851207847
22 1375 657 15.29353801446876 0.19275332799702533
22 1376 657 15.210401211013501 0.20253843249249326
22 1377 657 15.192771471986305 0.2109914285998949
22 1378 657 15.240876123110537 0.21776899054666882
22 1379 657 15.354097335890534 0.22257323939924903
22 1380 657 15.53101107462102 0.22518058459523665
22 1381 657 15.769473833961635 0.22546529651811797
22 1382 657 16.06674531446866 0.22341345776863697
22 1374 658 14.458433698018643 0.2153533197918729
22 1375 658 14.300709947411736 0.22881846411059953
22 1376 658 14.211766427858324 0.24102974092714813
22 1377 658 14.192896286523089 0.25148800974405877
22 1378 658 14.244378013799016 0.2597172938409492
22 1379 658 14.36545526601927 0.2653106477597864
22 1380 658 14.554391261746424 0.2679748022565763
22 1381 658 14.808588892936445 0.2675652545447476
22 1382 658 15.124758014593178 0.26410442195190664
22 1383 658 15.49910658715529 0.25777878897458567
22 1384 658 15.927532922584101 0.24891569802182634
22 1385 658 16.40580095575953 0.23794492491760608
22 1373 659 13.7186116280038 0.23819439639614348
22 1374 659 13.478290136363773 0.25617580286411634
22 1375 659 13.308955819297054 0.2732024380500724
22 1376 659 13.21333814749327 0.288598463096908
22 1377 659 13.193040021162703 0.30165847143253294
22 1378 659 13.248407640165695 0.31171089735590557
22 1379 659 13.378501597712678 0.318191503351146
22 1380 659 13.581174654646064 0.3207141580148849
22 1381 659 13.853241678394287 0.31912373608271166
22 1382 659 14.190711927172664 0.3135183536416659
22 1383 659 14.58904743292037 0.3042352398956667
22 1384 659 15.043414007465207 0.2918038875361471
22 1385 659 15.548900443439733 0.2768780149429302
22 1386 659 16.10069268696227 0.26016142238666823
22 1387 659 16.694199741227497 0.24234141211414878
22 1388 659 17.325135064408595 0.2240386385334431
22 1372 660 13.090237010841363 0.26025314076226047
22 1373 660 12.760027625361984 0.28354549895561676
22 1374 660 12.501292133215706 0.30650112133427515
22 1375 660 12.318535018418418 0.32828028691586136
22 1376 660 12.215167006635676 0.3479191037215408
22 1377 660 12.193207330313085 0.36440073369619996
22 1378 660 12.253093690982727 0.37675844994888097
22 1379 660 12.393639699458776 0.38419692172673997
22 1380 660 12.61214910314656 0.38620748085971773
22 1381 660 12.904662142032254 0.38264871374378245
22 1382 660 13.266284521296852 0.3737697847791959
22 1383 660 13.691541366843998 0.3601696071405316
22 1384 660 14.174706522535143 0.34270381346914996
22 1385 660 14.71007494882335 0.322364939226101
22 1386 660 15.2921648238567 0.300164182968049
22 1387 660 15.915850746975487 0.27703639076803926
22 1388 660 16.576438248308957 0.25377858004749665
22 1370 661 13.078390764922155 0.2524013570622918
22 1371 661 12.590008141379458 0.28026411041111576
22 1372 661 12.16438674985307 0.30947974737365685
22 1373 661 11.808315078790915 0.3393821359057074
22 1374 661 11.52823945795718 0.3690413589840239
22 1375 661 11.32979721795588 0.3972659507973039
22 1376 661 11.217321650019702 0.422654009417605
22 1377 661 11.193404531240738 0.4437061170391402
22 1378 661 11.258610260596138 0.45899803668145145
22 1379 661 11.411411174784675 0.46738786633923074
22 1380 661 11.648360614266736 0.46820955892227367
22 1381 661 11.964460079752886 0.4613963513986414
22 1382 661 12.35363529492434 0.4474935514652258
22 1383 661 12.809227338134034 0.4275563016876691
22 1384 661 13.324425128312301 0.40296641225287744
22 1385 661 13.892598928926157 0.37522348246148957
22 1386 661 14.507525805594838 0.34576186849826734
22 1387 661 15.163518885799565 0.31582415124399094
22 1388 661 15.8554818595967 0.28639758329500914
22 1369 662 12.81398864522679 0.26409204435692385
22 1370 662 12.233654605227377 0.2968283686162871
22 1371 662 11.710094149920442 0.33222533776628355
22 1372 662 11.251235709912086 0.36977305623667045
22 1373 662 10.86527979391239 0.4086077267454922
22 1374 662 10.560222772271464 0.4474478587776712
22 1375 662 10.343225077315138 0.48457709300813
22 1376 662 10.21989750437844 0.5179111400168388
22 1377 662 10.193640419398784 0.5451800509228961
22 1378 662 10.265198731636936 0.5642279275080722
22 1379 662 10.43255984885783 0.5733812122908059
22 1380 662 10.691225607946006 0.5717850176004677
22 1381 662 11.034777070697912 0.5595908274981524
22 1382 662 11.455579644871765 0.5379224774175273
22 1383 662 11.945472154753878 0.5086340397359386
22 1384 662 12.496331661731782 0.47395165296355535
22 1385 662 13.100469648069879 0.43611693762893367
22 1386 662 13.750865609117126 0.39711932602447136
22 1387 662 14.441270892826575 0.35854972839348864
22 1388 662 15.166222502653717 0.3215622274160725
22 1389 662 15.921002009923871 0.2869086956966551
22 1365 663 14.931855377011969 0.18353083179371635
22 1366 663 14.157129122813043 0.20918949560262898
22 1367 663 13.412244592162832 0.23838960261768583
22 1368 663 12.702452715912823 0.2714476033911898
22 1369 663 12.033964641796196 0.3085975069761055
22 1370 663 11.414039819450473 0.3499182262357353
22 1371 663 10.851004792184035 0.39523249468515903
22 1372 663 10.354144339345519 0.4439770961092786
22 1373 663 9.933393428229891 0.4950547375453033
22 1374 663 9.598765806081568 0.5466969091991721
22 1375 663 9.359503459051696 0.5963934069464571
22 1376 663 9.223031226229294 0.640967831483921
22 1377 663 9.193927615551504 0.6768761563071802
22 1378 663 9.27320359961974 0.7007483325430296
22 1379 663 9.458134329771408 0.71007490789029
22 1380 663 9.74270521980422 0.7038149926542078
22 1381 663 10.118512983635506 0.6826710233341383
22 1382 663 10.575835900769276 0.648901924483442
22 1383 663 11.104607377120553 0.6057628037189168
22 1384 663 11.695140230027178 0.5568131405009459
22 1385 663 12.338569811773166 0.5053341263917553
22 1386 663 13.027060489611616 0.4539804188027966
22 1387 663 13.753846916408513 0.40466560920791866
22 1388 663 14.513176943729444 0.358610512457516
22 1389 663 15.300206044364234 0.3164723947509977
22 1364 664 15.169518944251372 0.18102399945392836
22 1365 664 14.33800212721428 0.207648035166771
22 1366 664 13.529312805904118 0.23840084143976656
22 1367 664 12.747796084029627 0.273836708676708
22 1368 664 11.998762644539687 0.3145042791606166
22 1369 664 11.288680392322256 0.3608859672881347
22 1370 664 10.625361405618206 0.4132987179970836
22 1371 664 10.018098871542486 0.4717425167693186
22 1372 664 9.477674029001038 0.5356866232240785
22 1373 664 9.016113630606078 0.6037983575856466
22 1374 664 8.646057193889055 0.673654052540532
22 1375 664 8.37963632862433 0.7415315527220975
22 1376 664 8.226925610457442 0.802454195187475
22 1377 664 8.194284898635177 0.8506824916113854
22 1378 664 8.283133766878358 0.8807399901919921
22 1379 664 8.489658709276856 0.8887686993655737
22 1380 664 8.8055837398778 0.873678043404662
22 1381 664 9.219669462621763 0.8374967132498219
22 1382 664 9.719377809304472 0.7847275230436724
22 1383 664 10.292244896037023 0.7210654102289056
22 1384 664 10.926770108316552 0.652099688800927
22 1385 664 11.612850855840698 0.5824479006160468
22 1386 664 12.341892277928858 0.5154203368117424
22 1387 664 13.106727471035626 0.45307518834227334
22 1388 664 13.90144974454103 0.3964662359456249
22 1389 664 14.721219548665111 0.34593374684306255
22 1390 664 15.562079070612633 0.3013600774115865
22 1364 665 14.65374713170666 0.20284084347740391
22 1365 665 13.79116764454704 0.2342852908873574
22 1366 665 12.948370746931873 0.2710461751393221
22 1367 665 12.129480821535644 0.31397790714782464
22 1368 665 11.339678346408286 0.36399020012282085
22 1369 665 10.585476134780187 0.42198204232773606
22 1370 665 9.875034430319767 0.48871660042190784
22 1371 665 9.218476284072155 0.5646057708588205
22 1372 665 8.628111322879459 0.6493692950577242
22 1373 665 8.118393006008064 0.7415469601615347
22 1374 665 7.705342627034868 0.837898087977813
22 1375 665 7.40515394843352 0.9328510808484406
22 1376 665 7.231894979879097 1.0183664254013187
22 1377 665 7.194741482499592 1.084730103900483
22 1378 665 7.295773091318039 1.1226065342421903
22 1379 665 7.529429261238883 1.1259086343990194
22 1380 665 7.883927003720941 1.0940785188634914
22 1381 665 8.34387829489382 1.0323115231001103
22 1382 665 8.892935679515519 0.9495668198319366
22 1383 665 9.515687310961836 0.8556793317757256
22 1384 665 10.19864231160207 0.759091955134399
22 1385 665 10.930521716734292 0.6658403696088719
22 1386 665 11.702149588857592 0.5795588465385167
22 1387 665 12.506170676909854 0.5019883637489349
22 1388 665 13.336727672109069 0.43358533737880683
22 1389 665 14.18916153266287 0.37403539211885606
22 1390 665 15.059757800177255 0.3226205634716655
22 1391 665 15.945541853446048 0.27845525047406383
22 1364 666 14.189795805437129 0.226374176242742
22 1365 666 13.297154018811735 0.2633246147311941
22 1366 666 12.420881812496285 0.30707022095248504
22 1367 666 11.564700817574183 0.358894280756016
22 1368 666 10.73342000482609 0.4202518571385397
22 1369 666 9.933292757187862 0.49271708247240215
22 1370 666 9.172475401983958 0.5778492604531275
22 1371 666 8.461578162494318 0.6769155704803693
22 1372 666 7.814237326828554 0.7903804795454551
22 1373 666 7.247503363227961 0.9170598467953158
22 1374 666 6.7816152205798685 1.0528977976467584
22 1375 666 6.438501766715645 1.1895698251700042
22 1376 666 6.238453734700645 1.3136589986629208
22 1377 666 6.195345430240381 1.4078127161926093
22 1378 666 6.312392969389683 1.4551238546121918
22 1379 666 6.581056526121034 1.4457666740351522
22 1380 666 6.983860322200051 1.3817580247250647
22 1381 666 7.4992202928037885 1.2759298685334266
22 1382 666 8.105695836879155 1.14600841077144
22 1383 666 8.784435383108013 1.0083862983144032
22 1384 666 9.519995010502893 0.8748315711738252
22 1385 666 10.30020897846252 0.7521478898451726
22 1386 666 11.115678341873691 0.6433095865108044
22 1387 666 11.95919332563864 0.5488514745671385
22 1388 666 12.825221440583384 0.46797511535464437
22 1389 666 13.709496890841752 0.39927637737889543
22 1390 666 14.60870647935674 0.3411693104667705
22 1391 666 15.520254669302291 0.29210855283164944
22 1392 666 16.44208943534852 0.25069147091299554
22 1363 667 14.714085258690094 0.21527018846202287
22 1364 667 13.782899005651934 0.25133163717337437
22 1365 667 12.862049020276707 0.29444389956804884
22 1366 667 11.953924251056678 0.3461474661981196
22 1367 667 11.061659233587017 0.40831742638878266
22 1368 667 10.189421229883513 0.4832030590224687
22 1369 667 9.342821040777821 0.5734305618836631
22 1370 667 8.529496175038753 0.6819146332917743
22 1371 667 7.759916558829783 0.8115733361488726
22 1372 667 7.048425710752763 0.9646562418491555
22 1373 667 6.414382667100595 1.1413862407431223
22 1374 667 5.882882371763053 1.3375688847139175
22 1375 667 5.483822116006356 1.5411499531807817
22 1376 667 5.2475046450670595 1.7290360360188015
22 1377 667 5.196181771262463 1.868076464186928
22 1378 667 5.335194935520187 1.9251319149851347
22 1379 667 5.650513693461878 1.8842565691866653
22 1380 667 6.114924774680399 1.757018367534929
22 1381 667 6.69748497572037 1.5748894311698727
22 1382 667 7.370231000450394 1.3720155024091216
22 1383 667 8.110752431186638 1.173459699258877
22 1384 667 8.902151706188786 0.9929716533670001
22 1385 667 9.73202471225797 0.8358142503424668
22 1386 667 10.591331597112791 0.7023122890580996
22 1387 667 11.473460898961557 0.5904397209709507
22 1388 667 12.373532438232813 0.49732999767011266
22 1389 667 13.287900699508542 0.42004013727409234
22 1390 667 14.2138068440513 0.355885149936717
22 1391 667 15.149135453879852 0.30255049188463273
22 1392 667 16.09224362853109 0.25809990276470685
22 1363 668 14.391744334860908 0.23601085001811994
22 1364 668 13.43824039820694 0.2772275073861915
22 1365 668 12.492009646169864 0.3270487277317995
22 1366 668 11.554839029601446 0.38756936043235624
22 1367 668 10.62912531678881 0.46144418749326155
22 1368 668 9.718143083943596 0.5520247155125176
22 1369 668 8.82645483758914 0.6634956633633576
22 1370 668 7.960546777703191 0.8009558614147548
22 1371 668 7.129818020118087 0.9703040709968007
22 1372 668 6.348094596018599 1.1776080526952795
22 1373 668 5.635805621204521 1.4272795357524326
22 1374 668 5.022579516543309 1.717835267564358
22 1375 668 4.5486596927007374 2.0338027633364497
22 1376 668 4.260786899153759 2.334739871416076
22 1377 668 4.19741646730465 2.5517221112367117
22 1378 668 4.36832977235009 2.6124088557157803
22 1379 668 4.748294957139892 2.492747869231834
22 1380 668 5.292476263527317 2.2385186886953314
22 1381 668 5.956030977085328 1.9260660421500262
22 1382 668 6.703603881495383 1.615629894974867
22 1383 668 7.510146802826154 1.3380727867277198
22 1384 668 8.358606642258017 1.1029711729512317
22 1385 668 9.237440392229862 0.9091268914033902
22 1386 668 10.138752635309716 0.7512465873466828
22 1387 668 11.057047752451812 0.6231944924280955
22 1388 668 11.988423791307998 0.5193070172709348
22 1389 668 12.930054330898983 0.43479550626246055
22 1390 668 13.879852484806872 0.3657704011611003
22 1391 668 14.836249694582504 0.3091315671216239
22 1392 668 15.798047505941973 0.26242799786889903
22 1362 669 15.10881547309388 0.21842895868595605
22 1363 669 14.132951036496271 0.25679261314557705
22 1364 669 13.160710657103625 0.3033492987656657
22 1365 669 12.192961289202918 0.36021041052289793
22 1366 669 11.23086394717703 0.4301306308700166
22 1367 669 10.276006276759507 0.5167295866781746
22 1368 669 9.330611180410461 0.624790605117088
22 1369 669 8.397875028839179 0.7606515851137597
22 1370 669 7.482533327690602 0.9326796718145367
22 1371 669 6.591836238863989 1.1517365001321644
22 1372 669 5.737273307068478 1.4312798237142321
22 1373 669 4.937641643537978 1.7860120974843796
22 1374 669 4.224252004793318 2.2261196884096286
22 1375 669 3.648054961208822 2.7404926857431273
22 1376 669 3.2821189801712314 3.2611075493679698
22 1377 669 3.199422604158473 3.6285919725713076
22 1378 669 3.4205708587895276 3.658630329820237
22 1379 669 3.8941372600359205 3.3331772220196614
22 1380 669 4.541839385094987 2.8235591047957986
22 1381 669 5.300217448369449 2.301701614113663
22 1382 669 6.1283199165839815 1.8484559738788016
22 1383 669 7.001450206921409 1.4809131847558663
22 1384 669 7.904701449137708 1.1906809008668957
22 1385 669 8.828833728188549 0.963200879297454
22 1386 669 9.767922245800264 0.7846714035077023
22 1387 669 10.718036433974257 0.6438174041641762
22 1388 669 11.676485130380613 0.5319130858320869
22 1389 669 12.641372749824265 0.4423390402300871
22 1390 669 13.611330023182871 0.3700992940911142
22 1391 669 14.585345556413786 0.31141582420629904
22 1362 670 14.9296451732786 0.2345272284650597
22 1363 670 13.941244743565797 0.2769105678852818
22 1364 670 12.954624849836481 0.32874500205180546
22 1365 670 11.970225770636109 0.39263171489621274
22 1366 670 10.98864436588976 0.4720495624506393
22 1367 670 10.010709515314122 0.5717125144087475
22 1368 670 9.037605047798927 0.698097595542328
22 1369 670 8.071078304662928 0.8602324824395499
22 1370 670 7.113810863384022 1.070872889224911
22 1371 670 6.170113856323923 1.3482313997454962
22 1372 670 5.247314074838709 1.7183346066769607
22 1373 670 4.358704509369768 2.2174107399735923
22 1374 670 3.5301990028892556 2.890485546975551
22 1375 670 2.81536942513771 3.769274909856714
22 1376 670 2.3217030387196766 4.773294086516513
22 1377 670 2.2032487376599406 5.485805260541699
22 1378 670 2.513623877989717 5.311595145829887
22 1379 670 3.1276676613732484 4.421407967902778
22 1380 670 3.9046517130212712 3.436599501239111
22 1381 670 4.7655330237025835 2.6305328958954965
22 1382 670 5.672239857410813 2.0240435734202946
22 1383 670 6.605929533381337 1.5752498755863722
22 1384 670 7.556606712010339 1.241410488217929
22 1385 670 8.518585856819174 0.9900827858884442
22 1386 670 9.488430059814933 0.7982948169861013
22 1387 670 10.463952647064088 0.6499955496415233
22 1388 670 11.443701542770132 0.5339088952304987
22 1389 670 12.426677150388974 0.44201736349358245
22 1390 670 13.412170033219805 0.36853962922897865
22 1391 670 14.39966336412068 0.3092470590042189
22 1392 670 15.388772043278802 0.2610042113336403
22 1361 671 15.812915765285066 0.21166297466042175
22 1362 671 14.815947657844939 0.24942418539877242
22 1363 671 13.819417679482768 0.29552249997659735
22 1364 671 12.823427973829807 0.35224712196479757
22 1365 671 11.828115023113394 0.4226696902596956
22 1366 671 10.8336653538865 0.510976342042564
22 1367 671 9.840340695321512 0.6229738674458487
22 1368 671 8.848519932734547 0.7668818819478074
22 1369 671 7.858772486845545 0.9546102653569493
22 1370 671 6.871994252034883 1.2038896533019943
22 1371 671 5.889677834992369 1.5419590222131394
22 1372 671 4.914499465866321 2.012197358033197
22 1373 671 3.9517470819879517 2.6864123992688684
22 1374 671 3.013354443141436 3.6871923578692685
22 1375 671 2.131737554203185 5.216984146887184
22 1376 671 1.4171467813886176 7.457375501658429
22 1377 671 1.2133857589406842 9.261133911523535
22 1378 671 1.7135649973082439 7.805107314246779
22 1379 671 2.529882408334416 5.488075337724285
22 1380 671 3.444460044767523 3.8640556703859326
22 1381 671 4.396396820124388 2.803360665384228
22 1382 671 5.365846158808485 2.092289432178615
22 1383 671 6.344785654377908 1.5986502676322059
22 1384 671 7.329413687328588 1.2451516103428322
22 1385 671 8.317710321957575 0.9853470889418744
22 1386 671 9.308507130576823 0.7902273533093989
22 1387 671 10.301082710084387 0.6409993667366125
22 1388 671 11.294968127445046 0.5250916731340705
22 1389 671 12.289845605214062 0.43385887207659923
22 1390 671 13.285492275410773 0.36121211381962354
22 1391 671 14.28174726705382 0.30277363875316216
22 1392 671 15.278491581304719 0.2553387162465522
22 1361 672 15.769156762490534 0.22224726896846583
22 1362 672 14.769235085135618 0.262450560943085
22 1363 672 13.769324783735795 0.31170090301090153
22 1364 672 12.769428530674377 0.3725481503716714
22 1365 672 11.769549906432307 0.44844531959613215
22 1366 672 10.769693821088909 0.5441509918106228
22 1367 672 9.769867194593823 0.6663572099363875
22 1368 672 8.770080102256793 0.8247018340733738
22 1369 672 7.770347804313554 1.033465596175756
22 1370 672 6.7706945729371375 1.3145545145018593
22 1371 672 5.771161494881281 1.7030574445938946
22 1372 672 4.7718240747119225 2.2584073645438054
22 1373 672 3.7728377913714013 3.0891432551214226
22 1374 672 2.7745819504927534 4.416106454654591
22 1375 672 1.778287097180912 6.772436472606233
22 1376 672 0.7913943391256072 11.932143113812888
22 1377 672 0.3005079033902408 20.006946362586692
22 1378 672 1.2467176905779191 9.453916397698027
22 1379 672 2.240157360544094 5.7259519270454815
22 1380 672 3.2376388001134138 3.8486570849667605
22 1381 672 4.236307944425165 2.7418683758961286
22 1382 672 5.235485173314858 2.029795816038147
22 1383 672 6.234926222498518 1.5449156916665665
22 1384 672 7.234521753371095 1.2011201573768389
22 1385 672 8.234215506045462 0.949796841344159
22 1386 672 9.233975579348229 0.761597891337409
22 1387 672 10.233782536286347 0.617885526297534
22 1388 672 11.233623858755436 0.5063436488193915
22 1389 672 12.233491120689928 0.4185678542686549
22 1390 672 13.233378442408394 0.3486685422079796
22 1391 672 14.233281596314997 0.29242491255067105
22 1392 672 15.23319746474781 0.2467535628948177
22 1361 673 15.78873981671751 0.2308920597126325
22 1362 673 14.790142156179595 0.2729394717242458
22 1363 673 13.791747713759875 0.32451779206494946
22 1364 673 12.793604066094929 0.38833269514604757
22 1365 673 11.795774879167567 0.4680541700702056
22 1366 673 10.798347327253397 0.5687477877328887
22 1367 673 9.801444026264727 0.6975474529547614
22 1368 673 8.805243040370916 0.8647384619781701
22 1369 673 7.8100131241887425 1.0855666286854144
22 1370 673 6.816179648454136 1.3833949460304573
22 1371 673 5.824457485465945 1.7955053563715417
22 1372 673 4.83614567605239 2.384442845470456
22 1373 673 3.8538688353393877 3.2618317069386786
22 1374 673 2.8838004438587825 4.641764364264899
22 1375 673 1.9443006454764276 6.952612938733588
22 1376 673 1.115484199798453 10.641653410024837
22 1377 673 0.8416085788535763 11.101788434874832
22 1378 673 1.4738741465945722 7.341586666150525
22 1379 673 2.3740903521137984 4.868674895697921
22 1380 673 3.3317120223692447 3.4014051479838
22 1381 673 4.308631453257485 2.475695997137214
22 1382 673 5.294176517646503 1.8580764912107288
22 1383 673 6.284290333840376 1.4278984132050219
22 1384 673 7.277108285576045 1.1181426564089807
22 1385 673 8.271656726436335 0.8891422616952745
22 1386 673 9.267378539802905 0.7161811319532703
22 1387 673 10.263932238669513 0.5832052616787227
22 1388 673 11.261096971432192 0.47942566829438515
22 1389 673 12.258723628502244 0.39738319576670544
22 1390 673 13.256707924669653 0.33179585070531564
22 1360 674 16.865298841111617 0.20169494447026456
22 1361 674 15.87143046483211 0.23715937504200124
22 1362 674 14.878383816799483 0.28029651464426064
22 1363 674 13.886335189674801 0.3331542541890849
22 1364 674 12.895514917986045 0.3984532689906777
22 1365 674 11.90622967189868 0.47985710571623963
22 1366 674 10.918896693347754 0.5823730673136002
22 1367 674 9.9340980969588 0.7129586734818967
22 1368 674 8.952670272047351 0.8814568687970734
22 1369 674 7.975857634135676 1.1020632595610689
22 1370 674 7.005590981494729 1.3956514258714194
22 1371 674 6.045023159591716 1.7934163480892256
22 1372 674 5.099637732231591 2.342135333153813
22 1373 674 4.179749394401548 3.1090772250092455
22 1374 674 3.306706064953468 4.170559058666562
22 1375 674 2.529487102161225 5.50043812809751
22 1376 674 1.9652747899466712 6.547601058440609
22 1377 674 1.823816054321234 6.2550033932693685
22 1378 674 2.188676540743245 4.977053295614824
22 1379 674 2.8730306298401618 3.7271665361826423
22 1380 674 3.7038230249297412 2.785481540157889
22 1381 674 4.602423817946327 2.11106609657293
22 1382 674 5.535910494218596 1.6267302527455705
22 1383 674 6.489245333626979 1.2732704457956276
22 1384 674 7.454817569867116 1.0105610134429175
22 1385 674 8.42842245025719 0.8118807320035837
22 1386 674 9.407566369683467 0.6592521568760884
22 1387 674 10.390683567504079 0.5403599881182988
22 1388 674 11.376744042123793 0.44660120301349754
22 1389 674 12.365043671576707 0.3718517241745054
22 1360 675 17.00165594875984 0.2049526811675142
22 1361 675 16.01625127799888 0.24070855025454715
22 1362 675 15.032774361374573 0.2840733294005229
22 1363 675 14.05162997662551 0.33701541475662256
22 1364 675 13.07334329848339 0.4021147317799963
22 1365 675 12.098607564509253 0.4827851647576161
22 1366 675 11.12835589833469 0.5835868009409116
22 1367 675 10.163872539539268 0.7106627092924693
22 1368 675 9.206970457213401 0.8723386205138167
22 1369 675 8.260284801385499 1.0799027150554725
22 1370 675 7.327776265689354 1.3484700085867085
22 1371 675 6.415629743057197 1.6974201381837883
22 1372 675 5.533923111139159 2.148542892487587
22 1373 675 4.699819677391893 2.7160831239564494
22 1374 675 3.9436410840744607 3.3742465477810204
22 1375 675 3.319081951383534 3.9870654212113417
22 1376 675 2.912096323956313 4.2742062502507325
22 1377 675 2.818564350870814 4.040820944872817
22 1378 675 3.067296040489042 3.4485636220785074
22 1379 675 3.587799464853031 2.785878430091635
22 1380 675 4.2820911947318026 2.2057356829658743
22 1381 675 5.079400062999525 1.74206446122744
22 1382 675 5.938375619645454 1.382844486745182
22 1383 675 6.835810485962836 1.1063856862754609
22 1384 675 7.758369996332954 0.8928736508552632
22 1385 675 8.698063290181288 0.7267237745210371
22 1386 675 9.649886268759818 0.5962648855865518
22 1387 675 10.610575149349787 0.49288399202358085
22 1388 675 11.577923173004699 0.4102286499501542
22 1360 676 17.19518261025456 0.20595693903393295
22 1361 676 16.22153830559854 0.24133788315510007
22 1362 676 15.251305026128113 0.2840294820908854
22 1363 676 14.285177807783862 0.335823875256229
22 1364 676 13.324049872317369 0.399017736127764
22 1365 676 12.369086667979994 0.4765633698714765
22 1366 676 11.42183457243189 0.5722566779794737
22 1367 676 10.484383863632633 0.6909535178283887
22 1368 676 9.55961845472926 0.8387727174441636
22 1369 676 8.651607076144883 1.0231576348087297
22 1370 676 7.766228492646875 1.2524582296132698
22 1371 676 6.912185255040558 1.534223836953242
22 1372 676 6.102647376344143 1.870492873010044
22 1373 676 5.357826518281455 2.2473352509192166
22 1374 676 4.708535334899795 2.617744626458096
22 1375 676 4.1993219690802315 2.89063752897534
22 1376 676 3.8856537416501498 2.9628773882325343
22 1377 676 3.8160588307833714 2.8013365383330213
22 1378 676 4.003286774639021 2.476624812810775
22 1379 676 4.414782554101576 2.095184025822125
22 1380 676 4.995428410056497 1.7310689106951205
22 1381 676 5.693707491608567 1.4159430235244845
22 1382 676 6.471653961700939 1.1556776447462098
22 1383 676 7.3038554887127525 0.9451870303178105
22 1384 676 8.17375709205989 0.7762604031021454
22 1385 676 9.07051845265745 0.6408009272669549
22 1386 676 9.986906678246234 0.5318782297326108
22 1387 676 10.91798081148704 0.44389371664003036
22 1388 676 11.860282669481327 0.37243819520637605
22 1360 677 17.443976180905565 0.2046552985695461
22 1361 677 16.48503275701934 0.2390109386449381
22 1362 677 15.531268621719237 0.28016780439319805
22 1363 677 14.58369997634347 0.3296660008995519
22 1364 677 13.643617738708471 0.38941588833302027
22 1365 677 12.712682840376393 0.4617713404144452
22 1366 677 11.793061731374102 0.5495920903642589
22 1367 677 10.887621641111537 0.6562583243573474
22 1368 677 10.000215247683432 0.7855565596571646
22 1369 677 9.136099003404032 0.9412708784415885
22 1370 677 8.302548102841687 1.1261666907625225
22 1371 677 7.509747332633771 1.3398576188905356
22 1372 677 6.772023700490126 1.5749832543081432
22 1373 677 6.1093620779914435 1.8118762327763993
22 1374 677 5.548721023803582 2.0147728146460446
22 1375 677 5.123700323008734 2.1373009014964706
22 1376 677 4.869938911321142 2.1432990398989666
22 1377 677 4.81459292152511 2.030826759953559
22 1378 677 4.964303072939809 1.8336162128824678
22 1379 677 5.301726605550269 1.5981867032405115
22 1380 677 5.794161285293974 1.3617921156979893
22 1381 677 6.40595855434606 1.145561561860498
22 1382 677 7.1063566614686176 0.9577970871940833
22 1383 677 7.871740912911155 0.7993606487963398
22 1384 677 8.684947034956476 0.6676748022664859
22 1385 677 9.53374559131925 0.5589961237062113
22 1386 677 10.409433462009313 0.4695138102490021
22 1387 677 11.305764237768233 0.395800460386205
22 1360 678 17.745712299031577 0.20111559936087114
22 1361 678 16.80399669721464 0.23386142698578974
22 1362 678 15.86941413537376 0.27273396882517215
22 1363 678 14.943303015063318 0.3189773281474781
22 1364 678 14.027341337545058 0.3740672118684637
22 1365 678 13.123654407214492 0.4397169648906525
22 1366 678 12.234962402884623 0.5178425464109377
22 1367 678 11.364783543913198 0.610442887915631
22 1368 678 10.517713867566476 0.7193199387609505
22 1369 678 9.69980953421252 0.8455185832148367
22 1370 678 8.919097768272307 0.9883280125011509
22 1371 678 8.186226542186576 1.1437207816179304
22 1372 678 7.515204920692444 1.3023800874464198
22 1373 678 6.924038200356772 1.4482156749071982
22 1374 678 6.434773111773235 1.5593926853947422
22 1375 678 6.072092308257488 1.6140310952922834
22 1376 678 5.859548190773729 1.5995512960716165
22 1377 678 5.813630965240193 1.5194094331391648
22 1378 678 5.9382072210389865 1.391155842292862
22 1379 678 6.223046279757166 1.2376642596145517
22 1380 678 6.647578882570665 1.0788015627078464
22 1381 678 7.1870929449951735 0.9277984660281672
22 1382 678 7.817819708844618 0.7915577472606687
22 1383 678 8.519524928069597 0.6725192890138045
22 1384 678 9.276114757806699 0.5705168622655696
22 1385 678 10.075232255387425 0.4841024009222667
22 1386 678 10.907534322659686 0.41134444857733576
22 1387 678 11.765980834592543 0.3502555937303631
22 1361 679 17.17534002574623 0.2261754904098153
22 1362 679 16.262112562640823 0.26218041379391294
22 1363 679 15.35969742540524 0.3044714895642591
22 1364 679 14.470117656743511 0.35409644426117587
22 1365 679 13.595892946033382 0.4121719225398616
22 1366 679 12.74018465329291 0.479792832598262
22 1367 679 11.906985554706957 0.5578567890311407
22 1368 679 11.101365006160282 0.6467567117765618
22 1369 679 10.329777587150657 0.7458899844931277
22 1370 679 9.600432542338911 0.8529596251416726
22 1371 679 8.923693461790354 0.9631463347098513
22 1372 679 8.312418721407138 1.0684594866082135
22 1373 679 7.7820501797405415 1.1578965539550636
22 1374 679 7.350122788089988 1.2191672864181866
22 1375 679 7.034792463178973 1.2421266678418634
22 1376 679 6.852175202079966 1.2225885795084985
22 1377 679 6.81295126945728 1.164128937511253
22 1378 679 6.9195595958124025 1.0765373855263625
22 1379 679 7.16549405135469 0.9720760112427003
22 1380 679 7.5371284319692595 0.8619427513696246
22 1381 679 8.017000997879402 0.7543972277923441
22 1382 679 8.586984627912134 0.6544997815148177
22 1383 679 9.230401128878377 0.5647222398338103
22 1384 679 9.932990737939866 0.48577688611354775
22 1385 679 10.68308499451348 0.4173310005950683
22 1386 679 11.47136892441347 0.35851454862955284
22 1362 680 16.70551720240952 0.24910401845261246
22 1363 680 15.828401846048777 0.28703314603722024
22 1364 680 14.966706551543004 0.3308120394337832
22 1365 680 14.123254051386324 0.38106178440139177
22 1366 680 13.301515139261397 0.4382478080530105
22 1367 680 12.505770867883358 0.5025080406576196
22 1368 680 11.741307635864075 0.5733995007835224
22 1369 680 11.014640484373512 0.6495607922309697
22 1370 680 10.33374593262288 0.7283292765806679
22 1371 680 9.708259627760263 0.8054309626299924
22 1372 680 9.149552174833465 0.8749667658576673
22 1373 680 8.670542370578655 0.9299784795508449
22 1374 680 8.285065177776195 0.9637499760734528
22 1375 680 8.006641305816043 0.9715899908127194
22 1376 680 7.846674773431071 0.9523450850559667
22 1377 680 7.8124455198100105 0.9088029077149414
22 1378 680 7.905586948481399 0.8467383660897778
22 1379 680 8.121718106410698 0.7731728037066802
22 1380 680 8.451408462498977 0.6947300805487465
22 1381 680 8.882021447846164 0.6166470603817626
22 1382 680 9.399697069586828 0.5424868945504692
22 1383 680 9.990911119612623 0.47431251523835705
22 1384 680 10.643416039975094 0.4130487541549633
22 1385 680 11.346642895588062 0.3588547836913175
22 1362 681 17.19570600469781 0.23417245979075674
22 1363 681 16.344916793914866 0.2676025158434762
22 1364 681 15.511940723197732 0.30552801284248743
22 1365 681 14.699806291240716 0.3481990463888688
22 1366 681 13.912163922266014 0.39565328909060804
22 1367 681 13.153414195561547 0.44757907143623615
22 1368 681 12.428849705423264 0.5031417885309475
22 1369 681 11.744799061712376 0.5607928180269506
22 1370 681 11.108749029481215 0.6181104220561141
22 1371 681 10.529401929834371 0.6717608918853043
22 1372 681 10.016601469560408 0.7176944730687336
22 1373 681 9.581038826766108 0.7516632300031088
22 1374 681 9.23365068648363 0.7700287428404373
22 1375 681 8.984670556008137 0.7706390652800463
22 1376 681 8.842415111269064 0.7534203999096434
22 1377 681 8.81205452774774 0.7203983056462193
22 1378 681 8.894734678448783 0.6751376400151672
22 1379 681 9.087370631816407 0.6218730926171455
22 1380 681 9.383192686926943 0.5646877535942053
22 1381 681 9.772835054373894 0.5069728704714952
22 1382 681 10.245599299211303 0.4512122332000099
22 1383 681 10.790565555150438 0.3990089337522539
22 1384 681 11.397381497519465 0.3512395819268629
22 1362 682 17.728798746672044 0.21805434564914664
22 1363 682 16.904860395756014 0.24707569751727138
22 1364 682 16.1008790132713 0.2794273351535664
22 1365 682 15.319996899477495 0.3151089020211804
22 1366 682 14.565929596150053 0.353903857167155
22 1367 682 13.84305981349499 0.3952853430813521
22 1368 682 13.156530887737842 0.43831472629905993
22 1369 682 12.512326122667993 0.4815551148523457
22 1370 682 11.91731114807362 0.5230377536545867
22 1371 682 11.379204937077095 0.5603309835929059
22 1372 682 10.906434110193839 0.5907561856762136
22 1373 682 10.507821134754797 0.6117583297991156
22 1374 682 10.19207069245497 0.6213695584299644
22 1375 682 9.967061001117607 0.6186317689429078
22 1376 682 9.83901951415889 0.6038216171931405
22 1377 682 9.811743219224573 0.5783842899803704
22 1378 682 9.886066204512254 0.544604277823928
22 1379 682 10.059736825583425 0.5051449943119295
22 1380 682 10.327744429448243 0.46261340308482063
22 1381 682 10.682991388183328 0.41925458679568056
22 1382 682 11.117117657018797 0.37680445650889555
22 1383 682 11.621286718775982 0.33647229903956327
22 1362 683 18.301046554773862 0.20136402527508548
22 1363 683 17.504065384932726 0.2262349201992981
22 1364 683 16.728906270285577 0.25348169590504555
22 1365 683 15.978745413830211 0.28295394214925645
22 1366 683 15.257270561932103 0.3143105267997203
22 1367 683 14.568744111967918 0.3469629071689854
22 1368 683 13.918056796837691 0.380025820053387
22 1369 683 13.310758994137029 0.41229279601385144
22 1370 683 12.753050811472514 0.4422594350484535
22 1371 683 12.251706207708365 0.4682169493180423
22 1372 683 11.813903038369649 0.4884265417185478
22 1373 683 11.446934305743156 0.5013593497757518
22 1374 683 11.157791224072957 0.5059534070665641
22 1375 683 10.952639179668042 0.5018153948420288
22 1376 683 10.836249581843314 0.48929996774084544
22 1377 683 10.81148949035235 0.4694381175596362
22 1378 683 10.87898455739318 0.4437403939636374
22 1379 683 11.037042402745366 0.41394094223722533
22 1380 683 11.281857338222245 0.38175516930096126
22 1381 683 11.60794146263665 0.34870125431594207
22 1382 683 12.008676238453555 0.316002448212942
22 1366 684 15.981311116425958 0.27766833367170446
22 1367 684 15.325348446283362 0.30325874092544547
22 1368 684 14.708171368324473 0.32854405595798347
22 1369 684 14.134861336426322 0.3525678393822837
22 1370 684 13.610962677195161 0.3742217017711999
22 1371 684 13.142385818412105 0.39232964471917997
22 1372 684 12.735238709973189 0.4057727836635505
22 1373 684 12.395576025340633 0.41363742058675884
22 1374 684 12.129068595733122 0.4153552539431303
22 1375 684 11.94061577139133 0.4107987818693052
22 1376 684 11.833947143704814 0.40030353933404067
22 1377 684 11.811278719935418 0.38461022899484654
22 1378 684 11.873091636132486 0.3647445534277191
22 1379 684 12.018082417756967 0.34186890381738544
22 1367 685 16.108516536292218 0.26433578159084353
22 1368 685 15.522509623124726 0.2836257603945865
22 1369 685 14.98039735788072 0.30150487566197826
22 1370 685 14.487108234564952 0.3171742027543007
22 1371 685 14.047786480438814 0.3298335353888518
22 1372 685 13.66763714033993 0.33876538070972095
22 1373 685 13.351715432857286 0.3434241360889247
22 1374 685 13.10466729833304 0.34351202009858145
22 1375 685 12.930441021094342 0.33902332739643837
22 1376 685 12.832003156171652 0.3302452955403948
22 1377 685 12.811100850434329 0.31771534778994226
22 1378 685 12.868111943871142 0.3021460511021378
357 1128 2106 7.440255170355206 0.39398304014878577
357 1129 2106 6.927149269360199 0.45772844127619955
357 1130 2106 6.527893764454021 0.5139047331559713
357 1131 2106 6.264295411297096 0.5522989305894084
357 1132 2106 6.15381158307581 0.5641701457503091
357 1133 2106 6.204627063732207 0.5465111170341792
357 1127 2107 7.309404695322153 0.41623297946213783
357 1128 2107 6.637423973199067 0.512140965618161
357 1129 2107 6.056682012455157 0.6155856051386448
357 1130 2107 5.595658763720141 0.7131726554662375
357 1131 2107 5.285773074962466 0.7844397309026436
357 1132 2107 5.15435708891015 0.8090146048118865
357 1133 2107 5.214920613010181 0.778730467244672
357 1134 2107 5.4610802045015445 0.7035657717104972
357 1135 2107 5.8695312419305505 0.604464436859463
357 1126 2108 7.449657508905876 0.40116951972203085
357 1127 2108 6.642695010310037 0.5170435765875342
357 1128 2108 5.8952011840138265 0.6617840613357404
357 1129 2108 5.232723669371255 0.8316208587819716
357 1130 2108 4.691417376443747 1.0076177491309728
357 1131 2108 4.317105164343172 1.1488740327191334
357 1132 2108 4.155165099006132 1.2038054209965148
357 1133 2108 4.230058746636836 1.1473585023715955
357 1134 2108 4.530054856179885 1.0052370017168457
357 1135 2108 5.014917446977479 0.8290934936948114
357 1136 2108 5.637144401201664 0.6595282153410567
357 1126 2109 6.942290472171128 0.4700786804943435
357 1127 2109 6.068228489435626 0.6273822740929409
357 1128 2109 5.23940807725437 0.8400716750887972
357 1129 2109 4.481004016958531 1.117111834791265
357 1130 2109 3.835022424966854 1.4442551595121929
357 1131 2109 3.3668081323411947 1.7476820664301744
357 1132 2109 3.156484912049947 1.8855835021046725
357 1133 2109 3.254442655816679 1.7665785159428251
357 1134 2109 3.6358488692462556 1.470560541397821
357 1135 2109 4.22461797089387 1.141560115231676
357 1136 2109 4.9472615657553005 0.8595383821190643
357 1126 2110 6.549305077639791 0.5314536853374043
357 1127 2110 5.614391952829665 0.7327972251933846
357 1128 2110 4.706314587870073 1.0275433074487998
357 1129 2110 3.844138004806645 1.4595494417699288
357 1130 2110 3.0668219707050115 2.066631458515866
357 1131 2110 2.45629741684494 2.777853956226236
357 1132 2110 2.1590268641217234 3.194037938238473
357 1133 2110 2.299868909307537 2.8873608613938457
357 1134 2110 2.813786950001651 2.187184396024677
357 1135 2110 3.541948192732321 1.551006641950925
357 1136 2110 4.378743769621592 1.0906692300575773
357 1137 2110 5.272703006997461 0.7757317094124996
357 1126 2111 6.292169498670444 0.5735200043354276
357 1127 2111 5.312193238201979 0.8101583921528772
357 1128 2111 4.34135888864293 1.1791531517184868
357 1129 2111 3.3875355348688423 1.7805379603798945
357 1130 2111 2.4705054138777536 2.8048348718266665
357 1131 2111 1.6526938615483044 4.524435522192728
357 1132 2111 1.165931816188066 6.235971605494732
357 1133 2111 1.4097506871783247 5.082917596585349
357 1134 2111 2.1483475044787133 3.1837895984533313
357 1135 2111 3.040295544844296 1.999952134689714
357 1136 2111 3.9838921923164823 1.3100765123583908
357 1137 2111 4.949686555732634 0.8920147389118647
357 1126 2112 6.187842677379491 0.5860270741201685
357 1127 2112 5.188197856674236 0.835900047067307
357 1128 2112 4.188722597642305 1.2362553012140174
357 1129 2112 3.1895763041506706 1.9223988925464095
357 1130 2112 2.1912090269984765 3.2264077461410605
357 1131 2112 1.1955739207593006 6.215758568320988
357 1132 2112 0.23957671005321565 17.277149331282363
357 1133 2112 0.8278870695934796 8.377754443601141
357 1134 2112 1.820273880491679 3.9938095630006467
357 1135 2112 2.8180484381927133 2.2890470918720496
357 1136 2112 3.81698794863182 1.438160107636231
357 1137 2112 4.816367614707239 0.9570526345985285
357 1126 2113 6.243988869304565 0.5655663913445772
357 1127 2113 5.2550353947427855 0.800848532349044
357 1128 2113 4.271228980047735 1.1710536894547625
357 1129 2113 3.29718015886299 1.7855362813199664
357 1130 2113 2.3450793163558306 2.8775093028791066
357 1131 2113 1.45855990620889 4.9452645477816155
357 1132 2113 0.8691357776551617 7.919563772312286
357 1133 2113 1.1761789829785259 6.33997869410695
357 1134 2113 2.002847223329966 3.646928396478498
357 1135 2113 2.939285117167219 2.197134833667904
357 1136 2113 3.9073516606521186 1.4080963870588843
357 1137 2113 4.888291828440792 0.946308177452443
357 1127 2114 5.5057603471273415 0.7173279479153534
357 1128 2114 4.576177116327551 1.0150264413076682
357 1129 2114 3.6836662443820956 1.4663595429722083
357 1130 2114 2.8631096730653285 2.1445318279355847
357 1131 2114 2.1966786292037366 3.0574718549523534
357 1132 2114 1.8583317787737912 3.792982646396764
357 1133 2114 2.0202467671056223 3.537182398732387
357 1134 2114 2.5902503739987908 2.6218840102351244
357 1135 2114 3.367105136463819 1.8028390801172953
357 1136 2114 4.238560722698353 1.2369983404857012
357 1127 2115 5.917042927003327 0.6097731970921141
357 1128 2115 5.063536017448702 0.8270450911224168
357 1129 2115 4.274037552478969 1.1233021909629173
357 1130 2115 3.5910161514535925 1.5021357447413786
357 1131 2115 3.0860001620221484 1.9077821102094332
357 1132 2115 2.8550651481184945 2.170591949748267
357 1133 2115 2.9630047249373463 2.106214589881484
357 1134 2115 3.3774838267564204 1.765565431171616
357 1135 2115 4.004422180540078 1.3565736864610898
357 1129 2116 4.996538501803097 0.8364601718652959
357 1130 2116 4.426442928582825 1.0469955120173433
357 1131 2116 4.027579546079885 1.2436933858097903
357 1132 2116 3.8534915336615443 1.3600524395203268
357 1133 2116 3.934132305858734 1.3405750704285082
357 1134 2116 4.2550437130541345 1.195440037514431
357 1130 2117 5.31896578293198 0.7396783828853514
357 1131 2117 4.991933192662074 0.8433785168516802
357 1132 2117 4.852566022219741 0.9023688233993984
