# %ECSV 0.9
# ---
# datatype:
# - name: sexcat_id
#   datatype: int32
# - name: x
#   datatype: int32
# - name: y
#   datatype: int32
# - name: sep
#   datatype: float64
# - name: weight
#   datatype: float64
# schema: astropy-2.0
sexcat_id x y sep weight
293 1489 1632 5.612449108900765 0.5010892075774921
293 1490 1632 5.188794175914184 0.5974779327591074
293 1491 1632 4.934327208445032 0.6768078731312305
293 1492 1632 4.8756112437314885 0.7166005077668881
293 1493 1632 5.019520395416368 0.7028870032719285
293 1494 1632 5.34972756315692 0.6406919949059291
293 1488 1633 5.4160488365598045 0.5457712560745249
293 1489 1633 4.770491064869611 0.7046640939741365
293 1490 1633 4.2639869840327576 0.8795886200422293
293 1491 1633 3.950390487027928 1.0329338010413924
293 1492 1633 3.8768008718530704 1.1077586083698678
293 1493 1633 4.056301887187479 1.0671709205603799
293 1494 1633 4.458428534809175 0.9319539222787823
293 1495 1633 5.030068090990485 0.7584163706529765
293 1487 1634 5.582793655509815 0.5280154931600624
293 1488 1634 4.753060592923325 0.7258656393459003
293 1489 1634 4.001947650832105 0.9947871958284936
293 1490 1634 3.38224555584017 1.3294872681447265
293 1491 1634 2.977177354475302 1.659251583349791
293 1492 1634 2.8788165971455246 1.8196344180583357
293 1493 1634 3.116341605151867 1.6913689159558951
293 1494 1634 3.6243047609162913 1.3719672390668254
293 1495 1634 4.308083680710076 1.032195809940804
293 1487 1635 5.140582165475079 0.6473929397713108
293 1488 1635 4.2248769212842685 0.9365677781567697
293 1489 1635 3.357615969702374 1.3810163711407744
293 1490 1635 2.587969281116063 2.043143556005815
293 1491 1635 2.030168712201124 2.8603360684403656
293 1492 1635 1.88297238429042 3.290452910498984
293 1493 1635 2.2292566025472094 2.806523942000742
293 1494 1635 2.897168445223768 1.989961693024451
293 1495 1635 3.7172012321100243 1.3438602422447727
293 1486 1636 5.853168799889534 0.5157220579318131
293 1487 1636 4.866578366778888 0.7511337865294859
293 1488 1636 3.886847694469163 1.1347356380651983
293 1489 1636 2.9208877075300625 1.7979631920408647
293 1490 1636 1.9888652543599337 3.029060431288676
293 1491 1636 1.174557363435342 5.358433595491684
293 1492 1636 0.8964290267501159 7.176617566724639
293 1493 1636 1.4925096314597566 4.628455281986835
293 1494 1636 2.377306248677296 2.6295146442179407
293 1495 1636 3.3280001502403955 1.5875644559287323
293 1486 1637 5.789437364718622 0.5475000332042137
293 1487 1637 4.789737466709431 0.8065191404615194
293 1488 1637 3.7901959052270713 1.2403575621778806
293 1489 1637 2.7909828018101503 2.028888758546972
293 1490 1637 1.792647483472424 3.6652403746487097
293 1491 1637 0.7984891984241194 8.118516140291787
293 1492 1637 0.2481632527187919 15.847173205553451
293 1493 1637 1.2188457654682767 5.465860463132121
293 1494 1637 2.2157583351981165 2.7661166166946938
293 1495 1637 3.2145893983524405 1.6119545243956974
293 1487 1638 4.919307369945478 0.7908544205684914
293 1488 1638 3.95266808624249 1.1930071829420332
293 1489 1638 3.0079203779355344 1.8769645577883547
293 1490 1638 2.1146122576018103 3.0818839776656892
293 1491 1638 1.3768024549657818 4.953572877404844
293 1492 1638 1.1487319095419009 5.530721328426929
293 1493 1638 1.6563770705970788 3.7015815369864336
293 1494 1638 2.483462300901654 2.2364023500104038
293 1487 1639 5.239998568702066 0.7109429227359226
293 1488 1639 4.345294581498438 1.021370431057408
293 1489 1639 3.507931726815626 1.4780155876228291
293 1490 1639 2.780213121327147 2.0897474394067515
293 1491 1639 2.2701508760431794 2.6658441208605237
293 1492 1639 2.139529153809219 2.7261233356338805
293 1493 1639 2.4498132581891974 2.2023504985102287
293 1494 1639 3.070111561490812 1.5736688887685504
293 1489 1640 4.190893102907717 1.0744203229204852
293 1490 1640 3.603829213489375 1.3597213880176118
293 1491 1640 3.2266987773883424 1.561608489062797
293 1492 1640 3.1361736240201057 1.55958119993779
293 1493 1640 3.3555305094722923 1.3550621895673154
518 826 2379 5.466004024879717 0.4513740500350292
518 827 2379 5.116756785308576 0.5132124059627915
518 828 2379 4.94825221669242 0.5464366505222216
518 825 2380 5.1673203887509125 0.5288024785134364
518 826 2380 4.583143026352218 0.6649372117130908
518 827 2380 4.160432669807439 0.7898071155992655
518 828 2380 3.951354198246614 0.8615827755200959
518 829 2380 3.9896365749277503 0.84745099892791
518 830 2380 4.268629756725373 0.7544023219088749
518 824 2381 5.246446416385142 0.5327084071676683
518 825 2381 4.452998989445269 0.7348269068764857
518 826 2381 3.759414848084828 0.9927740159294964
518 827 2381 3.2306655661025574 1.266488773530642
518 828 2381 2.9565520458806143 1.4441574151081116
518 829 2381 3.0075238984920687 1.408117814771704
518 830 2381 3.3688573730570757 1.1852575463157362
518 831 2381 3.9564125164094186 0.9079640177945741
518 824 2382 4.759537792685356 0.6677833755062653
518 825 2382 3.8674539428415025 0.9868721611237986
518 826 2382 3.0432219767871636 1.4698366196903212
518 827 2382 2.359067612426668 2.119428206316608
518 828 2382 1.967028215354459 2.6598234862104597
518 829 2382 2.0428411587787814 2.5410094132921706
518 830 2382 2.545034380907402 1.909019986444474
518 831 2382 3.2834737702623435 1.300962069669204
518 823 2383 5.429290929762358 0.5168735894253633
518 824 2383 4.447606097666463 0.7781430119232922
518 825 2383 3.476377424849032 1.2217864308509159
518 826 2383 2.5276866894455243 2.0234400110145
518 827 2383 1.6410971939529242 3.543326638036444
518 828 2383 0.9985990186257189 5.8036598696630355
518 829 2383 1.1407015385280832 5.15547201169374
518 830 2383 1.898736421939713 2.972633803158997
518 831 2383 2.8123299948620026 1.7231336923272424
518 823 2384 5.348382933186396 0.5362017186374538
518 824 2384 4.348470995648884 0.8179225932678696
518 825 2384 3.348611652610629 1.3142963591990784
518 826 2384 2.348872069738958 2.282944667390877
518 827 2384 1.3495184326269365 4.545990734748796
518 828 2384 0.35383612025901273 13.011446049761476
518 829 2384 0.6551335741663968 8.743524834669305
518 830 2384 1.6532392446346431 3.6107419364809883
518 831 2384 2.652772134956226 1.9098341608939133
518 824 2385 4.476293109258966 0.7663345798808141
518 825 2385 3.5130044121804613 1.195569992604769
518 826 2385 2.57782854356132 1.9557858674413418
518 827 2385 1.717323498936518 3.3318840947359716
518 828 2385 1.1194641575323672 5.174596785299346
518 829 2385 1.2478781991844154 4.6823895437371785
518 830 2385 1.964993638666504 2.8326584526361875
518 831 2385 2.8574814085134332 1.67696414119656
518 825 2386 3.933090387977257 0.9519025914962248
518 826 2386 3.126211765059939 1.3984825919957982
518 827 2386 2.4651977608295987 1.9780031135677936
518 828 2386 2.0931316251013348 2.4412162345811677
518 829 2386 2.164532282041421 2.3440458035123815
518 830 2386 2.6437095150563588 1.7980235633096466
518 828 2387 3.08369907740672 1.3454727617937436
394 1130 2106 7.042647797525965 0.3463508220191084
394 1131 2106 6.828974154292677 0.366688201133383
394 1132 2106 6.758023971546523 0.3674426558984734
394 1128 2107 7.000777671087519 0.35331473164891425
394 1129 2107 6.4843571770837585 0.42294529078062293
394 1130 2107 6.089572070350896 0.48421827827164526
394 1131 2107 5.841137560441267 0.522582914875255
394 1132 2107 5.7580281347000914 0.5264116228333307
394 1133 2107 5.847297495424521 0.4944327895177546
394 1127 2108 6.889041152438989 0.3603856593713166
394 1128 2108 6.204424872620988 0.4629491342993937
394 1129 2108 5.615237127673063 0.5788133643910124
394 1130 2108 5.1543077129715575 0.690317864712663
394 1131 2108 4.858280354199225 0.7670225138089927
394 1132 2108 4.758034047797284 0.7793203560354257
394 1133 2108 4.8656847411231094 0.7217654338461478
394 1134 2108 5.1682577335112 0.6181672773222278
394 1127 2109 6.2404237035635886 0.4448830301622069
394 1128 2109 5.475297982758413 0.5992208305047253
394 1129 2109 4.7973834535086315 0.7926695634278559
394 1130 2109 4.248633662720106 1.0031823750153563
394 1131 2109 3.8841843416602306 1.1683638794249591
394 1132 2109 3.758043107788757 1.2055004909607758
394 1133 2109 3.8934416651593273 1.0915525033149707
394 1134 2109 4.265546623821933 0.8919682126297278
394 1135 2109 4.8198431509748065 0.6855910696452008
394 1126 2110 6.587176026188962 0.3789359946169748
394 1127 2110 5.69446116853901 0.5317432418679408
394 1128 2110 4.843850534440418 0.7540897831517834
394 1129 2110 4.061882322273601 1.0694928759951803
394 1130 2110 3.3963050510810775 1.4756513545014778
394 1131 2110 2.927607897242884 1.8655706595796022
394 1132 2110 2.7580587375904373 1.9861231160847639
394 1133 2110 2.939878909070749 1.7259980879782129
394 1134 2110 3.417438807059912 1.3057027526591651
394 1135 2110 4.0883845220330155 0.931264596119824
394 1136 2110 4.873488278430471 0.655306964853367
394 1126 2111 6.234972975081687 0.4180775654988054
394 1127 2111 5.283075619371641 0.6055877797912014
394 1128 2111 4.352802315750062 0.9009652047092793
394 1129 2111 3.4616308295367317 1.3773240751333367
394 1130 2111 2.649318402910307 2.136129959344816
394 1131 2111 2.013675246905339 3.1461629838127885
394 1132 2111 1.7580921477554399 3.6248829456485816
394 1133 2111 2.0314743414573058 2.8747445870266626
394 1134 2111 2.6763572257827337 1.9005325927172307
394 1135 2111 3.492690653350152 1.226460239146181
394 1136 2111 4.385759683338745 0.8078459979972832
394 1126 2112 6.029833165187853 0.43803059230572167
394 1127 2112 5.039334082991465 0.6469026660457646
394 1128 2112 4.053503176266115 0.9934743355130943
394 1129 2112 3.076830837078883 1.6080318937889986
394 1130 2112 2.1220009425067645 2.8006031791991006
394 1131 2112 1.240519246122226 5.3359758418433305
394 1132 2112 0.7582136901953923 8.211391666080411
394 1133 2112 1.269207626828555 4.870698108175771
394 1134 2112 2.155664166794037 2.5836046494669715
394 1135 2112 3.1117339217869975 1.5005178507642964
394 1136 2112 4.088873683546601 0.9346575294179084
394 1126 2113 5.986893017250245 0.4336767950149542
394 1127 2113 4.987874096245795 0.6419489540306409
394 1128 2113 3.9893468137026966 0.9903556320218511
394 1129 2113 2.9918034694812286 1.6189703697894344
394 1130 2113 1.9967193092670728 2.8947200781171007
394 1131 2113 1.0113792562634625 6.111070429224409
394 1132 2113 0.2426684981617775 16.262297425512894
394 1133 2113 1.0463689597843349 6.088918322199286
394 1134 2113 2.032458609664711 2.8870788848223743
394 1135 2113 3.0276869058738995 1.6154609922124867
394 1136 2113 4.025281108196088 0.9884926345048575
394 1126 2114 6.109573471200761 0.40617810851856134
394 1127 2114 5.134480304763101 0.5924852044155318
394 1128 2114 4.171197429995401 0.8931609450114745
394 1129 2114 3.230307725279481 1.4019638388834337
394 1130 2114 2.33899294569273 2.303658007429407
394 1131 2114 1.583315508671728 3.863533785817882
394 1132 2114 1.24213042793439 5.310995106002792
394 1133 2114 1.605891652634302 4.106160295953605
394 1134 2114 2.3695754894074565 2.461640891404217
394 1135 2114 3.2635698245940206 1.4899344043987541
394 1136 2114 4.205578200438164 0.9438099210317225
394 1127 2115 5.463230546114685 0.5144162112948786
394 1128 2115 4.5697798634070566 0.7446388022125633
394 1129 2115 3.7308025946169643 1.0952570385600466
394 1130 2115 2.9924718879215444 1.6114484707071177
394 1131 2115 2.44762905686315 2.2539530144211692
394 1132 2115 2.242072255749321 2.6680649425541336
394 1133 2115 2.4622932400510114 2.4073236262296263
394 1134 2115 3.016436307963582 1.7726747192638053
394 1135 2115 3.7596393444053944 1.212066388695654
394 1136 2115 4.601183326058752 0.8220464742802439
394 1128 2116 5.13486981334493 0.590361307164002
394 1129 2116 4.40487094022073 0.8137397578841314
394 1130 2116 3.799853681393681 1.0953803975597147
394 1131 2116 3.3874604056728352 1.3833290927727215
394 1132 2116 3.242049968769949 1.5468152278894005
394 1133 2116 3.3980712176176184 1.470969201231138
394 1134 2116 3.818754770864626 1.2128920135466952
394 1135 2116 4.4293213927193635 0.9182502876554548
394 1129 2117 5.185256792098288 0.5944881765775458
394 1130 2117 4.682188377244287 0.750883161353554
394 1131 2117 4.354180519914345 0.8934165660844493
394 1132 2117 4.2420381893615255 0.9709055232906266
394 1133 2117 4.3624406013150105 0.945377345630807
18 1385 656 17.83700512978563 0.14423734237700034
18 1386 656 18.331141590201053 0.13929118418406305
18 1387 656 18.86538502124986 0.1332805575330988
18 1377 657 14.722457403572278 0.1594610387692475
18 1378 657 14.785897064432717 0.16699355924301448
18 1379 657 14.91625797577931 0.1731154997892203
18 1380 657 15.111808362998774 0.17753735447063956
18 1381 657 15.37006024711678 0.18003624340982227
18 1382 657 15.687917388869671 0.18048102787889825
18 1383 657 16.061841488447058 0.17884797038369368
18 1384 657 16.48801843764129 0.1752236374363438
18 1385 657 16.96251019159602 0.16979441399249176
18 1386 657 17.481383011649815 0.1628248814769918
18 1387 657 18.040807964168305 0.15462944977247586
18 1388 657 18.637133685199515 0.1455424170075427
18 1372 658 14.455405632496133 0.13318913191192233
18 1373 658 14.171476704987409 0.14560658069720211
18 1374 658 13.953592798989106 0.1581774089750468
18 1375 658 13.804881455485248 0.17057467986142738
18 1376 658 13.727590902995336 0.1824028347453954
18 1377 658 13.722927967456513 0.1932134767493652
18 1378 658 13.790966318572458 0.20253352236186425
18 1379 658 13.930640760568044 0.20990482415342407
18 1380 658 14.139828570389376 0.2149310481053271
18 1381 658 14.415503876035674 0.2173243431681862
18 1382 658 14.753940219480333 0.21694255273834454
18 1383 658 15.150932380550024 0.2138085761728375
18 1384 658 15.602011152412341 0.20810720683751746
18 1385 658 16.102631834579057 0.20016022336104825
18 1386 658 16.64832580171348 0.19038566710274635
18 1387 658 17.23481221249592 0.17925023160993167
18 1388 658 17.858072460374842 0.16722375005033374
18 1371 659 13.880012680109521 0.14414605630428684
18 1372 659 13.510246185765858 0.1593229478985894
18 1373 659 13.20601196425328 0.1751057480935111
18 1374 659 12.971921677222717 0.19115131846044175
18 1375 659 12.811820791753235 0.20700405959543045
18 1376 659 12.72850156145649 0.2221016116729083
18 1377 659 12.723472481991704 0.23579887775238695
18 1378 659 12.796825856437994 0.2474135758613152
18 1379 659 12.947229510594143 0.2562918123757986
18 1380 659 13.172044336396674 0.2618855569259477
18 1381 659 13.46754439383808 0.2638275516177756
18 1382 659 13.829199253752885 0.26198626334525443
18 1383 659 14.251973617713414 0.256486455614545
18 1384 659 14.73060596173827 0.24768966417627344
18 1385 659 15.25984115251528 0.2361400051208609
18 1386 659 15.834606152348682 0.22248957232565708
18 1387 659 16.45012923961385 0.20742081927943304
18 1388 659 17.102010174245553 0.1915805298021381
18 1370 660 13.429473258471504 0.15407304241046213
18 1371 660 12.97007139533168 0.17219824759747948
18 1372 660 12.57357355726688 0.19154766336260987
18 1373 660 12.2460912947765 0.21181288607268364
18 1374 660 11.993279451426144 0.23252589123848347
18 1375 660 11.819930287442496 0.25304298798575603
18 1376 660 11.729567425953963 0.27254992396750954
18 1377 660 11.724109859601288 0.2900988926457025
18 1378 660 11.803675359819074 0.30468436545092864
18 1379 660 11.966568096158555 0.3153552060718544
18 1380 660 12.209453386618078 0.321346724013
18 1381 660 12.527679433957411 0.32220339768739964
18 1382 660 12.915678534246636 0.3178585371960972
18 1383 660 13.367376406759824 0.3086463437755808
18 1384 660 13.876554039097712 0.2952424895800602
18 1385 660 14.437131016929882 0.2785519147345127
18 1386 660 15.043362390104106 0.25957614321204225
18 1387 660 15.689957042643506 0.23929213502108446
18 1388 660 16.37213339794171 0.21856369545095222
18 1369 661 13.116659330790037 0.16240653239453168
18 1370 661 12.566572802478852 0.1835114689431125
18 1371 661 12.074384125080709 0.20661756480889942
18 1372 661 11.64743542587813 0.23152566504476615
18 1373 661 11.293128530216979 0.25784029173786116
18 1374 661 11.018473215468674 0.2849197393070253
18 1375 661 10.829531476476737 0.3118413172160063
18 1376 661 10.730831841008424 0.3374015691986298
18 1377 661 10.724866059769703 0.3601737657473558
18 1378 661 10.811787641273757 0.37863831199500364
18 1379 661 10.98939270387585 0.3913818364019593
18 1380 661 11.253388467479457 0.39733032924253064
18 1381 661 11.597877047115109 0.39595415984440047
18 1382 661 12.015937416614625 0.38737747796330274
18 1383 661 12.500190078554773 0.37235209113454637
18 1384 661 13.043264622018485 0.352105570230958
18 1385 661 13.638135943009178 0.3281174544535781
18 1386 661 14.278331555192247 0.3018927289620165
18 1387 661 14.958033025769081 0.274786045931789
18 1388 661 15.67210107164953 0.2478993730288876
18 1389 661 16.416051656838746 0.22204830261947509
18 1390 661 17.186004538577258 0.19777748708473653
18 1367 662 13.633442411951636 0.147464699167765
18 1368 662 12.951554038029624 0.16860891501526942
18 1369 662 12.313194224083421 0.19252062156937352
18 1370 662 11.725474489333095 0.21932904366082076
18 1371 662 11.19637226962381 0.2490340798842535
18 1372 662 10.734558770624943 0.2814327646043489
18 1373 662 10.349045946366298 0.31603004635154114
18 1374 662 10.048619407659967 0.3519447462516227
18 1375 662 9.841074738055818 0.38783454440943016
18 1376 662 9.732355932660921 0.42187901683568296
18 1377 662 9.725777706692668 0.45186894131314537
18 1378 662 9.821545295929756 0.4754391153658835
18 1379 662 10.016723616033326 0.4904380193065525
18 1380 662 10.305666014382554 0.49535634943309714
18 1381 662 10.680765515636015 0.48967479784954693
18 1382 662 11.13331720557711 0.47399216916069364
18 1383 662 11.654301866692794 0.44987802620541906
18 1384 662 12.234980670193108 0.41951385095996263
18 1385 662 12.867274458874297 0.3852645831685324
18 1386 662 13.543956290537809 0.3493172021092534
18 1387 662 14.258707935854444 0.3134588467053288
18 1388 662 15.006090496861544 0.2789967889935155
18 1389 662 15.78146862620834 0.24678120650630087
18 1390 662 16.580915294397894 0.2172827170197314
18 1366 663 13.695501159139878 0.14939455554604053
18 1367 663 12.939812672523571 0.17224071868141805
18 1368 663 12.219277883737707 0.19855952113497974
18 1369 663 11.540483178792876 0.22871385659559704
18 1370 663 10.911221379845667 0.26298895399771033
18 1371 663 10.34053925092889 0.3015098841179615
18 1372 663 9.838635677775697 0.3441229806534211
18 1373 663 9.416514854233528 0.39023992021877546
18 1374 663 9.085304177626664 0.4386578282064759
18 1375 663 8.855210443575036 0.48739601455590903
18 1376 663 8.734228758167502 0.5336276847982869
18 1377 663 8.726898188932886 0.5738157656575029
18 1378 663 8.833501683930326 0.6041470677524523
18 1379 663 9.050013922641211 0.6212562560196963
18 1380 663 9.368818068465178 0.623050854989628
18 1381 663 9.77991574605832 0.6093030521167924
18 1382 663 10.27223208460553 0.5817175774452408
18 1383 663 10.834701287991244 0.5434400901510154
18 1384 663 11.456995766779308 0.49825354038745423
18 1385 663 12.12991145886889 0.4498076567491196
18 1386 663 12.845495397219938 0.4011124058951388
18 1387 663 13.597012613070508 0.3543404783233014
18 1388 663 14.378829994126724 0.31085926356745053
18 1389 663 15.186268534435909 0.2713808138698415
18 1390 663 16.01545353713088 0.2361427697127408
18 1365 664 13.901897424452605 0.14901130234574889
18 1366 664 13.081848187469605 0.17302870216497399
18 1367 664 12.288480459357114 0.20114318189533642
18 1368 664 11.52730462857651 0.23397415226742618
18 1369 664 10.805126190841147 0.2721494806183465
18 1370 664 10.130288840896945 0.31623663082313336
18 1371 664 9.512872962465178 0.3666239859788668
18 1372 664 8.964750526367192 0.42333268977775657
18 1373 664 8.499338327187633 0.48574416013040295
18 1374 664 8.130851861890028 0.5522513864655688
18 1375 664 7.87291254873318 0.619897813606141
18 1376 664 7.736585293267322 0.6841624793187426
18 1377 664 7.728308482455916 0.7391507029055687
18 1378 664 7.848487242774872 0.7784462406856248
18 1379 664 8.091399878883736 0.7966241394675152
18 1380 664 8.446463875492489 0.7909252398241106
18 1381 664 8.900266962288235 0.7622319474692647
18 1382 664 9.438577858978507 0.7147475001560548
18 1383 664 10.047823246852978 0.6545818141101636
18 1384 664 10.715911160512622 0.5880581637957446
18 1385 664 11.432530428562123 0.5204837193840062
18 1386 664 12.189124332781196 0.4556326663483964
18 1387 664 12.978703787358679 0.39578344499278495
18 1388 664 13.795606257065991 0.34202958015881596
18 1389 664 14.635257155239815 0.2946480841994642
18 1390 664 15.493958564550185 0.25341577536046184
18 1365 665 13.372761569698381 0.17091201150115837
18 1366 665 12.518096979972706 0.20005451539628444
18 1367 665 11.686520097959084 0.23463108006305466
18 1368 665 10.883324492084276 0.27561842794033964
18 1369 665 10.115273204417234 0.324077503624483
18 1370 665 9.39099313171941 0.38107547322111635
18 1371 665 8.721396218496267 0.4475268970326544
18 1372 665 8.120021674847969 0.5239063899344748
18 1373 665 7.603075167325434 0.609778725397873
18 1374 665 7.188793500998656 0.703117992428115
18 1375 665 6.895705330131237 0.7994926958567679
18 1376 665 6.739640346487356 0.8914317117609876
18 1377 665 6.730137591461266 0.9686179480142852
18 1378 665 6.867805471910215 1.0196655247854185
18 1379 665 7.14414109603105 1.0355461295726995
18 1380 665 7.543921526633186 1.0131939331502384
18 1381 665 8.048773322687092 0.9568885542964535
18 1382 665 8.64029814300405 0.8763460641177833
18 1383 665 9.301975704117869 0.7829757687699304
18 1384 665 10.019917764133544 0.6866800414494214
18 1385 665 10.782891634436414 0.594387323374268
18 1386 665 11.58200120877211 0.5100585686371485
18 1387 665 12.410268006775619 0.43538934435911314
18 1388 665 13.262230280009405 0.37061557914314136
18 1389 665 14.133603645213705 0.31515919927293995
18 1390 665 15.02101035216999 0.26806318644884114
18 1364 666 13.80314283052965 0.16605284273156773
18 1365 666 12.899564023640563 0.19538570149932197
18 1366 666 12.011276035459419 0.23062321972778377
18 1367 666 11.141936635971396 0.2730385250698826
18 1368 666 10.296346536514854 0.3241473285614224
18 1369 666 9.480862408030257 0.38570455395646275
18 1370 666 8.703950367505614 0.4596426034036012
18 1371 666 7.976888616497097 0.5478906108674522
18 1372 666 7.314557539591907 0.6519716397427181
18 1373 666 6.7360783843420835 0.7722248010835979
18 1374 666 6.264722819087888 0.9064855519372587
18 1375 666 5.92610766017631 1.0482124902025804
18 1376 666 5.743757655054763 1.1846231316087452
18 1377 666 5.7326042947337665 1.2965209369763897
18 1378 666 5.89361960089043 1.362279538859436
18 1379 666 6.213433189469387 1.3664392332683826
18 1380 666 6.669239236974451 1.3079496596877644
18 1381 666 7.235381952599282 1.2007859508040952
18 1382 666 7.888139958190349 1.0663311015279968
18 1383 666 8.607830853356674 0.924425906362279
18 1384 666 9.379059227875626 0.7887280897724485
18 1385 666 10.190130126745133 0.6664879131339732
18 1386 666 11.032259605357309 0.5603169870264625
18 1387 666 11.8988550709721 0.47011043216282944
18 1388 666 12.784942393299952 0.3944435420921037
18 1389 666 13.686736353126634 0.33141053233458095
18 1390 666 14.601327062976091 0.2790658837393122
18 1364 667 13.419938598965423 0.18752043252694267
18 1365 667 12.488664940657264 0.2223196864042315
18 1366 667 11.568869953457067 0.26467640317412827
18 1367 667 10.663524370488473 0.3164380081821266
18 1368 667 9.77664318669764 0.379910242538046
18 1369 667 8.91373950707565 0.457929030008691
18 1370 667 8.082496643983287 0.5538824068105517
18 1371 667 7.293747459296966 0.6715903055606387
18 1372 667 6.562831096409597 0.8148488617956733
18 1373 667 5.911239463936529 0.986270913813979
18 1374 667 5.367937406490548 1.1848325634429158
18 1375 667 4.968576456088838 1.4015425292506771
18 1376 667 4.74960545729855 1.6138281469238842
18 1377 667 4.73611148517431 1.7830630164796575
18 1378 667 4.929782145287949 1.8642989969958792
18 1379 667 5.30798944987645 1.830920425561949
18 1380 667 5.8349594685824115 1.694279438863329
18 1381 667 6.474469244656228 1.494916311257787
18 1382 667 7.1965791873638985 1.2763718526929708
18 1383 667 7.978894158967085 1.068272766238249
18 1384 667 8.805381990578201 0.8847588503667031
18 1385 667 9.66471686082933 0.7296208557089647
18 1386 667 10.548874442327891 0.6014030522125153
18 1387 667 11.452106880395347 0.4966145011024339
18 1388 667 12.370236537754575 0.4113595470742333
18 1389 667 13.30017864541669 0.34203688096659396
18 1390 667 14.239619096029148 0.28557144505320753
18 1363 668 14.06381001009336 0.17706303275323446
18 1364 668 13.102013280408551 0.210443007383416
18 1365 668 12.146388434427818 0.2513596481172506
18 1366 668 11.198515615919893 0.3018206746592456
18 1367 668 10.26054345539268 0.36444225207679637
18 1368 668 9.335456710841811 0.4426403476660505
18 1369 668 8.427499747849373 0.5408647889117818
18 1370 668 7.542860995670084 0.664850518000093
18 1371 668 6.690796066239124 0.8217894807123811
18 1372 668 5.8854695649540805 1.0201425472770247
18 1373 668 5.1488592911440705 1.2683704704414522
18 1374 668 4.514726126798885 1.5709433215896378
18 1375 668 4.031718244123751 1.9186799604634661
18 1376 668 3.7585571699789466 2.2713186177568456
18 1377 668 3.74149061204221 2.5427130378015295
18 1378 668 3.983811240508244 2.6270476038713073
18 1379 668 4.443281670117221 2.4834468735646724
18 1380 668 5.0611018563154335 2.1791666184351826
18 1381 668 5.786773885335366 1.821322851289369
18 1382 668 6.5847362893284656 1.4835482745598851
18 1383 668 7.4317395002784545 1.1956477842523274
18 1384 668 8.312806505627261 0.9616855851956487
18 1385 668 9.218175090547952 0.775454765454815
18 1386 668 10.141338767638057 0.6282565282647282
18 1387 668 11.077849610822419 0.5119142282608755
18 1388 668 12.024589473241832 0.419636066303282
18 1389 668 12.979320167096509 0.34605928748453135
18 1390 668 13.940399994261211 0.28703979831270793
18 1362 669 14.815085284938535 0.16473717880576402
18 1363 669 13.833248063994304 0.19592988370834172
18 1364 669 12.85421144994908 0.2342929481833582
18 1365 669 11.878667938788501 0.2818222468501106
18 1366 669 10.907554813064278 0.3411789920886394
18 1367 669 9.942170386791886 0.4159490355455375
18 1368 669 8.984361524337796 0.5110143291280687
18 1369 669 8.036837188844952 0.6330829790920918
18 1370 669 7.103713958205319 0.7914293497963413
18 1371 669 6.191506440277755 0.9988616538606059
18 1372 669 5.3110029184703675 1.2727485068841768
18 1373 669 4.4809320459030175 1.6352237961133222
18 1374 669 3.7350705481959032 2.109300525271544
18 1375 669 3.1341269916836954 2.7007922855312185
18 1376 669 2.773941599962071 3.344393684783337
18 1377 669 2.750772982272433 3.8194175735413194
18 1378 669 3.072255197733388 3.8272438669980486
18 1379 669 3.6483903299948133 3.3618649081823033
18 1380 669 4.379811868105696 2.7191409404150413
18 1381 669 5.20141826812643 2.124698115301231
18 1382 669 6.076738598952501 1.6471692668879554
18 1383 669 6.985610352717867 1.281795608863991
18 1384 669 7.916486089168532 1.0056962616354492
18 1385 669 8.862434879873517 0.7966237430182577
18 1386 669 9.819101384546274 0.637067422334558
18 1387 669 10.783633524930194 0.5141018603369711
18 1388 669 11.75409511617114 0.4183658025903793
18 1389 669 12.729130056684868 0.3430889620511541
18 1390 669 13.70776247240949 0.2833452786913349
18 1362 670 14.66474520746959 0.17977553391592305
18 1363 670 13.67211585673564 0.21482361047782694
18 1364 670 12.680644778559252 0.2582756241157432
18 1365 670 11.690626672681061 0.3126188343014177
18 1366 670 10.702464762847933 0.38124793035305227
18 1367 670 9.716725374322438 0.46887046216848316
18 1368 670 8.734228758167568 0.5821312144758449
18 1369 670 7.75620732059176 0.7305949381146375
18 1370 670 6.784596671873801 0.9283259056074367
18 1371 670 5.822606976260797 1.196467309364422
18 1372 670 4.875936012705739 1.5674474096417303
18 1373 670 3.955597552835802 2.0914431899004993
18 1374 670 3.0852474779181702 2.843505762026859
18 1375 670 2.3217993022654375 3.9132137245537244
18 1376 670 1.8063089436749507 5.269683792389746
18 1377 670 1.770523086548142 6.232114886299179
18 1378 670 2.237577261235867 5.694768322714277
18 1379 670 2.9797234771031436 4.339972242331119
18 1380 670 3.840670774747491 3.1565496703262763
18 1381 670 4.756338087226278 2.3091782138270904
18 1382 670 5.7004168268644335 1.7197789955631586
18 1383 670 6.660837184618689 1.3051070911481886
18 1384 670 7.631431844680189 1.0074362376208175
18 1385 670 8.608760189481334 0.7893287943455729
18 1386 670 9.590763890326908 0.6264955536244752
18 1387 670 10.576140694979355 0.5028933675018958
18 1388 670 11.564028363853067 0.4076906975911694
18 1389 670 12.553834155348639 0.33341397944454737
18 1390 670 13.545137577743459 0.2748014158843019
18 1361 671 15.58046058369272 0.16290285842050878
18 1362 671 14.581589488118306 0.1942311682518253
18 1363 671 13.582884524282836 0.23297739911185558
18 1364 671 12.584385245215675 0.28131810763829096
18 1365 671 11.586144829062073 0.34222396358140317
18 1366 671 10.58823649150328 0.4198203678822677
18 1367 671 9.590763890327063 0.5199518095640823
18 1368 671 8.593878751762869 0.6510930516689301
18 1369 671 7.597812316713358 0.8258751215349405
18 1370 671 6.602935104936368 1.0637544833504815
18 1371 671 5.609879856111081 1.395932663814654
18 1372 671 4.619821641578896 1.8750205941308324
18 1373 671 3.6352100351974945 2.595558411871233
18 1374 671 2.6620954152697855 3.741699847870429
18 1375 671 1.7201023225378937 5.705544612041606
18 1376 671 0.91145597809225 9.25143412985493
18 1377 671 0.8383030478293297 11.779818443388631
18 1378 671 1.6046033777852355 7.701776675684673
18 1379 671 2.539045489942949 4.841536018068984
18 1380 671 3.509807971955086 3.248754588222242
18 1381 671 4.493412066570271 2.2912649173079624
18 1382 671 5.482951030239023 1.6754496303996862
18 1383 671 6.475704749291695 1.2590080366692542
18 1384 671 7.470391689864652 0.9665129450245461
18 1385 671 8.466330492013567 0.7549081383125211
18 1386 671 9.46312591060684 0.5981435515085474
18 1387 671 10.46053306481072 0.4797141570069441
18 1388 671 11.458392208333516 0.38876513605849017
18 1389 671 12.456594719264093 0.3179347362650989
18 1390 671 13.455064176732785 0.26209981616390765
18 1361 672 15.566590892035496 0.1735871529264685
18 1362 672 14.566768756316629 0.2074482754982464
18 1363 672 13.566972838478085 0.24947290628434504
18 1364 672 12.567209395884273 0.30211128212754124
18 1365 672 11.567486848922794 0.3687332538417959
18 1366 672 10.567816803862643 0.4540608471034098
18 1367 672 9.568215716631888 0.564856151992163
18 1368 672 8.568707720537638 0.7110540015376278
18 1369 672 7.5693296929121265 0.9077062604224803
18 1370 672 6.570140942171714 1.178492815245205
18 1371 672 5.571243308275171 1.562475925801328
18 1372 672 4.572827571645438 2.128197626443932
18 1373 672 3.575297470141548 3.0065063960636134
18 1374 672 2.5796806003845507 4.47987237862085
18 1375 672 1.5895760441074342 7.291254849415257
18 1376 672 0.6314681306289999 14.14681099770411
18 1377 672 0.5203383514598239 13.387404410980068
18 1378 672 1.463814195859492 7.0143585756924764
18 1379 672 2.4524991335369752 4.345154603790242
18 1380 672 3.4477169257349796 2.9295343865990917
18 1381 672 4.445081776525523 2.079973498905775
18 1382 672 5.44341363484341 1.5303824437190396
18 1383 672 6.442262956446204 1.1561943001043944
18 1384 672 7.441421369603984 0.8917007389750977
18 1385 672 8.440779110958815 0.6992673195397294
18 1386 672 9.440272877411887 0.5559938355622297
18 1387 672 10.439863600641454 0.4472810947656851
18 1388 672 11.439525864300418 0.36347011518188216
18 1389 672 12.439242420662042 0.29797363971161434
18 1360 673 16.613691702929923 0.15369397170127883
18 1361 673 15.616873950954538 0.18282336689604106
18 1362 673 14.620490826234333 0.2187179187340006
18 1363 673 13.624637683256099 0.26331248892752684
18 1364 673 12.629439892568552 0.31922438509735945
18 1365 673 11.635065620786236 0.39004968605562484
18 1366 673 10.641745721450105 0.480817258807314
18 1367 673 9.649805801154832 0.5987025790917481
18 1368 673 8.65972008785511 0.7541830212773892
18 1369 673 7.672206462289787 0.9629688646829224
18 1370 673 6.688404294000252 1.249344984925612
18 1371 673 5.710232219446145 1.652154325505048
18 1372 673 4.741176225368626 2.23574703844929
18 1373 673 3.788238640846236 3.109254633836673
18 1374 673 2.8675341323165413 4.448517458453228
18 1375 673 2.0235493569469027 6.395192786843271
18 1376 673 1.402409355359578 7.995234087334598
18 1377 673 1.3560058996921478 6.883261313851134
18 1378 673 1.9263312280082452 4.843022646162646
18 1379 673 2.7536797199383223 3.367646418286931
18 1380 673 3.6680719731214984 2.4053419973015604
18 1381 673 4.618089648328548 1.7670169627305627
18 1382 673 5.585584302469987 1.3296577590240888
18 1383 673 6.562831096409458 1.0207009472146853
18 1384 673 7.546042141414188 0.7966649402871039
18 1385 673 8.53315603982481 0.6305860915575413
18 1386 673 9.522959203944879 0.5051522038099439
18 1387 673 10.514692197111541 0.40889387581468484
18 1388 673 11.5078560992045 0.33400139572427207
18 1389 673 12.502109901932474 0.2750287769833608
18 1360 674 16.720728213807032 0.15984796081772537
18 1361 674 15.730694580977739 0.19010872974202941
18 1362 674 14.742006376338407 0.22734958516583018
18 1363 674 13.754953725840087 0.27353347882316703
18 1364 674 12.769915896355855 0.3312927117078479
18 1365 674 11.78739801652603 0.4042020499472325
18 1366 674 10.80808734235626 0.497181793363574
18 1367 674 9.832942184310932 0.6170990236965505
18 1368 674 8.86333752037015 0.7736687097995245
18 1369 674 7.901313308558341 0.9807909040017122
18 1370 674 6.950018129472828 1.2584417028228099
18 1371 674 6.014545036825382 1.634919136538855
18 1372 674 5.103601865349675 2.147626359198186
18 1373 674 4.2330546889923975 2.8338554882864444
18 1374 674 3.4337664451736325 3.6804684115109323
18 1375 674 2.768167624982311 4.47149221790776
18 1376 674 2.3526053642717155 4.692039446802584
18 1377 674 2.3252423529602013 4.1344187781907795
18 1378 674 2.6979162329471493 3.2685746784740504
18 1379 674 3.33927417263087 2.4879686788805753
18 1380 674 4.125863788347772 1.8868634018736958
18 1381 674 4.98946409947995 1.443343566449202
18 1382 674 5.896333776169656 1.1174821032804778
18 1383 674 6.829257060617865 0.8759706613585384
18 1384 674 7.778865727083788 0.6946929084086019
18 1385 674 8.739722650061536 0.55680171069171
18 1386 674 9.708488656840387 0.45056568491503896
18 1387 674 10.68301230926925 0.36774586507926227
18 1388 674 11.661850282009205 0.302481975295458
18 1389 674 12.644000632711073 0.2505474560213724
18 1359 675 17.8683729533498 0.13893518118882506
18 1360 675 16.886407314760664 0.16421109497510739
18 1361 675 15.906688907500593 0.19500621121281808
18 1362 675 14.929660143486261 0.23275899383673507
18 1363 675 13.95588592673364 0.2793485205786552
18 1364 675 12.986098413303433 0.33724802344907995
18 1365 675 12.021262496094234 0.40973491265197354
18 1366 675 11.062673817843567 0.5011741555618099
18 1367 675 10.112109176625886 0.6173872121939404
18 1368 675 9.172063671824422 0.7660913515452833
18 1369 675 8.246135579773178 0.9572988867799209
18 1370 675 7.339669747338839 1.203280267859587
18 1371 675 6.460863100236749 1.5169132426627574
18 1372 675 5.622699707435981 1.9053601772326085
18 1373 675 4.846313237916066 2.3528531107790998
18 1374 675 4.166383563715701 2.787941853181311
18 1375 675 3.637410067616819 3.063034655538666
18 1376 675 3.332079230750679 3.0349912813636903
18 1377 675 3.3128163245190456 2.72034840756659
18 1378 675 3.584236599333214 2.2746309276006382
18 1379 675 4.088857053016107 1.8341669898213286
18 1380 675 4.752972964366556 1.4583011099368683
18 1381 675 5.519307202901398 1.1569802815065258
18 1382 675 6.3509646511375815 0.9212546774707394
18 1383 675 7.225424001399429 0.7380913925600602
18 1384 675 8.128883810216431 0.595556465522052
18 1385 675 9.052665463828795 0.48404615383597893
18 1386 675 9.991133669409015 0.3961977501564301
18 1387 675 10.940509677341284 0.32646731922263217
18 1388 675 11.89818271838175 0.27069860417676317
18 1359 676 18.078903506573695 0.14122798594952307
18 1360 676 17.109025454420323 0.16653320275107114
18 1361 676 16.142823544845008 0.19720149792681327
18 1362 676 15.180999703576909 0.23455486822606653
18 1363 676 14.224442062871994 0.28027992733498647
18 1364 676 13.274289133509255 0.3365300290179601
18 1365 676 12.332021407701243 0.4060465319464389
18 1366 676 11.399594378748816 0.49228731172477197
18 1367 676 10.479635108151497 0.5995239410188454
18 1368 676 9.575737673934121 0.7328067015797516
18 1369 676 8.692913895811985 0.8975603827877155
18 1370 676 7.838287568085325 1.0983030208054767
18 1371 676 7.022161490595385 1.3355435901117516
18 1372 676 6.259612767576014 1.599610447016077
18 1373 676 5.572679068455359 1.8615246093706266
18 1374 676 4.9926698268562015 2.0674906687097896
18 1375 676 4.5605648772931815 2.1535861946080077
18 1376 676 4.320966558537571 2.0866798908522437
18 1377 676 4.306129584673441 1.892861134498939
18 1378 676 4.518268694975953 1.634687432060139
18 1379 676 4.9281590883411575 1.3687431661369238
18 1380 676 5.491698462224541 1.1271545891387098
18 1381 676 6.166907815104685 0.9215554873426925
18 1382 676 6.921181402043952 0.752334088622274
18 1383 676 7.731413324871393 0.6152651460660301
18 1384 676 8.58176858229111 0.5049420474550048
18 1385 676 9.461434986300894 0.416230867647403
18 1386 676 10.362950931081283 0.3447521170790923
18 1387 676 11.281079380981161 0.2869461913655786
18 1388 676 12.212074025324206 0.23998572410884864
18 1359 677 18.34161257905102 0.14184105217508008
18 1360 677 17.38639560115904 0.1666754817941548
18 1361 677 16.436506684816038 0.19654826091027547
18 1362 677 15.49292586957035 0.23260296506227238
18 1363 677 14.556879885470034 0.276249154127688
18 1364 677 13.629921203000475 0.32920745595136025
18 1365 677 12.71403759629496 0.3935401152620728
18 1366 677 11.811805619802655 0.47163701515856576
18 1367 677 10.926607524753573 0.5660961466628709
18 1368 677 10.062939530773363 0.679382782827535
18 1369 677 9.226849516492674 0.8130680580906449
18 1370 677 8.426550421139183 0.9663609137180328
18 1371 677 7.673249116248005 1.133691102275987
18 1372 677 6.982173873515371 1.3016470431162004
18 1373 677 6.373598041922668 1.4471519892544376
18 1374 677 5.87322330581771 1.540874832933906
18 1375 677 5.5106035967033735 1.5586922807080168
18 1376 677 5.314014678188234 1.4955197289253153
18 1377 677 5.301957374404273 1.36865673081536
18 1378 677 5.475650828896935 1.2069990520614993
18 1379 677 5.818483651261687 1.0371975309884431
18 1380 677 6.302916150481408 0.8767955294879003
18 1381 677 6.899184879389682 0.7343651339209576
18 1382 677 7.580946642735264 0.6124009216605297
18 1383 677 8.327229551297293 0.5101157594017232
18 1384 677 9.122212012445159 0.4253016725525348
18 1385 677 9.954232868483567 0.3553570795424088
18 1386 677 10.814746968838357 0.29777843869115317
18 1387 677 11.69746776016067 0.25035654532219015
18 1359 678 18.65429580552433 0.1407406580283742
18 1360 678 17.715946263183415 0.16462929866869946
18 1361 678 16.784717811151975 0.1930903965170374
18 1362 678 15.861864707530517 0.22704908818909517
18 1363 678 14.948938156270566 0.267592062642025
18 1364 678 14.047873575740986 0.31596283634562544
18 1365 678 13.161107552178187 0.37352173863793353
18 1366 678 12.29173510941403 0.4416379583536486
18 1367 678 11.443721073147554 0.5214606266301878
18 1368 678 10.62218207337839 0.6134922523838239
18 1369 678 9.833755742339804 0.7168775811832687
18 1370 678 9.087065092756898 0.8283720462258417
18 1371 678 8.3932563406583 0.9411605543589595
18 1372 678 7.766514791075893 1.044150179178521
18 1373 678 7.224316715094962 1.1229046669483636
18 1374 678 6.786954545302355 1.1632523097661818
18 1375 678 6.475704749291783 1.1567909837014339
18 1376 678 6.309259227516333 1.1049202886279157
18 1377 678 6.299107238331463 1.0181333140114341
18 1378 678 6.445987278920094 0.9111785355642582
18 1379 678 6.739640346487305 0.7978266926569205
18 1380 678 7.162035464866071 0.6880163705596275
18 1381 678 7.691992719705292 0.5874934916302575
18 1382 678 8.308956131789303 0.49874184375708674
18 1383 678 8.995040411248794 0.42216184297249304
18 1384 678 9.735643378842445 0.35701993172398977
18 1385 678 10.519256247472946 0.3020754813400577
18 1386 678 11.336963967482582 0.25594538566012254
18 1359 679 19.01448794998179 0.13798712424595216
18 1360 679 18.094826663994393 0.16051738314721647
18 1361 679 17.18414245751013 0.1870552782924173
18 1362 679 16.283941537600843 0.21829411746428065
18 1363 679 15.396062873345315 0.2549947352510462
18 1364 679 14.522766678563759 0.297946948329048
18 1365 679 13.666848649194945 0.34789032963613137
18 1366 679 12.831786781271015 0.4053704297782049
18 1367 679 12.021927965181016 0.4705008548653747
18 1368 679 11.242719955597988 0.5426051589516833
18 1369 679 10.500988143979646 0.6197419180656073
18 1370 679 9.80524104752152 0.6981968908266513
18 1371 679 9.165956142160006 0.7721735282968409
18 1372 679 8.59574034042447 0.8340771199247992
18 1373 679 8.109177023594961 0.87578047008643
18 1374 679 7.722095052510056 0.8908203800956506
18 1375 679 7.450016912732489 0.8766606036933652
18 1376 679 7.305802625310923 0.8356920183658278
18 1377 679 7.297037206976529 0.7742881336052724
18 1378 679 7.424200428328943 0.7005611932328787
18 1379 679 7.680543730752368 0.6221465537946245
18 1380 679 8.053741490760636 0.5449041913068502
18 1381 679 8.528467154184225 0.47260935199035153
18 1382 679 9.088825666718392 0.4072504098685304
18 1383 679 9.720018106978962 0.34953497101699665
18 1384 679 10.409166729378423 0.29936763405838857
18 1385 679 11.145526097946142 0.25621197507720234
18 1358 680 20.328471462458822 0.1158226480791621
18 1359 680 19.419545617753332 0.13372731894265244
18 1360 680 18.520009503237368 0.15457712464876439
18 1361 680 17.631300349095135 0.17881985502177355
18 1362 680 16.7551410617757 0.2069286061019152
18 1363 680 15.893607268332824 0.2393714210244946
18 1364 680 15.049211009219114 0.2765571570751636
18 1365 680 14.225004463971239 0.3187468237985487
18 1366 680 13.424706775196302 0.3659189021819981
18 1367 680 12.652855487991687 0.41758140133882926
18 1368 680 11.914980151053596 0.4725384551501256
18 1369 680 11.217787304098836 0.5286522708311894
18 1370 680 10.56933072620972 0.5826944355561755
18 1371 680 9.979115792493879 0.6304366032009956
18 1372 680 9.458052230771438 0.6671362943931805
18 1373 680 9.018134618644835 0.6884536958435982
18 1374 680 8.671721397738759 0.6915751662496646
18 1375 680 8.430347086567675 0.6760700892713363
18 1376 680 8.303177223207989 0.6440303670471195
18 1377 680 8.295465749432022 0.5994133672573942
18 1378 680 8.407541376645115 0.546947539455764
18 1379 680 8.63474099206221 0.4911074997071481
18 1380 680 8.968319352030196 0.4354791359176302
18 1381 680 9.396954400229852 0.3825527995982091
18 1382 680 9.908317314256696 0.33381144957951114
18 1383 680 10.49031705907876 0.2899525769822332
18 1384 680 11.131879984980017 0.2511299051008572
18 1385 680 11.823313917848859 0.21715842283942388
18 1357 681 21.655086053858177 0.09740776776556156
18 1358 681 20.75607747142997 0.11170072657940397
18 1359 681 19.866724742644486 0.1281771008372511
18 1360 681 18.988384660102145 0.14712997537161535
18 1361 681 18.12265852462056 0.1688584632005195
18 1362 681 17.271443251795784 0.19364553638881946
18 1363 681 16.436993399037487 0.22172201209807627
18 1364 681 15.621995775188322 0.2532118124544474
18 1365 681 14.829657851751053 0.2880540432817498
18 1366 681 14.063810010093334 0.3259003697949431
18 1367 681 13.329019168716103 0.36599370557767086
18 1368 681 12.630706710236018 0.4070484942740465
18 1369 681 11.975255821902138 0.4471737983444692
18 1370 681 11.370081442100618 0.4839015891207527
18 1371 681 10.823620096806831 0.5143871535766552
18 1372 681 10.345180133762803 0.5358123567316262
18 1373 681 9.944584053644496 0.5459344896467014
18 1374 681 9.631549823366965 0.5436159261215628
18 1375 681 9.414815558469538 0.5291217483990065
18 1376 681 9.301115632008878 0.5040487177795488
18 1377 681 9.294232189912181 0.4709191740142974
18 1378 681 9.394400034062825 0.4326197563372165
18 1379 681 9.598268177124426 0.3918924654032827
18 1380 681 9.89943190289217 0.35100528017738986
18 1381 681 10.289351388693028 0.31162190732100664
18 1382 681 10.758380547275644 0.2748204935586259
18 1383 681 11.29666995180433 0.24119260807089893
18 1384 681 11.894820385360962 0.2109671226170249
18 1356 682 22.992145441432886 0.08210756144986833
18 1357 682 22.102279339470915 0.09357260787994297
18 1358 682 21.22222306922634 0.10667105496661654
18 1359 682 20.353249175500274 0.12159736412352365
18 1360 682 19.49683953875608 0.1385437930783772
18 1361 682 18.654724656236613 0.15768472779327702
18 1362 682 17.828930197855453 0.17915289815734176
18 1363 682 17.021831628823083 0.20300524424561048
18 1364 682 16.23621729344621 0.2291767412689656
18 1365 682 15.475359511171352 0.25742227754277774
18 1366 682 14.743091670338398 0.2872504921816251
18 1367 682 14.043886641524892 0.31785996099685093
18 1368 682 13.382927631874916 0.348096981805649
18 1369 682 12.76615650851896 0.37646292175378204
18 1370 682 12.200276718173274 0.40120171957711936
18 1371 682 11.692679419192194 0.4204862983341404
18 1372 682 11.251255574379268 0.43269094722481505
18 1373 682 10.884059536772131 0.43669196187500425
18 1374 682 10.598808989693145 0.4321045751084194
18 1375 682 10.402247449469757 0.4193692589529218
18 1376 682 10.299453966109073 0.3996531431705154
18 1377 682 10.293238168817417 0.37460557294950775
18 1378 682 10.383773495218373 0.3460566973006321
18 1379 682 10.568573792144305 0.31574967894948075
18 1380 682 10.84282029732114 0.28516114426900274
18 1381 682 11.199944285575672 0.2554200408701307
18 1356 683 23.456486352393085 0.07862513976791258
18 1357 683 22.5849231125546 0.08910052965516033
18 1358 683 21.724427541364644 0.10093969532113352
18 1359 683 20.876368266535312 0.11426820671146738
18 1360 683 20.042324016939812 0.1291954895563407
18 1361 683 19.224119017525933 0.14579908513393525
18 1362 683 18.423863655596296 0.16410306944444913
18 1363 683 17.644000453411973 0.184050028088755
18 1364 683 16.887354795822873 0.20546702869355687
18 1365 683 16.157188864403413 0.22802800097350254
18 1366 683 15.457255642577742 0.2512180203107637
18 1367 683 14.791847484340868 0.27430898424001565
18 1368 683 14.165830438064729 0.29636001639255505
18 1369 683 13.584651338919265 0.31625737270910853
18 1370 683 13.054300134438492 0.33280449888706704
18 1371 683 12.581206301464128 0.34486076863928244
18 1372 683 12.172047978873586 0.35150855395121083
18 1373 683 11.833459004027537 0.3522097980637158
18 1374 683 11.571635666577142 0.34690639457779576
18 1375 683 11.391872190294274 0.33603139334354165
18 1376 683 11.298086209619747 0.32042719374576245
18 1377 683 11.292420112624209 0.3011980348052066
18 1378 683 11.375005582416195 0.27954138024281633
18 1379 683 11.543948717834787 0.25660006028221827
18 1357 684 23.100795484138697 0.08415182032329957
18 1358 684 22.260250492750586 0.09471797807945509
18 1359 684 21.433402716321144 0.10646534435695282
18 1360 684 20.621899815487474 0.1194398192797407
18 1361 684 19.82762597993018 0.13364951049465562
18 1366 684 16.20168978841409 0.21847631188830122
18 1367 684 15.568132579086077 0.2357461374319309
18 1368 684 14.9746035673737 0.2517165912025379
18 1369 684 14.426044225635835 0.26559271175819066
18 1370 684 13.92776909630544 0.2765812333904696
18 1371 684 13.485353239719036 0.2839836790509594
18 1372 684 13.104455425541365 0.28729347058733745
18 1373 684 12.790572778417719 0.2862745398960586
18 1374 684 12.548735075695884 0.28100019636924406
18 1375 684 12.383164054473317 0.2718409080426224
18 1376 684 12.296940757765725 0.2594046178955832
18 1377 684 12.291735109413956 0.24444653482749884
18 1373 685 13.753790459360662 0.23435265694656993
18 1374 685 13.529181497784712 0.22944416643999943
18 1375 685 13.375752390052682 0.22177890158363925
147 1703 1145 14.905653289943452 0.18212262093244838
147 1704 1145 15.377337220728501 0.1911746618236278
147 1705 1145 15.898003019247488 0.19433157001046591
147 1701 1146 13.18796800117447 0.1954073767586934
147 1702 1146 13.57226952281754 0.21540957038354738
147 1703 1146 14.017506911002469 0.23017456244224896
147 1704 1146 14.51807494125864 0.23749605507074853
147 1705 1146 15.068460438943394 0.2361633845140807
147 1699 1147 11.647596318554376 0.19462239474546325
147 1700 1147 11.914298132915826 0.22507281767023715
147 1701 1147 12.257018397636582 0.2536730729021448
147 1702 1147 12.66958957504156 0.2768634387745881
147 1703 1147 13.145436470501915 0.29098932800412475
147 1704 1147 13.677956718750135 0.29346994172611524
147 1705 1147 14.260802922696955 0.2838235652826932
147 1697 1148 10.363903704685852 0.1800252416026679
147 1698 1148 10.473514214436396 0.2168111256228244
147 1699 1148 10.676071374808307 0.25669785862538425
147 1700 1148 10.966426035860609 0.2966630614532254
147 1701 1148 11.337834890313122 0.33199386661929114
147 1702 1148 11.782635528607411 0.3569783070022252
147 1703 1148 12.292863783512846 0.3666372310650226
147 1704 1148 12.860734815709476 0.3588276727977823
147 1705 1148 13.478965093804566 0.3352918502877531
147 1696 1149 9.35085557582839 0.19350909890082496
147 1697 1149 9.366029041167929 0.23808614337296144
147 1698 1149 9.487175554399798 0.28898135332575986
147 1699 1149 9.710329551565241 0.3433825116323635
147 1700 1149 10.028683861803668 0.3956705246668898
147 1701 1149 10.433527687220725 0.43755231411359197
147 1702 1149 10.915241637270407 0.4601291937262928
147 1703 1149 11.464139740948802 0.45771558055737593
147 1704 1149 12.071060433947043 0.4309499539595681
147 1705 1149 12.727705999118688 0.3864223224230096
147 1694 1150 8.67078427825307 0.16219188525062592
147 1695 1150 8.453786134034898 0.2045703449912819
147 1696 1150 8.351676478408441 0.25701797861896586
147 1697 1150 8.368661780715058 0.3199845630296953
147 1698 1150 8.50402845714906 0.39175763447243106
147 1699 1150 8.752285415821467 0.4667193637270289
147 1700 1150 9.104202326398575 0.5340528032599396
147 1701 1150 9.548324460343885 0.5791016293569812
147 1702 1150 10.072462459597526 0.5891885544241665
147 1703 1150 10.664825361908255 0.5611425101737032
147 1704 1150 11.314702824201865 0.5034760912131399
147 1705 1150 12.012764044964912 0.4307958937502368
147 1693 1151 8.075301851943394 0.1657899780815759
147 1694 1151 7.71326778998373 0.21233825427031425
147 1695 1151 7.4685005188458415 0.2720505250901316
147 1696 1151 7.35272058492642 0.3472102572365674
147 1697 1151 7.37200786760302 0.4384047509965072
147 1698 1151 7.525323913294425 0.5418572340557669
147 1699 1151 7.804774179949156 0.6457629539486253
147 1700 1151 8.197469121625353 0.7285364646663867
147 1701 1151 8.688066528290472 0.7649666254861504
147 1702 1151 9.261020462130583 0.7415092366549169
147 1703 1151 9.902045243281886 0.6670622738051983
147 1704 1151 10.598797101558343 0.5657096555083939
147 1705 1151 11.341009655229188 0.46077702890913513
147 1692 1152 7.696655117646898 0.16656328985803792
147 1693 1152 7.177917525299402 0.21613796897271895
147 1694 1152 6.7680499407141195 0.2817476798725723
147 1695 1152 6.487719167781579 0.3679113227047125
147 1696 1152 6.354093168973886 0.47872689959026415
147 1697 1152 6.376401806661867 0.6149349428091583
147 1698 1152 6.553052723731194 0.7677767924009498
147 1699 1152 6.8721539563662954 0.91080200064284
147 1700 1152 7.315087149173346 0.9997300510710322
147 1701 1152 7.8609477800072645 0.9961974695422485
147 1702 1152 8.489905770973035 0.9018960541512633
147 1703 1152 9.184906096417173 0.756865073308808
147 1704 1152 9.932094441758066 0.6045771503773368
147 1705 1152 10.720564350816684 0.4700342107216827
147 1691 1153 7.567463247350461 0.16445034351574406
147 1692 1153 6.895687057864508 0.2156199066373088
147 1693 1153 6.311457834763708 0.2850852689065484
147 1694 1153 5.841104347638407 0.3796305964077503
147 1695 1153 5.51384620750347 0.5075905257183425
147 1696 1153 5.355977968588044 0.6769187131190244
147 1697 1153 5.382425103984319 0.8884711033207305
147 1698 1153 5.590572421496811 1.1202758200859744
147 1699 1153 5.961417616641265 1.3082041404106037
147 1700 1153 6.467031776634543 1.362565102935512
147 1701 1153 7.078594493259311 1.2504734484326894
147 1702 1153 7.7711324786031755 1.036259916407561
147 1703 1153 8.524934017340032 0.8069330431988532
147 1704 1153 9.325154154221867 0.6099230767582483
147 1705 1153 10.160831658875244 0.4564125665805984
147 1690 1154 7.700292202247898 0.15961775499114403
147 1691 1154 6.897717013621237 0.2108324913139157
147 1692 1154 6.153251173160411 0.28169263843032966
147 1693 1154 5.490582847020896 0.3808298561411499
147 1694 1154 4.942721922180145 0.5206110780293636
147 1695 1154 4.551318490283919 0.7174899583512756
147 1696 1154 4.358726878344227 0.9885433157573166
147 1697 1154 4.391184350491392 1.3345321554476408
147 1698 1154 4.643974590800494 1.6934348130088386
147 1699 1154 5.08433869839537 1.8958415814427854
147 1700 1154 5.668730016502887 1.7905207227669242
147 1701 1154 6.357554561307432 1.4613869481699813
147 1702 1154 7.120568797504946 1.0989281871510206
147 1703 1154 7.936403467566474 0.8006548583073319
147 1704 1154 8.790364042518446 0.5802252070406361
147 1705 1154 9.672357520274018 0.4230497728121239
147 1689 1155 8.082233602167136 0.15243058019402014
147 1690 1155 7.183766421592483 0.2022118546585722
147 1691 1155 6.315892652665954 0.271946476282922
147 1692 1155 5.493132075601303 0.37134555313444007
147 1693 1155 4.739039987170396 0.5156075038261962
147 1694 1155 4.091760012512964 0.7284558195172997
147 1695 1155 3.609224293390506 1.045139823564549
147 1696 1155 3.3631086809677 1.5075276119477703
147 1697 1155 3.4050697496527746 2.1155576450302678
147 1698 1155 3.7253858860526803 2.6600505407393937
147 1699 1155 4.26174846747208 2.6754720613760754
147 1700 1155 4.944340198651457 2.14458545176452
147 1701 1155 5.721057594536243 1.5323823369502205
147 1702 1155 6.55854404574681 1.0626601689099024
147 1703 1155 7.436296121053884 0.7402548663659189
147 1704 1155 8.341612553937107 0.5235538382801914
147 1688 1156 8.680466577321715 0.1433911695008406
147 1689 1156 7.722337728952255 0.190492342610314
147 1690 1156 6.776319059784565 0.2568754906796261
147 1691 1156 5.848290348469344 0.3524398994161815
147 1692 1156 4.94838357446144 0.4934331892300597
147 1693 1156 4.095180093719919 0.7073963541282883
147 1694 1156 3.3248308227637673 1.0422901834787686
147 1695 1156 2.7089665926327138 1.5812946057384076
147 1696 1156 2.3711811402759175 2.4472512694330213
147 1697 1156 2.4303291958087296 3.635999868390158
147 1698 1156 2.861904959987388 4.233161062399352
147 1699 1156 3.531925820285658 3.3334794369457716
147 1700 1156 4.331108403168942 2.194383253143393
147 1701 1156 5.200240379059484 1.4215095837374307
147 1702 1156 6.109541717674152 0.9436996830991506
147 1703 1156 7.043472155123561 0.6450722168758254
147 1704 1156 7.993403530411876 0.4527848200756458
147 1688 1157 8.465370635713434 0.17656969376739406
147 1689 1157 7.47973930026972 0.23791796535798435
147 1690 1157 6.498499826883084 0.3264196266926757
147 1691 1157 5.523993120922542 0.4576427803872381
147 1692 1157 4.560537249052975 0.6588806556790647
147 1693 1157 3.616973873281335 0.9808538155211541
147 1694 1157 2.71412969476403 1.5247584232511575
147 1695 1157 1.9106281689538638 2.508546005934291
147 1696 1157 1.3908630414243162 4.397076654613601
147 1697 1157 1.489462990476838 7.102363582425568
147 1698 1157 2.1219095173923677 5.686774271612576
147 1699 1157 2.964203096955473 3.218260605666995
147 1700 1157 3.882074187853772 1.898296799895662
147 1701 1157 4.832649376894689 1.192139109549495
147 1702 1157 5.799870688213724 0.7862918203849398
147 1703 1157 6.776614198845972 0.5384188631617725
147 1704 1157 7.7592847608527 0.3796814344730963
147 1687 1158 9.364320584003895 0.16135976894061446
147 1688 1158 8.36507621005327 0.21662985792010173
147 1689 1158 7.366036926326073 0.2960206937114058
147 1690 1158 6.367299270491325 0.4132180574509253
147 1691 1158 5.369031570031924 0.5922219974212568
147 1692 1158 4.371555787131118 0.8779364835938365
147 1693 1158 3.3755740252584716 1.3620896022618503
147 1694 1158 2.38296034377406 2.2575236193911796
147 1695 1158 1.4008925726121513 4.170902871941102
147 1696 1158 0.49648766349225365 9.666769196200049
147 1697 1158 0.7283543093852763 11.51752770968741
147 1698 1158 1.677647161950393 4.679037816120143
147 1699 1158 2.664301034042571 2.4702029736228335
147 1700 1158 3.6582099447681267 1.4701186843085514
147 1701 1158 4.654728778350091 0.9391447391235427
147 1702 1158 5.652477332993086 0.6294722685319685
147 1703 1158 6.650902194439544 0.4370764254240394
147 1687 1159 9.380964769148157 0.19443882190635745
147 1688 1159 8.383704431812887 0.26383101273784826
147 1689 1159 7.387184849453759 0.3651215483321719
147 1690 1159 6.391752498337155 0.5176240560009873
147 1691 1159 5.398008892174907 0.7564257327389365
147 1692 1159 4.407096549884002 1.1502552211812371
147 1693 1159 3.421476289556831 1.8484673144836277
147 1694 1159 2.447549795203294 3.228770713897287
147 1695 1159 1.5081445554056778 6.479596836102358
147 1696 1159 0.7473285756612652 12.03667995620893
147 1697 1159 0.9178779875342915 5.841763118839458
147 1698 1159 1.7681911661356378 2.9782468356422305
147 1699 1159 2.722223356008873 1.728263604586677
147 1700 1159 3.7006080581440015 1.0847489336870217
147 1701 1159 4.688123291894148 0.7176558573928237
147 1702 1159 5.680008802810127 0.49330855572204335
147 1686 1160 10.489542411373279 0.1724950904729439
147 1687 1160 9.503394130519835 0.23192657902723757
147 1688 1160 8.520475338852812 0.31732489845016754
147 1689 1160 7.5420487932655975 0.44327627375004425
147 1690 1160 6.570121764472798 0.6349898794615645
147 1691 1160 5.608074535881212 0.9382954427029329
147 1692 1160 4.66202745594654 1.4412974924571307
147 1693 1160 3.7441287371028626 2.3204555854437316
147 1694 1160 2.8814059068447095 3.888102797033132
147 1695 1160 2.14161154274058 5.877155058042674
147 1696 1160 1.6942549985169864 5.115553480942396
147 1697 1160 1.7760912138738536 3.110985090316783
147 1698 1160 2.3320591759215725 1.8811067561451178
147 1699 1160 3.1180923655337907 1.1930801879138373
147 1700 1160 4.0008124174972535 0.7905381687194536
147 1701 1160 4.928539337369676 0.5426033493762512
147 1686 1161 10.69310525525671 0.20174707248370577
147 1687 1161 9.727615329565554 0.2724759625152728
147 1688 1161 8.769863168829879 0.3743533345406324
147 1689 1161 7.8226913527250295 0.5245504036445513
147 1690 1161 6.8904644255666145 0.7516788414744079
147 1691 1161 5.9801755827065115 1.1036919865511505
147 1692 1161 5.103577176843637 1.6560027217304787
147 1693 1161 4.28141331805274 2.4848653004662
147 1694 1161 3.551689738701775 3.4218037825649015
147 1695 1161 2.983035366870394 3.5927882602940113
147 1696 1161 2.6800186566514217 2.756729760171031
147 1697 1161 2.7324897072083907 1.8567868713575648
147 1698 1161 3.12257906224965 1.2329418616337695
147 1699 1161 3.746264806443881 0.8341298967366824
147 1700 1161 4.507604685417757 0.5782325853335691
147 1686 1162 10.984284227932129 0.23201711691905316
147 1687 1162 10.046815415841909 0.3133665683126492
147 1688 1162 9.12263668025855 0.4295224811987129
147 1689 1162 8.216233930457363 0.5977600134886542
147 1690 1162 7.334200706280062 0.8433836863036759
147 1691 1162 6.486485951576483 1.1979802108393345
147 1692 1162 5.688453216824339 1.6769907001738131
147 1693 1162 4.9641212716853795 2.192853534713995
147 1694 1162 4.3504597458199035 2.44122169586936
147 1695 1162 3.9000641020372324 2.1850595223056133
147 1696 1162 3.673486082728447 1.6678740980359088
147 1697 1162 3.711940193483685 1.1907735903489483
147 1698 1162 4.007804885470325 0.8383073610989915
147 1699 1162 4.510709478563201 0.5942819829417294
147 1700 1162 5.16047478435851 0.42713392694269875
147 1685 1163 12.27528003753879 0.19649416986629364
147 1686 1163 11.356341840575178 0.2609965485383308
147 1687 1163 10.452296398399662 0.3503582249954945
147 1688 1163 9.567366408787668 0.4748681066449811
147 1689 1163 8.707381925699524 0.6477928748687802
147 1690 1163 7.880513942630826 0.8823114503466516
147 1691 1163 7.098344877504823 1.1785519076356836
147 1692 1163 6.377342706801875 1.4904413238211847
147 1693 1163 5.740601013831145 1.6918771762302272
147 1694 1163 5.219051637989346 1.650782278212021
147 1695 1163 4.849999999999937 1.397520695911779
147 1696 1163 4.669743033615393 1.080885132663429
147 1697 1163 4.700053191188329 0.8020280121844817
147 1698 1163 4.93705377730481 0.5877836115589974
147 1699 1163 5.353363428724021 0.4315043630778139
147 1685 1164 12.688360808236745 0.21687384528415254
147 1686 1164 11.80163124317983 0.2856048642668744
147 1687 1164 10.934463864314447 0.3781856053831167
147 1688 1164 10.09190269473495 0.5016028859882685
147 1689 1164 9.280651916756637 0.6612832819214761
147 1690 1164 8.50967096896224 0.8541425664658947
147 1691 1164 7.790924207050076 1.0549055442032622
147 1692 1164 7.140203078344408 1.2044560617843598
147 1693 1164 6.577727571129643 1.2328484151195993
147 1694 1164 6.127846277445215 1.1240898735979306
147 1695 1164 5.816743074951762 0.9346902939647244
147 1696 1164 5.667318589950576 0.7339216533687205
147 1697 1164 5.692319386682329 0.5599624289750488
147 1685 1165 13.164592663656483 0.23314558613485847
147 1686 1165 12.312209387433201 0.3025056759881537
147 1687 1165 11.483662307817935 0.3919224885320471
147 1688 1165 10.684498116430104 0.5035287892433766
147 1689 1165 9.921819389607863 0.6341803548082995
147 1690 1165 9.204699886470967 0.7693939563797425
147 1691 1165 8.544618189246302 0.8788352792913039
147 1692 1165 7.9557840594123 0.9245364796611825
147 1693 1165 7.455098926238268 0.8867476993580251
147 1694 1165 7.061338400048469 0.7819687784041768
147 1695 1165 6.793121521068144 0.6476974188060931
147 1696 1165 6.6656207512878565 0.5157083310325369
147 1685 1166 13.69739026238203 0.24324921542920486
147 1686 1166 12.880314437155567 0.30900222402173366
147 1687 1166 12.090760935524209 0.38881585230059046
147 1688 1166 11.334482784847236 0.4801690923234369
147 1689 1166 10.618592185407557 0.5744273220077921
147 1690 1166 9.951808880801448 0.654918944698737
147 1691 1166 9.34465087630344 0.7002061692341776
147 1692 1166 8.809455147737502 0.6950276105622656
147 1693 1166 8.360053827577838 0.641250162988819
147 1694 1166 8.01089882597446 0.5564106208230206
147 1685 1167 14.280423663183035 0.2457400060163209
147 1686 1167 13.498685121151542 0.30396695401448914
147 1687 1167 12.747489949005574 0.36950730618612
147 1688 1167 12.032559993617244 0.43703113899747303
147 1689 1167 11.360743813676917 0.49686849799315064
147 1690 1167 10.740135008462344 0.5364269555236989
147 1691 1167 10.180103142895879 0.5451126758624175
147 1692 1167 9.691155761827309 0.5203455892240552
147 1693 1167 9.284530144277564 0.4692388470400474
147 1685 1168 14.907799971826757 0.2402418457668073
147 1686 1168 14.160737975119726 0.2882782561718384
147 1687 1168 13.446579490710565 0.33773678946099256
147 1688 1168 12.770845704180994 0.382759487385376
147 1689 1168 12.139954695137797 0.4156789450141128
147 1690 1168 11.561249932425055 0.4293585141450373
147 1691 1168 11.042938920414187 0.42043215522274974
147 1692 1168 10.593889748340718 0.3911234966409929
147 1684 1169 16.31779703268789 0.19172627933259573
147 1685 1169 15.574161293629835 0.2275743866254891
147 1686 1169 14.860635921790085 0.26447790238518976
147 1687 1169 14.181766462609582 0.29875866882559443
147 1688 1169 13.542765596435538 0.3255975467567664
147 1689 1169 12.949536671248055 0.34020388110369826
147 1683 1170 17.728465810667245 0.15433962794274486
147 1684 1170 16.987716150206815 0.1815086861672081
147 1685 1170 16.274719659643836 0.20948072211281743
147 1686 1170 15.59328381066662 0.23587570609775632
147 1683 1171 18.401372231439623 0.14608419673123013
147 1684 1171 17.688824155381198 0.16757579917153434
147 1685 1171 17.005249189588415 0.18810965764792614
147 1683 1172 19.102944799166362 0.13523330476248122
147 1684 1172 18.417559556032316 0.15135920480294093
148 1016 1121 9.030823329021485 0.22780928822734392
148 1017 1121 8.670511518935824 0.25040828528521414
148 1018 1121 8.414259919921589 0.26281796941994906
148 1019 1121 8.271745281377983 0.26230152911903754
148 1015 1122 8.628312117673929 0.2518689494249593
148 1016 1122 8.12833131706618 0.2962965153140425
148 1017 1122 7.726044913149218 0.33414047320504053
148 1018 1122 7.437322770997571 0.35732256466161977
148 1019 1122 7.275697217449271 0.3597699825213133
148 1020 1122 7.249673785764372 0.34078997954334295
148 1021 1122 7.360690864314246 0.30549577542792156
148 1014 1123 8.446287350072742 0.25236593286643194
148 1015 1123 7.807801867363112 0.3166975557819174
148 1016 1123 7.251466748182672 0.38616705779220445
148 1017 1123 6.797482622265322 0.45051013301773607
148 1018 1123 6.467439215021592 0.4945792786757178
148 1019 1123 6.280905189540691 0.5045581752581716
148 1020 1123 6.250741556007515 0.47690942157683397
148 1021 1123 6.379166873503101 0.421060002912742
148 1022 1123 6.657009088171609 0.35258428008699866
148 1013 1124 8.498927579406644 0.22908411597991463
148 1014 1124 7.736521828315289 0.30187871449134884
148 1015 1124 7.033901477842792 0.3937667248033271
148 1016 1124 6.410754245796596 0.5017863738347544
148 1017 1124 5.892348428258393 0.6124924885294308
148 1018 1124 5.508336409479656 0.6984367020603727
148 1019 1124 5.288078100784755 0.7273564161274907
148 1020 1124 5.252215722911558 0.6860771304586378
148 1021 1124 5.404421338126723 0.5930406309920571
148 1022 1124 5.729726869581089 0.4811700096629129
148 1023 1124 6.2009491209007335 0.3754964189967585
148 1013 1125 7.921222759145143 0.25903527679301724
148 1014 1125 7.0970254332360305 0.35263525164464415
148 1015 1125 6.3237465161088755 0.4797016157709106
148 1016 1125 5.622434526074911 0.6442037072626673
148 1017 1125 5.023322605606699 0.8349860343635117
148 1018 1125 4.566811798180362 1.0076421518809753
148 1019 1125 4.2985776717420645 1.085974105071426
148 1020 1125 4.254382446372152 1.022850690299961
148 1021 1125 4.4409199497400955 0.8568845264544728
148 1022 1125 4.831539092256176 0.6651433629454201
148 1023 1125 5.381985693031867 0.49661628314640677
148 1024 1125 6.048782522127885 0.3653262567076481
148 1013 1126 7.433691545927846 0.2841336561215178
148 1014 1126 6.5484173660510665 0.3986346376532053
148 1015 1126 5.701207766780585 0.5654873087513508
148 1016 1126 4.911799059407799 0.8048387582127897
148 1017 1126 4.21281022596549 1.1263295480987268
148 1018 1126 3.6564696087892594 1.4813307695758053
148 1019 1126 3.315383839014655 1.698354505072413
148 1020 1126 3.2578781438230036 1.6009565825948129
148 1021 1126 3.497966552155651 1.2752535332631167
148 1022 1126 3.98218156291244 0.9280014925544755
148 1023 1126 4.634627277354656 0.6542527310428288
148 1024 1126 5.39460563896935 0.45992394316146595
148 1013 1127 7.0550527992353995 0.30062719117279885
148 1014 1127 6.115208091308039 0.432105385406296
148 1015 1127 5.197862060501355 0.6355697293224224
148 1016 1127 4.31737999254171 0.9567418427057999
148 1017 1127 3.5016810248792694 1.4617303192914617
148 1018 1127 2.8078051926726686 2.182065188605794
148 1019 1127 2.346437725574594 2.8289267129756204
148 1020 1127 2.2644579925447377 2.6920952877238604
148 1021 1127 2.5980319474555764 1.956633787616965
148 1022 1127 3.2205232494114813 1.2923026029031144
148 1023 1127 3.9992211741787873 0.8478611610831975
148 1024 1127 4.859605951103446 0.5668791872367015
148 1013 1128 6.803511593287644 0.3056144275630526
148 1014 1128 5.823209596090411 0.445876994087275
148 1015 1128 4.850955575966401 0.6717097250467641
148 1016 1128 3.8927843505644626 1.0536009162087594
148 1017 1128 2.962392614087413 1.73840076604639
148 1018 1128 2.0970860735791765 3.02706138243226
148 1019 1128 1.4211861243341062 5.0871209475741805
148 1020 1128 1.2813157300212419 5.1020074027728235
148 1021 1128 1.8065907118104918 3.040560435588808
148 1022 1128 2.6240750751455284 1.7455761484815842
148 1023 1128 3.536632579163417 1.0574933757492353
148 1024 1128 4.486621223147788 0.6739533908770574
148 1025 1128 5.454518310538542 0.44724158900169275
148 1013 1129 6.6934124331315115 0.29814771433353315
148 1014 1129 5.6941873871518816 0.4366086357072717
148 1015 1129 4.695292323167924 0.6623896177850281
148 1016 1129 3.696994725449268 1.0537802294414762
148 1017 1129 2.699957407071411 1.7953445562348662
148 1018 1129 1.7063909282458842 3.420445596952579
148 1019 1129 0.7305956474000657 8.218080686550971
148 1020 1129 0.3946770831958603 11.81834449192442
148 1021 1129 1.3333304166635 4.318282246232554
148 1022 1129 2.323740519076976 2.153824605865407
148 1023 1129 3.319905119126178 1.2294816282990637
148 1024 1129 4.31784321160464 0.7589837009242115
148 1025 1129 5.316556216198635 0.4938472965517377
148 1013 1130 6.7316988940385345 0.2796335729704917
148 1014 1130 5.739143664345726 0.4065742494046167
148 1015 1130 4.749712622885701 0.6107222785215181
148 1016 1130 3.765869089599349 0.9571934015348668
148 1017 1130 2.7935228654872155 1.590002611063673
148 1018 1130 1.8508835727835433 2.871719815474107
148 1019 1130 1.023606369655858 5.779298113870943
148 1020 1130 0.8183947702668412 8.339643033327269
148 1021 1130 1.5138593065407984 4.3305885706777625
148 1022 1130 2.431824418003951 2.244128473897882
148 1023 1130 3.3964348955927783 1.2894166765268564
148 1024 1130 4.376958989983845 0.7962426146612948
148 1025 1130 5.364677995928598 0.5174249484114415
148 1014 1131 5.954138896599559 0.36242945390784903
148 1015 1131 5.007371566001457 0.5321828429215889
148 1016 1131 4.086045765774039 0.8053912298234499
148 1017 1131 3.212128577750278 1.2605479186984654
148 1018 1131 2.4371643358624993 2.028513740313738
148 1019 1131 1.887265217186013 3.1783914871988843
148 1020 1131 1.7843121924148364 3.9027124996238785
148 1021 1131 2.1922066508430063 3.0573100164455127
148 1022 1131 2.9030621763924347 1.934569583335486
148 1023 1131 3.7483022823673724 1.2042395941284214
148 1024 1131 4.65529483491653 0.7719901467214294
148 1025 1131 5.594083481679603 0.5117348057779324
148 1014 1132 6.321848622040861 0.3120664536791415
148 1015 1132 5.439464128018495 0.44482019802244316
148 1016 1132 4.605406605284714 0.644727632837002
148 1017 1132 3.8512037079334234 0.9449714950485374
148 1018 1132 3.2332290361185705 1.3738525223841695
148 1019 1132 2.841789928900497 1.8784968948271328
148 1020 1132 2.7744855378971365 2.1758412147030084
148 1021 1132 3.052829834759945 1.967784134005949
148 1022 1132 3.5974671645479273 1.4731958847208162
148 1023 1132 4.308569368131442 1.019800677591256
148 1024 1132 5.117203337761814 0.6953459977376604
148 1015 1133 6.008474848079181 0.3617016890711489
148 1016 1133 5.26533664640735 0.5022259880187456
148 1017 1133 4.620148266019205 0.6945861343757143
148 1018 1133 4.119195309766259 0.93735005493719
148 1019 1133 3.819655743650259 1.1872964565688586
148 1020 1133 3.7698501296471303 1.3356153121634304
148 1021 1133 3.9791669982548554 1.2820684663974555
148 1022 1133 4.410869528789151 1.0660379427881672
148 1023 1133 5.007770961216247 0.8101924542928775
148 1024 1133 5.718371271612291 0.5908975051127354
148 1017 1134 5.464409391690962 0.5098259490474456
148 1018 1134 5.047947107488397 0.6523955657352324
148 1019 1134 4.806638118269415 0.7884070024813591
148 1020 1134 4.767155336256687 0.8713750654994096
148 1021 1134 4.93434595463276 0.8611183434126484
148 1022 1134 5.288645384217092 0.7631139871595866
148 1023 1134 5.795840750055234 0.622481612310332
148 1018 1135 5.999647489644754 0.4638375579138397
148 1019 1135 5.798083303989403 0.5433041738483867
148 1020 1135 5.765394175596387 0.5933599701428645
148 1021 1135 5.904385658135892 0.5957582606389802
148 1022 1135 6.203528834461953 0.549532368264297
148 1023 1135 6.641217508860928 0.47182286904042037
148 1020 1136 6.764153309912547 0.417239002798367
148 1021 1136 6.883005884059735 0.42286126325388973
152 1210 1132 8.56551954057666 0.177994199851475
152 1211 1132 8.518575291678795 0.187189744348191
152 1212 1132 8.588604368580517 0.18562382052585294
152 1208 1133 8.05829541528485 0.1823287043628749
152 1209 1133 7.754619590927764 0.2166795658262074
152 1210 1133 7.5717980031166014 0.2445176853952879
152 1211 1133 7.518651807338895 0.25880745928163035
152 1212 1133 7.5979026711323625 0.25522120235173557
152 1213 1133 7.805518880894476 0.2348916880026822
152 1207 1134 7.596191479945783 0.1907298731624877
152 1208 1134 7.134432353032774 0.24283190489690162
152 1209 1134 6.789560000471359 0.29714206043227787
152 1210 1134 6.579979103310321 0.3427514966788018
152 1211 1134 6.518751797698726 0.3659207733226107
152 1212 1134 6.610001891073877 0.35796493677911695
152 1213 1134 6.84763645355097 0.32199904977889904
152 1214 1134 7.217210333639997 0.27038579420136366
152 1206 1135 7.380252366958801 0.18237415191375927
152 1207 1135 6.7576715664495595 0.24608750476466057
152 1208 1135 6.234109800123889 0.32556724723538377
152 1209 1135 5.836276638405738 0.41397272809538604
152 1210 1135 5.591075477938072 0.49225127151510967
152 1211 1135 5.518888022056645 0.5319289909464839
152 1212 1135 5.626377609083857 0.5140692762010297
152 1213 1135 5.90373822251631 0.4475813614544226
152 1214 1135 6.328674821793256 0.3601481360511596
152 1205 1136 7.4319664288801155 0.16041392771928184
152 1206 1136 6.665742644297102 0.2249918626342484
152 1207 1136 5.969097502973192 0.31573864175971117
152 1208 1136 5.369182898728694 0.43786121615982404
152 1209 1136 4.901645131994004 0.5860667715320155
152 1210 1136 4.606964835984792 0.7282733754374833
152 1211 1136 4.51908453118552 0.801384511246424
152 1212 1136 4.649744616642952 0.759394912020846
152 1213 1136 4.981779300611377 0.6298824330435685
152 1214 1136 5.478697381677495 0.4785222331896842
152 1215 1136 6.1003381053839725 0.3475325896712613
152 1205 1137 6.870089155171205 0.18832188649466883
152 1206 1137 6.032920105554264 0.2728010308145385
152 1207 1137 5.253011041298193 0.3996422140280716
152 1208 1137 4.5598382646756885 0.5864157278048845
152 1209 1137 3.9987654344810553 0.8410459638014538
152 1210 1137 3.6315458141128176 1.1179195106406656
152 1211 1137 3.5193927032941623 1.2672902557965526
152 1212 1137 3.685664797563671 1.1598691140019173
152 1213 1137 4.096599199335947 0.8921054455250096
152 1214 1137 4.688296598979185 0.6274512152750655
152 1215 1137 5.401677980035431 0.4283242552845434
152 1205 1138 6.415771582592459 0.21571689039063752
152 1206 1138 5.510002268602147 0.32218402094696225
152 1207 1138 4.6430727971894505 0.4930302888725954
152 1208 1138 3.8413701982496478 0.7710137096144073
152 1209 1138 3.1550158478208004 1.2112493436771221
152 1210 1138 2.674345714375811 1.795190554631209
152 1211 1138 2.519945435917241 2.1519181296286867
152 1212 1138 2.7473851204372495 1.8363579912029582
152 1213 1138 3.278128276928751 1.250291518183975
152 1214 1138 3.99300951664277 0.7968517824232998
152 1215 1138 4.8106262586070425 0.5089410164354073
152 1205 1139 6.093121121395904 0.23943034343002173
152 1206 1139 5.130704142707972 0.36671408606128447
152 1207 1139 4.185943740663581 0.5830863818692297
152 1208 1139 3.2741601976690875 0.9705551080093612
152 1209 1139 2.4327196714788872 1.699313779016021
152 1210 1139 1.7652549390952599 3.0172120247218492
152 1211 1139 1.521224835453351 4.120711128089401
152 1212 1139 1.8740664342546505 2.961674743046347
152 1213 1139 2.5903908971427083 1.6651546449219807
152 1214 1139 3.4508151210981546 0.9526124517759518
152 1215 1139 4.37105536455437 0.5733012702542735
152 1205 1140 5.923691838710115 0.2558413445524832
152 1206 1140 4.9282983878820374 0.3979760382069122
152 1207 1140 3.935241415720331 0.6485738587659442
152 1208 1140 2.9468839474944413 1.1277710693127494
152 1209 1140 1.970310889174672 2.164135979841806
152 1210 1140 1.0392906234543595 4.913765285902808
152 1211 1140 0.5273755777432406 10.425913065265219
152 1212 1140 1.2149588470396362 4.310225762932163
152 1213 1140 2.1619724790107178 1.9565223602640214
152 1214 1140 3.141993793755744 1.0371845293421824
152 1215 1140 4.1316007793589495 0.6029470163529808
152 1205 1141 5.9206524133747935 0.2619391617719895
152 1206 1141 4.92464465723169 0.4084533376941086
152 1207 1141 3.9306647020574648 0.667889712661324
152 1208 1141 2.9407694571319873 1.1672549141316213
152 1209 1141 1.9611539970130412 2.2597239031999186
152 1210 1141 1.0218243488976435 5.233502820765313
152 1211 1141 0.49206198796488904 10.672241629388962
152 1212 1141 1.2000520822030285 4.1443784553876375
152 1213 1141 2.1536306554281053 1.8918083142522888
152 1214 1141 3.136259715010789 1.0074788273265525
152 1215 1141 4.127241815062382 0.5875670661805529
152 1205 1142 6.084252213707179 0.25649615320525215
152 1206 1142 5.1201684542601305 0.39531550192864456
152 1207 1142 4.17302348423783 0.6336047317549799
152 1208 1142 3.257625669103236 1.0655001674861246
152 1209 1142 2.410420087868538 1.88715835552823
152 1210 1142 1.7343947070952548 3.341096580976277
152 1211 1142 1.4853029993909999 4.178971825802214
152 1212 1142 1.845027100071911 2.7547385536963267
152 1213 1142 2.569460060012537 1.5305745559057866
152 1214 1142 3.4351310018687053 0.8796227290076478
152 1215 1142 4.3586838609836525 0.5326573728673452
152 1205 1143 6.401728282268832 0.24061099487367754
152 1206 1143 5.493644054723651 0.36208651952054677
152 1207 1143 4.623648451169313 0.5585687593683966
152 1208 1143 3.8178691701000242 0.8793008418645544
152 1209 1143 3.126359704192739 1.3784158543436145
152 1210 1143 2.6404781763915373 1.977198444057147
152 1211 1143 2.4839736310999445 2.175526875446111
152 1212 1143 2.7144290375693574 1.7070169409768001
152 1213 1143 3.250557644466496 1.1228063410532254
152 1214 1143 3.9704061505089676 0.7109346704709297
152 1215 1143 4.791881154619687 0.45529818166263547
152 1205 1144 6.851724235548348 0.21722083833625977
152 1206 1144 6.011998419826843 0.31658668362183495
152 1207 1144 5.228969783810222 0.46568154574950166
152 1208 1144 4.53212146792208 0.6819432476497005
152 1209 1144 3.96713057511346 0.9613964571914884
152 1210 1144 3.5966824991928212 1.2197862316192578
152 1211 1144 3.48340709650764 1.2790417707866297
152 1212 1144 3.651318255096322 1.0839369489158237
152 1213 1144 4.065725642489851 0.7960179673225772
152 1214 1144 4.661343690396513 0.5492890147150371
152 1206 1145 6.6413948083215475 0.26711049314215196
152 1207 1145 5.941895741259708 0.3741236234167264
152 1208 1145 5.33892545368449 0.5130530063452969
152 1209 1145 4.868482823221213 0.6678384795267605
152 1210 1145 4.571665451452005 0.7882779885337805
152 1211 1145 4.483093240163506 0.8079371312611093
152 1212 1145 4.614772475431437 0.7135642065373801
152 1213 1145 4.949153968103989 0.5625739034185605
152 1207 1146 6.728307736719554 0.29411610836731944
152 1208 1146 6.202267730435382 0.381857128258492
152 1209 1146 5.802251718083243 0.4691503315227702
152 1210 1146 5.555549027773925 0.5293749336806316
152 1211 1146 5.482893852702208 0.5358623842164597
152 1212 1146 5.5910754779379905 0.48531604372180714
185 1494 1240 8.444135598153272 0.2032215062747311
185 1495 1240 8.062594247511129 0.21397307467042503
185 1496 1240 7.791497032021495 0.22106868453156436
185 1497 1240 7.6426059691704635 0.2238702691425517
185 1498 1240 7.6230850710194895 0.2221137332112168
185 1499 1240 7.733914015555154 0.2159654705400345
185 1500 1240 7.969656579803215 0.20598651272284138
185 1492 1241 8.698817505845197 0.23338198561737952
185 1493 1241 8.085259797928517 0.2583285229852159
185 1494 1241 7.554695625900444 0.281089221840175
185 1495 1241 7.125687756280058 0.29977838356973624
185 1496 1241 6.817435441571835 0.31255654285409507
185 1497 1241 6.646760564365169 0.31800806773409956
185 1498 1241 6.624305699467696 0.3154888390179044
185 1499 1241 6.751549896134993 0.3052995348935995
185 1500 1241 7.020357968081162 0.28860360579820443
185 1501 1241 7.41535069973099 0.26712890204862677
185 1489 1242 10.311810025402822 0.20120920482047025
185 1490 1242 9.48869991094662 0.23532577818856032
185 1491 1242 8.702725205359446 0.2731963738742228
185 1492 1242 7.964887067623673 0.31383297891494777
185 1493 1242 7.289816595772424 0.35537862149909455
185 1494 1242 6.696523426375755 0.3949769134300176
185 1495 1242 6.20849627526662 0.4289070614617511
185 1496 1242 5.852130039566767 0.45313700003801716
185 1497 1242 5.6523823296022675 0.46427869386326903
185 1498 1242 5.625960006967716 0.4606257620595845
185 1499 1242 5.775242505730855 0.44274815976249543
185 1500 1242 6.087316814492295 0.41328843967443474
185 1501 1242 6.5389162710651725 0.37608516087267413
185 1502 1242 7.103479851453166 0.33511630580862095
185 1503 1242 7.756379696740053 0.2937208744980398
185 1488 1243 10.695860227209307 0.20796384488574057
185 1489 1243 9.803235486307473 0.24974154969377116
185 1490 1243 8.93338827097526 0.29923661868086343
185 1491 1243 8.093665794928686 0.3568157333626446
185 1492 1243 7.294479145216526 0.421919164592596
185 1493 1243 6.5506813386089116 0.4923730993614981
185 1494 1243 5.883317601489764 0.563640097901182
185 1495 1243 5.321224107289551 0.6284427348926348
185 1496 1243 4.900757696519969 0.6774985929767865
185 1497 1243 4.660410496941223 0.701917798092053
185 1498 1243 4.628328640016844 0.6966360931833339
185 1499 1243 4.808682355905866 0.6627859411349574
185 1500 1243 5.17932679023062 0.6071421406130694
185 1501 1243 5.703282037564059 0.5391009302406353
185 1502 1243 6.342667104617825 0.46743007385086227
185 1503 1243 7.066217234136047 0.3984612795100199
185 1504 1243 7.850695892721965 0.33583290666138993
185 1487 1244 11.245862616980418 0.20149001140137038
185 1488 1244 10.303951960291638 0.24675502984361164
185 1489 1244 9.374082675120704 0.30306573723539515
185 1490 1244 8.460226119909464 0.3728399388258934
185 1491 1244 7.5681851193003045 0.4584732983648676
185 1492 1244 6.706670261761704 0.5616226093440346
185 1493 1244 5.889093818237151 0.6817509746110073
185 1494 1244 5.136479923060076 0.8136778988981606
185 1495 1244 4.481676695166605 0.9445561542414077
185 1496 1244 3.973339401561323 1.0525811775958234
185 1497 1244 3.672795393157631 1.1118003791094688
185 1498 1244 3.632000275330406 1.1045960058955349
185 1499 1244 3.859200176202366 1.033246149038096
185 1500 1244 4.3122414125371735 0.9183078716245788
185 1501 1244 4.929241929546654 0.7856925055027794
185 1502 1244 5.656803514353406 0.6554625207093039
185 1503 1244 6.457664128769882 0.5386460794859746
185 1504 1244 7.307764774539579 0.4392072656612326
185 1505 1244 8.191790158445327 0.35705771514995627
185 1506 1244 9.099858570329648 0.2902962600894287
185 1486 1245 11.938903886035662 0.18360864480954062
185 1487 1245 10.96537395623139 0.22731816949376699
185 1488 1245 9.997070871010061 0.2833077523283404
185 1489 1245 9.035675182298116 0.3554795433894589
185 1490 1245 8.083651773796193 0.4489699405085311
185 1491 1245 7.144748141117261 0.570323757197154
185 1492 1245 6.224903694034051 0.7272602783808819
185 1493 1245 5.333987814009233 0.9271869576733351
185 1494 1245 4.4892567313531115 1.172577673793036
185 1495 1245 3.7222877374001397 1.4502333675974264
185 1496 1245 3.091508693178733 1.714452532334535
185 1497 1245 2.694332199265692 1.8817839336824747
185 1498 1245 2.6384514397654026 1.8753098015799765
185 1499 1245 2.9433698374482864 1.6983820489896346
185 1500 1245 3.516450767464345 1.4309211985774075
185 1501 1245 4.250579489904971 1.1544787698478087
185 1502 1245 5.076359522334981 0.9120392950414976
185 1503 1245 5.955789284385509 0.7152292801411111
185 1504 1245 6.868291345014529 0.56098131737035
185 1505 1245 7.802270566956885 0.4417697565399733
185 1506 1245 8.750852872720575 0.34992980634330845
185 1507 1245 9.709759317305561 0.279013122143781
185 1486 1246 11.760417764688354 0.19707860665962196
185 1487 1246 10.770767196444162 0.24668844209717017
185 1488 1246 9.783221657511286 0.3116704190934434
185 1489 1246 8.798489984082387 0.397858254984322
185 1490 1246 7.817635576054841 0.5137372616719966
185 1491 1246 6.842326066477579 0.6717990462782512
185 1492 1246 5.875323480456098 0.890511207182693
185 1493 1246 4.921526795619321 1.1967064066026145
185 1494 1246 3.990416770213258 1.6263054542813276
185 1495 1246 3.102487066854499 2.2132350579405284
185 1496 1246 2.3081217472221125 2.9305835150633985
185 1497 1246 1.740524633551586 3.5330649448240106
185 1498 1246 1.6527026350799192 3.558943916730265
185 1499 1246 2.105570231552568 2.9826075628859616
185 1500 1246 2.8522668178136072 2.2615093709781804
185 1501 1246 3.719869083717972 1.6628890963681904
185 1502 1246 4.641058715422701 1.2229376921943134
185 1503 1246 5.589403009266842 0.9091796636648694
185 1504 1246 6.553123377443878 0.6851999753170352
185 1505 1246 7.526315566065622 0.5234888979135401
185 1506 1246 8.505729010496509 0.40505870080069906
185 1507 1246 9.48943760188148 0.31706251666947793
185 1487 1247 10.666743926803418 0.2559608901441315
185 1488 1247 9.668579316528248 0.3258242404460344
185 1489 1247 8.670837675795694 0.42000294618301554
185 1490 1247 7.673683991408448 0.5494273298382063
185 1491 1247 6.677381672482 0.731432547254865
185 1492 1247 5.682378551275755 0.9946770681748838
185 1493 1247 4.689501679283095 1.3890083771621926
185 1494 1247 3.700462944011085 2.006674736994736
185 1495 1247 2.71945325387281 3.0308257523394566
185 1496 1247 1.7599505674875189 4.838465959308301
185 1497 1247 0.8941062576673227 7.853716364992584
185 1498 1247 0.7081143975376368 8.483992868408297
185 1499 1247 1.4843941525081255 5.377611321018886
185 1500 1247 2.4301082280426405 3.330339003962792
185 1501 1247 3.4069672731038625 2.18082226624459
185 1502 1247 4.394249196393053 1.4968770317065179
185 1503 1247 5.386225580125773 1.0649988979611587
185 1504 1247 6.380707327561847 0.7791451067915702
185 1505 1247 7.376681232099004 0.5828414103766529
185 1506 1247 8.373614870532434 0.444011932941567
185 1507 1247 9.371201950657243 0.34344571158278625
185 1487 1248 10.65595730096539 0.25316533310890804
185 1488 1248 9.656677793112795 0.32228361058221083
185 1489 1248 8.657564669120182 0.4155136389003376
185 1490 1248 7.658683046059438 0.5437633805398778
185 1491 1248 6.660137085676127 0.7244222140562455
185 1492 1248 5.662104379115482 0.986479777776663
185 1493 1248 4.6649143614860655 1.381088371028149
185 1494 1248 3.6692541476435196 2.0054856142861444
185 1495 1248 2.6768313357399633 3.0641593186296436
185 1496 1248 1.6933475721185007 5.049917511533943
185 1497 1248 0.7546032069901681 9.230045677999954
185 1498 1248 0.520985604407715 11.30057446733399
185 1499 1248 1.4047868165669473 6.171792636642443
185 1500 1248 2.3823152604138107 3.6155384526620042
185 1501 1248 3.373044025802324 2.312388956251374
185 1502 1248 4.368000228937834 1.5673748665350702
185 1503 1248 5.364832336616048 1.1065847224661958
185 1504 1248 6.362658721006607 0.805362780580656
185 1505 1248 7.361075057354167 0.6001959484744359
185 1506 1248 8.359869975065514 0.45593660657794516
185 1488 1249 9.747893413450816 0.3019512654550847
185 1489 1249 8.759190944373689 0.3857489122540443
185 1490 1249 7.77337931661631 0.49881745960871815
185 1491 1249 6.791717455842703 0.6539372555625639
185 1492 1249 5.816306903869388 0.8706220212632186
185 1493 1249 4.850920118905168 1.1788979898603402
185 1494 1249 3.9030021778112234 1.6239514812089269
185 1495 1249 2.989218292463663 2.2654671181993074
185 1496 1249 2.1534683652191418 3.136827445741082
185 1497 1249 1.529518224801466 4.045270078245837
185 1498 1249 1.428784798351401 4.302971523586844
185 1499 1249 1.934793529036181 3.610851543432175
185 1500 1249 2.728630792174072 2.667953038280186
185 1501 1249 3.625937947621378 1.911265167842011
185 1502 1249 4.566117168886597 1.3773104321524248
185 1503 1249 5.527334438949862 1.008462502842795
185 1504 1249 6.500263533119362 0.7512989895630787
185 1505 1249 7.480335955022451 0.5688721577754785
185 1506 1249 8.46507093886412 0.4370560683234793
185 1489 1250 8.971812860286265 0.3389343307289106
185 1490 1250 8.012204815155329 0.4293859928800034
185 1491 1250 7.063811011061838 0.5481059953172824
185 1492 1250 6.1318370819843775 0.7042855482879175
185 1493 1250 5.2250766501553745 0.9086542128447206
185 1494 1250 4.359291914978754 1.170468416600024
185 1495 1250 3.56446714110249 1.4880731901617297
185 1496 1250 2.8995561729339863 1.8277521114661508
185 1497 1250 2.4717253083625232 2.0985476307141893
185 1498 1250 2.4106899427342445 2.1760598618573987
185 1499 1250 2.7410629325136373 2.015093067463375
185 1500 1250 3.3489440126703354 1.7046063130372866
185 1501 1250 4.113079867933604 1.3658697311702592
185 1502 1250 4.96179665040809 1.067176559961582
185 1503 1250 5.858449112179875 0.8271958758445226
185 1504 1250 6.784056750941976 0.6418208400835559
185 1505 1250 7.728222693478858 0.5006138043689191
185 1490 1251 8.364533818450267 0.35284900595548857
185 1491 1251 7.4610606484600055 0.4370977911405428
185 1492 1251 6.585546750270525 0.5411199496523766
185 1493 1251 5.750776121533414 0.6667107739699195
185 1494 1251 4.9772910302692885 0.8121550909066582
185 1495 1251 4.29830501477028 0.9684248565274369
185 1496 1251 3.7652922861312597 1.1150407497920254
185 1497 1251 3.4466543197715365 1.2203611442799036
185 1498 1251 3.4031494236956474 1.253058517481773
185 1499 1251 3.6446434667879717 1.2018152424608273
185 1500 1251 4.121337889569414 1.084025163223716
185 1501 1251 4.763131952822711 0.9327440481194693
185 1502 1251 5.512660519204943 0.7776012244469419
185 1503 1251 6.331779054894536 0.6362195271951372
185 1504 1251 7.196764967678281 0.515565803773558
185 1492 1252 7.151183538408076 0.4056467358630239
185 1493 1252 6.390729692296403 0.4812917349108628
185 1494 1252 5.704684566213903 0.562606070809948
185 1495 1252 5.123028986839653 0.6433677468081586
185 1496 1252 4.684808000334651 0.7138580962164149
185 1497 1252 4.432767307224661 0.7623142222271032
185 1498 1252 4.399025573919752 0.7786989738746724
185 1499 1252 4.588401246621771 0.7592373426348434
185 1500 1252 4.975482489166297 0.708391367026714
185 1501 1252 5.518824693718824 0.6365408542629156
185 1502 1252 6.177331624577144 0.5553896953483605
185 1494 1253 6.504877093381479 0.3942810848679784
185 1495 1253 6.0012853623202504 0.43844000456710974
185 1496 1253 5.631822617945236 0.4754075153145265
185 1497 1253 5.4239677358922185 0.5003569736730541
185 1498 1253 5.396427151365983 0.5094758604097926
185 1499 1253 5.551884905147099 0.5012544783685722
185 1500 1253 5.875834068453638 0.47705673673322757
