# %ECSV 0.9
# ---
# datatype:
# - name: sexcat_id
#   datatype: int32
# - name: x
#   datatype: int32
# - name: y
#   datatype: int32
# - name: sep
#   datatype: float64
# - name: weight
#   datatype: float64
# schema: astropy-2.0
sexcat_id x y sep weight
8 1891 619 26.255565048195063 0.10590835989161787
8 1892 619 26.201807113250833 0.10496957493904178
8 1893 619 26.186154662340208 0.10309449737049713
8 1894 619 26.20867596808358 0.1003582989947271
8 1889 620 25.48769695362848 0.11729157231832507
8 1890 620 25.353553912617503 0.11859331450454191
8 1891 620 25.258319342347427 0.11874185538514584
8 1892 620 25.202434326866165 0.11773062479531878
8 1893 620 25.18616080310776 0.11560403451069176
8 1894 620 25.209575482344036 0.11245307169523529
8 1895 620 25.272568053128307 0.10840659960746128
8 1884 621 25.775001377303614 0.10687986910212727
8 1885 621 25.446624451977968 0.113347038253708
8 1886 621 25.153741192912097 0.1192423720159511
8 1887 621 24.897604222093392 0.1243548989109029
8 1888 621 24.679357690183156 0.128483074365672
8 1889 621 24.500014204077562 0.1314512884318362
8 1890 621 24.360433001077837 0.13312604952244073
8 1891 621 24.261300377349976 0.1334293387120039
8 1892 621 24.203113353451077 0.132346817679141
8 1893 621 24.186167451665458 0.1299293687624013
8 1894 621 24.210549270927363 0.12628767395831053
8 1895 621 24.276134288638325 0.12158085419044201
8 1882 622 25.62457211350081 0.10188260971266161
8 1883 622 25.215048998564395 0.11003383989656328
8 1884 622 24.839055859673955 0.11804704162146828
8 1885 622 24.49813658219749 0.12569795739610426
8 1886 622 24.19377390983066 0.13273691065172283
8 1887 622 23.927362913618428 0.138902473391714
8 1888 622 23.700183459205594 0.14393994174549796
8 1889 622 23.51337270576049 0.14762295082461535
8 1890 622 23.36789883579613 0.14977540533629474
8 1891 622 23.26453730466183 0.15029019008163735
8 1892 622 23.203850887298895 0.14914122447005676
8 1893 622 23.18617467371454 0.14638647264146007
8 1894 622 23.211606924123142 0.14216129315453122
8 1895 622 23.280006357387474 0.13666347899403183
8 1896 622 23.39099604548727 0.1301328829818934
8 1882 623 24.723403810964285 0.11155320585755357
8 1883 623 24.29869741364757 0.12103670462720895
8 1884 623 23.908297639104358 0.1304445110177115
8 1885 623 23.55391041844226 0.1395115446224266
8 1886 623 23.23718347821015 0.1479352130752789
8 1887 623 22.95967543324606 0.15539136067045045
8 1888 623 22.72282324008182 0.16155731819051022
8 1889 623 22.527909268283246 0.16614017813121296
8 1890 623 22.376029495869055 0.1689066047497918
8 1891 623 22.268064487063125 0.16970919079999092
8 1892 623 22.20465482731046 0.1685042387704314
8 1893 623 22.186182546801547 0.16535719513094777
8 1894 623 22.21275975650035 0.1604345389451423
8 1895 623 22.284225272600374 0.15398390628835987
8 1896 623 22.40014946378709 0.14630660986916025
8 1897 623 22.559846985296705 0.13772776551482477
8 1882 624 23.830121611103944 0.12210341114710964
8 1883 624 23.38920041386629 0.13314159360448566
8 1884 624 22.98335693496498 0.14419793615705362
8 1885 624 22.61447978619015 0.154960889002874
8 1886 624 22.28440477105015 0.16506467638866598
8 1887 624 21.994878858498005 0.17410736919806646
8 1888 624 21.747521605921037 0.18167932149589522
8 1889 624 21.54378555407573 0.18740006242576573
8 1890 624 21.38491748873495 0.1909589182655526
8 1891 624 21.271922715166156 0.19215234611475823
8 1892 624 21.205534560581153 0.19091030545971932
8 1893 624 21.186191163113808 0.1873056707600594
8 1894 624 21.21402121239633 0.18154444161559885
8 1895 624 21.288839705347993 0.1739390827802481
8 1896 624 21.41015403961403 0.16487104762183863
8 1897 624 21.57717998256493 0.15475016756376234
8 1881 625 23.43763418094931 0.12116877315350053
8 1882 625 22.94564655877021 0.13358445924169818
8 1883 625 22.48738971068014 0.14643443273216974
8 1884 625 22.064965352340867 0.15943880995578597
8 1885 625 21.68046807612794 0.1722342791218638
8 1886 625 21.335948443882277 0.1843804422953334
8 1887 625 21.03337100894677 0.19537937525848273
8 1888 625 20.77456849130692 0.20471012588115506
8 1889 625 20.56119393420533 0.21187661066586158
8 1890 625 20.39467322611475 0.21646305952278666
8 1891 625 20.276160780581755 0.2181871920645771
8 1892 625 20.206501330017566 0.21693958066192506
8 1893 625 20.186200633105813 0.21279959093783865
8 1894 625 20.21540739139336 0.20602378308705016
8 1895 625 20.29390785432912 0.19700978163462682
8 1896 625 20.421133563051804 0.18624454769740292
8 1897 625 20.59618158785751 0.17424855415978527
8 1898 625 20.81784561379973 0.16152615954539074
8 1899 625 21.08465546315615 0.14852874051165063
8 1900 625 21.394922201307494 0.1356327732144343
8 1901 625 21.746785877457846 0.12313156613198313
8 1902 625 22.138263165840268 0.11123739426513696
8 1880 626 23.125109642983393 0.11830154586050526
8 1881 626 22.58208794598062 0.13173869778938868
8 1882 626 22.071037492605623 0.14603994066963558
8 1883 626 21.594228302951763 0.16099716760820898
8 1884 626 21.153975891070758 0.17630145095258912
8 1885 626 20.752606968764255 0.19153361610171019
8 1886 626 20.392417610474794 0.20616649921077249
8 1887 626 20.075624423663697 0.21958451636448348
8 1888 626 19.8043100359493 0.2311244609396054
8 1889 626 19.58036506299109 0.2401371685350018
8 1890 626 19.40542954948439 0.2460632135120238
8 1891 626 19.280837533675804 0.24850905861792527
8 1892 626 19.207568716524264 0.2473062374779795
8 1893 626 19.186211090259622 0.24253804285167932
8 1894 626 19.21693773731916 0.23452623192579203
8 1895 626 19.299499889893546 0.22378151475105226
8 1896 626 19.433236889411933 0.21093121096020778
8 1897 626 19.617102130539074 0.196641581500739
8 1898 626 19.84970266779834 0.1815502270728689
8 1899 626 20.12934912012806 0.166217812102549
8 1900 626 20.454111958234712 0.15110150742423387
8 1901 626 20.82188022249672 0.13654740074279692
8 1902 626 21.230419119744194 0.12279657170370675
8 1880 627 22.30243699688452 0.12774624839787535
8 1881 627 21.738875223893327 0.14304680484958077
8 1882 627 21.2075150831021 0.1595015303590224
8 1883 627 20.710835231829808 0.17690296394432287
8 1884 627 20.25138750802035 0.1949183532125219
8 1885 627 19.83175978071544 0.2130710978528514
8 1886 627 19.45452893287325 0.23073540624578814
8 1887 627 19.1222042662451 0.24715299265166554
8 1888 627 18.837162631351944 0.26147941717010026
8 1889 627 18.60157778254312 0.2728624116581404
8 1890 627 18.41734769178238 0.28054504583135464
8 1891 627 18.28602460897397 0.2839753138742183
8 1892 627 18.20875327967298 0.28289583025903986
8 1893 627 18.18622269741579 0.27738832554671167
8 1894 627 18.218635953330896 0.2678593370529954
8 1895 627 18.305701188427637 0.25497154004700845
8 1896 627 18.44664457292981 0.2395411027707484
8 1897 627 18.640243989819464 0.22242820883306713
8 1898 627 18.88488008963786 0.204444108103575
8 1899 627 19.178599948901386 0.18628780207420303
8 1900 627 19.51918789294268 0.16851454434773902
8 1901 627 19.90423814166219 0.15153074431326335
8 1902 627 20.331224655686626 0.13560666377931413
8 1879 628 22.109877792516254 0.12190094702330748
8 1880 628 21.494806256396064 0.13769483338818642
8 1881 628 20.909488181206232 0.15508096974115018
8 1882 628 20.356490267234257 0.17398363097691105
8 1883 628 19.838515468653465 0.19420977152968183
8 1884 628 19.35837534505421 0.21541335213029533
8 1885 628 18.918950710861385 0.23706339108957633
8 1886 628 18.523139474721944 0.2584257164186076
8 1887 628 18.17379145913153 0.2785716667654365
8 1888 628 17.87363130424263 0.29642724763285533
8 1889 628 17.625172226108937 0.3108705001407045
8 1890 628 17.43062523261864 0.3208714381118284
8 1891 628 17.29181008454585 0.3256503992166921
8 1892 628 17.210075421101482 0.3248151600196565
8 1893 628 17.186235655314437 0.31843519804117154
8 1894 628 17.220531234546776 0.30702828647050123
8 1895 628 17.31261667108704 0.29146400844463427
8 1896 628 17.461577706496072 0.2728157845787615
8 1897 628 17.665975659442093 0.2522043560491992
8 1898 628 17.923914081472283 0.23066876006331466
8 1899 628 18.233120851900264 0.20908334286430474
8 1900 628 18.591038056009676 0.18812174747316232
8 1901 628 18.994912371474626 0.16825764589780273
8 1902 628 19.441879950251717 0.14978829224808146
8 1879 629 21.341853152901304 0.13038839658959278
8 1880 629 20.703977782059255 0.14810296213811366
8 1881 629 20.09563873082921 0.16780774987913027
8 1882 629 19.519597741756947 0.18947685060937924
8 1883 629 18.978795957594432 0.2129519471189601
8 1884 629 18.476327990160886 0.2378919674442928
8 1885 629 18.015401633047276 0.26372225588481923
8 1886 629 17.599281121682278 0.289595747276902
8 1887 629 17.231212841817086 0.3143851123434388
8 1888 629 16.91433403950631 0.33672839294985757
8 1889 629 16.65156737367392 0.3551458854505407
8 1890 629 16.44550686357832 0.36822818200071317
8 1891 629 16.29830346999348 0.37486558984993046
8 1892 629 16.211560566460015 0.37445962688108203
8 1893 629 16.186250214302298 0.36704759316638047
8 1894 629 16.222659954520438 0.3532945991913236
8 1895 629 16.320376711338522 0.33435606844359483
8 1896 629 16.478309864788944 0.3116606325933049
8 1897 629 16.694750552194556 0.28668288461786023
8 1898 629 16.967459915968576 0.26076255275954435
8 1899 629 17.2937762215197 0.23499618019184676
8 1900 629 17.67072992267156 0.21019866405852816
8 1901 629 18.09515670006756 0.18691575419746345
8 1902 629 18.56380068843661 0.16546508853851272
8 1903 629 19.073402842702176 0.1459874719579172
8 1879 630 20.593753810318393 0.13910558027654416
8 1880 630 19.93195163550231 0.15890529745107576
8 1881 630 19.299292629524093 0.18116723133766852
8 1882 630 18.698735144388852 0.20594032766300974
8 1883 630 18.13346894557141 0.23312968850750873
8 1884 630 17.606893422747877 0.26242822521181247
8 1885 630 17.12257854413296 0.2932403080459257
8 1886 630 16.684204985554516 0.32461177089649157
8 1887 630 16.29548084592787 0.35519193311305036
8 1888 630 15.960034335802725 0.38326313498603953
8 1889 630 15.681284896334283 0.4068728993389186
8 1890 630 15.462299182204488 0.4240824219040082
8 1891 630 15.305642619635458 0.43329903641492423
8 1892 630 15.213240811871783 0.43360540943289577
8 1893 630 15.186266690664993 0.4249702626201962
8 1894 630 15.225068012984405 0.40825581871139843
8 1895 630 15.32914531211707 0.3850188379426831
8 1896 630 15.497183486040313 0.3571857772943861
8 1897 630 15.727132478617976 0.32671725007950225
8 1898 630 16.016325920759737 0.2953522220698206
8 1899 630 16.361622657915078 0.26446804125368584
8 1900 630 16.759555364030394 0.23504497913675965
8 1901 630 17.206472503101843 0.2077008461177526
8 1902 630 17.698663678368476 0.18275976641778763
8 1903 630 18.232462697068637 0.16032866799522355
8 1904 630 18.804326523436014 0.14036642710208233
8 1905 630 19.41089116965007 0.12273946562002816
8 1879 631 19.867830681783133 0.1479719112777058
8 1880 631 19.18099830561494 0.17001245237694532
8 1881 631 18.52270757745754 0.19506766187110794
8 1882 631 17.896108403784403 0.22329307389669217
8 1883 631 17.30464376980938 0.2546961785295691
8 1884 631 16.752035577803746 0.2890472890080991
8 1885 631 16.242250336699108 0.32577034304639774
8 1886 631 15.779439026784258 0.36382796358890057
8 1887 631 15.367846173097972 0.4016329396332923
8 1888 631 15.01168531511375 0.4370388642399251
8 1889 631 14.714982025133489 0.4674733846141934
8 1890 631 14.48139136961644 0.49025717844815664
8 1891 631 14.314003493083314 0.503083989896419
8 1892 631 14.21515726258423 0.504537471416008
8 1893 631 14.186285489866648 0.4944516463658522
8 1894 631 14.227814168030198 0.47395518782992474
8 1895 631 14.33913163340098 0.4451786966105366
8 1896 631 14.518632717993816 0.4107578732479687
8 1897 631 14.7638306682243 0.37332888047114215
8 1898 631 15.071519366009525 0.33516334810833825
8 1899 631 15.437962818973235 0.297991170751075
8 1900 631 15.859088750618676 0.2629802450724836
8 1901 631 16.330667347049832 0.23081095338365026
8 1902 631 16.848462719191904 0.20178834952697414
8 1903 631 17.408351329175296 0.17595471177771127
8 1904 631 18.006407081925012 0.15318427677472554
8 1905 631 18.638956408554613 0.1332549208223116
8 1878 632 19.904238141662276 0.13575474506315593
8 1879 632 19.16660366366465 0.15688826718110505
8 1880 632 18.45369057939368 0.18130843712573239
8 1881 632 17.768474779789145 0.20938028330878808
8 1882 632 17.114283391366484 0.24140474418301008
8 1883 632 16.494808152870483 0.2775426185848867
8 1884 632 15.914103681954645 0.3177034285346882
8 1885 632 15.376563205085922 0.3613964996026335
8 1886 632 14.88686320216593 0.4075546101533614
8 1887 632 14.449868373102985 0.4543659967510298
8 1888 632 14.070490254429721 0.499187552807377
8 1889 632 13.753497591522004 0.5386457590051451
8 1890 632 13.503284637450305 0.5690255627975415
8 1891 632 13.323614224376254 0.5869565047396201
8 1892 632 13.217363428460349 0.5902302096680303
8 1893 632 13.186307140363482 0.5784254319736465
8 1894 632 13.23097486960053 0.5530348300535242
8 1895 632 13.350606577979915 0.5170265253764973
8 1896 632 13.54321586625571 0.4740651860200129
8 1897 632 13.805748657715027 0.4277376563273975
8 1898 632 14.134309180147437 0.38102852025832257
8 1899 632 14.524417234436635 0.3361046516646225
8 1900 632 14.97126233822652 0.29433543974845794
8 1901 632 15.469928765188275 0.256437145238057
8 1902 632 16.01557666773193 0.2226520146245881
8 1903 632 16.60357479580826 0.1929114326363573
8 1904 632 17.22958780702542 0.1669634943254638
8 1905 632 17.889625373383282 0.14446337099150788
8 1878 633 19.256341708642463 0.14267456696479736
8 1879 633 18.49288230644437 0.16573680497040252
8 1880 633 17.752934855961225 0.19264902707120557
8 1881 633 17.039562670444415 0.22393496513737868
8 1882 633 16.356243333968916 0.2600865665622091
8 1883 633 15.706899630417281 0.30148179447879336
8 1884 633 15.095916533950575 0.34825333702702843
8 1885 633 14.528134635940093 0.4000956926858317
8 1886 633 14.00880780080882 0.45601025163984393
8 1887 633 13.543511213861855 0.5140199497609121
8 1888 633 13.137986755968422 0.5709441035929356
8 1889 633 12.797917643116849 0.6223991274880833
8 1890 633 12.528635041376269 0.663227685508545
8 1891 633 12.33477587960159 0.6884587687277067
8 1892 633 12.219930278033546 0.6946070057746732
8 1893 633 12.18633234406484 0.6807734985873061
8 1894 633 12.234651445791199 0.6489532032345611
8 1895 633 12.363927207809036 0.6033655348071381
8 1896 633 12.57166241990296 0.5491983875179907
8 1897 633 12.854053679676314 0.4913934561001833
8 1898 633 13.20631273293193 0.4338898828990481
8 1899 633 13.623020810378287 0.3793836027568639
8 1900 633 14.098464313534283 0.3294383497941918
8 1901 633 14.626916831649776 0.28474979242205434
8 1902 633 15.20285157462242 0.2454259548516941
8 1903 633 15.821083907242235 0.21121946734135272
8 1904 633 16.476853340368088 0.18169548052475404
8 1905 633 17.16585844052079 0.15634213911258293
8 1877 634 19.448771066573933 0.1281489133257447
8 1878 634 18.639600210305026 0.149363051947364
8 1879 634 17.849781399221758 0.17438187528990245
8 1880 634 17.081999180423903 0.20386154879902005
8 1881 634 16.339360330196612 0.23851743549291854
8 1882 634 15.625450265512432 0.27908356634709486
8 1883 634 14.944386772296895 0.32623149782555055
8 1884 634 14.300863470434303 0.38042572022762233
8 1885 634 13.700171385789378 0.4416884928764032
8 1886 634 13.148182231776449 0.5092530704955858
8 1887 634 12.651272505167286 0.5811170879197812
8 1888 634 12.216165355789908 0.6535900578971392
8 1889 634 11.849670712724528 0.7210687207348464
8 1890 634 11.55831717855161 0.7764103006739196
8 1891 634 11.347893901513228 0.8122209437477962
8 1892 634 11.22295397834282 0.8229206921634097
8 1893 634 11.186362053858295 0.8067154253364243
8 1894 634 11.238981092608022 0.7662993730882479
8 1895 634 11.379573629974036 0.707812359581119
8 1896 634 11.60494274005694 0.6387483484961219
8 1897 634 11.910276906940497 0.5660039536966988
8 1898 634 12.289617406575355 0.494790355306649
8 1899 634 12.73635332424473 0.4284168946372551
8 1900 634 13.243666259763556 0.3685901118199236
8 1901 634 13.80487942721701 0.31587893587057614
8 1902 634 14.41369820691412 0.27014467636708656
8 1903 634 15.064351828074088 0.23086393911432673
8 1904 634 15.751656928717022 0.19734280392116757
8 1905 634 16.47102595468779 0.16884608202704213
8 1876 635 19.740888936418326 0.11392740123472282
8 1877 635 18.89133917963476 0.13302644256802232
8 1878 635 18.0572062069414 0.15570665583784116
8 1879 635 17.24072782686401 0.18267229889105235
8 1880 635 16.444533924681565 0.21474661025080422
8 1881 635 15.67171643439233 0.252869064493045
8 1882 635 14.925906873620862 0.29806964672514447
8 1883 635 14.211357992816954 0.3514000158104524
8 1884 635 13.533022426642253 0.4137895543830886
8 1885 635 12.896615680092278 0.4857803989376451
8 1886 635 12.308643142117731 0.5670875650543852
8 1887 635 11.776361747161204 0.6559506856146387
8 1888 635 11.307638833991891 0.7483379307645556
8 1889 635 10.910668907083624 0.8372851350044349
8 1890 635 10.593521416413013 0.9129805189091516
8 1891 635 10.36352719878715 0.964353048046487
8 1892 635 10.226568143810555 0.9823239201132815
8 1893 635 10.186397596795478 0.9634007125030217
8 1894 635 10.244154235465246 0.9112562569981839
8 1895 635 10.398206383795253 0.8350710477746515
8 1896 635 10.644373913011522 0.7459186910469373
8 1897 635 10.9764609961499 0.6535485889239795
8 1898 635 11.386952884771231 0.5648440148988576
8 1899 635 11.867716545317371 0.4837670907202816
8 1900 635 12.410588060200835 0.4120295587996929
8 1901 635 13.007793663800152 0.349887305670703
8 1902 635 13.65220480362052 0.296783278459733
8 1903 635 14.337457794183704 0.2517821408503356
8 1904 635 15.057977819083108 0.21383137830244733
8 1905 635 15.808943544715401 0.18190274808994705
8 1876 636 19.243978175003303 0.11735009312676216
8 1877 636 18.371464176815174 0.13749985996650732
8 1878 636 17.5125867877936 0.16158635102053054
8 1879 636 16.66945398025991 0.19044519839392732
8 1880 636 15.844579388548084 0.2250822539574385
8 1881 636 15.040967256130923 0.2666902165512923
8 1882 636 14.262212170627754 0.3166474490205376
8 1883 636 13.512612478717884 0.3764769038801344
8 1884 636 12.797292526155761 0.4477254938066176
8 1885 636 12.12232221977299 0.5316977410952458
8 1886 636 11.49481169919724 0.6289457517411926
8 1887 636 10.922943559315941 0.7384029318604094
8 1888 636 10.415886712133608 0.856119095749644
8 1889 636 9.98352122249466 0.9738448426872104
8 1890 636 9.635906599796467 1.0783428220539097
8 1891 636 9.382467479293544 1.1529872038597762
8 1892 636 9.230963979996933 1.1827460008888446
8 1893 636 9.18644087772847 1.1608370162378685
8 1894 636 9.250443016418211 1.0922983328896378
8 1895 636 9.420758780480494 0.9913042769634587
8 1896 636 9.691784974915619 0.8746418178380743
8 1897 636 10.05538144477871 0.7562589511893525
8 1898 636 10.501937725962758 0.645170365063599
8 1899 636 11.021374505931629 0.5459039847010321
8 1900 636 11.603908651829325 0.4598815292357392
8 1901 636 12.240534955629975 0.3867347465376036
8 1902 636 12.923261817358616 0.3252346213012146
8 1903 636 13.645171160524113 0.27384951898273574
8 1904 636 14.400371384099746 0.23104212581594685
8 1905 636 15.183895942741398 0.19540754481447375
8 1906 636 15.991582035558537 0.16572354211528276
8 1876 637 18.787195000851067 0.12036515455272463
8 1877 637 17.89242007108047 0.14148316824246723
8 1878 637 17.00937082904606 0.16688170534637348
8 1879 637 16.139971995019163 0.19753145135636432
8 1880 637 15.286552783410741 0.23463085948195928
8 1881 637 14.451944367454592 0.2796480781886934
8 1882 637 13.63960028739854 0.33435505614010563
8 1883 637 12.853742490029983 0.4008331329902301
8 1884 637 12.09953288354563 0.4814074103208625
8 1885 637 11.383263855327339 0.5784276120475561
8 1886 637 10.712548529645115 0.6937495685907026
8 1887 637 10.096469481952667 0.8276926951135886
8 1888 637 9.545611347629935 0.9772250641515703
8 1889 637 9.071862873743255 1.1333866551691243
8 1890 637 8.68784760455667 1.2789362206226618
8 1891 637 8.405872709005347 1.3890113911956405
8 1892 637 8.236424952611461 1.4382792987565056
8 1893 637 8.18649473217937 1.4133983903384353
8 1894 637 8.258250177852473 1.321267159679742
8 1895 637 8.448591361878039 1.1846260489278362
8 1896 637 8.749782625871346 1.0296659179490122
8 1897 637 9.150884984524716 0.8765286358332663
8 1898 637 9.639434423242877 0.7367690780034248
8 1899 637 10.202876849202855 0.6151008380794967
8 1900 637 10.829528890953632 0.5120854588527753
8 1901 637 11.509070162267639 0.42623356573437804
8 1902 637 12.232689647007279 0.3552829702066435
8 1903 637 12.993024897998115 0.29686472149813825
8 1904 637 13.78400145095751 0.24880276586341782
8 1905 637 14.60064025993376 0.2092193793332369
8 1906 637 15.438869647742946 0.17654723203095166
8 1907 637 16.295358112051368 0.1495017448454893
8 1908 637 17.167373008122066 0.12704034859324376
8 1876 638 18.373532485616458 0.12291510807192024
8 1877 638 17.457568444660417 0.14489463608705516
8 1878 638 16.551335172728603 0.17147574146066163
8 1879 638 15.656522474674981 0.20376264739067737
8 1880 638 14.77520544696427 0.24314884530008674
8 1881 638 13.909949532618818 0.29138951568042576
8 1882 638 13.063946417526456 0.3506813310466631
8 1883 638 12.241188504389683 0.42373504933127404
8 1884 638 11.446689303025655 0.5138033541335748
8 1885 638 10.686753295552482 0.6245779668954855
8 1886 638 9.969287637539688 0.7597746894854596
8 1887 638 9.30412252713825 0.9220587311780977
8 1888 638 8.703257780854324 1.110747400758829
8 1889 638 8.180873791961416 1.3177130330437814
8 1890 638 7.75285083050106 1.521969881884495
8 1891 638 7.435502404007467 1.6869996409312216
8 1892 638 7.243389814168547 1.7694400612441938
8 1893 638 7.186563573781317 1.742384622423761
8 1894 638 7.268197575740517 1.6150696298478762
8 1895 638 7.48376215549373 1.4257205815453216
8 1896 638 7.822192531509309 1.216533150416143
8 1897 638 8.268415567688882 1.0166866787517561
8 1898 638 8.806060186030964 0.8403018363758904
8 1899 638 9.419484911607404 0.6912815005225286
8 1900 638 10.094884645205182 0.5683022047699364
8 1901 638 10.820660608299255 0.4679959858935552
8 1902 638 11.587350689437125 0.38657583556855585
8 1903 638 12.387360332209557 0.3205351268325692
8 1904 638 13.214639457813394 0.2668807150936904
8 1905 638 14.064376843642897 0.22315740573357756
8 1906 638 14.93273906555654 0.18739157909498616
8 1907 638 15.816658812783382 0.15801225710182104
8 1908 638 16.71366793974315 0.1337738711635293
8 1876 639 18.005962790142693 0.12494900241700292
8 1877 639 17.070286933733804 0.14766034130048283
8 1878 639 16.142326226414916 0.17526030727218708
8 1879 639 15.223491583733434 0.20897920846801793
8 1880 639 14.315540367027804 0.25039883009635566
8 1881 639 13.420681651838791 0.30155888791163526
8 1882 639 12.5417182235929 0.3650908213522204
8 1883 639 11.682238484126323 0.4443758692983264
8 1884 639 10.846874941659552 0.5437061651225148
8 1885 639 10.041648071905415 0.6683806950020728
8 1886 639 9.274410816866027 0.8245558158841307
8 1887 639 8.55538988006984 1.0184212963481192
8 1888 639 7.897765253538576 1.2537889756369147
8 1889 639 7.318107405607073 1.5265167667238595
8 1890 639 6.836277934665977 1.8144019286701203
8 1891 639 6.474156006770362 2.0661740663146655
8 1892 639 6.2525751494884565 2.206976977940498
8 1893 639 6.1866546695286315 2.180602427772632
8 1894 639 6.281297318229751 1.9984202769145498
8 1895 639 6.529524944435092 1.7285085977080372
8 1896 639 6.914817134241508 1.4412682345659278
8 1897 639 7.415840882866876 1.178524201055083
8 1898 639 8.010911059299037 0.9557394362187125
8 1899 639 8.680708266034486 0.7738097881269336
8 1900 639 9.409287752003298 0.6278014019581949
8 1901 639 10.18404124107906 0.5113778503198413
8 1902 639 10.99521241268212 0.4185973643118999
8 1903 639 11.8353156273924 0.34446508002636667
8 1904 639 12.698610002673467 0.2849784547027251
8 1905 639 13.580673620995332 0.23699967082987472
8 1906 639 14.478076391565224 0.19809124693221034
8 1907 639 15.38813490972828 0.16636422262795045
8 1908 639 16.308730667958127 0.14035270680818615
8 1876 640 17.687359780363014 0.1264246432134158
8 1877 640 16.733878689652407 0.14971766078825643
8 1878 640 15.78615520004801 0.17814157523465804
8 1879 640 14.845292048323019 0.21303909995374776
8 1880 640 13.912681121911854 0.2561634547042035
8 1881 640 12.99009992263348 0.3098198720842268
8 1882 640 12.079846687768937 0.3770576435397271
8 1883 640 11.184931649321868 0.46192617579922474
8 1884 640 10.309349931009319 0.5698019234894377
8 1885 640 9.458472181066119 0.7077633163017607
8 1886 640 8.639600453724785 0.8848950233167523
8 1887 640 7.862740997896429 1.1121298291812975
8 1888 640 7.141617183803762 1.4005239980958775
8 1889 640 6.494820705762478 1.7552518438133464
8 1890 640 5.946654185338243 2.1602173399621623
8 1891 640 5.526544670949533 2.5506218586187686
8 1892 640 5.265234657638776 2.7984794990559743
8 1893 640 5.186780889916245 2.781138911836007
8 1894 640 5.299310898598061 2.5083304604056513
8 1895 640 5.591305393197551 2.110503313801351
8 1896 640 6.036778611146831 1.7093938136096927
8 1897 640 6.6047479891362775 1.3624082397960415
8 1898 640 7.266546359860339 1.081835330362048
8 1899 640 7.998918426887436 0.8612247282636917
8 1900 640 8.784229960559959 0.6893402335439803
8 1901 640 9.609510705545786 0.5554272180925656
8 1902 640 10.465309168868298 0.45064868586685425
8 1903 640 11.344721063120007 0.368149910825672
8 1904 640 12.242658861538148 0.30273303825412917
8 1905 640 13.15532956637721 0.25048454861688274
8 1906 640 14.079868465294632 0.20845657071523144
8 1907 640 15.014083255397184 0.1744191202094294
8 1908 640 15.956274502527146 0.14667484901971292
8 1876 641 17.42041032811808 0.12731054634097197
8 1877 641 16.45146485879002 0.1510184297479729
8 1878 641 15.48646815771765 0.18004520751887387
8 1879 641 14.526207213171736 0.21582636632455066
8 1880 641 13.57168729377458 0.26025962408729186
8 1881 641 12.624210708000808 0.3158793918753082
8 1882 641 11.685490832652349 0.38610573828842293
8 1883 641 10.757820225305958 0.47560097272125723
8 1884 641 9.844323034114726 0.5907779926794031
8 1885 641 8.949340534363502 0.7405085181862306
8 1886 641 8.079028159376685 0.9370446129824784
8 1887 641 7.2422852746906665 1.1969840019385651
8 1888 641 6.452185366215163 1.5414203524503276
8 1889 641 5.728062150500895 1.9921412522359534
8 1890 641 5.098107099698944 2.5543460306430004
8 1891 641 4.601162461813385 3.1659828579328053
8 1892 641 4.2837712357221465 3.6199640747567696
8 1893 641 4.1869673989655425 3.635720334409638
8 1894 641 4.325586203048105 3.201328129877229
8 1895 641 4.678749405556998 2.5916492429864255
8 1896 641 5.202950701284781 2.0235281551848714
8 1897 641 5.85240941835067 1.5657851515876848
8 1898 641 6.590196962155188 1.2154235323812896
8 1899 641 7.389905006155309 0.9509533469844691
8 1900 641 8.233510551399029 0.751058281512275
8 1901 641 9.10882517122812 0.5988521545201707
8 1902 641 10.00753196347625 0.48184267684955107
8 1903 641 10.923859025088097 0.3909794512804932
8 1904 641 11.853720766071659 0.31972155045024897
8 1905 641 12.794166483206256 0.2633158336653017
8 1906 641 13.743023539236123 0.21827768166181144
8 1907 641 14.698663068456192 0.18202648908769237
8 1908 641 15.659843421950228 0.15263117179608243
8 1877 642 16.22586503086978 0.1515314935767741
8 1878 642 15.246596210302242 0.1809206979583898
8 1879 642 14.27020308194675 0.21725862041322733
8 1880 642 13.297319128305613 0.2625516157942589
8 1881 642 12.32877512164133 0.31951090374056074
8 1882 642 11.365680621942621 0.39185080076790296
8 1883 642 10.409548309124744 0.4847359054484171
8 1884 642 9.462488890350238 0.6054615491015578
8 1885 642 8.527525784188606 0.7645004177256843
8 1886 642 7.609119265723291 0.9771128187677225
8 1887 642 6.714067023794236 1.265755651560957
8 1888 642 5.853092857626729 1.6632876766596276
8 1889 642 5.043678816102475 2.2152782477572783
8 1890 642 4.314938701766307 2.9714562978006307
8 1891 642 3.7146596075549825 3.9238971035684274
8 1892 642 3.3134115349591537 4.794638919256527
8 1893 642 3.1872709329456463 4.918122769443889
8 1894 642 3.3672980266082844 4.163497366509279
8 1895 642 3.8103406671844824 3.188046870788218
8 1896 642 4.438321304277071 2.378362606881298
8 1897 642 5.184466799970808 1.7809850153638909
8 1898 642 6.004889341195173 1.3506461074849938
8 1899 642 6.873041248239328 1.0390815512925657
8 1900 642 7.772946416900034 0.8104306693931068
8 1901 642 8.694751060266125 0.6400273603069118
8 1902 642 9.632169849000729 0.5111218573996246
8 1903 642 10.581053633736035 0.41225482913150585
8 1904 642 11.538574262013414 0.3354741248615352
8 1905 642 12.50274753804132 0.2751721609595076
8 1906 642 13.472145189241322 0.22733113647339512
8 1907 642 14.445715489376008 0.1890285487209665
8 1908 642 15.422668251635246 0.15810864574331152
8 1876 643 17.050709545353325 0.12724929928248155
8 1877 643 16.05947371491366 0.15124441368279606
8 1878 643 15.069396006476259 0.18074444428853356
8 1879 643 14.080720720190513 0.2172926391972223
8 1880 643 13.093765539370342 0.26296142577391857
8 1881 643 12.1089510693537 0.3205738737837804
8 1882 643 11.126845734528809 0.39403770517331893
8 1883 643 10.148236102890086 0.48886074036804417
8 1884 643 9.17424089502786 0.6129668028345491
8 1885 643 8.206503274842547 0.7780235753282061
8 1886 643 7.247530337984194 1.0016679017787815
8 1887 643 6.301324940042461 1.3113409557825195
8 1888 643 5.374634499200942 1.7510149412863836
8 1889 643 4.4795865880682335 2.392695020226869
8 1890 643 3.6396010770413603 3.3519416068603882
8 1891 643 2.9028771934066495 4.772767907730969
8 1892 643 2.3678462787943615 6.5056273192153995
8 1893 643 2.1878519145500093 7.007320207526559
8 1894 643 2.4426821324110053 5.512952707414768
8 1895 643 3.0243505087869385 3.8913306052064116
8 1896 643 3.7850622187752276 2.7519480246439856
8 1897 643 4.637531239786907 1.992742816238766
8 1898 643 5.539557383040573 1.4784251042467615
8 1899 643 6.470447897943322 1.120326041586857
8 1900 643 7.419346062827842 0.8643363161409593
8 1901 643 8.380136991720292 0.6770611437579319
8 1902 643 9.349154828111399 0.5373073314944569
8 1903 643 10.32408330070997 0.4312213406085009
8 1904 643 11.303393118882415 0.349495434671336
8 1905 643 12.286036627000515 0.2857209867428202
8 1906 643 13.271273337551225 0.2353890577808744
8 1907 643 14.258565706269263 0.19526623205035365
8 1908 643 15.247514420389892 0.16299436703376002
8 1876 644 16.951539635089283 0.12630348891145252
8 1877 644 15.954143537025193 0.1501641604539732
8 1878 644 14.957095172526065 0.1795212171277369
8 1879 644 13.960469046561522 0.21592738868578953
8 1880 644 12.964362537356097 0.2614749499613004
8 1881 644 11.968905380192545 0.3190264849182046
8 1882 644 10.974274281245291 0.39256703843568735
8 1883 644 9.98071620676601 0.4877560803446019
8 1884 644 8.988586985728153 0.6128198592703307
8 1885 644 7.998418343647785 0.7800472556287487
8 1886 644 7.01104100686918 1.0084070118097235
8 1887 644 6.027826805740279 1.3283676142108853
8 1888 644 5.051207380419149 1.7913378915867402
8 1889 644 4.085914340756635 2.4895655542407296
8 1890 644 3.1424029022390747 3.601548445723506
8 1891 644 2.248265108922966 5.498664260276514
8 1892 644 1.49488996250568 8.82672840228262
8 1893 644 1.1894099377422696 10.964142870785045
8 1894 644 1.610806009425066 7.310446320844437
8 1895 644 2.4030597162783414 4.618354252220107
8 1896 644 3.309787908612813 3.0953828552492206
8 1897 644 4.258485176679545 2.1770219481068147
8 1898 644 5.22634633372103 1.5867573298210556
8 1899 644 6.204409399773607 1.1883899217580591
8 1900 644 7.188511389710594 0.9092960208775815
8 1901 644 8.176472099872827 0.7079382211958054
8 1902 644 9.167044016475463 0.55918254951024
8 1903 644 10.159463371654944 0.4471178651980444
8 1904 644 11.15323701891062 0.3612943160912208
8 1905 644 12.148032597914698 0.2946367006852298
8 1906 644 13.143618071139999 0.24223043781612033
8 1907 644 14.139826590167143 0.20058638321605285
8 1908 644 15.13653513853146 0.16718022906488644
8 1876 645 16.91102291406415 0.12477055354078856
8 1877 645 15.911087203582369 0.14831672409670363
8 1878 645 14.911160115832788 0.1772838613642578
8 1879 645 13.91124351019715 0.21320409702474746
8 1880 645 12.911339822032497 0.2581431200526372
8 1881 645 11.911452304400248 0.314929508510397
8 1882 645 10.911585402681032 0.38750579482183334
8 1883 645 9.91174535588973 0.4814811159361417
8 1884 645 8.911941202678655 0.6050301356817347
8 1885 645 7.912186549873638 0.7704131765480156
8 1886 645 6.912502875225525 0.9966707541446669
8 1887 645 5.912926179143536 1.3146866226710785
8 1888 645 4.913521751249385 1.777436251434296
8 1889 645 3.9144215409177194 2.4828867200754643
8 1890 645 2.9159382709516484 3.632797866578433
8 1891 645 1.919035174247811 5.71976357326466
8 1892 645 0.9288142979089857 10.407839862185591
8 1893 645 0.20663010429266704 22.241079673566254
8 1894 645 1.105755850086191 8.976228053624334
8 1895 645 2.0982602317157113 5.147151016171014
8 1896 645 3.095592996503175 3.332583685015795
8 1897 645 4.094227155398116 2.3040856987895815
8 1898 645 5.093397294537231 1.6624764657106987
8 1899 645 6.0928397320132275 1.2368310073828015
8 1900 645 7.092439354693056 0.9418994796837187
8 1901 645 8.092137912813813 0.7307364461008483
8 1902 645 9.09190277114744 0.5756076927624411
8 1903 645 10.091714225046127 0.45923962752791514
8 1904 645 11.091559673914134 0.3704194741788121
8 1905 645 12.091430684579805 0.30162161811072197
8 1906 645 13.091321400072564 0.24765385091019465
8 1907 645 14.09122762572508 0.20484966338582902
8 1908 645 15.091146278530255 0.17056795794656449
8 1876 646 16.92958050277687 0.12268312221149659
8 1877 646 15.930809646719233 0.145745682363265
8 1878 646 14.932203320340987 0.1740912636016606
8 1879 646 13.933796898189748 0.20920336649118523
8 1880 646 12.935636667748598 0.25307782808702
8 1881 646 11.93778438404723 0.3084406914443109
8 1882 646 10.94032430963551 0.37908014717874994
8 1883 646 9.943374477510217 0.470366058861487
8 1884 646 8.947105453720852 0.5900889113798979
8 1885 646 7.951773135596943 0.7498654313337746
8 1886 646 6.957779530856167 0.9675997964388595
8 1887 646 5.9657938281506935 1.2720309361319206
8 1888 646 4.977016777146803 1.7117145798275242
8 1889 646 3.9938322448496235 2.374340691864929
8 1890 646 3.021704154943104 3.433134142099673
8 1891 646 2.0762215681377203 5.275064718419813
8 1892 646 1.2209406209968163 8.884353479926162
8 1893 646 0.8189603164988689 13.856338806120512
8 1894 646 1.360402881502301 8.720895107238098
8 1895 646 2.242921309364107 5.195523756293287
8 1896 646 3.1954179695306584 3.389508204103202
8 1897 646 4.170215342161514 2.347902762335826
8 1898 646 5.15467709948927 1.694569861726532
8 1899 646 6.144159503137833 1.2603626953818405
8 1900 646 7.136574528441414 0.9593658161798988
8 1901 646 8.13084841821557 0.7438882435534813
8 1902 646 9.126373650032003 0.5856499568222907
8 1903 646 10.122781040800907 0.4670068389590344
8 1904 646 11.119833451990102 0.37649739514331104
8 1905 646 12.117371662204555 0.3064277830462368
8 1906 646 13.115284823441609 0.25149043770152546
8 1907 646 14.11349340170596 0.20793852210793307
8 1908 646 15.111938856414072 0.17307413901815213
8 1876 647 17.00701902156879 0.12008435645205283
8 1877 647 16.013078904445656 0.14250986636401944
8 1878 647 15.019943275525454 0.1700248113607095
8 1879 647 14.027783003739478 0.20403968847017487
8 1880 647 13.036820778088575 0.24644322840150285
8 1881 647 12.047352240222821 0.2998005966556184
8 1882 647 11.059778297958854 0.3676517090736887
8 1883 647 10.074656123163782 0.45497101369890997
8 1884 647 9.092782632395945 0.5688954166573366
8 1885 647 8.115337084804374 0.7199123379373276
8 1886 647 7.144137176734571 0.9238665305112532
8 1887 647 6.18212714201195 1.205481631992539
8 1888 647 5.234376371641676 1.6047911241143316
8 1889 647 4.3103011495718615 2.18927739566933
8 1890 647 3.429095507564691 3.0765559837206027
8 1891 647 2.634140467021488 4.466282545102858
8 1892 647 2.029457070253032 6.5542804760819795
8 1893 647 1.816231262807646 8.277208214275817
8 1894 647 2.116292985387348 6.903057008830203
8 1895 647 2.767434913417031 4.731753423969146
8 1896 647 3.5831126133571862 3.24544322037621
8 1897 647 4.474225743075466 2.298352388259527
8 1898 647 5.403581775082065 1.6778886762978173
8 1899 647 6.354423341263853 1.2561946965903399
8 1900 647 7.318380695208381 0.9600941221729951
8 1901 647 8.290880291018471 0.7464299359059545
8 1902 647 9.269233841046324 0.5887055399349926
8 1903 647 10.251765506487075 0.47002823424978823
8 1904 647 11.237379409808947 0.37926719113334373
8 1905 647 12.225330097792774 0.3088769234205346
8 1906 647 13.215093491912864 0.25361576235119065
8 1907 647 14.20629071925524 0.2097644701694704
8 1908 647 15.198641255059526 0.17463480294529016
8 1876 648 17.142540535171634 0.11702596186617122
8 1877 648 16.156939561686873 0.13868034611296054
8 1878 648 15.173222993154825 0.1651837226176371
8 1879 648 14.191782692812136 0.1978540271336866
8 1880 648 13.213125898136365 0.23844362646524203
8 1881 648 12.237920411573274 0.28931217700555495
8 1882 648 11.267062438808155 0.3536817680673033
8 1883 648 10.301781205209195 0.43602051766555056
8 1884 648 9.34380522057268 0.5426305163333741
8 1885 648 8.395635532823057 0.6825664522309571
8 1886 648 7.461011727641295 0.8690952075024174
8 1887 648 6.5457387665565125 1.1220346576703712
8 1888 648 5.659213372899153 1.4714398514910925
8 1889 648 4.817332872036189 1.9628607208426798
8 1890 648 4.048048418682795 2.6615769755258745
8 1891 648 3.400984563328701 3.636374047866207
8 1892 648 2.957481360888002 4.828206538644481
8 1893 648 2.81543886454666 5.635347788361382
8 1894 648 3.01773027290373 5.190218155380739
8 1895 648 3.505238365646402 4.01876258334028
8 1896 648 4.1793176476548535 2.9505447175572734
8 1897 648 4.964543886400757 2.1668349097428306
8 1898 648 5.816072214132057 1.6151458784660548
8 1899 648 6.708703004307077 1.224832091454912
8 1900 648 7.628020450942606 0.9440159213336613
8 1901 648 8.565436124331233 0.738170174680204
8 1902 648 9.515602765983788 0.5845855898000828
8 1903 648 10.475051121593543 0.4681473793706757
8 1904 648 11.441446412058136 0.3786067166306103
8 1905 648 12.413166235896377 0.30887576327809263
8 1906 648 13.389051348023044 0.2539590951497286
8 1907 648 14.36825306013217 0.2102738726753977
8 1908 648 15.350136676915856 0.17520913429171636
8 1877 649 16.3607669746868 0.1343370053651131
8 1878 649 15.390084340249802 0.15967971447514845
8 1879 649 14.423407919073842 0.1908053139442577
8 1880 649 13.461600796339262 0.22930952416740338
8 1881 649 12.505786500656473 0.2773171346099405
8 1882 649 11.557451968319034 0.33768972476170717
8 1883 649 10.618601414499055 0.4143272436305082
8 1884 649 9.691991333054379 0.5126092879808422
8 1885 649 8.781497366622677 0.6400416832054704
8 1886 649 7.892698904684054 0.8071913429044576
8 1887 649 7.033825132884717 1.02897216305695
8 1888 649 6.217290084916461 1.3261468814571278
8 1889 649 5.462114608830573 1.7260189231733958
8 1890 649 4.797363442558861 2.257940185193974
8 1891 649 4.265524117854691 2.9286439664520416
8 1892 649 3.9210580204837417 3.6431356217484376
8 1893 649 3.815061729513654 4.0908147640289405
8 1894 649 3.966698375223348 3.9327160701459722
8 1895 649 4.349102896000437 3.302293528225307
8 1896 649 4.908634840767769 2.585644009458335
8 1897 649 5.592378384909149 1.9799847740650292
8 1898 649 6.360400616313322 1.5158434213794392
8 1899 649 7.1857286338964075 1.1699261816695976
8 1900 649 8.050757479889613 0.9126108043233835
8 1901 649 8.943975402470558 0.7197247133378546
8 1902 649 9.857722657896105 0.5735441773014763
8 1903 649 10.786783394506356 0.46146193672970615
8 1904 649 11.727518748652587 0.37454528418320965
8 1905 649 12.67733000280413 0.3064243471942046
8 1906 649 13.634320518456269 0.25250888922765796
8 1907 649 14.597078337804364 0.20945158985866136
8 1908 649 15.564533272796755 0.1747819224059938
8 1877 650 16.622355308439364 0.12956498661587812
8 1878 650 15.667887413432677 0.15363149849375857
8 1879 650 14.719466566421554 0.18306172619295363
8 1880 650 13.778341554773629 0.21928344207974634
8 1881 650 12.846115988889467 0.2641721972276988
8 1882 650 11.924877190143363 0.3202120775448608
8 1883 650 11.017381540093876 0.3907184132308812
8 1884 650 10.127324227060232 0.48014333017940747
8 1885 650 9.259735201397552 0.594483148891613
8 1886 650 8.421561375422066 0.7417832739301762
8 1887 650 7.622512446693716 0.9326443095044313
8 1888 650 6.876241415191911 1.1803391119057998
8 1889 650 6.2018300524925944 1.4993016788947118
8 1890 650 5.625184085876669 1.898586727352613
8 1891 650 5.179063235759916 2.3629286912448664
8 1892 650 4.899254637187152 2.8149300080348523
8 1893 650 4.814841222719566 3.0905970282934963
8 1894 650 4.935858182727648 3.0362477068776443
8 1895 650 5.248113565844332 2.685696364921627
8 1896 650 5.720375512149456 2.216183164812727
8 1897 650 6.31685807977344 1.767393154952956
8 1898 650 7.0059043670320555 1.3928747584644703
8 1899 650 7.762905126304112 1.0972559437875051
8 1900 650 8.569871410937186 0.8685787915963477
8 1901 650 9.413962821256431 0.6924060710804077
8 1902 650 10.28604374869163 0.5562407820363704
8 1903 650 11.179566002309661 0.450311588097685
8 1904 650 12.089776507446192 0.3672605848434726
8 1905 650 13.013173940280584 0.30161603624626454
8 1906 650 13.947139348267713 0.2493136882397303
8 1907 650 14.889684214247035 0.2073220222088316
8 1908 650 15.839277003701817 0.17336449139073193
8 1877 651 16.93902877971468 0.12445126466849207
8 1878 651 16.00345887613056 0.14715954372145623
8 1879 651 15.076163172372533 0.17479252313659133
8 1880 651 14.158767460481922 0.20860691687515734
8 1881 651 13.253327733063932 0.2502279236873221
8 1882 651 12.362471273980837 0.30176701167230185
8 1883 651 11.489590767298948 0.36597510399408023
8 1884 651 10.639111617047782 0.4464341378281864
8 1885 651 9.816857745735184 0.5477761520343823
8 1886 651 9.03054239788512 0.6758787755010729
8 1887 651 8.290397819164081 0.8378805376780772
8 1888 651 7.609907752397554 1.041603415915778
8 1889 651 7.006475290757845 1.2934082360077015
8 1890 651 6.501591805088971 1.592526070953028
8 1891 651 6.1196973781388815 1.9192902782108334
8 1892 651 5.884785127768025 2.21899505195291
8 1893 651 5.814696552701575 2.4010863955317796
8 1894 651 5.915293399316674 2.3878603242166805
8 1895 651 6.178243763400668 2.1855893209660175
8 1896 651 6.584124543171938 1.8780019097507328
8 1897 651 7.10849463670044 1.5525761531180702
8 1898 651 7.7272696342239 1.258889319317493
8 1899 651 8.419661275847064 1.013341430130131
8 1900 651 9.16900736175942 0.8152993528395974
8 1901 651 9.962464353762993 0.6580037775637722
8 1902 651 10.790305649053604 0.5336473270236854
8 1903 651 11.645200556452343 0.43523732495582523
8 1904 651 12.521609161765024 0.35706040012880896
8 1905 651 13.41531572494653 0.29462917620074025
8 1906 651 14.323082629098998 0.24447833604624428
8 1907 651 15.242397974072102 0.20394742982164155
8 1908 651 16.171292341677493 0.17099400690205663
8 1877 652 17.307764038142018 0.11908155908419549
8 1878 652 16.393251538361813 0.14038145438815655
8 1879 652 15.489309087238261 0.16616102284315276
8 1880 652 14.597900396974959 0.1975096714270129
8 1881 652 13.721468434537226 0.2358117706289629
8 1882 652 12.863074904547563 0.2828276250435281
8 1883 652 12.026582889582608 0.34078971003357655
8 1884 652 11.216893331043181 0.412506177838885
8 1885 652 10.440244058450014 0.50144566212032
8 1886 652 9.704570881806195 0.6117363666985955
8 1887 652 9.0199055427427 0.7479243071928743
8 1888 652 8.398731809029286 0.9141618055792615
8 1889 652 7.856124744427125 1.1122085331935012
8 1890 652 7.409365424920004 1.337347205600211
8 1891 652 7.076630271534597 1.5717937088033058
8 1892 652 6.874496054257335 1.7784408901126014
8 1893 652 6.814594338623503 1.9049097960622294
8 1894 652 6.900630116156012 1.9085445245901056
8 1895 652 7.127320394089154 1.7879906407668165
8 1896 652 7.481891204768953 1.5843330882184727
8 1897 652 7.947244553931812 1.3502618874357286
8 1898 652 8.505215811488776 1.1239923554709845
8 1899 652 9.138856383596282 0.9242448116557982
8 1900 652 9.83354951174795 0.7562650097020523
8 1901 652 10.577272616322139 0.6185202494399888
8 1902 652 11.360400345058181 0.5069231837881313
8 1903 652 12.175331453393698 0.4169208770210822
8 1904 652 13.016093730455298 0.3443524988377078
8 1905 652 13.877993226687984 0.28571177971073325
8 1906 652 14.757326858208344 0.23815602229962485
8 1907 652 15.65115637900271 0.19942373457214868
8 1908 652 16.55713429310752 0.1677312361197621
8 1878 653 16.833499220304788 0.1334081906017672
8 1879 653 15.954519610442732 0.15731907195545672
8 1880 653 15.090616157069318 0.1862014911337894
8 1881 653 14.24453214394918 0.22121618817396538
8 1882 653 13.41963844520415 0.2638047444094499
8 1883 653 12.620090966391688 0.3157421727471715
8 1884 653 11.851020884295197 0.37917758003111685
8 1885 653 11.11875424676707 0.45663241226218665
8 1886 653 10.431044818233723 0.5508921280716299
8 1887 653 9.79728003070242 0.664665850320944
8 1888 653 9.228580389203978 0.7997910527525346
8 1889 653 8.737659640887832 0.9556507998267945
8 1890 653 8.338266966222653 1.1264991494390468
8 1891 653 8.044047240040287 1.2980013032028461
8 1892 653 7.866809772709621 1.4451630538044045
8 1893 653 7.814518283298045 1.5363665521206533
8 1894 653 7.889657533758944 1.5466531176959628
8 1895 653 8.088677024087382 1.4729318455188123
8 1896 653 8.40277906409534 1.3361096357077211
8 1897 653 8.819676638063257 1.16772486738724
8 1898 653 9.3255936004095 0.9950404024221637
8 1899 653 9.906901432839556 0.8348587034659413
8 1900 653 10.55114666754274 0.694639459894006
8 1901 653 11.247519548771548 0.5759276491100271
8 1902 653 11.986938558280757 0.47728591201061615
8 1903 653 12.761923679445736 0.39611618828052464
8 1904 653 13.566381094455428 0.3296079390311843
8 1905 653 14.39537064475929 0.2751615680422176
8 1906 653 15.244890816270129 0.2305372430441333
8 1907 653 16.111694386376534 0.1938743118539007
8 1908 653 16.99313673222213 0.16365700264644392
8 1879 654 16.46738279144569 0.14840313572032002
8 1880 654 15.631848771018785 0.17486691220149764
8 1881 654 14.816703277045178 0.20669168156745582
8 1882 654 14.025501630957844 0.24503864835869082
8 1883 654 13.26252977376492 0.29129235810484994
8 1884 654 12.532944426590298 0.34706010275915805
8 1885 654 11.842917545942834 0.4141208351747396
8 1886 654 11.199763211782672 0.49427097974639606
8 1887 654 10.612007161701332 0.5889777768287043
8 1888 654 10.089335756133808 0.6987067639115643
8 1889 654 9.642338720455738 0.8217739589746915
8 1890 654 9.28195539743646 0.9526930607848355
8 1891 654 9.018575053743229 1.0804527535524708
8 1892 654 8.860851877782379 1.1881043908775049
8 1893 654 8.814459484279189 1.255828376279405
8 1894 654 8.88114271926756 1.268260840908547
8 1895 654 9.058404716063366 1.222323142307666
8 1896 654 9.339951605870283 1.128987740584994
8 1897 654 9.716722492692622 1.007277982127064
8 1898 654 10.178147965126 0.8759797867609775
8 1899 654 10.713295291365695 0.7486831649541633
8 1900 654 11.31170614894138 0.6330032813034262
8 1901 654 11.963891340195214 0.5319887345900254
8 1902 654 12.661543981679243 0.4459007727763498
8 1903 654 13.397563061989956 0.3735844592337957
8 1904 654 14.165969645597775 0.3133234384162173
8 1905 654 14.961774493688822 0.2633041676015872
8 1906 654 15.780833184594444 0.22183707356681823
8 1907 654 16.619708060011074 0.1874424815464572
8 1908 654 17.4755456567169 0.15886770280895512
8 1879 655 17.023592335344546 0.13953194993045928
8 1880 655 16.216741226276056 0.16366249938084715
8 1881 655 15.432520727347208 0.19244419819656544
8 1882 655 14.674559482314999 0.2267980235182463
8 1883 655 13.947139348267834 0.2677843924151353
8 1884 655 13.255289359346357 0.3165781363116185
8 1885 655 12.604867948534826 0.37439436868424314
8 1886 655 12.002612049050008 0.4423262936800908
8 1887 655 11.456120460260543 0.5210372843425292
8 1888 655 10.973727534434236 0.6102367751508584
8 1889 655 10.564217718316863 0.707891846474559
8 1890 655 10.236341924730718 0.809246075181764
8 1891 655 9.998134626018976 0.9060135575471665
8 1892 655 9.856099431316602 0.9865580014662213
8 1893 655 9.81441266709319 1.0380389365361145
8 1894 655 9.874345345388681 1.050600659065653
8 1895 655 10.034076738793607 1.0216323168870338
8 1896 655 10.288959908562127 0.9570315074555851
8 1897 655 10.632153873980503 0.8684282421608802
8 1898 655 11.05543739523672 0.7685879602348364
8 1899 655 11.550008484845295 0.6679318890959853
8 1900 655 12.107134095234848 0.5732730675322676
8 1901 655 12.718596463446662 0.4881555376829015
8 1902 655 13.37694643780851 0.4138021254556706
8 1903 655 14.075606416776424 0.35004117263966456
8 1904 655 14.808872205539403 0.2959876403584062
8 1905 655 15.571855894529634 0.25047211956352317
8 1906 655 16.360400239602853 0.21228220003467071
8 1907 655 17.170984130212133 0.18028348636325062
8 1908 655 18.000630433404183 0.15347031609995612
8 1879 656 17.619043560874736 0.13080554644077597
8 1880 656 16.840745114156956 0.15271628565802545
8 1881 656 16.086972866266702 0.1786358964660461
8 1882 656 15.361337702166468 0.20928410504368108
8 1883 656 14.668016089437618 0.24545856713926628
8 1884 656 14.011805593855513 0.287997526426966
8 1885 656 13.398160172202768 0.3376995422183688
8 1886 656 12.833187289212308 0.3951736760046508
8 1887 656 12.323582920563329 0.46058623929119996
8 1888 656 11.876476581882356 0.5332728146450967
8 1889 656 11.499160665022464 0.6112161959981159
8 1890 656 11.198691709302462 0.6904828371954748
8 1891 656 10.981379512611316 0.7648826824464678
8 1892 656 10.852220786548687 0.8263097647946693
8 1893 656 10.814374508033241 0.866202272408331
8 1894 656 10.868794597378269 0.8780183828417891
8 1895 656 11.014113491334601 0.8596647167607834
8 1896 656 11.246808258345952 0.8143618693634986
8 1897 656 11.56160438693517 0.7493300657270092
8 1898 656 11.952016398917731 0.6732174473492523
8 1899 656 12.410910361452064 0.5937906658125753
8 1900 656 12.930997486659646 0.516740799326681
8 1901 656 13.505209957642194 0.445537030071595
8 1902 656 14.126949281426537 0.3818494998640699
8 1903 656 14.790222986824693 0.32611928167217274
8 1904 656 15.489696446347727 0.2780544687179893
8 1905 656 16.22068728506894 0.23698677113710107
8 1906 656 16.979125301381018 0.20209896663909438
8 1907 656 17.76149475691719 0.1725567011108065
8 1908 656 18.56477029214196 0.14757734571382242
8 1879 657 18.249895780524376 0.12230539149995538
8 1880 657 17.499677025591108 0.1421288569230183
8 1881 657 16.775538620264957 0.1653882806845817
8 1882 657 16.081004197499638 0.19263802755929568
8 1883 657 15.420074448588139 0.22446705271677697
8 1884 657 14.797252988308358 0.2614573326966362
8 1885 657 14.21754887454235 0.30410725435577746
8 1886 657 13.686442050438101 0.3527030730397053
8 1887 657 13.209795456402803 0.40712061775705866
8 1888 657 12.79369751088402 0.4665479376517353
8 1889 657 12.444223398830472 0.5291488208587011
8 1890 657 12.167115352457198 0.5917498049744393
8 1891 657 11.96740138877273 0.6497276128769727
8 1892 657 11.848995569245492 0.6973502243226415
8 1893 657 11.814342808637269 0.7287631954736978
8 1894 657 11.864177004748328 0.7394978711086868
8 1895 657 11.997445394749619 0.7279117232813292
8 1896 657 12.211416625436978 0.6957750113236671
8 1897 657 12.501947688260358 0.6476397509645365
8 1898 657 12.863852300147041 0.5893816050929114
8 1899 657 13.291301516405314 0.526703719464359
8 1900 657 13.778196398658208 0.4641759168948159
8 1901 657 14.31847394103149 0.4049158365510147
8 1902 657 14.906330735630338 0.35071370205878327
8 1903 657 15.536366885472212 0.3023488484615621
8 1904 657 16.203663042657894 0.25992492815755
8 1905 657 16.903807145137367 0.22314429893005655
8 1906 657 17.632886774433647 0.19150334663185203
8 1907 657 18.38746029227519 0.16441867577507482
8 1880 658 18.189741504485465 0.13197556484377848
8 1881 658 17.49419034994192 0.15278677131657656
8 1882 658 16.82934033169455 0.17694974381622533
8 1883 658 16.198972066152862 0.20489063053142054
8 1884 658 15.607264206131726 0.23700013042948195
8 1885 658 15.058774717751787 0.2735654418291237
8 1886 658 14.558389196611012 0.3146650911920893
8 1887 658 14.11122588579745 0.360018820678418
8 1888 658 13.722488695568304 0.4087942379237307
8 1889 658 13.397264496903826 0.4593947096531742
8 1890 658 13.140270012446456 0.5092928574044211
8 1891 658 12.95556621688143 0.5550231973279697
8 1892 658 12.846271677027513 0.5924725304632147
8 1893 658 12.814316056660967 0.6175480910388895
8 1894 658 12.860275891286273 0.6271217566863188
8 1895 658 12.983323765507766 0.6199139890117105
8 1896 658 13.181300998004659 0.5968925646474799
8 1897 658 13.450899449479147 0.5609690685119252
8 1898 658 13.787918479596486 0.5161596327824048
8 1899 658 14.18755426421334 0.4666240356814566
8 1900 658 14.644681491927297 0.4159463717380715
8 1901 658 15.154098323555836 0.36679279454521824
8 1902 658 15.710719143310964 0.3208847381086729
8 1903 658 16.30971170805902 0.27915074717744043
8 1904 658 16.946583608503435 0.24193714460793536
8 1905 658 17.61722725062026 0.20920629337888724
8 1906 658 18.317933726269374 0.18069333754730427
8 1881 659 18.23937213831663 0.14088594938280544
8 1882 659 17.60269002169841 0.16226729305043958
8 1883 659 17.00102043996185 0.18675462639013693
8 1884 659 16.4382084181945 0.21459852592667963
8 1885 659 15.918376047825994 0.2459412547507678
8 1886 659 15.445863394449667 0.28073349771489114
8 1887 659 15.0251354735989 0.31862345269439396
8 1888 659 14.660651281576813 0.35882460816847134
8 1889 659 14.356695162884796 0.39998482802318047
8 1890 659 14.117177338264172 0.4401035651331499
8 1891 659 13.945418459121237 0.4765684191650557
8 1892 659 13.843940768437259 0.5063863149273348
8 1893 659 13.814293177719916 0.5266395499910178
8 1894 659 13.856936746626177 0.5350916691080116
8 1895 659 13.971209539621066 0.530746273665244
8 1896 659 14.15537692892699 0.5141203361147323
8 1897 659 14.406758691669628 0.48710057764256326
8 1898 659 14.721912104071203 0.45245306840335686
8 1899 659 15.096843908578972 0.41320640348661225
8 1900 659 15.527224349509408 0.37213258828224055
8 1901 659 16.008581948442455 0.3314423627907804
8 1902 659 16.53646564414529 0.292692932448392
8 1903 659 17.106568796810112 0.2568407742865346
8 1904 659 17.714815720181715 0.22436340020708748
8 1905 659 18.357415286472033 0.19539466915842904
8 1906 659 19.0308879456529 0.1698438998621692
8 1882 660 18.397899227901014 0.14860561188283963
8 1883 660 17.82309445635074 0.17004303596491924
8 1884 660 17.287067304780194 0.19417700663176082
8 1885 660 16.793531373716494 0.22105309152575567
8 1886 660 16.34633585853417 0.2505482332378708
8 1887 660 15.949379172870646 0.282290287938867
8 1888 660 15.6064953144516 0.315569029918215
8 1889 660 15.32131508715879 0.3492572229850819
8 1890 660 15.097108862295437 0.3817745171799893
8 1891 660 14.936622643690216 0.41113824173440994
8 1892 660 14.84192359500611 0.43514164753800716
8 1893 660 14.814273387513778 0.4516682683528088
8 1894 660 14.85404645206143 0.45908944707449695
8 1895 660 14.960705063599063 0.45662690998848215
8 1896 660 15.132835028506669 0.44454217736155066
8 1897 660 15.368236593701903 0.42407178771185483
8 1898 660 15.664057456482919 0.39713665506559703
8 1899 660 16.016950271509177 0.36594452921818255
8 1900 660 16.423236465447296 0.33262248195211086
8 1901 660 16.879060874349545 0.29896767729305346
8 1902 660 17.38052634415878 0.2663360577736501
8 1903 660 17.923802498353893 0.23564036618667858
8 1904 660 18.50520726714503 0.2074124263091078
8 1905 660 19.121262929001237 0.1818902337768348
8 1906 660 19.768730257656834 0.15910426113282883
8 1882 661 19.212253798032148 0.13595442216731038
8 1883 661 18.662547950373778 0.15471041932175605
8 1884 661 18.15132766493956 0.17562914001691354
8 1885 661 17.68193134247501 0.19869389242364993
8 1886 661 17.2577720462405 0.22374360911877336
8 1887 661 16.882259801341757 0.25041530504801784
8 1888 661 16.55870453870108 0.27808503772759186
8 1889 661 16.290202454236088 0.30582174381036736
8 1890 661 16.079511684127702 0.33237633375248216
8 1891 661 15.928926391944913 0.3562330949346476
8 1892 661 15.84016085776906 0.3757450012806003
8 1893 661 15.81425610011419 0.3893527750803981
8 1894 661 15.851520305636262 0.39585101947967766
8 1895 661 15.951510774845076 0.394628935428743
8 1896 661 16.113059796326652 0.3858031509994451
8 1897 661 16.334341002929936 0.37019181222941666
8 1898 661 16.612967705981916 0.34914012183861837
8 1899 661 16.946111530377635 0.3242624719023656
8 1900 661 17.330628840293063 0.29718468677756804
8 1901 661 17.76318372364587 0.2693491932195746
8 1902 661 18.24035898769532 0.24190739359007885
8 1903 661 18.758749851735782 0.21569066904227907
8 1904 661 19.315038079175434 0.191235165761294
8 1905 661 19.906046719527133 0.16883404399961885
8 1906 661 20.52877726509781 0.14859721712860882
8 1882 662 20.043420267010333 0.1242849848659504
8 1883 662 19.517138519772832 0.14069152261340775
8 1884 662 19.028891086976145 0.15883060492242923
8 1885 662 18.581676350641782 0.17864740737120602
8 1886 662 18.178522932295678 0.199965800784449
8 1887 662 17.82242115987611 0.22244768624194555
8 1888 662 17.5162409209282 0.2455544029408434
8 1889 662 17.26263873224483 0.26852091123202326
8 1890 662 17.063958977915977 0.29035781731106897
8 1891 662 16.92213627175952 0.3098977528001672
8 1892 662 16.838607305831413 0.3258973978403544
8 1893 662 16.814240868977667 0.3371918481710406
8 1894 662 16.84929363504591 0.3428760693828473
8 1895 662 16.94339682590237 0.34246801131430304
8 1896 662 17.095575333986226 0.3360028795394771
8 1897 662 17.304297038597035 0.32402608195959626
8 1898 662 17.567546669925143 0.3074873557986506
8 1899 662 17.882916316976875 0.28757221161303875
8 1900 662 18.247703855553926 0.2655217978292541
8 1901 662 18.65901112063545 0.24248452489695388
8 1902 662 19.113835198619803 0.21942163257996758
8 1903 662 19.60914827319119 0.19706753300778096
8 1904 662 20.141963558699956 0.17593243945649015
8 1905 662 20.709386664022592 0.15633065990604367
8 1906 662 21.308653078033736 0.1384199730229752
8 1883 663 20.38496249689953 0.1279088034425331
8 1884 663 19.917999297118175 0.1436487286480234
8 1885 663 19.4911953455913 0.1606990846187585
8 1886 663 19.107241977847035 0.17888290634327764
8 1887 663 18.76876916582437 0.19789420067318966
8 1888 663 18.478276326540836 0.21727314450069515
8 1889 663 18.23805625608166 0.2363926990928987
8 1890 663 18.05011623231272 0.2544666874569063
8 1891 663 17.91610158488724 0.27058937136023276
8 1892 663 17.837227811518215 0.283812238877826
8 1893 663 17.814227347825074 0.29325399468285207
8 1894 663 17.8473162128091 0.2982263537350484
8 1895 663 17.936183986567446 0.2983466118700172
8 1896 663 18.080008185838807 0.29360533831094693
8 1897 663 18.277491512786924 0.2843680883651921
8 1898 663 18.526918146308034 0.27131058430966787
8 1899 663 18.826223625570734 0.25530763419348956
8 1900 663 19.17307215862908 0.23730724151185184
8 1901 663 19.564935369175064 0.21821932515128029
8 1902 663 19.99916738266864 0.1988371159370932
8 1903 663 20.473072461162175 0.1797958363688366
8 1904 663 20.983962828788965 0.1615633022307494
8 1905 663 21.529205651858053 0.1444525051437343
8 1906 663 22.1062592041258 0.12864606017760408
8 1884 664 20.817173102993596 0.12994922698322772
8 1885 664 20.40918165924347 0.14464299077033343
8 1886 664 20.042821557854566 0.16019001629047655
8 1887 664 19.720413180255623 0.17631855166458243
8 1888 664 19.444142974170898 0.1926389098041429
8 1889 664 19.216001040799288 0.2086375248467307
8 1890 664 19.03771772035711 0.22368732267708902
8 1891 664 18.910703212731118 0.23708047733124593
8 1892 664 18.835994691016424 0.24808627380448645
8 1893 664 18.814215263996495 0.2560303278059663
8 1894 664 18.845548439883583 0.26038312651482826
8 1895 664 18.9297304787997 0.26083900800277704
8 1896 664 19.066061365683215 0.25736531621883585
8 1897 664 19.253433356157494 0.25020780202293447
8 1898 664 19.490374444838093 0.2398506842095665
8 1899 664 19.775102932728256 0.22694284179069316
8 1900 664 20.105588675788567 0.21220963644474058
8 1901 664 20.47961659797364 0.19637018021238956
8 1902 664 20.894848551736313 0.18007393660106247
8 1903 664 21.348880439029983 0.16386224010198144
8 1904 664 21.83929247938213 0.1481532411526784
8 1905 664 22.363691466303067 0.13324469948469445
8 1906 664 22.919744675715663 0.1193279104028143
8 1885 665 21.334542319909275 0.13028589212333644
8 1886 665 20.98434406885285 0.14361104966532964
8 1887 665 20.676621967816686 0.15733797951285866
8 1888 665 20.41329703894007 0.17113792595240995
8 1889 665 20.19610596129856 0.1845900394626918
8 1890 665 20.026549777732534 0.197192063933007
8 1891 665 19.9058457745457 0.20838697545849433
8 1892 665 19.834885832794672 0.2176067156753779
8 1893 665 19.814204399874313 0.22432984321566954
8 1894 665 19.84395867764289 0.2281447260358255
8 1895 665 19.923922706133908 0.2288057860548064
8 1896 665 20.05349585483783 0.22626957500349107
8 1897 665 20.231724988245514 0.22070134709707875
8 1898 665 20.45733843880962 0.21245036307879095
8 1899 665 20.728789062557357 0.2020004573756946
8 1900 665 21.044303172117566 0.18990805179358203
8 1901 665 21.401932062316178 0.17674092534034141
8 1902 665 21.79960311565321 0.16302807705095604
8 1903 665 22.235168000264736 0.14922598346751165
8 1904 665 22.70644613320184 0.13570169249516104
8 1905 665 23.211262266408447 0.12272990101096207
8 1906 665 23.747477676586968 0.11049974439023372
8 1886 666 21.93104411559102 0.12889857786059725
8 1887 666 21.63679033498267 0.14061854491670506
8 1888 666 21.385291580897356 0.1523326420633386
8 1889 666 21.178071111411423 0.1636955214306118
8 1890 666 21.016438708782204 0.17430314238515043
8 1891 666 20.901452006977863 0.18371421615482977
8 1892 666 20.833883363405842 0.19148339611219584
8 1893 666 20.81419457966122 0.1972036497828097
8 1894 666 20.842521344597404 0.20055193928540482
8 1895 666 20.918668600080604 0.20132982268871163
8 1896 666 21.042117193856658 0.19949019830565531
8 1897 666 21.21204129733859 0.19514384794346668
8 1898 666 21.427335251962564 0.18854416564691445
8 1899 666 21.686647873749358 0.1800538008945345
8 1900 666 21.98842186242563 0.1701008897767049
8 1901 666 22.330935851414672 0.15913381767598456
8 1902 666 22.712346774386766 0.1475820632344926
8 1903 666 23.130730554826773 0.13582766682152386
8 1904 666 23.584119572288397 0.12418860606141517
8 1905 666 24.070535847795256 0.11291285201092413
8 1888 667 22.359756170405777 0.13585056698011638
8 1889 667 22.161649216608385 0.14549036241779026
8 1890 667 22.007241898974957 0.1544628597159601
8 1891 667 21.89745866533372 0.16241621951424234
8 1892 667 21.832972678955073 0.1689985501509124
8 1893 667 21.81418565979483 0.17388934355348473
8 1894 667 21.841215533939458 0.17683288738206032
8 1895 667 21.913892762355076 0.1776679394829295
8 1896 667 22.031765612406055 0.17634774294612537
8 1897 667 22.19411399448056 0.17294601284283148
8 1898 667 22.399970892838176 0.16764753480307168
8 1899 667 22.648149946518753 0.16072550024896906
8 1900 667 22.937277432162634 0.1525104490597562
8 1901 667 23.265826785222938 0.14335684374199967
8 1902 667 23.63215385867308 0.1336127289253886
8 1903 667 24.03453132474184 0.12359616382970341
8 1889 668 23.14663465819597 0.12958604543727795
8 1890 668 22.998841188199002 0.1372101585849971
8 1891 668 22.89381348749043 0.1439645726259793
8 1892 668 22.832141730464063 0.1495692001463329
8 1893 668 22.81417752188315 0.15376963002747362
8 1894 668 22.840023992982104 0.1563618331803682
8 1895 668 22.909532862980818 0.157214098774588
8 1896 668 23.022308659211348 0.1562821471681112
8 1897 668 23.17771981882596 0.15361437335002587
8 1898 668 23.374915957068115 0.14934612028848157
8 1899 668 23.61285023033004 0.14368418311927514
8 1900 668 23.89030548151273 0.1368846586660506
8 1901 668 24.205922746303166 0.1292282126893793
8 1897 669 24.162671541036136 0.1367348205197865
8 1898 669 24.351893068096317 0.13328591996233832
8 1899 669 24.58037216968037 0.12864027704995382
82 2012 850 10.581567983999411 0.16162142860679343
82 2013 850 10.89208800001182 0.16568249037528585
82 2009 851 9.196498300983961 0.17082678157630743
82 2010 851 9.232745041427334 0.18969751544854369
82 2011 851 9.376117586720056 0.20515520890803227
82 2012 851 9.621828360556078 0.21525553492271934
82 2013 851 9.962308015716106 0.2185480608911709
82 2014 851 10.38824244037467 0.21452844268785484
82 2015 851 10.889608854316194 0.20381029306839912
82 2016 851 11.456508237678781 0.18791704179698546
82 2006 852 8.785304832502993 0.14543658597260833
82 2007 852 8.476413215505751 0.17254517306803724
82 2008 852 8.277534717535207 0.20169406026684095
82 2009 852 8.196681096639102 0.23106422137754679
82 2010 852 8.237328511113352 0.2579026605423813
82 2011 852 8.397712843387838 0.278814619921217
82 2012 852 8.671192593870877 0.29053327074717894
82 2013 852 9.047517946928942 0.2909787840938702
82 2014 852 9.51449320773321 0.2800684750165484
82 2015 852 10.059502025448452 0.2597510099129774
82 2016 852 10.670594219630022 0.2332407603302349
82 2017 852 11.337088735649985 0.20395566251075603
82 2004 853 8.85751550944169 0.1286767646607007
82 2005 853 8.31405923721982 0.15777809228686226
82 2006 853 7.860762113179633 0.1922434733166071
82 2007 853 7.513959076279326 0.23176463451765267
82 2008 853 7.288866921545528 0.2748923304648456
82 2009 853 7.196914686169394 0.31850368960158326
82 2010 853 7.243174787342966 0.35758860985071206
82 2011 853 7.425064376825358 0.3859044990070002
82 2012 853 7.733018880101164 0.39781208037405824
82 2013 853 8.152765236409127 0.3906458910180977
82 2014 853 8.668078276065653 0.36603129923311933
82 2015 853 9.26302223898882 0.3290673745486289
82 2016 853 9.923284788818748 0.2860596478361293
82 2017 853 10.63670912453667 0.24243858469096763
82 2018 853 11.393312994910733 0.2018091323527212
82 2003 854 8.74057097677262 0.1323648297578213
82 2004 854 8.066323883901513 0.16562523805321372
82 2005 854 7.4654926830049275 0.20690450197048046
82 2006 854 6.957124477828483 0.25714065076397646
82 2007 854 6.562741881256672 0.31627479619588217
82 2008 854 6.303775138756179 0.3821595593478181
82 2009 854 6.197223652572223 0.4492250589547014
82 2010 854 6.2508864171412295 0.507782542376239
82 2011 854 6.4607724770340615 0.5456207860937957
82 2012 854 6.812457779685754 0.5528210909612533
82 2013 854 7.28543622578642 0.5273069569389107
82 2014 854 7.857835643483592 0.4761617408824017
82 2015 854 8.509616971403668 0.41134893936557415
82 2016 854 9.223967747124957 0.3440320153605682
82 2017 854 9.987471201460437 0.2815596008056644
82 2018 854 10.789697910507119 0.22739491366865983
82 2002 855 8.850964975639643 0.13187294234559604
82 2003 855 8.062727888252201 0.16777812206070336
82 2004 855 7.326362057665448 0.21411352024056915
82 2005 855 6.6590976115386695 0.27347349801176163
82 2006 855 6.083714408155608 0.348259194046262
82 2007 855 5.628461690373335 0.43945035859651704
82 2008 855 5.324244641261367 0.5441628501502533
82 2009 855 5.197651488893854 0.6520520365489775
82 2010 855 5.261518887165627 0.7428579890560191
82 2011 855 5.509226896761535 0.7907522567995369
82 2012 855 5.917734448249672 0.7785590009442306
82 2013 855 6.456592057734558 0.710893481015967
82 2014 855 7.096166641222647 0.610386737186316
82 2015 855 7.811759148873013 0.5018858194082186
82 2016 855 8.58438005915403 0.4017478759448443
82 2017 855 9.399977712739615 0.3169393019803429
82 2018 855 10.24829649258849 0.24844538767405064
82 2001 856 9.180500040847418 0.12727115149319737
82 2002 856 8.30358844114998 0.16388706604940878
82 2003 856 7.457719557612748 0.21254543669575657
82 2004 856 6.654741242152079 0.27742192545877065
82 2005 856 5.912155359934304 0.363792323606505
82 2006 856 5.255623749851205 0.4775430823114349
82 2007 856 4.72118427939433 0.6231283820778428
82 2008 856 4.354030431680545 0.7980785493889544
82 2009 856 4.1982831014595 0.98249502319855
82 2010 856 4.277099601365453 1.1293368148589578
82 2011 856 4.578381919412211 1.1782046832277813
82 2012 856 5.0625666415367565 1.1040351148681689
82 2013 856 5.683096075204156 0.9438706915072379
82 2014 856 6.400436000773775 0.7584949980079289
82 2015 856 7.185651049139606 0.5889889294365236
82 2016 856 8.018826659805114 0.450422457477732
82 2017 856 8.886483050116135 0.34305444662568885
82 2018 856 9.77944686574867 0.26181164770323156
82 2000 857 9.706883176385674 0.1191906385581142
82 2001 857 8.768784465363447 0.1545775965871723
82 2002 857 7.845991396885384 0.20249633541532372
82 2003 857 6.94460805229493 0.2681123836251183
82 2004 857 6.074173277080568 0.35889102981508625
82 2005 857 5.250102951371508 0.48541218416618626
82 2006 857 4.497952978856041 0.661741022795801
82 2007 857 3.8599975388593264 0.9031841697068275
82 2008 857 3.4011146702221287 1.2148660763243622
82 2009 857 3.1993094567422355 1.5586469609591873
82 2010 857 3.302057086120774 1.807859679126228
82 2011 857 3.6839626762496573 1.802206647122075
82 2012 857 4.2707822468490075 1.546010144696911
82 2013 857 4.99074954290443 1.2017616993142883
82 2014 857 5.794443976776451 0.8925192846458803
82 2015 857 6.651584848741014 0.6538175537139066
82 2016 857 7.543976471331359 0.47970478470803385
82 2017 857 8.460471677158507 0.35480310615870003
82 2000 858 9.42515681567151 0.141229930896292
82 2001 858 8.455860748616857 0.18576037744764898
82 2002 858 7.494636815750271 0.24756320018945785
82 2003 858 6.545042475034022 0.334852461670434
82 2004 858 5.612983253137283 0.4605198243265404
82 2005 858 4.708883200929889 0.645075929715703
82 2006 858 3.8524772549620376 0.9209596938871848
82 2007 858 3.083760853243967 1.335931751903859
82 2008 858 2.4854739990593506 1.9386059373605127
82 2009 858 2.2012680436512495 2.6723582374203594
82 2010 858 2.348101573612249 3.1088383290034947
82 2011 858 2.8603463077047926 2.766048672825015
82 2012 858 3.5846312223157013 2.0367850889693084
82 2013 858 4.417870640931067 1.4074486866788127
82 2014 858 5.3090094179612075 0.9688560460229039
82 2015 858 6.233264072699064 0.6769043048178935
82 2016 858 7.177853509232481 0.4819695159166038
82 2017 858 8.135697941787242 0.3495924042005894
82 2000 859 9.243569710885454 0.16493801894009202
82 2001 859 8.252974069994352 0.21973030140673658
82 2002 859 7.264955677772526 0.29750421540553745
82 2003 859 6.280730928801152 0.4105863776330859
82 2004 859 5.302412752700368 0.5798246681954864
82 2005 859 4.334002884170662 0.8421651061108563
82 2006 859 3.3840184692167 1.2666304215272717
82 2007 859 2.473778688565301 1.9884627920271667
82 2008 859 1.669605043116479 3.26443083887688
82 2009 859 1.2064746163927775 5.2593676749019735
82 2010 859 1.4572511794471876 5.806790365042099
82 2011 859 2.188968021694319 3.8331471132535206
82 2012 859 3.075643184766474 2.31504474930657
82 2013 859 4.015915960276133 1.45301461185879
82 2014 859 4.979516141152742 0.9539290557914879
82 2015 859 5.955130645082509 0.6501143995612826
82 2016 859 6.937692772096566 0.4565814011920767
82 2017 859 7.92461866590444 0.3285955589134256
82 1999 860 10.167870032607556 0.14261660693809378
82 2000 860 9.168074007118339 0.1889210571894637
82 2001 860 8.168327919470363 0.2542050765943861
82 2002 860 7.168652662809041 0.3484645453496971
82 2003 860 6.169082670867629 0.4885829205117163
82 2004 860 5.169679003574535 0.7046680354419981
82 2005 860 4.170561233215443 1.0543820400215824
82 2006 860 3.1719995271121397 1.6596455138013753
82 2007 860 2.1747599867571044 2.819582297708661
82 2008 860 1.1821933006069183 5.482567600923553
82 2009 860 0.2560878755427511 14.839506806121932
82 2010 860 0.8564934325493218 8.37618615829956
82 2011 860 1.8443375504500903 3.822204326250103
82 2012 860 2.8407007938183773 2.129021622088532
82 2013 860 3.8389557173794646 1.3084456828439504
82 2014 860 4.837931479465227 0.8548279770575233
82 2015 860 5.837258003549331 0.5828274415664174
82 2016 860 6.836781479614574 0.4102868283090069
82 1999 861 10.19782236558368 0.15858303539469262
82 2000 861 9.201281486836429 0.21107558762073708
82 2001 861 8.205582307185697 0.285562406370702
82 2002 861 7.211073498446612 0.39390032833056254
82 2003 861 6.218326221741601 0.5562935281427573
82 2004 861 5.2283440016891864 0.8090722493474136
82 2005 861 4.2430626910286655 1.22216649058294
82 2006 861 3.266738587643575 1.9423373841388438
82 2007 861 2.310753340363194 3.309380463606898
82 2008 861 1.4168913155213352 6.070959727932554
82 2009 861 0.8219373455439895 8.3147583788513
82 2010 861 1.1591294146901887 4.948331987631853
82 2011 861 2.0028931574100852 2.750110333624498
82 2012 861 2.946112862739691 1.6555416071096565
82 2013 861 3.917598881968441 1.0612278705054976
82 2014 861 4.900569456706077 0.7122164797004813
82 2015 861 5.889276780726189 0.4948660608691131
82 2016 861 6.881248505903615 0.353337533159879
82 1999 862 10.324997869249106 0.17187967881626445
82 2000 862 9.342033022848865 0.2287886907328876
82 2001 862 8.363108333628043 0.3092541581676657
82 2002 862 7.389829565016974 0.4254935225808869
82 2003 862 6.424763108473267 0.5975459944974859
82 2004 862 5.4722555678622316 0.8590767920307475
82 2005 862 4.540218166564171 1.2668539171826
82 2006 862 3.6443903468206362 1.9090450814009858
82 2007 862 2.819500133002224 2.85815515070286
82 2008 862 2.1488557420170578 3.808344371573959
82 2009 862 1.8126171686265689 3.7027722271534604
82 2010 862 1.9883613856640647 2.695347837027026
82 2011 862 2.573243284262108 1.7911569415230604
82 2012 862 3.3599971726178817 1.1915972639252859
82 2013 862 4.237638611302323 0.8112014433765641
82 2014 862 5.159998158914439 0.566380068680918
82 2015 862 6.106847058834904 0.40464996001054926
82 1999 863 10.54587981156615 0.18091232468053056
82 2000 863 9.585592365628669 0.23947913573825322
82 2001 863 8.63432574090176 0.3209942571500656
82 2002 863 7.6954259791124535 0.4359650042141084
82 2003 863 6.77403727477189 0.5998571707212451
82 2004 863 5.878399527082104 0.8340724197301991
82 2005 863 5.022308333824121 1.1623403184063408
82 2006 863 4.229844086961047 1.5882466071787706
82 2007 863 3.5439499149959017 2.0260787737484613
82 2008 863 3.0376933683305793 2.2344140761643367
82 2009 863 2.8099076497279585 2.0348028045189306
82 2010 863 2.92635968397595 1.5990658371271134
82 2011 863 3.351355099060668 1.1713354057827259
82 2012 863 3.9874278676861428 0.8406400456515907
82 2013 863 4.750534811997506 0.6044709054828699
82 2014 863 5.588880120381926 0.43919097572897975
82 1999 864 10.854749237085047 0.1844404614936691
82 2000 864 9.924393230822654 0.2413680616915431
82 2001 864 9.008972249929435 0.3183748985090758
82 2002 864 8.113543060833459 0.4226182921117723
82 2003 864 7.2455214443129545 0.5624660497416356
82 2004 864 6.416040913211121 0.7447292484991024
82 2005 864 5.642125574639324 0.9662232779704186
82 2006 864 4.949907170846665 1.196348319815451
82 2007 864 4.378308006524822 1.3619628438139655
82 2008 864 3.9796458385137083 1.3792177718429064
82 2009 864 3.8086193036321703 1.2377507879576688
82 2010 864 3.895328099146427 1.0134045594168248
82 2011 864 4.223929568541577 0.7864581712783255
82 2012 864 4.7444263088386105 0.5955001036938004
82 2013 864 5.401627625077471 0.4475432476708197
82 1999 865 11.244357740662572 0.181944063635884
82 2000 865 10.349085998289821 0.23412344089386808
82 2001 865 9.47478659390271 0.3019499453291852
82 2002 865 8.627837562216772 0.38886517150314653
82 2003 865 7.817133809779565 0.4968796335748277
82 2004 865 7.055181145796251 0.6233162321611672
82 2005 865 6.359526790571686 0.7554640259552368
82 2006 865 5.75426633029782 0.8662229239077924
82 2007 865 5.2706338328515345 0.9200515035678446
82 2008 865 4.944449514354392 0.8950102528184583
82 2009 865 4.807866574687727 0.801700041264463
82 2010 865 4.876841293296268 0.67368087722092
82 2011 865 5.143110051321062 0.5428610163398182
82 2012 865 5.578492717571644 0.42716757108757825
82 2000 866 10.849588978389841 0.21898965683866456
82 2001 866 10.019060884134722 0.274975417332582
82 2002 866 9.22223297255055 0.34231362952128397
82 2003 866 8.468623323775754 0.41930136807274543
82 2004 866 7.770815980320136 0.5000661933866493
82 2005 866 7.145178864101228 0.5730665348219133
82 2006 866 6.612229654208861 0.6224050782102786
82 2007 866 6.195932617451481 0.6340892670632056
82 2008 866 5.920944265908883 0.6043998548264197
82 2009 866 5.807372986127152 0.5424796952501444
82 2010 866 5.864604078708086 0.4642319222368083
82 2011 866 6.08782235286146 0.384077413775548
82 2000 867 11.415935397504589 0.19831666833832393
82 2001 867 10.629749808908878 0.2420105435190673
82 2002 867 9.882286223339134 0.29117817482700703
82 2003 867 9.18300500925479 0.3428825935898279
82 2004 867 8.543745138989031 0.39168836007608193
82 2005 867 7.978946108352833 0.42997455343724705
82 2006 867 7.505436762773965 0.44990625237130755
82 2007 867 7.14139909261477 0.4467177828800452
82 2008 867 6.904171275395707 0.42120401969495214
82 2009 867 6.807024386617056 0.3792814577197514
82 2001 868 11.296086977356284 0.20736835155569158
82 2002 868 10.595734094436231 0.24168365192960412
82 2003 868 9.946737203726581 0.274972772023561
82 2004 868 9.359785307366757 0.3033454694043812
82 2005 868 8.847235783000174 0.3224633689749392
82 2006 868 8.422682529930642 0.3288394800650989
82 2007 868 8.09997413576111 0.32120617187549366
82 2003 869 10.749306070626066 0.2181541740244968
82 2004 869 10.208603283505461 0.23411934730944733
82 2005 869 9.740820345330192 0.24299530418830398
82 2006 869 9.35690018114967 0.24337145949607342
45 1908 679 10.355061419421915 0.3925428191371727
45 1909 679 9.85673865941469 0.4341312113569287
45 1910 679 9.43839483174973 0.466812046530141
45 1911 679 9.111053561471357 0.4858511919872676
45 1912 679 8.884778950542314 0.4881040218412679
45 1907 680 10.138900186903921 0.4101492152228807
45 1908 680 9.524982782136684 0.47471958875184955
45 1909 680 8.980718067059012 0.5370418677518373
45 1910 680 8.51946576963603 0.5895529400492391
45 1911 680 8.155323230871964 0.6238043929134036
45 1912 680 7.901727469357558 0.6331784506366692
45 1913 680 7.769510731056345 0.6157043715437589
45 1914 680 7.764875852194907 0.5749999000075283
45 1907 681 9.39655772078267 0.4803003067295016
45 1908 681 8.730595455064924 0.5707172011206225
45 1909 681 8.133344760920945 0.6637741157725118
45 1910 681 7.6209774307499485 0.7484393407491962
45 1911 681 7.2116084890958945 0.8099349916460654
45 1912 681 6.923532118796002 0.8343623502403665
45 1913 681 6.772244605741862 0.8154086690348175
45 1914 681 6.766926702721083 0.7580122705517522
45 1915 681 6.90791553219924 0.6754647512453931
45 1916 681 7.18660538780302 0.5827679414927567
45 1906 682 9.479730850609663 0.44880969647429775
45 1907 682 8.705934585097712 0.5543960129704829
45 1908 682 7.9825620573848575 0.6785623375104468
45 1909 682 7.324568041871156 0.8159342435550692
45 1910 682 6.751095985097541 0.9523650950189413
45 1911 682 6.2853239375548515 1.0633103756459301
45 1912 682 5.952587420609621 1.1197695450727099
45 1913 682 5.775923908778559 1.1035338134370607
45 1914 682 5.769687773181463 1.020088711890577
45 1915 682 5.934416315022022 0.8944912570091815
45 1916 682 6.256620253779147 0.7552237134973786
45 1917 682 6.713664945467515 0.6224548874828344
45 1906 683 8.90860802819389 0.49481797927406274
45 1907 683 8.080303026496008 0.6269549714690245
45 1908 683 7.295155721436001 0.7921729320640148
45 1909 683 6.568660213468216 0.9900833877616136
45 1910 683 5.922440122111847 1.2075711475815938
45 1911 683 5.385470917199356 1.4087291840123286
45 1912 683 4.9931249734009215 1.5349895275649503
45 1913 683 4.781139717682368 1.5350546871886181
45 1914 683 4.773604193897911 1.4088950747628144
45 1915 683 4.971448179353739 1.2077780832711835
45 1916 683 5.351943291926727 0.9902845289729487
45 1917 683 5.879736133535193 0.7923463856955164
45 1918 683 6.5191484873409085 0.6270958865450551
45 1906 684 8.417915240723246 0.531799725858525
45 1907 684 7.535867368790442 0.689928952787667
45 1908 684 6.687099296406512 0.8997269712490725
45 1909 684 5.886025569091622 1.172633502078844
45 1910 684 5.154929388459189 1.5086951334992995
45 1911 684 4.527835796492638 1.8711082887176405
45 1912 684 4.053306921514826 2.1541269512221093
45 1913 684 3.7891024003053655 2.2142709760093924
45 1914 684 3.779589527977842 2.0133339998083426
45 1915 684 4.026573853786821 1.6681968748818505
45 1916 684 4.4879056362628145 1.3125972322095014
45 1917 684 5.105810121812151 1.010725904179352
45 1918 684 5.830720109900603 0.774468568128584
45 1906 685 8.022424633488354 0.5548206045876831
45 1907 685 7.091353678953027 0.7339103496465832
45 1908 685 6.181852230521247 0.9839560030973972
45 1909 685 5.305025636130367 1.3350758070291253
45 1910 685 4.480100110488635 1.8212265799524876
45 1911 685 3.74156344326809 2.4483608879854097
45 1912 685 3.15076133656614 3.0871464077687523
45 1913 685 2.8027302759987327 3.3603560727035426
45 1914 685 2.789856089478419 3.016372059382189
45 1915 685 3.1162953967812004 2.3629369917995846
45 1916 685 3.693141887336524 1.7510166735118988
45 1917 685 4.4234937549407105 1.2835771328100647
45 1918 685 5.24359580822162 0.9472451224442116
45 1919 685 6.117458377463572 0.7077215532318034
45 1906 686 7.736749769767715 0.5603563083541957
45 1907 686 6.766483355480945 0.7508684569823205
45 1908 686 5.806315268739768 1.0266233387980337
45 1909 686 4.8622316892555055 1.4370043307339933
45 1910 686 3.945794850217169 2.0645676973536484
45 1911 686 3.0817684857886736 3.0338012669311074
45 1912 686 2.3292266957082766 4.4081122754019075
45 1913 686 1.8312009720399287 5.501333343072282
45 1914 686 1.8114350664597016 4.851304755236552
45 1915 686 2.2823884419615665 3.420473021473893
45 1916 686 3.0227962220433633 2.3207813762863294
45 1917 686 3.8814039985550997 1.6025450036194984
45 1918 686 4.79513263633024 1.135902273696641
45 1919 686 5.737708340443882 0.8250901019834341
45 1906 687 7.573328000291605 0.5475056864749431
45 1907 687 6.57900425596463 0.7373675121969712
45 1908 687 5.586707169702079 1.0167659174211263
45 1909 687 4.597749123212411 1.4447540600725497
45 1910 687 3.6148716436410817 2.136228535238718
45 1911 687 2.64486237827231 3.338575002721861
45 1912 687 1.709765188556646 5.6454968328452315
45 1913 687 0.9226575746180307 9.94738253832676
45 1914 687 0.8827780015382749 8.734347635849375
45 1915 687 1.6453865807158494 4.893599299790918
45 1916 687 2.5759070247195797 2.9596417707886626
45 1917 687 3.5444741499973675 1.9244714407833625
45 1918 687 4.526731381471563 1.3164056899616758
45 1919 687 5.515369162621785 0.9342813258296637
45 1906 688 7.540112532316801 0.518328492221091
45 1907 688 6.540741318841524 0.6961584870211442
45 1908 688 5.54159697199288 0.9570237657986957
45 1909 688 4.542829184550145 1.3554838917073269
45 1910 688 3.5447562680670193 1.9985393599792258
45 1911 688 2.54819485126242 3.123505242488266
45 1912 688 1.5560517343585305 5.372626379769249
45 1913 688 0.591013536224065 11.296658643602981
45 1914 688 0.52658997331886 13.459407808257621
45 1915 688 1.4850242422263151 6.021231141973487
45 1916 688 2.4765494140032267 3.4148670940058534
45 1917 688 3.472937805374523 2.1554539432541437
45 1918 688 4.470939163084138 1.449031004850964
45 1919 688 5.469670648219998 1.016610213306277
45 1907 689 6.654269080823289 0.6348947877791662
45 1908 689 5.675147310863455 0.8620307368079032
45 1909 689 4.704816361984874 1.199498580192527
45 1910 689 3.7501062651610915 1.7207774240784217
45 1911 689 2.826888218518793 2.5640197767831907
45 1912 689 1.9797214450523686 3.9862660116116517
45 1913 689 1.3591530450983516 6.231472802448873
45 1914 689 1.332402716899063 7.408251214902002
45 1915 689 1.9243952296760374 5.290719687939394
45 1916 689 2.762480226173533 3.349921056903667
45 1917 689 3.682295072369901 2.1894586332368124
45 1918 689 4.635439245637843 1.492287966792825
45 1919 689 5.604935057607664 1.0533246798418905
45 1907 690 6.9121123399436195 0.562989293648383
45 1908 690 5.975390949553071 0.750495879818902
45 1909 690 5.062933635749202 1.0177708389301994
45 1910 690 4.1906201211754475 1.4055038921839222
45 1911 690 3.3895865529589893 1.9720017439046957
45 1912 690 2.7234714979232453 2.7731741402487717
45 1913 690 2.311989835617832 3.7241212784834086
45 1914 690 2.2963660422502445 4.254906485225731
45 1915 690 2.6835232437972167 3.770122611031203
45 1916 690 3.3360601013770452 2.821496131002823
45 1917 690 4.1300480626742955 2.0078471300351324
45 1918 690 4.998529483758157 1.4301632784480733
45 1919 690 5.9087474984127955 1.0346580479527459
45 1908 691 6.418979436016351 0.6379529012529024
45 1909 691 5.5795427231987995 0.8411429698444944
45 1910 691 4.802009683455518 1.1175991340410025
45 1911 691 4.121564872715271 1.4861540595523208
45 1912 691 3.5937858867773875 1.9451674058374058
45 1913 691 3.2929161847821478 2.419073743875059
45 1914 691 3.2819654172462114 2.7029675479108675
45 1915 691 3.563607301597636 2.597767402354786
45 1916 691 4.07765827405876 2.1843595499854125
45 1917 691 4.749241728949975 1.7010404455105133
45 1918 691 5.521168082933142 1.285262108865799
45 1919 691 6.356988044663881 0.9656878593641366
45 1909 692 6.215247139092759 0.6852392884532235
45 1910 692 5.527865501258204 0.879568245325515
45 1911 692 4.948262018123181 1.1204122640725573
45 1912 692 4.518107679106418 1.3958195568631242
45 1913 692 4.282674047835098 1.6605961963513247
45 1914 692 4.274259818962828 1.8293652273659264
45 1915 692 4.494140295985432 1.822083442354947
45 1916 692 4.9117509098080205 1.6426499521467508
45 1917 692 5.482088744265255 1.3744878534249823
45 1918 692 6.162896802640758 1.10064875014292
45 1910 693 6.3289254222182665 0.6914421911273763
45 1911 693 5.82951944846233 0.8517673720677809
45 1912 693 5.469122141623866 1.0249098926172762
45 1913 693 5.276295765023063 1.1851857762076363
45 1914 693 5.269468379258025 1.2927305213156917
45 1915 693 5.4493391342437185 1.3107619041623528
45 1916 693 5.798559907425288 1.2322609142485903
45 1917 693 6.288982191102138 1.0859786396199178
45 1918 693 6.890522258871219 0.9136219726377066
45 1913 694 6.271945232541524 0.8708748008209276
45 1914 694 6.266202757651578 0.9428641972377253
45 1915 694 6.418200448723935 0.9653488459576344
45 1916 694 6.717238792837426 0.9317063314340677
111 2052 954 6.616769151179339 0.4394315063682076
111 2053 954 6.322628725458974 0.5026776391442239
111 2054 954 6.178157816048356 0.5394597137116205
111 2055 954 6.1938383898839176 0.5377794891723793
111 2056 954 6.368487575555142 0.4982268663025175
111 2050 955 6.787019522588527 0.37217417601692865
111 2051 955 6.185275579955853 0.47894807676277357
111 2052 955 5.696633567292057 0.5975646855234709
111 2053 955 5.352161619383241 0.7069649860624594
111 2054 955 5.180698215491756 0.7736657860079674
111 2055 955 5.1993878485837035 0.769852083039116
111 2056 955 5.4062587803397175 0.697273024395665
111 2057 955 5.7811446963383215 0.5855551565491041
111 2049 956 6.8219963353843465 0.3426871212474301
111 2050 956 6.060827831245322 0.46437142425459854
111 2051 956 5.378441595852676 0.6248827748712129
111 2052 956 4.808496022666412 0.8203675165805796
111 2053 956 4.394955517408466 1.0192498411858442
111 2054 956 4.184451457479168 1.1501565176259305
111 2055 956 4.207568656599669 1.1409857808414283
111 2056 956 4.460676406107078 0.9974773201186786
111 2057 956 4.908322931511411 0.7959785722502802
111 2049 957 6.261759656837487 0.4032507947581985
111 2050 957 5.4225117796089615 0.5678467957370787
111 2051 957 4.647325467405781 0.8045428185557236
111 2052 957 3.973868895673179 1.1286787076695717
111 2053 957 3.462027440676805 1.5096715987561562
111 2054 957 3.190553870411782 1.7957942078386158
111 2055 957 3.220812630377622 1.7712291226102235
111 2056 957 3.5450858945871015 1.4581218216603387
111 2057 957 4.0940974585372105 1.0793578319703452
111 2049 958 5.82062144448491 0.45975970321318044
111 2050 958 4.906488968702367 0.6714266387456423
111 2051 958 4.033315509602296 1.0040461235281635
111 2052 958 3.234444929195556 1.5273131680789669
111 2053 958 2.5798515461164158 2.2857380715872804
111 2054 958 2.2021884569672223 3.0132111181314216
111 2055 958 2.245803642351684 2.9335372697494693
111 2056 958 2.6902851150018474 2.1563142076177138
111 2057 958 3.381069948995572 1.4307418074317948
111 2058 958 4.198289413558972 0.9420064184653144
111 2049 959 5.52717233311914 0.5028228946246558
111 2050 959 4.554517976690628 0.7552501849517472
111 2051 959 3.596892269723755 1.182321014110615
111 2052 959 2.670511935940171 1.9508317592911493
111 2053 959 1.8236320900881662 3.4071101326804687
111 2054 959 1.2327343590570305 5.677547599624662
111 2055 959 1.3090584402539724 5.307193555268902
111 2056 959 1.9767736339805269 3.084765756997401
111 2057 959 2.846336944214615 1.7813958403184664
111 2058 959 3.7809567572244736 1.090379589342865
111 2049 960 5.405518846512122 0.5230906034594911
111 2050 960 4.40609055739872 0.795931861613425
111 2051 960 3.4069977986489186 1.274290009440078
111 2052 960 2.4086581326537377 2.200116588431477
111 2053 960 1.4126691049213917 4.325600090681017
111 2054 960 0.4354698611842395 11.652452331418132
111 2055 960 0.6193819500116512 9.191608016090624
111 2056 960 1.6055011678602573 3.745513339436967
111 2057 960 2.602236345915003 1.9670377590700352
111 2058 960 3.6007824149761505 1.1590995354880902
111 2049 961 5.46714130053338 0.5154637696226113
111 2050 961 4.4814767655314505 0.7795475894920877
111 2051 961 3.5039454904434013 1.234495446561284
111 2052 961 2.5439406439614634 2.0828160288265654
111 2053 961 1.63267694293742 3.83484305557901
111 2054 961 0.9271644945746648 7.307205570421946
111 2055 961 1.026466755428693 6.4959410280794945
111 2056 961 1.802119307926288 3.347990454673952
111 2057 961 2.7279358496858275 1.855181263189341
111 2058 961 3.6926459348279725 1.1162868620629356
111 2050 962 4.77007693858268 0.7119149172932084
111 2051 962 3.866217014084792 1.0836469730140788
111 2052 962 3.0235135190700135 1.6966982381670443
111 2053 962 2.309899131996796 2.6593757124839787
111 2054 962 1.8787320192086914 3.677228701300653
111 2055 962 1.9296719928527701 3.500420628757282
111 2056 962 2.4326187535248502 2.4103741205002556
111 2057 962 3.179879557467737 1.5295934614663003
111 2058 962 4.0380235264299325 0.9823641243107858
111 2050 963 5.236757966528373 0.6140960509090235
111 2051 963 4.4291798337839925 0.8861076683311859
111 2052 963 3.716400678075389 1.2739819151589753
111 2053 963 3.163168348349424 1.7527569539089425
111 2054 963 2.863500305570097 2.1204437553206916
111 2055 963 2.897176901744257 2.0600561862733398
111 2056 963 3.253864471670704 1.6336700745021866
111 2051 964 5.127146769890527 0.6952779746160895
111 2052 964 4.5256639291930725 0.9290073943915181
111 2053 964 4.08358102650109 1.1723119397383848
111 2054 964 3.856116440150649 1.329663378477956
111 2055 964 3.881189766038312 1.3033318273758805
111 2052 965 5.399225314802055 0.6752488768689862
111 2053 965 5.034444755879219 0.8052551023699139
111 2054 965 4.851766070205795 0.8812335893192741
