# %ECSV 0.9
# ---
# datatype:
# - name: sexcat_id
#   datatype: int32
# - name: x
#   datatype: int32
# - name: y
#   datatype: int32
# - name: sep
#   datatype: float64
# - name: weight
#   datatype: float64
# schema: astropy-2.0
sexcat_id x y sep weight
33 1389 1079 7.216498666250713 1.1446179738539346
33 1390 1079 6.820106524094654 1.3390318162446302
33 1391 1079 6.553613735947414 1.5087629372188416
33 1388 1080 6.912875884897569 1.1235018623493551
33 1389 1080 6.342227763175847 1.3819319211059522
33 1390 1080 5.887261927245861 1.6633055330753455
33 1391 1080 5.576365572664582 1.9225327904480756
33 1392 1080 5.434321760808698 2.086117858937746
33 1393 1080 5.474290182297528 2.0888729084094866
33 1394 1080 5.692438229792156 1.9295643700110934
33 1395 1080 6.0695842526485615 1.6721280702751804
33 1396 1080 6.578438492529937 1.3905893716180648
33 1387 1081 6.89186861453397 1.0307139182179634
33 1388 1081 6.159046435934587 1.3123036409023237
33 1389 1081 5.5108849561571045 1.6656638269659068
33 1390 1081 4.980547459868125 2.0795483244825896
33 1391 1081 4.608888477713362 2.4916850522674094
33 1392 1081 4.435972610375219 2.7648925704620537
33 1393 1081 4.484847043099607 2.756349391378261
33 1394 1081 4.74866855023589 2.4712126672748376
33 1395 1081 5.194790948633023 2.0560760788570707
33 1396 1081 5.781163637192752 1.64452597046132
33 1387 1082 6.296336474490429 1.1585755989899544
33 1388 1082 5.484510278958252 1.5146355321594647
33 1389 1082 4.7450872489343 1.9924391710479774
33 1390 1082 4.117262804339677 2.60608314142702
33 1391 1082 3.65894151360734 3.290634098762757
33 1392 1082 3.4385829930364227 3.7879821097833037
33 1393 1082 3.5014072885055048 3.7443910294681833
33 1394 1082 3.8335170535683836 3.197048787810391
33 1395 1082 4.373997370826801 2.5123670981963078
33 1396 1082 5.056466453957736 1.9168700335305882
33 1397 1082 5.831282277509816 1.4577877133263066
33 1387 1083 5.812904007464665 1.2784432712002025
33 1388 1083 4.921976533873248 1.7144635657916985
33 1389 1083 4.081893310707552 2.3418412484737945
33 1390 1083 3.331344023063245 3.240630889780095
33 1391 1083 2.7447865126452657 4.422045003168257
33 1392 1083 2.4433282628413866 5.445559861757765
33 1393 1083 2.530978664469469 5.282242422302987
33 1394 1083 2.973525348807339 4.138935883709418
33 1395 1083 3.643878839917699 3.0092928068267124
33 1396 1083 4.440028490899592 2.1785610586449935
33 1387 1084 5.471366648288062 1.3768243660888244
33 1388 1084 4.513518915436059 1.885614929384147
33 1389 1084 3.578806085833549 2.6643370469282646
33 1390 1084 2.691440692268621 3.9116235554524477
33 1391 1084 1.9182942944187538 5.949214548616802
33 1392 1084 1.4545971951023737 8.466443796055767
33 1393 1084 1.5974520337086313 7.780586155480123
33 1394 1084 2.2333501740658566 5.207371428442175
33 1395 1084 3.0698294740913767 3.45317551352847
33 1396 1084 3.9824430943831817 2.3819564185608777
33 1387 1085 5.299231359357613 1.4393197142320329
33 1388 1085 4.3032375021603535 1.9957986400454923
33 1389 1085 3.3096605566129336 2.880402634216801
33 1390 1085 2.321605694341651 4.4106362828216685
33 1391 1085 1.351241281192863 7.462594890952296
33 1392 1085 0.5117157414032508 15.114988628934475
33 1393 1085 0.8353759632644621 11.1415680196858
33 1394 1085 1.770269188569969 5.951398576626551
33 1395 1085 2.751336584280507 3.6875698768355356
33 1396 1085 3.742439445067946 2.4736901134661538
33 1387 1086 5.312989083369108 1.45506433790583
33 1388 1086 4.320168168023031 2.0186930436195407
33 1389 1086 3.331644188685163 2.9145301594068354
33 1390 1086 2.352839348531847 4.460807064419947
33 1391 1086 1.4042268335279435 7.505417456768235
33 1392 1086 0.6386336978269032 14.132466128552766
33 1393 1086 0.9186147179314151 10.370352272130674
33 1394 1086 1.8110364435870314 5.742023437212314
33 1395 1086 2.77774242866406 3.5958138008557703
33 1387 1087 5.511247862326599 1.4210980014377677
33 1388 1087 4.561781779085849 1.9482408240895712
33 1389 1087 3.639485265803367 2.7529759791875144
33 1390 1087 2.771615593836914 4.027667502403511
33 1391 1087 2.0292493686090185 6.019512382616376
33 1392 1087 1.5980779079882963 8.04215777401486
33 1393 1087 1.7291191399092194 7.03516446066181
33 1394 1087 2.329346045567414 4.784983504379329
33 1388 1088 4.99558334931966 1.802425262222936
33 1389 1088 4.17035406170747 2.4563517083915793
33 1390 1088 3.439164578789468 3.3684321221935427
33 1391 1088 2.874691809568512 4.478252063217716
33 1392 1088 2.5884074254259963 5.227123792194948
33 1389 1089 4.8515825253210085 2.108738569855304
33 1390 1089 4.239558113766141 2.718220023035678
33 1391 1089 3.7960312169423043 3.3305931264250446
33 1390 1090 5.110758554265747 2.1699577274929718
33 1391 1090 4.74930026424953 2.519924549672837
33 1392 1090 4.58168669814958 2.6808922661272563
33 1391 1091 5.718553400992321 1.9428467804906162
33 1392 1091 5.580130195613807 2.028613073110601
33 1391 1092 6.696853962869508 1.5236917079495238
33 1392 1092 6.579046511463585 1.5720963005053195
33 1393 1092 6.6120989859500225 1.5234858221910914
33 1392 1093 7.5782486763104675 1.2412420113202312
33 1393 1093 7.606960825454638 1.207389217043299
91 1371 1986 6.569421055161648 1.0929343717018454
91 1372 1986 5.985924573530906 1.2964926248932833
91 1373 1986 5.523159693508883 1.4886128096347229
91 1374 1986 5.213376353190043 1.6281772805314683
91 1375 1986 5.084613357965489 1.6732975159826298
91 1376 1986 5.150465318784417 1.6080447141818481
91 1370 1987 6.581739359774207 1.0654267464920328
91 1371 1987 5.830376745974565 1.3323336878091927
91 1372 1987 5.164038439051451 1.6438362513785867
91 1373 1987 4.6196637323511895 1.9669472177117717
91 1374 1987 4.24444260180308 2.2261995618974035
91 1375 1987 4.085253113333478 2.322417482844748
91 1376 1987 4.166928485107569 2.20876946948894
91 1377 1987 4.4763034973067715 1.939966523732958
91 1378 1987 4.971045463481582 1.6155173814023618
91 1379 1987 5.602257848403695 1.3071106183056787
91 1370 1988 6.0129271573835625 1.2296793277611753
91 1371 1988 5.179700087842997 1.595612794093186
91 1372 1988 4.416253276251344 2.0660718956320645
91 1373 1988 3.765274624778478 2.6205008401886905
91 1374 1988 3.2941300824346156 3.1372871549172134
91 1375 1988 3.08630734049619 3.3654696649558913
91 1376 1988 3.1936331974728476 3.1431890561777753
91 1377 1988 3.587937151066142 2.6285319001859233
91 1378 1988 4.188948913510476 2.073454136772572
91 1379 1988 4.921513283533895 1.601519913987228
91 1370 1989 5.566982396235914 1.3746449875330435
91 1371 1989 4.654599123447747 1.8490167581856043
91 1372 1989 3.786725894489924 2.525661963005383
91 1373 1989 3.0022146825302976 3.463546751336558
91 1374 1989 2.384804604155333 4.569256094560876
91 1375 1989 2.088370896177317 5.212043591949878
91 1376 1989 2.2439458549618414 4.686167178755614
91 1377 1989 2.7765613625490806 3.5879497120485992
91 1378 1989 3.518990338151042 2.6198719409567346
91 1379 1989 4.365465954511656 1.9153847509798922
91 1370 1990 5.275158101896126 1.471438086582565
91 1371 1990 4.301312939092007 2.0338714300685665
91 1372 1990 3.3429467539882087 2.909142018037153
91 1373 1990 2.418531165811241 4.341362683610385
91 1374 1990 1.5884876455296268 6.711101899098864
91 1375 1990 1.0942088466102966 9.127773423889483
91 1376 1990 1.3679521190451855 7.349345297746214
91 1377 1990 2.131969277452232 4.762249564953539
91 1378 1990 3.0363288688809997 3.1604051900828996
91 1370 1991 5.163651130740741 1.495084469333868
91 1371 1991 4.163807512361745 2.087710511727726
91 1372 1991 3.164062736419758 3.0438341307374084
91 1373 1991 2.1645537646360427 4.74088853724125
91 1374 1991 1.165887215814653 8.336456507147117
91 1375 1991 0.18246369501909457 21.472507698936354
91 1376 1991 0.8410071343335913 10.474858519839056
91 1377 1991 1.838829247102617 5.572629297167209
91 1378 1991 2.838184807231544 3.4733658844578983
91 1370 1992 5.243976830612423 1.4387356280495702
91 1371 1992 4.263014543723712 1.9888598078649233
91 1372 1992 3.293522885908017 2.8493814202094465
91 1373 1992 2.3497431774557516 4.280060225919455
91 1374 1992 1.481652118413708 6.7894826943003865
91 1375 1992 0.9323588365000927 10.086708840706516
91 1376 1992 1.2422934435952662 8.263777269393016
91 1377 1992 2.0536048792306087 5.161467206283416
91 1371 1993 4.583589532233408 1.7758751272673705
91 1372 1993 3.6990935376115672 2.438379758179441
91 1373 1993 2.8908983032959905 3.391052828043601
91 1374 1993 2.243054390780485 4.628396706253971
91 1375 1993 1.9249137643020768 5.599875303413251
91 1376 1993 2.0926760379952674 5.241572632800034
91 1377 1993 2.655803644850189 4.012414675465815
91 1372 1994 4.303404814794844 1.9799461663551956
91 1373 1994 3.6322572871424486 2.5611467509651784
91 1374 1994 3.1412247611400557 3.174776145419567
91 1375 1994 2.9225490586129395 3.5692082913313423
91 1376 1994 3.0356701072414567 3.4675393798232284
91 1377 1994 3.4480854107749903 2.9505194531783165
91 1374 1995 4.08696623426218 2.2503682188539633
91 1375 1995 3.9213891671191172 2.443822639998455
91 1376 1995 4.006406494603255 2.4103561973998207
91 1377 1995 4.327273159854728 2.1676861970365753
91 1376 1996 4.988716568417064 1.7404228126539227
51 819 1370 27.615168368127033 0.10938844930677553
51 820 1370 27.068016624791774 0.11200563686582853
51 821 1370 26.547269614783435 0.11437158196670485
51 822 1370 26.054510626761033 0.11645728243563298
51 823 1370 25.591356431420426 0.11823614021533933
51 824 1370 25.159442044687786 0.11968469959007774
51 825 1370 24.760402339219034 0.1207833318191716
51 818 1371 27.38162748997955 0.11889688990975934
51 819 1371 26.792415419293643 0.12236836160042674
51 820 1371 26.228105612110145 0.1255961062981942
51 821 1371 25.69033911804209 0.1285407248007346
51 822 1371 25.18081658723568 0.13116437057392083
51 823 1371 24.701285877459974 0.13343177299223852
51 824 1371 24.253526011695772 0.13531126110906638
51 825 1371 23.839327255608605 0.13677573843383498
51 826 1371 23.460467258773924 0.13780355728249863
51 827 1371 23.118683440023204 0.13837924338179297
51 828 1371 22.815642090460727 0.13849402775801678
51 817 1372 27.21965326744637 0.1282753590193881
51 818 1372 26.589274604622137 0.13274117331363364
51 819 1372 25.982100069086094 0.13699195438976594
51 820 1372 25.39979377869048 0.14097717744753696
51 821 1372 24.8441044113086 0.14464625467782788
51 822 1372 24.31685678701101 0.1479498103657123
51 823 1372 23.81993963048612 0.15084105560464947
51 824 1372 23.355288994144416 0.153277203591943
51 825 1372 22.924866935273652 0.1552208556405374
51 826 1372 22.53063523294457 0.15664128188181767
51 827 1372 22.174524211355767 0.15751552052808357
51 828 1372 21.85839710500299 0.15782922627432244
51 829 1372 21.58401084136132 0.15757721187540072
51 816 1373 27.1305275289664 0.13722980491456477
51 817 1373 26.460263112826443 0.1428182460076837
51 818 1373 25.811344870037352 0.14824775849884203
51 819 1373 25.185422847353657 0.15345728208082876
51 820 1373 24.584253578256213 0.15838318128478984
51 821 1373 24.009696457889746 0.16296063936761904
51 822 1373 23.463706527315825 0.1671252968195772
51 823 1373 22.948322901685064 0.1708150819435261
51 824 1373 22.46565209380763 0.1739721574387939
51 825 1373 22.017845580346936 0.17654488635180596
51 826 1373 21.607071157378158 0.17848970620916255
51 827 1373 21.235477955534765 0.1797727944330957
51 828 1373 20.905155440704164 0.1803714132311687
51 829 1373 20.618087302172402 0.18027483870037658
51 830 1373 20.37610178616123 0.17948480590675533
51 816 1374 26.406467465376803 0.15224093795207957
51 817 1374 25.717338975873915 0.1589834666882818
51 818 1374 25.049182102416108 0.16558667163398696
51 819 1374 24.403719470605363 0.17197551981162007
51 820 1374 23.782798910136783 0.1780702795304241
51 821 1374 23.188392009796697 0.18378818606047512
51 822 1374 22.62258879969318 0.18904550405483395
51 823 1374 22.087587555004806 0.19375993291255786
51 824 1374 21.58567867823486 0.1978532626350404
51 825 1374 21.11922167126438 0.20125415060645274
51 826 1374 20.69061439397107 0.2039008594143272
51 827 1374 20.302254160560665 0.20574377773353286
51 828 1374 19.9564907736807 0.20674754492911138
51 829 1374 19.65557233967006 0.20689261790542077
51 830 1374 19.40158560530563 0.20617615553736626
51 831 1374 19.196393515449785 0.20461214833202312
51 816 1375 25.700924574808656 0.16876626338995146
51 817 1375 24.992349309338717 0.17689725670881656
51 818 1375 24.30426966604846 0.18492755827100665
51 819 1375 23.63847550075942 0.1927658850308626
51 820 1375 22.99690248707428 0.2003130817903757
51 821 1375 22.38163363117186 0.20746401600262065
51 822 1375 21.794896742127573 0.21411009402310102
51 823 1375 21.239056570384736 0.22014235896029088
51 824 1375 20.71660020370145 0.22545506931411918
51 825 1375 20.23011428539154 0.22994959342469018
51 826 1375 19.78225275341519 0.23353839597313977
51 827 1375 19.375694155307126 0.2361488493297227
51 828 1375 19.01308822890176 0.23772658393976218
51 829 1375 18.696992378454954 0.23823810505667345
51 830 1375 18.42979989039497 0.23767245019546648
51 831 1375 18.213663113168707 0.2360417390315748
51 832 1375 18.050416172487612 0.2333805656682431
51 833 1375 17.941502835604442 0.22974428859065205
51 834 1375 17.887915585668505 0.22520637107453267
51 815 1376 25.762249979378808 0.17713945595106617
51 816 1376 25.01546569624486 0.18687367281471187
51 817 1376 24.28690025507585 0.19666921040407676
51 818 1376 23.578242597785003 0.20643015414402885
51 819 1376 22.89134168195484 0.216046982295276
51 820 1376 22.228214593169717 0.22539768335038357
51 821 1376 21.591051942876778 0.23434973811722645
51 822 1376 20.982219234389937 0.24276304196066617
51 823 1376 20.404252595966433 0.25049377340924245
51 824 1376 19.859847028615373 0.2573991239928937
51 825 1376 19.351835158454683 0.2633426980765657
51 826 1376 18.88315450341925 0.2682002834167227
51 827 1376 18.456801564734953 0.2718656004480472
51 828 1376 18.0757717400946 0.2742555798320687
51 829 1376 17.74298520542703 0.2753147100101873
51 830 1376 17.461200531464108 0.27501804875076147
51 831 1376 17.232919775824477 0.27337260358785503
51 832 1376 17.060290853323757 0.2704169422875634
51 833 1376 16.945014724101075 0.2662190727503563
51 834 1376 16.88826586716357 0.2608728037336036
51 835 1376 16.890634209525764 0.25449293657700994
51 815 1377 25.118310532358727 0.19499558359737906
51 816 1377 24.351786874888735 0.20659741629328335
51 817 1377 23.602743993019185 0.2183787433073248
51 818 1377 22.872899335239577 0.23023027501751323
51 819 1377 22.164149521242702 0.2420231222108081
51 820 1377 21.47858291414969 0.2536093751620042
51 821 1377 20.8184899548455 0.2648238545375628
51 822 1377 20.186369757834193 0.27548722947591014
51 823 1377 19.584931044045135 0.2854106159167478
51 824 1377 19.01708505528654 0.2944016412854429
51 825 1377 18.485927728951086 0.30227179550566147
51 826 1377 17.99470822214138 0.30884469945487014
51 827 1377 17.54678101533163 0.31396473797575036
51 828 1377 17.145539478243386 0.31750536085892195
51 829 1377 16.794330114654837 0.3193762880227185
51 830 1377 16.496348808145463 0.31952889166345466
51 831 1377 16.254523185870518 0.3179591771534814
51 832 1377 16.07138836566406 0.3147080304359204
51 833 1377 15.948966236091982 0.3098587039704739
51 834 1377 15.888660233009011 0.303531822577568
51 835 1377 15.891177552340226 0.29587845017949616
51 836 1377 15.956488460811228 0.2870719264118553
51 815 1378 24.498275939339145 0.21413574174923372
51 816 1378 23.711717019229187 0.2279221293842762
51 817 1378 22.941785545157618 0.24205697907395615
51 818 1378 22.190212346888504 0.2564200759491682
51 819 1378 21.45892644099427 0.2708638307141818
51 820 1378 20.750072867342006 0.2852126993532646
51 821 1378 20.066029103935907 0.29926409331821635
51 822 1378 19.4094184353886 0.31279118017846186
51 823 1378 18.78311805851208 0.3255478997231021
51 824 1378 18.19025904158604 0.3372763650616832
51 825 1378 17.634214584154364 0.34771657772133574
51 826 1378 17.118572487214067 0.35661807432951853
51 827 1378 16.64708755308274 0.3637527784557338
51 828 1378 16.223610079140904 0.36892801582103646
51 829 1378 15.851988014126247 0.37199843873109584
51 830 1378 15.535942971059148 0.37287556501963864
51 831 1378 15.278924176786862 0.3715338082695734
51 832 1378 15.083949217628717 0.3680122526230524
51 833 1378 14.953445221754148 0.3624119472869997
51 834 1378 14.889107562241662 0.35488906263966513
51 835 1378 14.891793847619628 0.34564474844681664
51 836 1378 14.961467976104542 0.33491287145590626
51 837 1378 15.097202522321863 0.32294693541485203
51 814 1379 24.724917067606174 0.2188045260638957
51 815 1379 23.90400644243561 0.23444626524156845
51 816 1379 23.09721896679345 0.2507633327939299
51 817 1379 22.306087151268887 0.2676635101365128
51 818 1379 21.532336705522763 0.2850213766520258
51 819 1379 20.777909519487345 0.30267453945883643
51 820 1379 20.044987503114157 0.3204209334872828
51 821 1379 19.33601623913268 0.3380178393053505
51 822 1379 18.65372681262387 0.3551833351016993
51 823 1379 18.00115340749038 0.37160088320814644
51 824 1379 17.38164330551063 0.38692760773526846
51 825 1379 16.798854841923077 0.40080651490774266
51 826 1379 16.256737803138805 0.41288243470369124
51 827 1379 15.759489966366369 0.42282085909069456
51 828 1379 15.311483402988822 0.43032821111663255
51 829 1379 14.917155358847815 0.43517154110336453
51 830 1379 14.580861565764968 0.43719536977947293
51 831 1379 14.306695076082455 0.43633350959889977
51 832 1379 14.098280888108375 0.43261423517404846
51 833 1379 13.958564539378747 0.4261580645119456
51 834 1379 13.889619289239059 0.4171684697480585
51 835 1379 13.892498839301792 0.40591682080375746
51 836 1379 13.967158766191554 0.3927235628645327
51 837 1379 14.112459884796893 0.37793791426236323
51 838 1379 14.326252964400757 0.3619182400066222
51 814 1380 24.17762444906453 0.23749809918647385
51 815 1380 23.337470385626695 0.2557319837272912
51 816 1380 22.51038702466048 0.2749449473445048
51 817 1380 21.697869111965876 0.2950580500860252
51 818 1380 20.901615344274298 0.3159512598094585
51 819 1380 20.12355644512179 0.3374565426419394
51 820 1380 19.36588557231511 0.3593516839167468
51 821 1380 18.63109025258593 0.38135575759327384
51 822 1380 17.921984376736926 0.40312739153083404
51 823 1380 17.24173784744457 0.4242671230190768
51 824 1380 16.593900204593325 0.44432511657107315
51 825 1380 15.982412959249999 0.4628152289307907
51 826 1380 15.411603550571959 0.47923578137634765
51 827 1380 14.886152088434477 0.49309642949894
51 828 1380 14.41102092150317 0.503949308998122
51 829 1380 13.991337462873304 0.5114214171619101
51 830 1380 13.632223736426933 0.5152442983872952
51 831 1380 13.338572787221347 0.515276878374259
51 832 1380 13.114782651649312 0.5115179439133302
51 833 1380 12.964471605121501 0.5041062516261112
51 834 1380 12.890210393938558 0.4933082477850979
51 835 1380 12.893313150621974 0.4794953847417742
51 836 1380 12.973724368892746 0.46311451811592463
51 837 1380 13.130023762354789 0.4446555366088157
51 838 1380 13.359548046247722 0.42462016637120287
51 815 1381 22.800735163586346 0.2776993279976139
51 816 1381 21.953439912688008 0.30017536353382324
51 817 1381 21.119505770732484 0.32396808826161244
51 818 1381 20.300579400598462 0.348980195897718
51 819 1381 19.498551843662714 0.3750550800715174
51 820 1381 18.715595742588654 0.40196546140397094
51 821 1381 17.954206303816452 0.42940295313252336
51 822 1381 17.217244959632836 0.45697018856820254
51 823 1381 16.50798364428564 0.48417761513971114
51 824 1381 15.830146051126698 0.5104473882100073
51 825 1381 15.18794008415895 0.5351267740809221
51 826 1381 14.586072946478845 0.557512871419389
51 827 1381 14.029737132248844 0.5768891144822771
51 828 1381 13.524552635854612 0.5925719353464928
51 829 1381 13.076449212228901 0.6039634331055279
51 830 1381 12.691474461227969 0.6106035500983715
51 831 1381 12.375521160743158 0.6122139116037802
51 832 1381 12.133982198767297 0.6087258602488819
51 833 1381 11.971362662621226 0.6002875417790913
51 834 1381 11.89090089101753 0.5872487000673869
51 835 1381 11.894264332021608 0.5701260408168799
51 836 1381 11.98138239102656 0.5495553793601137
51 837 1381 12.150453654082273 0.5262384088594669
51 838 1381 12.3981258261078 0.5008916050428296
51 839 1381 12.719808331889327 0.47420297175869075
51 815 1382 22.295953085705996 0.2999424469261815
51 816 1382 21.428707940517615 0.32602503245470726
51 817 1382 20.573515110452142 0.3539554371519078
51 818 1382 19.731941718949063 0.3836849639147482
51 819 1382 18.90580662124741 0.41509639350083966
51 820 1382 18.09722420704353 0.447985621741918
51 821 1382 17.308654598206132 0.482042407346264
51 822 1382 16.54295995280174 0.5168321559290339
51 823 1382 15.803465569298469 0.5517816949907719
51 824 1382 15.09402279049565 0.5861730533487639
51 825 1382 14.419068069747158 0.6191500319423618
51 826 1382 13.78366874239228 0.6497423588983336
51 827 1382 13.193540995502378 0.6769108968752846
51 828 1382 12.655019715512173 0.6996142980448107
51 829 1382 12.17495478431036 0.7168927634783583
51 830 1382 11.760506961861877 0.7279590672436466
51 831 1382 11.41882323183968 0.7322825079910005
51 832 1382 11.156591056411521 0.729650025634932
51 833 1382 10.97950472471329 0.7201917349630167
51 834 1382 10.891718138108486 0.7043652651620589
51 835 1382 10.895390034321915 0.6829023657770893
51 836 1382 10.990428745049087 0.6567291101994263
51 837 1382 11.174503299923499 0.6268751543581814
51 838 1382 11.443317875511502 0.594387091967853
51 839 1382 11.791078152569467 0.5602570163247396
51 840 1382 12.211041069458448 0.5253719581972771
51 815 1383 21.825341326082455 0.32193618240451716
51 816 1383 20.938613230106778 0.35191030188590255
51 817 1383 20.06254031771656 0.38438706530920735
51 818 1383 19.198581301752544 0.4194018999672107
51 819 1383 18.348447454757647 0.45691844114836005
51 820 1383 17.514152106225474 0.4968019627458026
51 821 1383 16.69806946925309 0.538788486197267
51 822 1383 15.903003615669656 0.5824511779776358
51 823 1383 15.132267642359556 0.6271673465443296
51 824 1383 14.389771506177642 0.6720915794548634
51 825 1383 13.680114180810111 0.7161430144248906
51 826 1383 13.008671108149434 0.7580166729706449
51 827 1383 12.381660793286244 0.7962289567791456
51 828 1383 11.806164660888044 0.8292042877713803
51 829 1383 11.290063064482927 0.8554023586865955
51 830 1383 10.841841356522496 0.873474005237137
51 831 1383 10.470220819065922 0.8824212950782443
51 832 1383 10.183590918728099 0.8817292913618979
51 833 1383 9.989270443831288 0.8714383196713619
51 834 1383 9.892700541308287 0.8521382054789444
51 835 1383 9.896743100636753 0.8248859946487026
51 836 1383 10.001276118576124 0.7910680933895164
51 837 1383 10.203211455223352 0.7522388988412596
51 838 1383 10.49692926526615 0.7099677837310067
51 839 1383 10.87499535632089 0.6657171957279945
51 840 1383 11.32896835550355 0.6207620706551884
51 841 1383 11.850127594249807 0.576149746556841
51 815 1384 21.391155275019685 0.34304060350239624
51 816 1384 20.485641898656787 0.37708993905917115
51 817 1384 19.589321682998683 0.4144185384247263
51 818 1384 18.703516353883895 0.45519046982676076
51 819 1384 17.82979315639983 0.49950610211291885
51 820 1384 16.97001838537608 0.5473678361601781
51 821 1384 16.126423162003473 0.5986363198477475
51 822 1384 15.301683698207919 0.6529771764092455
51 823 1384 14.49901803571545 0.7098003813614026
51 824 1384 13.722300244492606 0.7681979342365118
51 825 1384 12.976190658278792 0.8268905160987944
51 826 1384 12.266275881456512 0.884199850785302
51 827 1384 11.59920359335078 0.9380686798574465
51 828 1384 10.982783071699156 0.9861511530808629
51 829 1384 10.426002301937281 1.0259884986747008
51 830 1384 9.938889475187931 1.0552648900466695
51 831 1384 9.532131136320007 1.0721086931126305
51 832 1384 9.216372605315026 1.0753754224268741
51 833 1384 9.00119569835037 1.0648372688972583
51 834 1384 8.893903754819991 1.0412222775887756
51 835 1384 8.898400080913483 1.0060908239927897
51 836 1384 9.014517402501422 0.9615876667413956
51 837 1384 9.23804762923427 0.9101400827728238
51 838 1384 9.561460348712473 0.8541743253413046
51 839 1384 9.975045062554894 0.795899878516463
51 840 1384 10.468119410858892 0.7371798229698008
51 841 1384 11.030028286455146 0.6794803076163121
51 842 1384 11.650816452077533 0.62387869627931
51 858 1384 25.15991899827977 0.14209698755438532
51 859 1384 26.097921832973586 0.1300400248340504
51 815 1385 20.995654883808754 0.36252183250147235
51 816 1385 20.07230739103012 0.400681722202855
51 817 1385 19.156657432861355 0.4430008800005907
51 818 1385 18.24986367072374 0.48982201473190207
51 819 1385 17.353314496084085 0.5414497877887006
51 820 1385 16.468683128896554 0.5981125544754238
51 821 1385 15.597997435568514 0.6599083698678657
51 822 1385 14.743728293752632 0.7267318966775966
51 823 1385 13.908900891156058 0.798180297414035
51 824 1385 13.097233448328 0.8734399414561015
51 825 1385 12.31330678575019 0.9511631000457397
51 826 1385 11.562764548325006 1.0293557232599688
51 827 1385 10.852535371976519 1.1053132110189705
51 828 1385 10.191051172474872 1.1756562174307004
51 829 1385 9.588405706894205 1.2365224541895006
51 830 1385 9.056352687478624 1.2839482269742695
51 831 1385 8.60799186802597 1.3144149554126319
51 832 1385 8.256968208731408 1.325452388051338
51 833 1385 8.01607909142625 1.3161236937306737
51 834 1385 7.895411578885613 1.2872221461019595
51 835 1385 7.900476188180111 1.2411041317822142
51 836 1385 8.031035051598321 1.1812226043356318
51 837 1385 8.281154750395672 1.1115265441596158
51 838 1385 8.640458552646423 1.0359042566081544
51 839 1385 9.096016930503188 0.9577858593403435
51 840 1385 9.63418517571676 0.8799361830591925
51 841 1385 10.24194922854046 0.8044078564828833
51 842 1385 10.907681880216366 0.7325992631408127
51 856 1385 22.936815908054882 0.18516148968409804
51 857 1385 23.878390314256933 0.16864977265385767
51 858 1385 24.82453471870116 0.1537681021006334
51 859 1385 25.774745857136967 0.14034363012699488
51 860 1385 26.728590011446528 0.12822220326407177
51 861 1385 27.685691683611573 0.11726653032366097
51 862 1385 28.64572435809573 0.10735444050565965
51 815 1386 20.64106402296166 0.3795924613826091
51 816 1386 19.701104639080576 0.4217055813063479
51 817 1386 18.767352610317793 0.46892212995785015
51 818 1386 17.840782606152736 0.5218116991267044
51 819 1386 16.922574390440776 0.5809541865715478
51 820 1386 16.014166353575884 0.6469056388185325
51 821 1386 15.117325292524528 0.720143306849402
51 822 1386 14.234237738635734 0.800981614061793
51 823 1386 13.367629707618388 0.8894495570613034
51 824 1386 12.520923448372391 0.9851209956123327
51 825 1386 11.698441092726908 1.0868951474412434
51 826 1386 10.9056647665331 1.1927397353462257
51 827 1386 10.149557822880826 1.299438517827465
51 828 1386 9.438936592646511 1.4024296168220607
51 829 1386 8.78484627070965 1.495869662919288
51 830 1386 8.200824592685859 1.5730761001084568
51 831 1386 7.702825715281445 1.6274296990944033
51 832 1386 7.30845565081988 1.6536256695063378
51 833 1386 7.03516339540177 1.6489066630794862
51 834 1386 6.897356305136112 1.6137792777168989
51 835 1386 6.903153192563585 1.5518786574709347
51 836 1386 7.052199940444169 1.4690468294600867
51 837 1386 7.335770170881901 1.3720429710805004
51 838 1386 7.739090644255344 1.267370221077572
51 839 1386 8.244605751641526 1.1605115501352838
51 840 1386 8.83479054647027 1.0556158376293658
51 841 1386 9.49386770499781 0.9555183454073257
51 842 1386 10.208502534652196 0.8619419983896923
51 843 1386 10.967840443770152 0.7757579863012768
51 844 1386 11.76322761830273 0.6972340790879943
51 855 1386 21.662260362205956 0.22149578778525275
51 856 1386 22.612685024118637 0.2008789795005446
51 857 1386 23.56721290267475 0.18240942727448514
51 858 1386 24.525364910638928 0.16584336797505123
51 859 1386 25.486732313107524 0.1509659811058251
51 860 1386 26.450964519276024 0.13758807074006807
51 861 1386 27.41775928116663 0.12554303216009158
51 862 1386 28.386854774701597 0.1146841204138745
51 863 1386 29.3580231623316 0.10488201651380596
51 815 1387 20.32952345727765 0.3934715129983718
51 816 1387 19.37445545041207 0.4391559783665017
51 817 1387 18.42415599152379 0.4908913130715009
51 818 1387 17.47940285021207 0.5495098255094393
51 819 1387 16.541146393161565 0.6159264667982617
51 820 1387 15.610558093803109 0.6911210055034499
51 821 1387 14.68909541122263 0.7760990873553815
51 822 1387 13.778589332729299 0.8718193035494827
51 823 1387 12.881363437152201 0.9790676882499716
51 824 1387 12.000396826772082 1.0982547663472377
51 825 1387 11.139547746654772 1.2291061416759943
51 826 1387 10.303859665193492 1.3702226527582142
51 827 1387 9.499974947335454 1.5185144426737336
51 828 1387 8.736676942636782 1.6685866621822174
51 829 1387 8.02555443567615 1.8122911780534292
51 830 1387 7.381701971767829 1.9388344267704782
51 831 1387 6.824186691467415 2.035914216495098
51 832 1387 6.375697922580783 2.0920979351146727
51 833 1387 6.06048875916793 2.0999092484497557
51 834 1387 5.899959660879111 2.058256447045524
51 835 1387 5.906735477402107 1.9728126305765041
51 836 1387 6.080256902467249 1.854110626775629
51 837 1387 6.406990245037099 1.7144893611979004
51 838 1387 6.865094609690421 1.5653931301782364
51 839 1387 7.430311164412995 1.4158449358230842
51 840 1387 8.080193314519173 1.2720659500945484
51 841 1387 8.795994770348619 1.1378000781890554
51 842 1387 9.562924448096418 1.014907633405169
51 843 1387 10.369644352628498 0.903959753177563
51 844 1387 11.2075654805136 0.804720305949008
51 854 1387 20.406114867852708 0.2660037810262542
51 855 1387 21.365615460360583 0.24010214551025474
51 856 1387 22.3286704485511 0.21705484720489251
51 857 1387 23.294838999228972 0.19651385143792888
51 858 1387 24.26374917443714 0.17817657064472922
51 859 1387 25.235085179170667 0.16177983852468558
51 860 1387 26.208577298281547 0.14709460364391078
51 861 1387 27.183993893466038 0.13392130044261075
51 862 1387 28.16113499133156 0.12208583659194527
51 863 1387 29.139827109988122 0.111436129075792
51 864 1387 30.119919056996128 0.10183912181128857
51 815 1388 20.0630387528909 0.40345884407599175
51 816 1388 19.094646474863104 0.4520992334974655
51 817 1388 18.12968626314316 0.5076635053868905
51 818 1388 17.168736820162447 0.5712582376593595
51 819 1388 16.212511341553526 0.6441636426591529
51 820 1388 15.261897785007003 0.7278457074605087
51 821 1388 14.318013968424586 0.8239550819353428
51 822 1388 13.382283960520398 0.9342991039995083
51 823 1388 12.456545428006972 1.0607635264834134
51 824 1388 11.543202501905672 1.2051450674108415
51 825 1388 10.645446162561779 1.368833578863754
51 826 1388 9.767575134085288 1.5522555970121188
51 827 1388 8.915465439336364 1.7539728589807915
51 828 1388 8.097254102472089 1.969361762314379
51 829 1388 7.324310479492319 2.1889752344809765
51 830 1388 6.612527807124968 2.397140076330942
51 831 1388 5.983771720244754 2.5720773286923055
51 832 1388 5.466765405612425 2.689286946083125
51 833 1388 5.095637742226257 2.728743467017911
51 834 1388 4.903623558145612 2.6829989914658374
51 835 1388 4.911774017603066 2.5606545951815396
51 836 1388 5.119133129739887 2.382372863083589
51 837 1388 5.503228506976647 2.1726589197899475
51 838 1388 6.030383404063157 1.9529011268068786
51 839 1388 6.66674763284169 1.7382803292768514
51 840 1388 7.384140031174938 1.5378243751696954
51 841 1388 8.161220742021388 1.3558631859351953
51 842 1388 8.982512120782252 1.1936545736806083
51 843 1388 9.836946884069263 1.0506733574607208
51 844 1388 10.716600393781599 0.9254834329361854
51 845 1388 11.615744659728012 0.8162727014863017
51 853 1388 19.171998435217944 0.32065716709247766
51 854 1388 20.140643584553082 0.2879221510403413
51 855 1388 21.11221267418456 0.2590146151014107
51 856 1388 22.08631983830713 0.23343184239176742
51 857 1388 23.06264347380844 0.21074339292271188
51 858 1388 24.040913543374323 0.19058012860292298
51 859 1388 25.020901742343316 0.17262489700087896
51 860 1388 26.002413811029136 0.15660465805568996
51 861 1388 26.985283470810508 0.14228384637692928
51 862 1388 27.969367601002325 0.12945878106618974
51 863 1388 28.954542372484468 0.11795295807027237
51 864 1388 29.940700125414544 0.10761308325732803
51 865 1388 30.927746830314014 0.09830572591205984
51 815 1389 19.843425208365662 0.40901332603668644
51 816 1389 18.863762191037125 0.45978261291318434
51 817 1389 17.886350214619018 0.5181910290354844
51 818 1389 16.911579583232363 0.5855976031568897
51 819 1389 15.939934880670046 0.6636318337906884
51 820 1389 14.972024712776877 0.7542457429776321
51 821 1389 14.008623201442797 0.8597694632339925
51 822 1389 13.050728868534561 0.9829628729285252
51 823 1389 12.099649746996866 1.1270463079182573
51 824 1389 11.157128842135025 1.2956747727039635
51 825 1389 10.225532944546273 1.4927846788219457
51 826 1389 9.308142886741754 1.722177684891874
51 827 1389 8.409609027772992 1.9865979735262875
51 828 1389 7.536678578790591 2.2859079853991613
51 829 1389 6.699367432825347 2.61385872886823
51 830 1389 5.9128270734058175 2.953239351966252
51 831 1389 5.200146536396906 3.270749117500215
51 832 1389 4.595815923206744 3.516606060596925
51 833 1389 4.147472001111109 3.6369763777396167
51 834 1389 3.909158988836411 3.599898510683776
51 835 1389 3.919378011878982 3.415635682197489
51 836 1389 4.176305065485562 3.1297744411890047
51 837 1389 4.639129659753033 2.79687864722657
51 838 1389 5.253715256844457 2.459709055098026
51 839 1389 5.9734013761005675 2.1436317983348356
51 840 1389 6.764726454188675 1.8601137544341078
51 841 1389 7.605361529868255 1.6120742875001528
51 842 1389 8.480655870862815 1.3980163851313716
51 843 1389 9.3809127487681 1.2145468080556212
51 844 1389 10.299588535470715 1.0577250205365407
51 845 1389 11.23216470676956 0.9237128848527127
51 852 1389 17.964451675461714 0.3878361058139989
51 853 1389 18.942057016068745 0.34624410314344634
51 854 1389 19.921885553330515 0.3098243108929142
51 855 1389 20.903624661766173 0.27784333677092227
51 856 1389 21.88701724767445 0.24968388197592256
51 857 1389 22.8718500344856 0.22482473711725717
51 858 1389 23.857944672582313 0.2028244124126126
51 859 1389 24.845150915218824 0.18330773876404413
51 860 1389 25.833341324729922 0.16595488612746645
51 861 1389 26.822407125386764 0.15049234479032503
51 862 1389 27.812254924762907 0.13668550015587672
51 863 1389 28.802804099601108 0.12433250231664182
51 864 1389 29.793984694901056 0.11325918947918907
51 865 1389 30.785735722896057 0.1033148710499916
51 866 1389 31.778003776197117 0.09436881379086341
51 815 1390 19.672252641728697 0.40982020128045854
51 816 1390 18.683616459347522 0.4617343767274044
51 817 1390 17.696257344421774 0.5217718720298917
51 818 1390 16.71040167081574 0.5914870364642802
51 819 1390 15.726332185223656 0.6727896379448831
51 820 1390 14.744406532648284 0.7680378363089936
51 821 1390 13.765083508646118 0.8801564200294569
51 822 1390 12.788961021130733 1.0127851877430958
51 823 1390 11.816832232032457 1.1704598755077453
51 824 1390 10.849770688821083 1.3588194644901965
51 825 1390 9.889263066578877 1.5848101893290159
51 826 1390 8.937422670994193 1.8567974069283306
51 827 1390 7.997344809372727 2.1843544353397952
51 828 1390 7.0737206617169175 2.57717069089103
51 829 1390 6.173939099148999 3.041823386143202
51 830 1390 5.310134084936149 3.5739200988037068
51 831 1390 4.503057183736468 4.1421219120365045
51 832 1390 3.7891323545107967 4.66508361002092
51 833 1390 3.230715710179474 5.005256850975561
51 834 1390 2.9184797412352186 5.031601831718743
51 835 1390 2.9321534748372766 4.732413880836341
51 836 1390 3.2676480838670865 4.2273430907852125
51 837 1390 3.8415522904159682 3.6592486167870217
51 838 1390 4.564813687326143 3.1186854517776905
51 839 1390 5.3775016503949145 2.6430670065509214
51 840 1390 6.244799756597481 2.2396100242827055
51 841 1390 7.1468541331133855 1.9027373313900877
51 842 1390 8.072021060428412 1.6229457872573845
51 843 1390 9.013186118127138 1.3905403540148193
51 844 1390 9.965817778787633 1.1969454465706557
51 845 1390 10.926917406112283 1.0350020982524575
51 846 1390 11.894432479105488 0.8988850236619698
51 851 1390 16.78920855788024 0.470297931081633
51 852 1390 17.77519406363821 0.4172377393561348
51 853 1390 18.76266303060413 0.3712066175693014
51 854 1390 19.75139296353548 0.3311275651904707
51 855 1390 20.741203533064297 0.29611097384028573
51 856 1390 21.731947082578653 0.26541833214171523
51 857 1390 22.723501578761994 0.2384335954822151
51 858 1390 23.715765304961142 0.2146404942785019
51 859 1390 24.70865281637181 0.1936044584188554
51 860 1390 25.702091821484075 0.17495814493657802
51 861 1390 26.696020752164515 0.1583897913293893
51 862 1390 27.690386851757747 0.14363379562508957
51 863 1390 28.68514465712171 0.1304630600344273
51 864 1390 29.680254783272975 0.1186827383843673
51 865 1390 30.675682942682762 0.10812510647975584
51 866 1390 31.671399148127293 0.09864533509952723
51 815 1391 19.550793436584655 0.4058329156139305
51 816 1391 18.555687106652815 0.45783169128211115
51 817 1391 17.561136751360987 0.5181592913057242
51 818 1391 16.567242498376167 0.588480454458637
51 819 1391 15.57412995964787 0.6708714672064656
51 820 1391 14.581958853322872 0.7679440488009185
51 821 1391 13.590935361482712 0.8830136020215537
51 822 1391 12.601330247239817 1.020330053819997
51 823 1391 11.613506102809826 1.185397496531177
51 824 1391 10.627959540758564 1.3854197780488922
51 825 1391 9.645388742813891 1.62992240538375
51 826 1391 8.666805870676974 1.9316108781397732
51 827 1391 7.693732774148111 2.3075079159024896
51 828 1391 6.728560321495283 2.780280346079752
51 829 1391 5.775250990216843 3.379119505384323
51 830 1391 4.840818525828102 4.1375517349140685
51 831 1391 3.9387211122394135 5.078886095298342
51 832 1391 3.0973414406552617 6.161610270801342
51 833 1391 2.381916035463958 7.141981026809124
51 834 1391 1.937401352327459 7.497025345276491
51 835 1391 1.9579387120132727 6.946128039201686
51 836 1391 2.431773838168369 5.9027985889272925
51 837 1391 3.1612535488315467 4.8418741672327394
51 838 1391 4.009179966027962 3.9436371132167642
51 839 1391 4.914623485069828 3.2255662100896787
51 840 1391 5.850942146355562 2.6592441627784438
51 841 1391 6.805404029152109 2.2115743254044262
51 842 1391 7.771327042403999 1.8548899112724573
51 843 1391 8.744914179110028 1.5679637595699047
51 844 1391 9.723863635407458 1.3349020069994164
51 845 1391 10.706704628409222 1.1438367341600086
51 846 1391 11.692455858372927 0.985854376510436
51 850 1391 15.653546690766252 0.5709853818743623
51 851 1391 16.646727125774575 0.5031779458830444
51 852 1391 17.64067810488018 0.44494045984018116
51 853 1391 18.63527633280491 0.3946904118886281
51 854 1391 19.630423428953303 0.3511466263959869
51 855 1391 20.626039949539482 0.313264381702093
51 856 1391 21.622061048845428 0.280186051836118
51 857 1391 22.61843327907569 0.2512032099173914
51 858 1391 23.615112195371815 0.22572727707015927
51 859 1391 24.612060539499705 0.20326660262975307
51 860 1391 25.60924684562196 0.18340842787909045
51 861 1391 26.606644358129763 0.1658045895520445
51 862 1391 27.604230183071547 0.15016011023472084
51 863 1391 28.601984616456217 0.13622403421283721
51 864 1391 29.599890607905937 0.12378202235800706
51 865 1391 30.597933328903082 0.11265033433685102
51 866 1391 31.596099822604657 0.1026709119722729
51 867 1391 32.594378717809576 0.09370734189838573
51 816 1392 18.481058519468018 0.4483189514601654
51 817 1392 17.482263125808437 0.5076021986768423
51 818 1392 16.483613802804324 0.576806949333928
51 819 1392 15.485138811131181 0.6580398568162964
51 820 1392 14.486874197010243 0.7539732717189346
51 821 1392 13.4888666684789 0.8680359490859293
51 822 1392 12.491177846784545 1.0046836974653415
51 823 1392 11.49389072507656 1.1697912037718214
51 824 1392 10.497119795448697 1.3712321559478349
51 825 1392 9.501027523378763 1.6197602212837063
51 826 1392 8.5058523382434 1.9303858904730558
51 827 1392 7.511958732581047 2.32459907269628
51 828 1392 6.519932821739851 2.834087563903809
51 829 1392 5.5307796918699 3.5071929299066924
51 830 1392 4.5463748195678315 4.420457120507703
51 831 1392 3.5706475603173664 5.698989081823592
51 832 1392 2.6133357993186195 7.543336534235297
51 833 1392 1.7057326871465572 10.155986814823986
51 834 1392 0.9947482093475426 12.56112238754326
51 835 1392 1.0341779344001059 11.261223414278172
51 836 1392 1.774689832055167 8.441311380652579
51 837 1392 2.6887774173404395 6.317715420108589
51 838 1392 3.6482220327167383 4.852969844933524
51 839 1392 4.6248809714412955 3.819552118454187
51 840 1392 5.609770405283955 3.066519941220657
51 841 1392 6.599206315914031 2.5019237780077344
51 842 1392 7.591411199506951 2.0684808239098476
51 843 1392 8.5854250913976 1.7291609831046466
51 844 1392 9.580684944198897 1.459160019840908
51 845 1392 10.576839036309448 1.2413361350230758
51 846 1392 11.573656466303087 1.0635205671527987
51 847 1392 12.570979436782132 0.9168734189299694
51 848 1392 13.568696473869519 0.7948439988850791
51 849 1392 14.566726605521195 0.6924933371830055
51 850 1392 15.565009604879753 0.6060408113725647
51 851 1392 16.563499750958396 0.5325535343716348
51 852 1392 17.562161712044414 0.46972907373364947
51 853 1392 18.560967754942055 0.41574061600642875
51 854 1392 19.55989580749342 0.3691247863535772
51 855 1392 20.55892808489778 0.32869915305174685
51 856 1392 21.55805009735339 0.2935007404019479
51 857 1392 22.557249921034224 0.2627396375245589
51 858 1392 23.556517654356266 0.23576360561584403
51 859 1392 24.555845006841007 0.212030800229585
51 860 1392 25.55522498433536 0.1910885507713209
51 861 1392 26.554651645239073 0.1725567095673331
51 862 1392 27.554119909733974 0.15611448222440028
51 863 1392 28.55362540904391 0.14148993436938373
51 864 1392 29.553164365258723 0.1284515733684411
51 865 1392 30.552733494730024 0.11680155142289346
51 866 1392 31.55232992981656 0.1063701448954247
51 867 1392 32.55195115503828 0.0970112450824718
51 816 1393 18.46037713590926 0.4337715838228102
51 817 1393 17.46039873542415 0.49080442414944253
51 818 1393 16.460422959328877 0.5573291592691955
51 819 1393 15.460450316856916 0.6353525033919359
51 820 1393 14.460481458098172 0.7274192029734003
51 821 1393 13.4605172263179 0.8367940279346078
51 822 1393 12.460558735466114 0.9677208988789409
51 823 1393 11.46060748826173 1.1257998468600412
51 824 1393 10.460665561999425 1.318549092254492
51 825 1393 9.460735912179384 1.5562675733074918
51 826 1393 8.460822891421413 1.853404130994691
51 827 1393 7.460933185600882 2.230821047392266
51 828 1393 6.461077619097333 2.7197266762087637
51 829 1393 5.461274942721744 3.368947014607869
51 830 1393 4.461560713472395 4.259501285276533
51 831 1393 3.462011553995774 5.537195242628091
51 832 1393 2.462828455252246 7.4980084694438025
51 833 1393 1.464760731314194 10.876881348100701
51 834 1393 0.47489367230993806 18.468719515038597
51 835 1393 0.5527422545815962 18.371901633520764
51 836 1393 1.5445141630946198 10.841816394760007
51 837 1393 2.5427394675821193 7.479180531525621
51 838 1393 3.541966120673619 5.525424845234762
51 839 1393 4.541533221281075 4.251510315092392
51 840 1393 5.541256536201837 3.3632278970151765
51 841 1393 6.541064439370668 2.7154786295508138
51 842 1393 7.540923285646091 2.227576715588621
51 843 1393 8.540815183575825 1.8508719051783715
51 844 1393 9.540729741482005 1.5542561552842806
51 845 1393 10.540660510613138 1.3169279867309225
51 846 1393 11.54060327712547 1.1244771941532503
51 847 1393 12.540555171123767 0.9666303418706251
51 848 1393 13.540514170444157 0.8358865804893664
51 849 1393 14.540478809172651 0.7266580277191137
51 850 1393 15.540447998690349 0.6347094530162395
51 851 1393 16.54042091362849 0.5567824246570018
51 852 1393 17.540396916831693 0.49033689827041566
51 853 1393 18.540375508602803 0.43336970061591584
51 854 1393 19.540356291531598 0.3842846045339633
51 855 1393 20.540338945596748 0.34179776879005325
51 856 1393 21.54032321020273 0.30486788578488566
51 857 1393 22.54030887099816 0.2726438875325386
51 858 1393 23.540295750053744 0.24442532132542297
51 859 1393 24.540283698441595 0.21963199479937057
51 860 1393 25.5402725905578 0.19778048838713097
51 861 1393 26.540262319728456 0.17846581426565153
51 862 1393 27.540252794772925 0.16134697290283753
51 863 1393 28.540243937289638 0.1461354900790242
51 864 1393 29.54023567949311 0.13258625352406825
51 865 1393 30.54022796247595 0.12049013860180503
51 866 1393 31.540220734801427 0.10966803658616868
51 867 1393 32.540213951355604 0.09996599046869983
51 816 1394 18.49382394206242 0.41501498076364984
51 817 1394 17.495757314274826 0.468814863956787
51 818 1394 16.497924839203293 0.5313932594969115
51 819 1394 15.500371737477813 0.6045560587477965
51 820 1394 14.503155656614904 0.6905756343637179
51 821 1394 13.506351246728364 0.7923408853761018
51 822 1394 12.510056914338989 0.9135667177312365
51 823 1394 11.51440506496105 1.0590915850552687
51 824 1394 10.519578128423241 1.2353082296158997
51 825 1394 9.525834556615003 1.4508004756095605
51 826 1394 8.533552835718572 1.7173064779867997
51 827 1394 7.54330988359887 2.0512119217332527
51 828 1394 6.556029591147399 2.4759226337415163
51 829 1394 5.573286642547668 3.02571393723003
51 830 1394 4.597991300557253 3.7520041381542533
51 831 1394 3.636141361388486 4.7330090961762314
51 832 1394 2.7021332313563002 6.083717746668195
51 833 1394 1.8388920577347567 7.928725152794732
51 834 1394 1.2089350685623672 10.080445462324848
51 835 1394 1.24158124985835 10.909363740220153
51 836 1394 1.9030302152093512 9.252042429505796
51 837 1394 2.775161977254603 7.138717911587792
51 838 1394 3.7123475052855173 5.4983956391265485
51 839 1394 4.675630866524808 4.309489561165668
51 840 1394 5.651683289074102 3.4404173873954917
51 841 1394 6.634871814888317 2.791285161513156
51 842 1394 7.622435568766673 2.2958028946643942
51 843 1394 8.612869672762919 1.9102612764911375
51 844 1394 9.605286252892164 1.6052581020177874
51 845 1394 10.599128454736224 1.3605149347208867
51 846 1394 11.594029670481227 1.1617021843157667
51 847 1394 12.589738837640713 0.9984679173338553
51 848 1394 13.586078315687676 0.86318532920403
51 849 1394 14.582918912206802 0.7501368017813823
51 850 1394 15.580164440723939 0.654969475799095
51 851 1394 16.5777418245067 0.5743238419490331
51 852 1394 17.57559455608824 0.5055751940612708
51 853 1394 18.57367825714655 0.4466503240376695
51 854 1394 19.57195759243307 0.3958953916770645
51 855 1394 20.570404079647982 0.3519792426870566
51 856 1394 21.568994506003246 0.3138216942690673
51 857 1394 22.567709764174083 0.28053967631971616
51 858 1394 23.566533983596276 0.25140632131185897
51 859 1394 24.565453873274926 0.2258195651463678
51 860 1394 25.564458218393717 0.20327781645591778
51 861 1394 26.56353749032681 0.18336093626867686
51 862 1394 27.562683541338966 0.1657152473161436
51 863 1394 28.561889363275636 0.15004162960473466
51 864 1394 29.56114889512919 0.13608600015285782
51 865 1394 30.56045686831265 0.12363164933086596
51 866 1394 31.559808681295863 0.1124930338283075
51 867 1394 32.559200297304564 0.10251072045982164
51 868 1394 33.55862816028089 0.09354724519281328
51 817 1395 17.587993745734646 0.4428789699743945
51 818 1395 16.59570799935938 0.5006169742907933
51 819 1395 15.60440719796817 0.567778242342531
51 820 1395 14.61429177209764 0.6462805846745451
51 821 1395 13.625620132676557 0.738522404215685
51 822 1395 12.638731107195873 0.8475277027730347
51 823 1395 11.654077569674941 0.9771418404461661
51 824 1395 10.67227829472229 1.1322971854720905
51 825 1395 9.694200534340128 1.3193739399315196
51 826 1395 8.721096490694295 1.5466864241737546
51 827 1395 7.754838747517597 1.8251211460637087
51 828 1395 6.7983471520657295 2.16891478414818
51 829 1395 5.85640879720671 2.5964094026002593
51 830 1395 4.937360023332313 3.130120222631156
51 831 1395 4.056787398915549 3.793894083440963
51 832 1395 3.246155264308828 4.600480340765532
51 833 1395 2.5724548586903997 5.512805296955224
51 834 1395 2.16737721682216 6.358963672383339
51 835 1395 2.185754789540606 6.779793656283212
51 836 1395 2.6186874574869803 6.502188560152495
51 837 1395 3.307192767287621 5.714007754981524
51 838 1395 4.125230175396214 4.79469346079974
51 839 1395 5.009742907575139 3.9586984637656983
51 840 1395 5.931064322699538 3.263827862806739
51 841 1395 6.87441081111678 2.703542116509203
51 842 1395 7.831827628338049 2.254800402613213
51 843 1395 8.798722861870303 1.894369879852258
51 844 1395 9.772283458844154 1.6029494407734979
51 845 1395 10.750698767987082 1.3654585997453845
51 846 1395 11.732754322834808 1.1703460635692824
51 847 1395 12.71760685034723 1.0087934510610852
51 848 1395 13.704653370297212 0.8740428924026667
51 849 1395 14.693451738784821 0.7608791906230075
51 850 1395 15.68367061628108 0.6652441595570717
51 851 1395 16.67505694143197 0.5839524790978605
51 852 1395 17.667414185443167 0.5144824479919415
51 853 1395 18.660587450560026 0.45482119855373637
51 854 1395 19.65445303232828 0.4033494023596267
51 855 1395 20.648910964019343 0.35875469705765894
51 856 1395 21.643879596782046 0.3199661263116233
51 857 1395 22.639291596690878 0.28610406837038793
51 858 1395 23.63509094545646 0.2564416742805306
51 859 1395 24.631230663529543 0.23037493058170994
51 860 1395 25.62767106078892 0.20739923839647784
51 861 1395 26.62437837771988 0.187090956161414
51 862 1395 27.621323719184744 0.16909275294223564
51 863 1395 28.618482209928565 0.15310190916593924
51 864 1395 29.615832319892643 0.13886091351990074
51 865 1395 30.613355320839915 0.12614986091344302
51 866 1395 31.611034845445943 0.11478027234839988
51 867 1395 32.60885652702341 0.10459004430422145
51 868 1395 33.606807703202 0.0954393006380661
51 817 1396 17.73622067972771 0.41428761593674274
51 818 1396 16.75271691398147 0.46667292817793116
51 819 1396 15.771287962623747 0.5272116060619835
51 820 1396 14.792346805020516 0.5974452606943754
51 821 1396 13.816422257588995 0.6792594989452104
51 822 1396 12.844201960417802 0.7749693795047521
51 823 1396 11.876595640165595 0.8874251601837249
51 824 1396 10.914830461349382 1.0201397189331107
51 825 1396 9.960598576390893 1.1774339355328833
51 826 1396 9.016292142560612 1.3645831609754673
51 827 1396 8.085389539162609 1.5879165443149155
51 828 1396 7.173111179955326 1.8547494956301334
51 829 1396 6.287569005585546 2.1728725649563554
51 830 1396 5.441830941879759 2.54899397953466
51 831 1396 4.657630728170694 2.9849333768438493
51 832 1396 3.971589606190422 3.469595078801952
51 833 1396 3.4428947123023845 3.965157626714242
51 834 1396 3.1517493555166545 4.392411041222494
51 835 1396 3.164415269840476 4.638281896968146
51 836 1396 3.477574442050019 4.614494529736005
51 837 1396 4.021632007033889 4.330408332761604
51 838 1396 4.7173640944916855 3.8843640110352506
51 839 1396 5.50758785676627 3.3863482930937345
51 840 1396 6.357163203819705 2.908130365521728
51 841 1396 7.245241472856453 2.4819067507763095
51 842 1396 8.159260015467032 2.1158099411447995
51 843 1396 9.091398352288772 1.806787374446976
51 844 1396 10.036609188366304 1.547766404952321
51 845 1396 10.991520549951169 1.3309667147752897
51 846 1396 11.953807928856762 1.1492193281809568
51 847 1396 12.921823555520277 0.9963733396954241
51 848 1396 13.894370226822035 0.8673220846244738
51 849 1396 14.870558967301752 0.7578902708057587
51 850 1396 15.849716842896546 0.6646855204667833
51 851 1396 16.831325675656043 0.5849553235717079
51 852 1396 17.814980325557432 0.5164631851889769
51 853 1396 18.800359677410384 0.45738643784664845
51 854 1396 19.787206068568604 0.40623390063042714
51 855 1396 20.775310442927154 0.3617802873816179
51 856 1396 21.764501464540785 0.3230142077017307
51 857 1396 22.754637417458405 0.2890969829688692
51 858 1396 23.74560009770227 0.2593299835888006
51 859 1396 24.73729015070159 0.23312865277385872
51 860 1396 25.72962347178827 0.21000177344434862
51 861 1396 26.722528398338316 0.18953485205089682
51 862 1396 27.715943498282673 0.17137674362518582
51 863 1396 28.709815812714606 0.15522883747749242
51 864 1396 29.70409944771929 0.14083627386526895
51 865 1396 30.69875443727314 0.12798077834117727
51 866 1396 31.6937458183787 0.11647479022601205
51 867 1396 32.68904287372143 0.10615663094072353
51 868 1396 33.684618507562135 0.09688651156555463
51 817 1397 17.939050253566958 0.38425219146600614
51 818 1397 16.967307505906785 0.43111291907568267
51 819 1397 15.999047596654014 0.484862661496237
51 820 1397 15.034943431885619 0.5466901693038216
51 821 1397 14.0758489619632 0.6180111397700906
51 822 1397 13.122862645017678 0.7005090058970722
51 823 1397 12.177418609869676 0.7961773362725003
51 824 1397 11.241420017061913 0.9073574778708398
51 825 1397 10.317437860244189 1.036757823854982
51 826 1397 9.409012913159387 1.1874274080122487
51 827 1397 8.521122226561477 1.3626314631493979
51 828 1397 7.66090882337076 1.565532612532957
51 829 1397 6.838824752835818 1.7985100867371844
51 830 1397 6.070380877671501 2.0618521927520614
51 831 1397 5.378617294435415 2.3514833863534683
51 832 1397 4.796824366182242 2.655530354969643
51 833 1397 4.369155982566839 2.950368771651093
51 834 1397 4.143612433613878 3.1989090354754306
51 835 1397 4.153254627397585 3.3564048760258256
51 836 1397 4.396535454195653 3.3870162882154258
51 837 1397 4.838338971175883 3.28303951519425
51 838 1397 5.430425765996551 3.0696478365256694
51 839 1397 6.129398339151989 2.7901771273992244
51 840 1397 6.902863463809718 2.4865030329702327
51 841 1397 7.7284878210422905 2.1883568751237306
51 842 1397 8.591246940927665 1.912404885278771
51 843 1397 9.481008596135691 1.6657160502999147
51 844 1397 10.390838464724528 1.4495997694766898
51 845 1397 11.315896959587372 1.2623990223623462
51 846 1397 12.252735368071843 1.1011866961743388
51 847 1397 13.198845555577902 0.9626872888809922
51 848 1397 14.152368141056764 0.8437312027271933
51 851 1397 17.044926635219007 0.5772564383644484
51 852 1397 18.016923266751128 0.5113815786459025
51 853 1397 18.991827821460422 0.4541859656064738
51 854 1397 19.96921440618028 0.40438435604920864
51 855 1397 20.948735618170325 0.3608976158241666
51 856 1397 21.93010542610313 0.32281891798650325
51 857 1397 22.91308630455526 0.2893849507253553
51 858 1397 23.89747944867822 0.25995177395281216
51 859 1397 24.883117248447746 0.2339747551602148
51 860 1397 25.86985744065857 0.2109919763946335
51 861 1397 26.857578520782504 0.19061054248821793
51 862 1397 27.84617611091328 0.1724952888460896
51 863 1397 28.83556006045309 0.15635946197624906
51 864 1397 29.825652113574943 0.14195701684956366
51 865 1397 30.81638401889484 0.12907623784312758
51 866 1397 31.8076959869777 0.11753444335904886
51 867 1397 32.79953542353912 0.10717357861825123
51 817 1398 18.194656468315102 0.35382082769921896
51 818 1398 17.237329375515237 0.3952552247792941
51 819 1398 16.285131992096364 0.4423995137979913
51 820 1398 15.339019655766805 0.4961384894074784
51 821 1398 14.400191804278176 0.5574943372020713
51 822 1398 13.470171639589463 0.6276389832895798
51 823 1398 12.550917257316303 0.7078995102597966
51 824 1398 11.644978488601863 0.7997490504531785
51 825 1398 10.755720524446517 0.9047701569128521
51 826 1398 9.887645017899864 1.0245690876032183
51 827 1398 9.046851607050925 1.1606066247546594
51 828 1398 8.2416942432973 1.3138937815621745
51 829 1398 7.483683852221429 1.4844824471126858
51 830 1398 6.788631968224504 1.6706752297133631
51 831 1398 6.177825183671 1.8679210351427835
51 832 1398 5.678514242299613 2.067522678635087
51 833 1398 5.322172864535637 2.2556426219582923
51 834 1398 5.138630556870128 2.41361439416114
51 835 1398 5.14640884501021 2.520802887974857
51 836 1398 5.3446724876272125 2.560288645780913
51 837 1398 5.713626169080296 2.525196246463974
51 838 1398 6.2229835288227395 2.4216537068006487
51 839 1398 6.841456277723262 2.2661443107904384
51 840 1398 7.542249266631206 2.0792634058469734
51 841 1398 8.304548392296772 1.8799060826077596
51 842 1398 9.112931690734811 1.6822271364720123
51 843 1398 9.956180191217852 1.4952103308668447
51 844 1398 10.826150008197683 1.323618098953274
51 845 1398 11.7168905431432 1.1692845137406769
51 846 1398 12.624005861849025 1.0322369795754174
51 847 1398 13.544206289037334 0.9115050932154694
51 848 1398 14.474996511225775 0.8056447527961511
51 855 1398 21.168030706704812 0.35615320436003894
51 856 1398 22.13968211153895 0.3193897700858292
51 857 1398 23.113751837380224 0.2869549684221028
51 858 1398 24.089946533772086 0.25828094491380377
51 859 1398 25.068017951166336 0.23288013386229298
51 860 1398 26.047754682505698 0.21033364631428422
51 861 1398 27.028975637267454 0.19028119362851784
51 862 1398 28.01152484246435 0.1724124349727319
51 863 1398 28.995267268987146 0.15645959677216192
51 818 1399 17.560225624974198 0.36013477493690776
51 819 1399 16.626530726522606 0.4010940101479784
51 820 1399 15.701003916947485 0.4473535409699251
51 821 1399 14.785179200807821 0.49962689070989075
51 822 1399 13.880977054948263 0.5586992100584782
51 823 1399 12.990824608160949 0.6254150712358936
51 824 1399 12.117818450529782 0.7006510887788401
51 825 1399 11.265945322075726 0.7852642969111578
51 826 1399 10.440379495018362 0.8800032150691118
51 827 1399 9.647876657586362 0.9853639126829404
51 828 1399 8.897276212414658 1.101369591938827
51 829 1399 8.200092926302704 1.2272530439997646
51 830 1399 7.57109793887251 1.361034760248408
51 831 1399 7.028621771015958 1.4990288472427684
51 832 1399 6.594052168431747 1.6353894639009154
51 833 1399 6.289795227191371 1.7619325470803249
51 834 1399 6.135268861264295 1.8685790731713967
51 835 1399 6.141785082530909 1.9447277261557392
51 836 1399 6.308844902198748 1.9815071360975411
51 837 1399 6.624313096465102 1.9742173393149633
51 838 1399 7.068346624211279 1.9238120470840419
51 839 1399 7.618498802257497 1.836587690537155
51 840 1399 8.25357643691502 1.7222614744421127
51 841 1399 8.955530358387422 1.591476415859574
51 842 1399 9.709867352337966 1.453794239715123
51 843 1399 10.505309324336844 1.3166459598703038
51 844 1399 11.333204489463629 1.1851325171705218
51 845 1399 12.186940715372273 1.0623269898282395
51 846 1399 13.061451833544325 0.9497606740879934
51 847 1399 13.952832113947272 0.8479010930128209
51 857 1399 23.355545893855652 0.28191587310650246
51 858 1399 24.32203782580723 0.2543873259786679
51 859 1399 25.29113528491747 0.22988756758950962
51 818 1400 17.93314038310079 0.3265023532141686
51 819 1400 17.019915510953638 0.36183358374673563
51 820 1400 16.116994881180553 0.40137552657650066
51 821 1400 15.226211741598764 0.445611201878525
51 822 1400 14.349826619161641 0.49504786498810555
51 823 1400 13.490645796254528 0.5501989159461788
51 824 1400 12.65217467473477 0.6115535549417825
51 825 1400 11.838814298737852 0.6795288637277921
51 826 1400 11.056107995131006 0.7543976496522272
51 827 1400 10.311038938923646 0.8361845865087499
51 828 1400 9.612363080949429 0.9245240815470863
51 829 1400 8.970926596511617 1.0184779815767782
51 830 1400 8.399852617754638 1.1163228609879954
51 831 1400 7.914387152521626 1.2153387059420078
51 832 1400 7.5311037703645605 1.311664323491362
51 833 1400 7.2661904736938485 1.4003221865676305
51 834 1400 7.132848238957504 1.4755329092761602
51 835 1400 7.138453894226612 1.5313974383519788
51 836 1400 7.282686592185538 1.562892437375046
51 837 1400 7.557613644530854 1.5669305820347266
51 838 1400 7.949687037865004 1.5431022932688176
51 839 1400 8.44260173169378 1.4937790926250631
51 840 1400 9.019840575087716 1.423531172732574
51 841 1400 9.666308706015894 1.3381174357904617
51 842 1400 10.369065724548117 1.243437690504023
51 843 1400 11.117442331759518 1.144747019711642
51 844 1400 11.90283680472846 1.0462398056298203
51 845 1400 12.718393137499655 0.9509537648231186
51 846 1400 13.55866969875726 0.8608778884291532
51 847 1400 14.419345477517286 0.7771529994838638
51 848 1400 15.296977609972439 0.7002885906385176
51 819 1401 17.46177322038057 0.3251733545153985
51 820 1401 16.582928691880696 0.3588095345909706
51 821 1401 15.718572581503702 0.3960804889380332
51 822 1401 14.871231421775397 0.437301523177279
51 823 1401 14.043985331806631 0.4827680004697255
51 824 1401 13.240601345860382 0.5327286590673292
51 825 1401 12.465693883615131 0.5873474856726917
51 826 1401 11.724910404774938 0.6466512690348472
51 827 1401 11.025131473138973 0.7104604626760477
51 828 1401 10.374657777488348 0.7783027682276543
51 829 1401 9.78332888131639 0.8493127878267182
51 830 1401 9.262479365698978 0.9221281325412856
51 831 1401 8.824597667882612 0.9948029442998901
51 832 1401 8.482542307586751 1.0647725946564315
51 833 1401 8.248243691841258 1.1289136531349877
51 834 1401 8.131022321946917 1.183741959102048
51 835 1401 8.135940265267374 1.2257676333967842
51 836 1401 8.262779435516773 1.2519742252785666
51 837 1401 8.506087467220098 1.2603230919276858
51 838 1401 8.856270321077533 1.2501385577182071
51 839 1401 9.301264645197376 1.2222431448835915
51 840 1401 9.828200445656295 1.1787934456747675
51 841 1401 10.424659418897027 1.1228764018438446
51 842 1401 11.079418937832365 1.0580013466635347
51 843 1401 11.7827638523395 0.9876298671967927
51 844 1401 12.52651284276667 0.9148360150277821
51 845 1401 13.303891310439898 0.8421234679393528
51 846 1401 14.109341728089165 0.7713771489505644
51 847 1401 14.938324002377177 0.7039054945680645
51 848 1401 15.787131595068118 0.6405299713197834
51 820 1402 17.094722109469927 0.31992845290971955
51 821 1402 16.25759896171633 0.35125358564066606
51 822 1402 15.43986800461713 0.3855664560703023
51 823 1402 14.644778045433112 0.4230238298068173
51 824 1402 13.876221531814762 0.46373125020087097
51 825 1402 13.1388555057128 0.507715000303853
51 826 1402 12.438228330433537 0.5548861734596611
51 827 1402 11.780896570295463 0.604996634970984
51 828 1402 11.174503299923417 0.6575881396182578
51 829 1402 10.627771356215717 0.7119383959889664
51 830 1402 10.150346003954702 0.7670116055552778
51 831 1402 9.752411189034182 0.8214257086531326
51 832 1402 9.444020542120768 0.8734531728460159
51 833 1402 9.234149879658602 0.9210744005833367
51 834 1402 9.129596048018714 0.962099388162105
51 835 1402 9.133976352060412 0.9943610171839083
51 836 1402 9.247135989050813 1.0159620444081203
51 837 1402 9.465174272035284 1.0255329599190575
51 838 1402 9.781079899479332 1.0224408016176108
51 839 1402 10.185751027783791 1.006891844676516
51 840 1402 10.669091995104292 0.9798977142254357
51 841 1402 11.220941315237257 0.9431151322540753
51 842 1402 11.831716866118725 0.8986053771463683
51 843 1402 12.492778874213625 0.8485749411230561
51 844 1402 13.196572433779847 0.7951508137324961
51 845 1402 13.93662527299913 0.7402212809045096
51 846 1402 14.707464907318256 0.685348864186463
51 847 1402 15.504500120932565 0.631744840467992
51 821 1403 16.838810052969887 0.3110702783282429
51 822 1403 16.050717242540898 0.3396271501731703
51 823 1403 15.287430261492595 0.3705113698481453
51 824 1403 14.552852778750959 0.40374697615901844
51 825 1403 13.851553125913332 0.43929078557979756
51 826 1403 13.188840889175946 0.47700860858212063
51 827 1403 12.570820339182296 0.5166479006005464
51 828 1403 12.004396028122331 0.557808357800678
51 829 1403 11.497196353894246 0.5999134188793951
51 830 1403 11.057374191009323 0.6421874942738646
51 831 1403 10.693246653846483 0.6836457431646333
51 832 1403 10.412757751911784 0.7231047418795689
51 833 1403 10.222794334231656 0.7592224357327666
51 834 1403 10.12845121427747 0.7905731420214278
51 835 1403 10.132399715763226 0.8157572246371597
51 836 1403 10.234526075984107 0.8335357464945387
51 837 1403 10.431947277474066 0.842970220392151
51 838 1403 10.719399423475108 0.8435405836360298
51 839 1403 11.08988385872451 0.8352148991229635
51 840 1403 11.535403070547572 0.8184537342512926
51 841 1403 12.047635618659715 0.7941481146949768
51 842 1403 12.618459652429776 0.7635063311192973
51 843 1403 13.240299241331297 0.7279153884427106
51 844 1403 13.9063123796353 0.6888044044089586
51 845 1403 14.610459404139144 0.6475310002498288
51 846 1403 15.347492433619177 0.6053016961535916
51 847 1403 16.11289930459437 0.5631277275219904
51 822 1404 16.699147403385584 0.299085211132849
51 823 1404 15.966888363109433 0.32459710581069223
51 824 1404 15.265042548253817 0.35181343357331374
51 825 1404 14.597997259898335 0.38066039202062774
51 826 1404 13.970738133684964 0.4109945808094327
51 827 1404 13.38885820374535 0.44258627291527697
51 828 1404 12.858519510425728 0.47510263459632535
51 829 1404 12.386344254863863 0.5080929354803596
51 830 1404 11.979212161072986 0.5409786807713615
51 831 1404 11.643947955912498 0.5730524097656858
51 832 1404 11.386901422248233 0.6034893229055497
51 833 1404 11.21345281347359 0.6313754948828826
51 834 1404 11.127512030997705 0.6557547733446548
51 835 1404 11.131106144494293 0.6756933412689222
51 836 1404 11.224149143698979 0.6903566304986719
51 837 1404 11.404451937730215 0.6990888049030067
51 838 1404 11.66797000338955 0.7014819487620415
51 839 1404 12.009226619562073 0.6974219740717683
51 840 1404 12.421816453321076 0.6871018459763071
51 841 1404 12.898896231848605 0.6709993116852274
51 842 1404 13.43359683777945 0.6498238458441835
51 843 1404 14.019326802667736 0.6244434871932962
51 844 1404 14.649966689381854 0.5958048696114957
51 845 1404 15.319971409894924 0.5648587411488175
51 846 1404 16.02440401387826 0.5324996577163561
51 823 1405 16.67865474191487 0.28458292512137096
51 824 1405 16.008045602133922 0.3069501947796415
51 825 1405 15.373273041223174 0.33047316532177046
51 826 1405 14.778955443467549 0.3550163431600484
51 827 1405 14.230162472719664 0.380381804929392
51 828 1405 13.732353185088089 0.40629972744785847
51 829 1405 13.291257427346702 0.43242091072069827
51 830 1405 12.912688488459668 0.45831303816955204
51 831 1405 12.602282491675814 0.4834627265821431
51 832 1405 12.365173836222388 0.5072854666388659
51 833 1405 12.20563492817963 0.5291451610584275
51 834 1405 12.126727670727933 0.5483839778210613
51 835 1405 12.130025721324685 0.5643616148852092
51 836 1405 12.215462496360846 0.5765009995748371
51 837 1405 12.38133773063308 0.584335364182277
51 838 1405 12.624481137852685 0.5875501937092701
51 839 1405 12.940538010453745 0.5860133697409826
51 840 1405 13.324320770680886 0.5797882736860255
51 841 1405 13.770167900210875 0.5691274685037725
51 842 1405 14.27226415114287 0.5544481145833202
51 843 1405 14.824895412784464 0.5362934789457915
51 844 1405 15.422630255569178 0.5152868908504298
51 845 1405 16.06043349352681 0.49208488123269645
51 846 1405 16.733724152142514 0.46733518509853134
51 824 1406 16.777768743191068 0.26822895092477594
51 825 1406 16.17323480321729 0.2875055521240981
51 826 1406 15.609404985456653 0.3074833728028085
51 827 1406 15.09084238868059 0.32799680290864036
51 828 1406 14.62236383079011 0.3488299205175602
51 829 1406 14.20892409720028 0.3697128810763773
51 830 1406 13.85545105725536 0.3903209985924482
51 831 1406 13.566632743610281 0.41027765013375883
51 832 1406 13.346667149517087 0.4291620781076223
51 833 1406 13.198997083111976 0.4465228722560606
51 834 1406 13.126062776019259 0.46189733169955366
51 835 1406 13.129109794650905 0.4748360432939
51 836 1406 13.208085553932419 0.48493096673527164
51 837 1406 13.36164376115447 0.49184429585943495
51 838 1406 13.58725594077031 0.49533465074860256
51 839 1406 13.881409294448385 0.4952770214358133
51 840 1406 14.239856881303195 0.491673489208644
51 841 1406 14.657882657464478 0.48465304594442105
51 842 1406 15.1305493621348 0.4744605402264686
51 843 1406 15.652907844870159 0.46143648008751503
51 844 1406 16.220157952375114 0.4459906975944684
51 845 1406 16.82776051647983 0.4285734613421311
51 846 1406 17.471506059867806 0.4096474669431371
51 825 1407 16.994396841312106 0.2506825237550795
51 826 1407 16.458721821575296 0.26704069581080336
51 827 1407 15.967765153583603 0.283744843645978
51 828 1407 15.525769674962936 0.3006232237536467
51 829 1407 15.13702493887087 0.31746708764560994
51 830 1407 14.805726054469554 0.3340309831457831
51 831 1407 14.53580145709202 0.350035578067757
51 832 1407 14.330719591143998 0.3651735627255604
51 833 1407 14.193291513951172 0.37911898886579026
51 834 1407 14.1254919914316 0.3915400602155056
51 835 1407 14.128323467418143 0.40211491680235173
51 836 1407 14.20174369575786 0.4105494068678174
51 837 1407 14.344668835494184 0.4165953163764568
51 838 1407 14.555051494240685 0.4200671560598231
51 839 1407 14.83002103842061 0.42085551468664495
51 840 1407 15.166064881833977 0.4189352515316003
51 841 1407 15.559226330380241 0.41436741151755224
51 842 1407 16.005296748264236 0.4072945960974128
51 843 1407 16.4999855757512 0.39793043128465366
51 844 1407 17.03905877682208 0.3865445424221129
51 845 1407 17.61844272346445 0.3734449183324289
51 846 1407 18.234295270176947 0.35895965842035205
51 826 1408 17.324131262490443 0.23254814661258175
51 827 1408 16.85839624638117 0.2462395509819134
51 828 1408 16.440362648068277 0.2600147688354907
51 829 1408 16.073752642118098 0.27371179752417907
51 830 1408 15.762154801929793 0.2871437257538871
51 831 1408 15.508885324226187 0.3001011642280961
51 832 1408 15.31683792432362 0.3123566394050099
51 833 1408 15.188335129302297 0.323671111041857
51 834 1408 15.124996661156596 0.33380257070511643
51 835 1408 15.127641058671312 0.3425164126337584
51 836 1408 15.196233875536333 0.34959697068846546
51 837 1408 15.32988988871081 0.35485933553850735
51 838 1408 15.52692899449205 0.3581603668354485
51 839 1408 15.78497779535967 0.35940775556961396
51 840 1408 16.10110319201755 0.3585661106536381
51 841 1408 16.471961753233817 0.3556593421124377
51 842 1408 16.89394933104742 0.350769048017912
51 843 1408 17.36333850387066 0.3440291038718898
51 844 1408 17.876395721733097 0.3356171060499633
51 845 1408 18.429474327825993 0.32574365052866794
51 846 1408 19.019083153506568 0.31464058318801935
51 828 1409 17.36437513992365 0.22566414464651652
51 829 1409 17.017682685959283 0.23688585931321537
51 830 1409 16.723681532485553 0.2478661398074039
51 831 1409 16.485191051364804 0.25844642299925236
51 832 1409 16.30464731295952 0.26845624658761696
51 833 1409 16.183989742952697 0.2777178395998439
51 834 1409 16.124562753761666 0.2860519984088909
51 835 1409 16.127043250391498 0.2932850415352678
51 836 1409 16.191402780488104 0.2992564697887699
51 837 1409 16.316909143584695 0.30382680376939486
51 838 1409 16.50216725160661 0.30688495945238187
51 839 1409 16.745194056803214 0.3083544842159208
51 840 1409 17.043518533448356 0.3081980302479882
51 841 1409 17.39429573164713 0.3064195927253443
51 842 1409 17.794423958082977 0.30306426874640097
51 843 1409 18.240655799614153 0.2982155635357253
51 844 1409 18.729696313608432 0.29199053636558325
51 845 1409 19.25828455496484 0.2845332945573775
51 846 1409 19.82325714911647 0.27600747672000325
51 829 1410 17.967679983793072 0.20574664349593538
51 830 1410 17.689474949811206 0.21478893206598187
51 831 1410 17.464178308755272 0.22349503477232996
51 832 1410 17.293857984845314 0.23173575913986894
51 833 1410 17.18014912624445 0.23937722019408028
51 834 1410 17.12417951319122 0.2462849178126641
51 835 1410 17.126515232235594 0.25232848729458224
51 836 1410 17.18713251243493 0.25738688834859885
51 837 1410 17.305418920095452 0.26135370958189713
51 838 1410 17.48020377455588 0.2641422014829286
51 839 1410 17.709814341206336 0.2656896261706207
51 840 1410 17.992151733464162 0.26596053753518306
51 841 1410 18.32477896183191 0.264948683422203
51 842 1410 18.70501333867467 0.26267734477870436
51 843 1410 19.130016309454554 0.2591980782958237
51 844 1410 19.59687536317964 0.254587985913753
51 845 1410 20.102674548427558 0.24894577229464784
51 830 1411 18.658872527567095 0.18679604547543505
51 831 1411 18.445420136174672 0.19401030608424077
51 832 1411 18.284242505501776 0.20084334249859764
51 833 1411 18.17673028902607 0.2071931605690855
51 834 1411 18.123838555890906 0.21295758007650942
51 835 1411 18.126045459503782 0.21803753409271695
51 836 1411 18.183330937977168 0.2223406475846203
51 837 1411 18.295177615972946 0.22578489313260694
51 838 1411 18.460593814934487 0.2283020836902607
51 839 1411 18.678156333000253 0.22984094627969595
51 840 1411 18.946068827067986 0.23036953228904575
51 841 1411 19.26223050427954 0.22987676151182612
51 842 1411 19.624309516515407 0.22837296511334718
51 843 1411 20.029815875339374 0.22588937924895985
51 832 1412 19.27561993814979 0.17471636922251074
51 833 1412 19.17366746347703 0.18002700798537102
51 834 1412 19.123533250944963 0.18486703813478217
51 835 1412 19.12562480025156 0.18916033474479413
51 836 1412 19.17992502592222 0.19283563882357524
51 837 1412 19.285992948251263 0.1958291180871397
51 838 1412 19.44298135574885 0.19808682813257453
51 839 1412 19.64966981910885 0.1995669112898574
51 840 1412 19.90451014217625 0.200241375800771
51 841 1412 20.20568048841704 0.20009732049884305
51 842 1412 20.551144104404433 0.19913750854346965
51 834 1413 20.123258284880148 0.1610664324129502
51 835 1413 20.12524593638541 0.16471304021367258
51 836 1413 20.176856147576544 0.16786406594178688
51 837 1413 20.277710028501673 0.1704694030310541
51 838 1413 20.42707820516672 0.17248610438655412
51 839 1413 20.623906613442497 0.17387997368476768
51 840 1413 20.866852278194646 0.1746268863713267
51 836 1414 21.174076697697995 0.14662650558674506
51 837 1414 21.27020272587916 0.14889776732680846
51 838 1414 21.41264869183626 0.15069464130641655
51 839 1414 21.60049823499442 0.15198913855200416
