# %ECSV 0.9
# ---
# datatype:
# - name: sexcat_id
#   datatype: int32
# - name: x
#   datatype: int32
# - name: y
#   datatype: int32
# - name: sep
#   datatype: float64
# - name: weight
#   datatype: float64
# schema: astropy-2.0
sexcat_id x y sep weight
34 769 1010 8.250786447363652 0.5691967872393827
34 770 1010 7.832207670893292 0.625861407470652
34 771 1010 7.5240598748282 0.6696302028914846
34 772 1010 7.340264096066284 0.6940930866710273
34 768 1011 7.95169648565636 0.6275434500375485
34 769 1011 7.382240649017054 0.7211236854326251
34 770 1011 6.911257266228755 0.8094271131747449
34 771 1011 6.559990624993285 0.8806953649696903
34 772 1011 6.3483444298493925 0.9224450193211764
34 773 1011 6.2904274099618895 0.9260111062048375
34 774 1011 6.390420721673955 0.890605055548101
34 767 1012 7.8983211507256215 0.6473722884265566
34 768 1012 7.1868962007252986 0.7760953418499001
34 769 1012 6.551295826017915 0.9169603972179957
34 770 1012 6.0156027960629 1.0579910038367486
34 771 1012 5.608518253514007 1.1787521967161134
34 772 1012 5.3594287941906495 1.2538100464217106
34 773 1012 5.290697213033446 1.2632065020060974
34 774 1012 5.409202991199341 1.2042043745317992
34 775 1012 5.703286508671989 1.0931042646573839
34 776 1012 6.147802615569237 0.9551443205891039
34 767 1013 7.266737713719942 0.7708261732825481
34 768 1013 6.486407094840699 0.9522927413278218
34 769 1013 5.774207911047175 1.164815379667879
34 770 1013 5.1584374572151015 1.3949066035136966
34 771 1013 4.677336528410142 1.609012428940182
34 772 1013 4.375554479148885 1.7533983951548606
34 773 1013 4.291092751269762 1.7773348408885439
34 774 1013 4.4363810701967346 1.6711787862711929
34 775 1013 4.790561240606361 1.4749898972431084
34 776 1013 5.312012518810548 1.245509073467838
34 777 1013 5.956968776147817 1.0243473598902522
34 766 1014 7.613112175713669 0.7073799699997536
34 767 1014 6.725137693757634 0.8995111418326847
34 768 1014 5.873285026286378 1.1485962642040106
34 769 1014 5.075773537107404 1.4645976625856867
34 770 1014 4.362508108874966 1.8434610901195203
34 771 1014 3.781464927775988 2.241197256278399
34 772 1014 3.4010993810825183 2.5449780638956203
34 773 1014 3.2917285732575094 2.6094263358238936
34 774 1014 3.4790051738966916 2.396239653648144
34 775 1014 3.9206475230502393 2.0219481921705684
34 776 1014 4.543069116797587 1.6256630707714719
34 777 1014 5.282752786190173 1.2797773266967076
34 778 1014 6.097169589243854 1.0019065788869528
34 766 1015 7.23750488773581 0.7818667561154709
34 767 1015 6.296783067567103 1.0181207698967334
34 768 1015 5.377497280334022 1.3431568353488739
34 769 1015 4.492825057800474 1.792373570704544
34 770 1015 3.6678981719780412 2.402297422973809
34 771 1015 2.9532146891142013 3.164356543590417
34 772 1015 2.4473408017683025 3.882821912930942
34 773 1015 2.2929188821238196 4.084101929035627
34 774 1015 2.55450132119754 3.5765538282463702
34 775 1015 3.1294531471169216 2.793028168137319
34 776 1015 3.880911877381401 2.094224156635261
34 777 1015 4.725407601466784 1.5633793011143335
34 778 1015 5.62116331376345 1.1773799323917211
34 766 1016 6.985948539747467 0.8336690885343291
34 767 1016 6.005953463023152 1.1050695187784132
34 768 1016 5.033833231246326 1.496457222296763
34 769 1016 4.075227232928227 2.079176668104997
34 770 1016 3.1425271677425295 2.9760273575921627
34 771 1016 2.2679234995916224 4.375570191449918
34 772 1016 1.5528931064306848 6.296856367590523
34 773 1016 1.29594637234724 7.1563548181689
34 774 1016 1.7168217729281046 5.540023944863544
34 775 1016 2.493085838875194 3.7693644335435135
34 776 1016 3.38872793242539 2.5859587078332598
34 777 1016 4.330297564833171 1.8278807536059414
34 778 1016 5.2933427057012015 1.329264621295119
34 766 1017 6.8720795251510145 0.8525864651090973
34 767 1017 5.873114761351069 1.139335051963116
34 768 1017 4.874574545537267 1.5623171618911602
34 769 1017 3.8767869428174513 2.216758651745776
34 770 1017 2.8805341518544627 3.3006774081016754
34 771 1017 1.8882470706980954 5.29901369002497
34 772 1017 0.9129496152581299 9.78140572586835
34 773 1017 0.3185545479191853 16.865998570236613
34 774 1017 1.1702465552181838 7.997724879435159
34 775 1017 2.153480206549402 4.563932337819328
34 776 1017 3.1472967766005295 2.9185616009051394
34 777 1017 4.144089405406224 1.992031711140441
34 778 1017 5.14212767247179 1.4196685919288334
34 766 1018 6.902715190416002 0.834467436008504
34 767 1018 5.9089319677924745 1.11132182797501
34 768 1018 4.917669875052603 1.5163423731594585
34 769 1018 3.9308366793851794 2.1346401435975384
34 770 1018 2.9528760556447224 3.1337199765044286
34 771 1018 1.996866795757785 4.8754439937341365
34 772 1018 1.1204807004138861 8.116775460681845
34 773 1018 0.7235171041516724 11.098072845645559
34 774 1018 1.3384606830236183 7.285576706832373
34 775 1018 2.2493281219066463 4.4271914904867815
34 776 1018 3.213639214348759 2.884241531513282
34 777 1018 4.194696294131452 1.9839089482100325
34 778 1018 5.182998842369171 1.4193674450685485
34 766 1019 7.075978872212652 0.7832929588439778
34 767 1019 6.110440000523683 1.0289314337947233
34 768 1019 5.158049728337243 1.375862229817692
34 769 1019 4.227703513729402 1.8764168600353783
34 770 1019 3.3378851088675834 2.608824681353868
34 771 1019 2.531694491837431 3.657954061409794
34 772 1019 1.9176748942404231 4.926960966526343
34 773 1019 1.7162392024423774 5.573509787147303
34 774 1019 2.0526755710535642 4.784598218596403
34 775 1019 2.735228875249767 3.517706286562745
34 776 1019 3.5706409788720195 2.507896556693091
34 777 1019 4.474089516315042 1.8074910605840844
34 778 1019 5.4116057690855675 1.3284673431794773
34 767 1020 6.462157302325586 0.9125169472202644
34 768 1020 5.570231323742303 1.1854569463561209
34 769 1020 4.721808657707336 1.5505883803668263
34 770 1020 3.9450572872900063 2.0261554735904745
34 771 1020 3.2911209336637897 2.5949467860756337
34 772 1020 2.8459580109341114 3.1314189898112006
34 773 1020 2.7143096728266056 3.3637766261439146
34 774 1020 2.9386182126979516 3.1185937085185826
34 775 1020 3.4501415912973967 2.577843333351997
34 776 1020 4.143848090845049 2.010741604470384
34 777 1020 4.943629941652206 1.538448648225832
34 778 1020 5.805814068672904 1.1763211772607978
34 768 1021 6.119597780900306 0.9873078212315763
34 769 1021 5.35886900381041 1.2395652822263694
34 770 1021 4.688867347238564 1.5365557051598857
34 771 1021 4.1537304919794735 1.8491406059818838
34 772 1021 3.8107055777113072 2.1073404162175824
34 773 1021 3.7134185059053197 2.2145434500917793
34 774 1021 3.880396500359226 2.118761716784665
34 775 1021 4.280826672501488 1.8667915014036571
34 776 1021 4.857311705048399 1.5550370156374513
34 769 1022 6.094216684693777 0.9773280033102097
34 770 1022 5.514297507389317 1.1632417084853712
34 771 1022 5.067097492648041 1.3428361572724472
34 772 1022 4.789934968243316 1.4806571872054048
34 773 1022 4.712905367180644 1.5378310812597504
34 771 1023 6.008117592058272 0.9951286834100849
69 489 1622 2.4944001282874018 1.0979385864985447
69 490 1622 1.7972289781773063 1.4941683136851807
69 491 1622 1.4960053475841197 1.690902420628427
69 489 1623 2.056704159571818 2.035140870779143
69 490 1623 1.1126688635888289 4.006133473777419
69 491 1623 0.4960161287701177 6.424410613812062
38 2162 1120 10.992279563402676 0.3578678586060404
38 2163 1120 10.694120347181425 0.35395741230498057
38 2164 1120 10.483234710717843 0.3438786320757934
38 2165 1120 10.364951037028543 0.32847414280537174
38 2156 1121 13.488817961556244 0.31180814549069447
38 2157 1121 12.786016189572184 0.344620286012949
38 2158 1121 12.125024123687409 0.3762385537604886
38 2159 1121 11.513045209674166 0.4047594615317264
38 2160 1121 10.958294119068027 0.4280744357449451
38 2161 1121 10.469871536938768 0.44416635284764716
38 2162 1121 10.057445500722348 0.451481626128657
38 2163 1121 9.730683943074087 0.4492690656366548
38 2164 1121 9.498431975857885 0.43775887831469795
38 2165 1121 9.36772170807818 0.41810679513526655
38 2166 1121 9.342815956658828 0.39212728015646114
38 2167 1121 9.424553570328861 0.3619232215894711
38 2154 1122 14.394520137885914 0.2779834220887588
38 2155 1122 13.591769936251966 0.3174622969404719
38 2156 1122 12.816794060918761 0.360186686370769
38 2157 1122 12.074941407725426 0.4050431911115624
38 2158 1122 11.372695810580785 0.4502048397428855
38 2159 1122 10.717845399146293 0.49307117209394113
38 2160 1122 10.119595347641182 0.5303938703302501
38 2161 1122 9.588545770866439 0.5586715166092605
38 2162 1122 9.136422166253064 0.5748050462317266
38 2163 1122 8.77543218308933 0.5768456145253982
38 2164 1122 8.517171478842002 0.5645371344562713
38 2165 1122 8.371153445015764 0.5393914835454553
38 2166 1122 8.343273338444506 0.5042575716911739
38 2167 1122 8.434702721495203 0.4625986222846911
38 2168 1122 8.641655512689582 0.4177864240965478
38 2169 1122 8.95612695309741 0.372626446701596
38 2154 1123 13.83922721830967 0.30688098284914106
38 2155 1123 13.002238653401301 0.35595552788061
38 2156 1123 12.18984044194191 0.4109592740073681
38 2157 1123 11.407287582944607 0.4711025859911803
38 2158 1123 10.661154252706499 0.5345670730034148
38 2159 1123 9.959629009154984 0.5981818098840613
38 2160 1123 9.312798183145663 0.6572948593320157
38 2161 1123 8.732823712866349 0.7060983963100419
38 2162 1123 8.233845395682412 0.7386112350429679
38 2163 1123 7.8313606735994545 0.7502091409023295
38 2164 1123 7.540836160532846 0.7391132074129079
38 2165 1123 7.37551421936121 0.7070267776021483
38 2166 1123 7.343855254564802 0.6585248734854847
38 2167 1123 7.447564031278866 0.5995763117456656
38 2168 1123 7.68115941769199 0.5360061583413813
38 2169 1123 8.033318741342086 0.47249802952760905
38 2170 1123 8.489299735549315 0.41225582527876636
38 2171 1123 9.033394157236653 0.3571250316345224
38 2153 1124 14.223649672288884 0.28253672469536234
38 2154 1124 13.335899294760866 0.33302515799200005
38 2155 1124 12.465159846548419 0.39230951760617216
38 2156 1124 11.615257638124204 0.4611328358447138
38 2157 1124 10.791117180348026 0.5396041319581548
38 2158 1124 9.999110460436066 0.6266280210055442
38 2159 1124 9.247497499323892 0.7191418455436459
38 2160 1124 8.54694155824183 0.8113390369891614
38 2161 1124 7.91101826568495 0.8943615171432804
38 2162 1124 7.356508003122172 0.9572243212396387
38 2163 1124 6.903058018009136 0.9894987316962688
38 2164 1124 6.571621565488983 0.9850704776798804
38 2165 1124 6.381238907923721 0.9448100769540898
38 2166 1124 6.344620556030058 0.8761730861893944
38 2167 1124 6.464380094022846 0.7900451002536051
38 2168 1124 6.732177210977031 0.6970849569131822
38 2169 1124 7.131354008882052 0.6054553040930912
38 2170 1124 7.641348702944905 0.5202592645002014
38 2171 1124 8.241614526292613 0.4440207548703802
38 2153 1125 13.807034801144082 0.29687420811671844
38 2154 1125 12.890624887878921 0.3542048915618584
38 2155 1125 11.987585661842134 0.42338932158305054
38 2156 1125 11.101180567849655 0.5064460226596562
38 2157 1125 10.235732020720475 0.6051375141881649
38 2158 1125 9.397031978236644 0.7202887971115556
38 2159 1125 8.592916268648365 0.8505736512809271
38 2160 1125 7.834041741017301 0.9906769637082032
38 2161 1125 7.134858793276923 1.1292149982435005
38 2162 1125 6.514615107586993 1.247887594176631
38 2163 1125 5.9978504482856465 1.324469601810543
38 2164 1125 5.613217437441738 1.3410118357703287
38 2165 1125 5.38908248220415 1.2932400437619083
38 2166 1125 5.345672081226016 1.1931078998406683
38 2167 1125 5.487277102534456 1.061952256747563
38 2168 1125 5.800362919679991 0.9207729737558754
38 2169 1125 6.259249955066361 0.7845210765745106
38 2170 1125 6.834633128412811 0.6613476873775129
38 2171 1125 7.499747329076996 0.5543334943803007
38 2172 1125 8.232873738859183 0.4635501717872501
38 2153 1126 13.45199650609544 0.30552146087122733
38 2154 1126 12.50960470998199 0.3682986989818887
38 2155 1126 11.57688256829114 0.4458693281306221
38 2156 1126 10.656369456808585 0.5418167514382661
38 2157 1126 9.751523470719976 0.6602442898562613
38 2158 1126 8.867142155170527 0.805325502150767
38 2159 1126 8.010006866414152 0.9800933878142526
38 2160 1126 7.189868566253593 1.183783579387556
38 2161 1126 6.420919716053234 1.4070059398205927
38 2162 1126 5.723828264369993 1.62534169126061
38 2163 1126 5.127983034293352 1.7965426863454372
38 2164 1126 4.672281027506811 1.8721133066470415
38 2165 1126 4.400478383085156 1.8258060235945162
38 2166 1126 4.3472071494235704 1.674072529770862
38 2167 1126 4.520200216804456 1.4628774301200995
38 2168 1126 4.895529593414659 1.2378804964317485
38 2169 1126 5.431409577632528 1.0280071988095987
38 2170 1126 6.085573925275907 0.8457726092610779
38 2171 1126 6.824090415579036 0.6935354555281624
38 2172 1126 7.6224805673742 0.5688813102316135
38 2173 1126 8.463817696524245 0.46776393890100454
38 2153 1127 13.163518146757122 0.307604478513413
38 2154 1127 12.198861012406187 0.37372334016225106
38 2155 1127 11.240383000592256 0.4569498852565392
38 2156 1127 10.289810979799533 0.5623953845888615
38 2157 1127 9.34955667398207 0.6967271008158866
38 2158 1127 8.42307604144723 0.8683952092943804
38 2159 1127 7.515464722823331 1.0873817302396787
38 2160 1127 6.634471342918109 1.3634426363819458
38 2161 1127 5.792254310715411 1.7004302617012617
38 2162 1127 5.008413920594115 2.0824345081895386
38 2163 1127 4.314882385419163 2.4501390809744614
38 2164 1127 3.7619423174738094 2.6891238076517356
38 2165 1127 3.41850990930257 2.6877135816739064
38 2166 1127 3.349658191517385 2.446662457785469
38 2167 1127 3.571303683530591 2.0782851117653363
38 2168 1127 4.035865458609692 1.6965477353657965
38 2169 1127 4.671424836171345 1.3601783447604658
38 2170 1127 5.418137133738691 1.0847644017258729
38 2171 1127 6.236201568262349 0.8663365337439559
38 2172 1127 7.101000633713352 0.6951165930923563
38 2173 1127 7.9973876984923695 0.5611337587419092
38 2174 1127 8.915840397853515 0.4559569431440911
38 2154 1128 11.963871029060945 0.36983183188023394
38 2155 1128 10.984908283640946 0.455124159223195
38 2156 1128 10.010105394050711 0.5649832375010583
38 2157 1128 9.040808039108162 0.7081105757844731
38 2158 1128 8.078998081445647 0.896812449018134
38 2159 1128 7.127707204985491 1.1484803628442801
38 2160 1128 6.191785687505805 1.4871332906169312
38 2161 1128 5.279413793216192 1.9432040654511162
38 2162 1128 4.405248006639471 2.5442506869142285
38 2163 1128 3.5972503388005515 3.2732883866120344
38 2164 1128 2.9110496388760416 3.957112983461972
38 2165 1128 2.451165029123903 4.200641873383147
38 2166 1128 2.354189881891356 3.7976477233295145
38 2167 1128 2.6601146591828115 3.070125572636626
38 2168 1128 3.257331730112691 2.367747218754484
38 2169 1128 4.017985813812511 1.807190230327949
38 2170 1128 4.866026099395506 1.3858722309327283
38 2171 1128 5.763003557173802 1.0733819707138734
38 2172 1128 6.6892607962313395 0.840709203006562
38 2173 1128 7.6341476276004245 0.6657313299912031
38 2174 1128 8.591519656032736 0.5325864382794421
38 2154 1129 11.809157886996173 0.35709044621825503
38 2155 1129 10.816201274014995 0.44064630551675693
38 2156 1129 9.824673531471834 0.5491577983364399
38 2157 1129 8.835055744023515 0.6921948736574547
38 2158 1129 7.848070463496269 0.8840274506713488
38 2159 1129 6.864853239509363 1.1465373458010168
38 2160 1129 5.887292246865433 1.5143110079727051
38 2161 1129 4.918761022859465 2.0436152072937634
38 2162 1129 3.965880734465063 2.8271159828354655
38 2163 1129 3.043387914808232 4.006712618264056
38 2164 1129 2.1900251140113554 5.6844137947257245
38 2165 1129 1.5265025384846564 7.170118976136588
38 2166 1129 1.365360758188015 6.528836149886086
38 2167 1129 1.8434234456574001 4.743643856510079
38 2168 1129 2.6329090375474524 3.3253494544807682
38 2169 1129 3.530752044536504 2.37486067998607
38 2170 1129 4.472159433651528 1.739834784875623
38 2171 1129 5.434538618870787 1.3045115796602171
38 2172 1129 6.408448330134031 0.997598614184692
38 2173 1129 7.389330822205574 0.7756994693404606
38 2174 1129 8.374736413762344 0.6117481912314126
38 2175 1129 9.36323715389056 0.4883421777299423
38 2155 1130 10.73835229446323 0.41544991625518274
38 2156 1130 9.738901888817002 0.5174317661388886
38 2157 1130 8.73957722089593 0.6520315948002352
38 2158 1130 7.7404269908062995 0.8330530285862827
38 2159 1130 6.741528758375382 1.082126362623556
38 2160 1130 5.743014017047317 1.4347253716286512
38 2161 1130 4.745124866639614 1.9525489937997687
38 2162 1130 3.7483609751465057 2.751744239080606
38 2163 1130 2.7539444438842473 4.0770402483511266
38 2164 1130 1.7658454065972384 6.541231927993432
38 2165 1130 0.8075951956272502 12.105965631109111
38 2166 1130 0.43152056729647 14.087625080393115
38 2167 1130 1.3115677641660448 7.353499262163978
38 2168 1130 2.292206360692503 4.4754998174911185
38 2169 1130 3.2845410638320263 2.979234644299748
38 2170 1130 4.280445070316692 2.0947131059962514
38 2171 1130 5.27789825593466 1.5290555964874843
38 2172 1130 6.276162043796971 1.147468284016547
38 2173 1130 7.274902748490692 0.8798149648864665
38 2174 1130 8.273947667226151 0.6863685903913607
38 2175 1130 9.273198477332226 0.5431778697810702
38 2156 1131 9.75541951942629 0.4743426325670828
38 2157 1131 8.757979789883231 0.5945842565585464
38 2158 1131 7.761199005308573 0.754841313045808
38 2159 1131 6.765368430470171 0.9728628168690291
38 2160 1131 5.77097998610306 1.2770051048855735
38 2161 1131 4.778933981548786 1.7148375937822338
38 2162 1131 3.7910697698672573 2.3712634915641333
38 2163 1131 2.8117983569240934 3.4103416777079008
38 2164 1131 1.8547803104412885 5.180461663788432
38 2165 1131 0.9870207697917673 8.425992053064814
38 2166 1131 0.7128884905789851 11.983261196013487
38 2167 1131 1.4290591310367933 8.240518975436881
38 2168 1131 2.3614000084694005 5.079486716423789
38 2169 1131 3.3331981639258914 3.3532122183151243
38 2170 1131 4.31789416266756 2.336193324380974
38 2171 1131 5.308315175269668 1.69194050940141
38 2172 1131 6.301762451885812 1.2613574517937076
38 2173 1131 7.297000068521141 0.961789760402215
38 2174 1131 8.293383507350736 0.7467867885715083
38 2175 1131 9.29054411754214 0.5885931510930099
38 2176 1131 10.288255926054546 0.4698030536089909
38 2156 1132 9.873713080700877 0.42503750215013847
38 2157 1132 8.889556231893875 0.5280735281775603
38 2158 1132 7.909374817266084 0.6630794559933351
38 2159 1132 6.934854720900975 0.8427393739627583
38 2160 1132 5.968769554941972 1.0860508025703361
38 2161 1132 5.015995414671134 1.4220348815875254
38 2162 1132 4.085854867711468 1.8954755465243398
38 2163 1132 3.198157281936138 2.573723476140384
38 2164 1132 2.4004603725120726 3.54174406209772
38 2165 1132 1.8155467496047712 4.807756443307115
38 2166 1132 1.6823227989895697 5.878452201303065
38 2167 1132 2.0890691707073157 5.644977653358387
38 2168 1132 2.81037541976146 4.406044797721757
38 2169 1132 3.664997953614579 3.21448448848239
38 2170 1132 4.578887419450133 2.3423032621659594
38 2171 1132 5.522699521067424 1.7344961235030605
38 2172 1132 6.483379519972435 1.308515936488569
38 2173 1132 7.454408762604695 1.0043814784786895
38 2174 1132 8.43221263963364 0.7828003299365787
38 2175 1132 9.414680557512133 0.6182818806994741
38 2176 1132 10.400490853800921 0.4940480163754134
38 2157 1133 9.129414548589814 0.45966796129819415
38 2158 1133 8.178032159389142 0.5694563758208827
38 2159 1133 7.23976588019272 0.711659698531354
38 2160 1133 6.320459635184953 0.8975813811052155
38 2161 1133 5.42975229637614 1.1424990969640596
38 2162 1133 4.584344009779547 1.465919547354578
38 2163 1133 3.81447375138449 1.8886874853430904
38 2164 1133 3.1755645167435844 2.4193262534079216
38 2165 1133 2.760110505034276 3.012786114200611
38 2166 1133 2.6743616060660567 3.4983607496328593
38 2167 1133 2.9472376897698407 3.6052249137287835
38 2168 1133 3.4957416952628977 3.2554142715997485
38 2169 1133 4.213574492043445 2.678956262005887
38 2170 1133 5.028738410376784 2.10944595143169
38 2171 1133 5.901034655041307 1.6385274077340106
38 2172 1133 6.808539490962663 1.2737792196531597
38 2173 1133 7.738876533450949 0.9969542389336362
38 2174 1133 8.684711279023468 0.7872312093615248
38 2175 1133 9.641483806966493 0.6274110013475506
38 2157 1134 9.469329965736936 0.3943914829275569
38 2158 1134 8.55582900717418 0.4816407652641213
38 2159 1134 7.66395524517222 0.5915384928202189
38 2160 1134 6.802220960833486 0.7303012258011415
38 2161 1134 5.983661922268175 0.9052289191717938
38 2162 1134 5.228595413684418 1.1236984919523445
38 2163 1134 4.568611386406309 1.3900606396416935
38 2164 1134 4.0504579987948315 1.6982244204995154
38 2165 1134 3.733659063171232 2.018111493476749
38 2166 1134 3.6707233619547432 2.2822430814872976
38 2167 1134 3.8740431076589714 2.399318230568113
38 2168 1134 4.306066650668523 2.316938583908845
38 2169 1134 4.9067514711873566 2.072778917390718
38 2170 1134 5.622295794424101 1.7568415712607235
38 2171 1134 6.4143752618628875 1.4433478354395333
38 2172 1134 7.25797561307547 1.1684604491768218
38 2173 1134 8.137088545665328 0.9414487531862927
38 2174 1134 9.041361070104298 0.7591372254251993
38 2175 1134 9.96394550366456 0.6143765180045656
38 2158 1135 9.029075810956693 0.40350614299721227
38 2159 1135 8.18890774157353 0.4874197570918465
38 2160 1135 7.388654139963688 0.5900727838071446
38 2161 1135 6.642756205070468 0.7146804661613746
38 2162 1135 5.9716170339366075 0.8635287337614295
38 2163 1135 5.403166664096296 1.0360830662098763
38 2164 1135 4.9727467259052265 1.2256845756919377
38 2165 1135 4.718284645928094 1.4151742896415316
38 2166 1135 4.668641129922116 1.5743441046738367
38 2167 1135 4.830135608862354 1.6656343175868076
38 2168 1135 5.183069553845457 1.6617933257110946
38 2169 1135 5.691942550658729 1.564057081680342
38 2170 1135 6.3191937776902405 1.4012407483219915
38 2171 1135 7.033221879053632 1.2108333732509022
38 2172 1135 7.810263119767371 1.022092715142302
38 2173 1135 8.633319755458963 0.8512260582723843
38 2174 1135 9.490427282266992 0.7042721800621372
38 2175 1135 10.373148509493022 0.5814514581782364
38 2160 1136 8.05693552164858 0.4760104250723451
38 2161 1136 7.37890303500475 0.565353090689569
38 2162 1136 6.781018360099164 0.6684387354368476
38 2163 1136 6.286192011066924 0.783678223259107
38 2164 1136 5.920321781795417 0.9061376522327347
38 2165 1136 5.70825805303167 1.0260816357122244
38 2166 1136 5.6672930046011 1.1285943680180106
38 2167 1136 5.801052490712372 1.1960295508927303
38 2168 1136 6.0980496882199855 1.2140337294548746
38 2169 1136 6.536069920066608 1.1783819641176208
38 2170 1136 7.089020383663682 1.0972771990232728
38 2171 1136 7.732283621285423 0.9870012044033252
38 2172 1136 8.44524777611637 0.8647941300891596
38 2173 1136 9.211743048956485 0.7439323139085957
38 2174 1136 10.019491504063357 0.6324137200710909
38 2175 1136 10.859291413347256 0.5338769505635027
38 2161 1137 8.171304057493053 0.4493501492278228
38 2162 1137 7.63571935052632 0.5220799098898754
38 2163 1137 7.199875693371499 0.6012621394483276
38 2164 1137 6.882747271257414 0.683549562040706
38 2165 1137 6.7012095923050365 0.7632731629481039
38 2166 1137 6.666349075768586 0.8324829773540348
38 2167 1137 6.7804284525389935 0.8820655032333087
38 2168 1137 7.036207074837976 0.9041056161137303
38 2169 1137 7.419043738919433 0.8946904367996558
38 2170 1137 7.910512625614049 0.855521948681601
38 2171 1137 8.491773077514432 0.7931981070195921
38 2172 1137 9.145720857318935 0.7166857694169435
38 2173 1137 9.857900892177717 0.63461780066062
38 2174 1137 10.616600680066943 0.553645479807737
38 2164 1138 7.854566187893607 0.5244710365984803
38 2165 1138 7.695986616412553 0.5794831507508582
38 2166 1138 7.665651309575775 0.6278954136350586
38 2167 1138 7.7650634253688136 0.6646554026485139
38 2168 1138 7.989381077405189 0.685188968079968
38 2169 1138 8.328517875348515 0.6866482041711502
38 2170 1138 8.769162445752697 0.6688224975525701
38 2171 1138 9.296892491580133 0.6342097379710121
38 2172 1138 9.897788136750489 0.5872056230991163
38 2173 1138 10.559365984754878 0.5328666899842008
38 2174 1138 11.270945390693631 0.47582301959003526
38 2165 1139 8.691962379117921 0.4473721350683135
38 2166 1139 8.665114540500946 0.4821916675832216
38 2167 1139 8.753182849683911 0.5097682030587555
38 2168 1139 8.952776664253399 0.5273455459647003
38 2169 1139 9.256684611673872 0.5329671878205184
38 2170 1139 9.655061366972223 0.52597357944938
38 2171 1139 10.136775128215048 0.5071827225885214
72 2286 1664 10.061353040222716 1.0129359992685432
72 2287 1664 9.270211702005463 1.0370020829825355
72 2288 1664 8.523076029227896 1.0289501305364628
72 2289 1664 7.832549074215832 0.9901048442698025
72 2290 1664 7.214902979250616 0.9264778276466681
72 2291 1664 6.690353129693495 0.8466165888455632
72 2292 1664 6.282262729303804 0.7591340463594238
72 2284 1665 11.269907941061392 1.0112154971300709
72 2285 1665 10.378671639472884 1.148808074167501
72 2286 1665 9.509091702155306 1.2758347286424139
72 2287 1665 8.66768856154852 1.374631669484352
72 2288 1665 7.863512255983275 1.4272615624576166
72 2289 1665 7.109207058455907 1.4225229124710272
72 2290 1665 6.422369111161349 1.3614733268927361
72 2291 1665 5.826905267807222 1.2568735806472984
72 2292 1665 5.353393783386356 1.1270504982610832
72 2293 1665 5.036350365095722 0.9891306103766611
72 2294 1665 4.9062027067784255 0.8553937538265325
72 2295 1665 4.977632469357302 0.7328708429573716
72 2283 1666 11.810877401785124 0.8826400085403822
72 2284 1666 10.872112260273926 1.0578395332209178
72 2285 1666 9.945291599545927 1.2606941277992596
72 2286 1666 9.034092372784269 1.4844440017962917
72 2287 1666 8.143759881037692 1.710769608877028
72 2288 1666 7.281952004785473 1.906115780260876
72 2289 1666 6.460094813545641 2.0265317681918087
72 2290 1666 5.695509195848904 2.036907546611638
72 2291 1666 5.014461586252263 1.9339086104935506
72 2292 1666 4.455426466680793 1.7484488124906665
72 2293 1666 4.069007864332511 1.524697401058232
72 2294 1666 3.906766565844439 1.2987632026175573
72 2295 1666 3.996101224944143 1.0914974276613032
72 2296 1666 4.32143783942338 0.9113027524241372
72 2283 1667 11.519063547007566 0.8197080255299257
72 2284 1667 10.554374685408826 1.0065349298258126
72 2285 1667 9.596917473855799 1.241482223722058
72 2286 1667 8.64909388317637 1.5340762545890403
72 2287 1667 7.714455586753938 1.888836302881567
72 2288 1667 6.798442836414761 2.2934510388175697
72 2289 1667 5.909722920746733 2.6974959896241946
72 2290 1667 5.062689502625994 2.99572303378968
72 2291 1667 4.282151912298251 3.0653875788300478
72 2292 1667 3.6114851515684925 2.8715313156810502
72 2293 1667 3.1223108429494695 2.50537769875107
72 2294 1667 2.907718177540588 2.0913824568810706
72 2295 1667 3.026685480851965 1.7077973753569575
72 2296 1667 3.44482583014007 1.3833260603171638
72 2297 1667 4.070973470805275 1.1199652707304089
72 2284 1668 10.324089548236138 0.8803221522543381
72 2285 1668 9.34306293460548 1.1014939502010017
72 2286 1668 8.366530045365218 1.3934993150890276
72 2287 1668 7.396271019912605 1.7829880057911411
72 2288 1668 6.435124318923387 2.3044004086853525
72 2289 1668 5.487879827401408 2.991549956669664
72 2290 1668 4.5632033704404895 3.8352195393107844
72 2291 1668 3.678155108202966 4.655832950390586
72 2292 1668 2.869638478972518 4.990069592044315
72 2293 1668 2.2227966618653707 4.547706569298377
72 2294 1668 1.9096662011985148 3.6997421048681165
72 2295 1668 2.0863424934559758 2.8748364291946076
72 2296 1668 2.656844933374966 2.214466317074441
72 2297 1668 3.4299890670380218 1.715694326270021
72 2298 1668 4.297769770474041 1.3432022300643458
72 2287 1669 7.203945099735218 1.4717671971765918
72 2288 1669 6.213117172563156 1.928867618465342
72 2289 1669 5.225784630081814 2.5884095211684146
72 2290 1669 4.244387470530872 3.576364429619625
72 2291 1669 3.27426709356454 5.1103921101174095
72 2292 1669 2.3295546784739165 7.435126668325689
72 2293 1669 1.4604194602920912 9.464999718736488
72 2294 1669 0.9158738996171767 7.921366714532698
72 2295 1669 1.2429098921483026 5.472415360842568
72 2296 1669 2.061752894990143 3.807394163131096
72 2297 1669 2.9927955159015402 2.7392911543680016
72 2298 1669 3.9576287092147107 2.031346469915839
72 2299 1669 4.936479008362198 1.5438537455172507
72 2289 1670 5.147895200953427 1.9076511252871622
72 2290 1670 4.148111015872099 2.581938788884306
72 2291 1670 3.14846391117948 3.6301500860590354
72 2292 1670 2.149145178902468 5.405751163229777
72 2293 1670 1.1510104256694855 8.91740372101914
72 2294 1670 0.17557049866074154 19.399067461002154
72 2295 1670 0.8583851117069263 12.535775538566028
72 2296 1670 1.8554851117700306 6.882717838467733
72 2297 1670 2.854614685032005 4.4219870281744384
72 2298 1670 3.8541957656559824 3.0631589754555844
72 2299 1670 4.853949422892727 2.222752916588747
72 2300 1670 5.853787235627955 1.6659066460885563
72 2301 1670 6.853672373260988 1.2791048552038808
72 2289 1671 5.262397267405734 1.3333391791062796
72 2290 1671 4.289385154075053 1.72954533078985
72 2291 1671 3.332390283265091 2.289219561133371
72 2292 1671 2.410565286400625 3.1028676725589417
72 2293 1671 1.5864504404486948 4.313773216255674
72 2294 1671 1.105814179688427 6.072040622980858
72 2295 1671 1.3888214428068568 7.934591508356098
72 2296 1671 2.1528643710183535 7.728490773411473
72 2297 1671 3.0562763291300055 5.7820087835937874
72 2298 1671 4.005848848870925 4.1052284804777175
72 2299 1671 4.975221100614589 2.9633132655928636
72 2300 1671 5.954731312158491 2.194302149095068
72 2301 1671 6.94008825592304 1.6631013343458425
72 2302 1671 7.92911249762551 1.2855302833172553
72 2290 1672 4.646592837768279 1.162372356046189
72 2291 1672 3.781114253761661 1.4684077241988576
72 2292 1672 3.000470796391749 1.8719475508112666
72 2293 1672 2.3893147553220913 2.400172741685307
72 2294 1672 2.1011484954662287 3.0656251105697683
72 2295 1672 2.2629239934209293 3.8094073754813267
72 2296 1672 2.7976463321871576 4.394965823686327
72 2297 1672 3.5401730183707674 4.455945628770025
72 2298 1672 4.386208499376257 3.943681287915347
72 2299 1672 5.286286503775656 3.204743452146886
72 2300 1672 6.21697876785829 2.5161024185444165
72 2301 1672 7.1663676294201455 1.9617769502851812
72 2302 1672 8.12790409638309 1.5366123635825293
72 2295 1673 3.211358746698994 2.1554466523184312
72 2296 1673 3.6081608888740346 2.507847539484216
72 2297 1673 4.210086103632608 2.7625084365471495
72 2298 1673 4.942754798692782 2.822561691839526
72 2299 1673 5.7564594153004025 2.6606111716641903
72 2300 1673 6.621391470076421 2.3464638408354963
72 2301 1673 7.519895278526219 1.9810946977357202
72 2302 1673 8.441257311562126 1.6338143659992563
72 2303 1673 9.378743252696557 1.3339660938388427
72 2297 1674 4.991675570387202 1.7291012766751883
72 2298 1674 5.623417555188351 1.8612163489519287
72 2299 1674 6.350498011967303 1.9049752674979081
72 2300 1674 7.143866250147801 1.8475195663515078
72 2301 1674 7.983785129874233 1.7055535132822088
72 2302 1674 8.857021226123434 1.5141516115144051
72 2303 1674 9.754630951502019 1.3080045613785518
72 2300 1675 7.76059437156722 1.3431391810711686
72 2301 1675 8.540071721010365 1.322228559441244
78 2184 1760 4.86463986334027 2.2900128162953743
78 2181 1761 5.188325452397874 2.106864524336601
78 2182 1761 4.5761032549538845 2.5002941746776894
78 2183 1761 4.118582401749353 2.867833853829829
78 2184 1761 3.8710103332333543 3.111059377113655
78 2185 1761 3.873850926403769 3.135452441081865
78 2186 1761 4.126587088624118 2.9300926861262373
78 2180 1762 5.31194135886305 2.0704526497450173
78 2181 1762 4.498746603221809 2.598590652323386
78 2182 1762 3.7763369817853514 3.235637740339472
78 2183 1762 3.2066682085927805 3.908231231124068
78 2184 1762 2.8817912832125034 4.403216022807148
78 2185 1762 2.885605828937747 4.441461139455847
78 2186 1762 3.216942803345971 3.9964423343408106
78 2187 1762 3.790873382216738 3.3324372252631664
78 2180 1763 4.8514658609537795 2.3876352841640944
78 2181 1763 3.9444544616461132 3.126044947860214
78 2182 1763 3.0952739781802614 4.139946584577237
78 2183 1763 2.3670067596016273 5.436766195143546
78 2184 1763 1.90387000606652 6.630014163059462
78 2185 1763 1.9096389711146096 6.693757665486044
78 2186 1763 2.3809076000549876 5.5525546477620935
78 2187 1763 3.112992290385496 4.239865304691133
78 2180 1764 4.566915917772097 2.6284707581454523
78 2181 1764 3.588693494852979 3.564309345209535
78 2182 1764 2.626922343732305 5.02058328857546
78 2183 1764 1.7095967360754873 7.417045632691622
78 2184 1764 0.9719675920522733 11.038343949371015
78 2185 1764 0.9832197109496071 11.130420374585738
78 2186 1764 1.7287917746217336 7.49918187394304
78 2187 1764 2.647776614444598 5.069737078546623
78 2180 1765 4.491850509533941 2.71530063514909
78 2181 1765 3.4926667461984193 3.725490888524549
78 2182 1765 2.494137325810307 5.370068163365389
78 2183 1765 1.4975717011215601 8.413304270107227
78 2184 1765 0.5145104469299513 15.94168279732474
78 2185 1765 0.5354633507533384 15.535982779178415
78 2186 1765 1.5194475969904084 8.280112212033648
78 2187 1765 2.516092406888082 5.303712752360385
78 2181 1766 3.676781336984893 3.5176400246945163
78 2182 1766 2.746037326767492 4.877621867202812
78 2183 1766 1.8875171522400234 6.9358550218794
78 2184 1766 1.2588570212697796 9.379142574198942
78 2185 1766 1.2675649884720532 9.20438821672877
78 2186 1766 1.9049202083027235 6.720316802476632
78 2182 1767 3.295560802048798 3.962502067017425
78 2183 1767 2.623494044209068 5.017091575692698
78 2184 1767 2.21466047059146 5.830004869882435
78 2185 1767 2.219621814634268 5.753221211174628
78 2183 1768 3.4932393276156466 3.6196967507819804
113 1901 2316 9.716435817726584 0.6895266705595052
113 1902 2316 9.637589169496707 0.7021667244564483
113 1903 2316 9.662149088065263 0.70430769947962
113 1897 2317 10.111633151969043 0.6732946071554335
113 1898 2317 9.629077058576256 0.7282194245468286
113 1899 2317 9.230012188507647 0.7784867323930776
113 1900 2317 8.925644234451644 0.8209059271345629
113 1901 2317 8.725888206939167 0.8522998734838888
113 1902 2317 8.63800468858406 0.8700132756310343
113 1903 2317 8.665398144343996 0.8724287406430401
113 1904 2317 8.806992960142555 0.8593188909141244
113 1905 2317 9.05743479137447 0.8318980692698896
113 1906 2317 9.408035129611328 0.7925524655359804
113 1895 2318 10.537035873527197 0.6592569505132889
113 1896 2318 9.874367068323885 0.7341734746584087
113 1897 2318 9.272385076127899 0.8114007137203441
113 1898 2318 8.74363339807883 0.8878289745411001
113 1899 2318 8.30211569420709 0.9592304780706372
113 1900 2318 7.962356749103865 1.020494873738203
113 1901 2318 7.737772612321974 1.0662508065561498
113 1902 2318 7.638528981420453 1.0918436365730069
113 1903 2318 7.669493138402325 1.0944164472603086
113 1904 2318 7.829120320955638 1.0736716757163525
113 1905 2318 8.10981658238956 1.0319545349697674
113 1906 2318 8.499595578614363 0.9736163803692509
113 1907 2318 8.984270977658731 0.9039648903623649
113 1908 2318 9.549404431691075 0.8282342875336052
113 1909 2318 10.181607191401625 0.7508767635424536
113 1894 2319 10.596561942441467 0.6828903683469434
113 1895 2319 9.836723285728791 0.7747519772744249
113 1896 2319 9.123328614053053 0.874865015837095
113 1897 2319 8.468124054358164 0.9809868574153348
113 1898 2319 7.8856277492663525 1.0890514968800329
113 1899 2319 7.39304571878192 1.1928131248537086
113 1900 2319 7.009359813848897 1.2839556964493402
113 1901 2319 6.753156669291776 1.3530452633272938
113 1902 2319 6.639211173023505 1.3914612779664193
113 1903 2319 6.674812731455491 1.393821639503981
113 1904 2319 6.857632608998566 1.3597814089584124
113 1905 2319 7.176428429239759 1.2941551223876848
113 1906 2319 7.61413980696446 1.2052859329698893
113 1907 2319 8.151633271927837 1.1026297708884525
113 1908 2319 8.770582933876238 0.994718508325575
113 1909 2319 9.455005288205886 0.8880811911378057
113 1910 2319 10.191718451762757 0.7870470315784291
113 1893 2320 10.841822955573416 0.6835090462709219
113 1894 2320 10.00095620428361 0.7878629500802026
113 1895 2320 9.192014197116919 0.9069893994781358
113 1896 2320 8.42419877495772 1.0408747861764835
113 1897 2320 7.709807066327881 1.1877190245231217
113 1898 2320 7.065063693980365 1.3428134070026754
113 1899 2320 6.510693127463438 1.4973347416468468
113 1900 2320 6.07150104998754 1.6377117425578207
113 1901 2320 5.773831050524423 1.7467161211257716
113 1902 2320 5.640135193415148 1.8072853308201267
113 1903 2320 5.682000087997208 1.8084075255950929
113 1904 2320 5.895686982871499 1.7498678444518379
113 1905 2320 6.263635126665713 1.6423478577466775
113 1906 2320 6.76070447512689 1.502798175990415
113 1907 2320 7.360782906729482 1.3485258202374042
113 1908 2320 8.040841062973517 1.1932691146893595
113 1909 2320 8.782318885123749 1.0460198073383418
113 1910 2320 9.57095214699151 0.9116162978003401
113 1893 2321 10.357467113150717 0.7709787124204673
113 1894 2321 9.473707035791154 0.9009881509604756
113 1895 2321 8.615400454999115 1.0539076492944122
113 1896 2321 7.790964317720826 1.2319351876456928
113 1897 2321 7.012355167844773 1.4353626696644082
113 1898 2321 6.296596302765444 1.6604381692026624
113 1899 2321 5.667550176222494 1.896218877476199
113 1900 2321 5.157046150656379 2.121258873145384
113 1901 2321 4.80303289599394 2.303067301570711
113 1902 2321 4.641457206524702 2.4050556700996655
113 1903 2321 4.692240935842943 2.4020916635301095
113 1904 2321 4.948850876718798 2.2949555643632924
113 1905 2321 5.381925770576976 2.1098502088293203
113 1906 2321 5.953076935501568 1.8834832829123735
113 1907 2321 6.626697895634061 1.6478388210239403
113 1908 2321 7.374762708047022 1.4237356606969844
113 1909 2321 8.176865230637057 1.2216358207554578
113 1910 2321 9.018598837957112 1.0449997658595702
113 1892 2322 10.887383753684741 0.7273349123202385
113 1893 2322 9.950332909003528 0.8581766252944679
113 1894 2322 9.02680037444048 1.016842880492752
113 1895 2322 8.121399202107906 1.2093930250133011
113 1896 2322 7.240933986717398 1.4423673843061648
113 1897 2322 6.395711453778952 1.7215238297839017
113 1898 2322 5.601707329020272 2.048739363850115
113 1899 2322 4.883966113723516 2.4155645596143573
113 1900 2322 4.281019154360296 2.7924710723743624
113 1901 2322 3.847223024468416 3.1181717594785443
113 1902 2322 3.6435044943021633 3.306560171489003
113 1903 2322 3.707981256694837 3.2909623629963427
113 1904 2322 4.027794061269814 3.0774113840646535
113 1905 2322 4.549409302316131 2.739260389251362
113 1906 2322 5.21259292483124 2.360835284039802
113 1907 2322 5.970353842110271 1.9985536436097295
113 1908 2322 6.7911063163523675 1.678113547081009
113 1909 2322 7.654614621259596 1.4059006420303695
113 1910 2322 8.54793103622165 1.179174786671316
113 1892 2323 10.595618198104273 0.7873064859215229
113 1893 2323 9.630219364064278 0.938630687376345
113 1894 2323 8.672665391908 1.1265165213026396
113 1895 2323 7.725873736995636 1.3614878717219943
113 1896 2323 6.794345075134106 1.657074990903486
113 1897 2323 5.885331341564316 2.0298105217328004
113 1898 2323 5.011100178603437 2.4971944197238
113 1899 2323 4.193462173431347 3.0694791152762284
113 1900 2323 3.4726250877397797 3.725873866431363
113 1901 2323 2.9211513141225454 4.364866669643032
113 1902 2323 2.647097467038196 4.765003546538038
113 1903 2323 2.7351645288721107 4.706570357905776
113 1904 2323 3.1551743216501293 4.226013019112542
113 1905 2323 3.798568809433431 3.5672982694881465
113 1906 2323 4.571993547677061 2.925589374552184
113 1907 2323 5.420066881506245 2.3778798900600067
113 1908 2323 6.312774746496266 1.9341939249552829
113 1909 2323 7.233610785769522 1.5812216462333002
113 1910 2323 8.173073167420032 1.3012870681155173
113 1891 2324 11.380910552323932 0.7005416329813432
113 1892 2324 10.39226274687079 0.8355043646270055
113 1893 2324 9.40601536252193 1.0042952499887186
113 1894 2324 8.42301163480134 1.2179020320352951
113 1895 2324 7.444536587323545 1.4918352973817075
113 1896 2324 6.472644359147122 1.848355234546142
113 1897 2324 5.510818904663735 2.3197872941900903
113 1898 2324 4.565427143214462 2.9528606195900755
113 1899 2324 3.6492636243493735 3.8112218978586943
113 1900 2324 2.7912586766546172 4.95869202121506
113 1901 2324 2.065217906178388 6.343657939739127
113 1902 2324 1.655030211204619 7.414259149134595
113 1903 2324 1.7925191770243813 7.167492949280111
113 1904 2324 2.3847693808836787 5.883646230771575
113 1905 2324 3.1876519571622755 4.551027984028939
113 1906 2324 4.078618025753411 3.502271429379401
113 1907 2324 5.010900617653558 2.7251716615939223
113 1908 2324 5.965159260237816 2.150976512477835
113 1909 2324 6.932324646177581 1.7213412455371002
113 1910 2324 7.907662423245019 1.3947221698626273
113 1911 2324 8.888482716414622 1.142514333232355
113 1891 2325 11.280829978330416 0.7237963180314908
113 1892 2325 10.282564125742098 0.8666712932052881
113 1893 2325 9.284671507382399 1.0469609587564161
113 1894 2325 8.28728695050429 1.2777992994220797
113 1895 2325 7.290618972350623 1.5785246948772353
113 1896 2325 6.2950079428066665 1.9786216208910776
113 1897 2325 5.301049424406377 2.5250197195471404
113 1898 2325 4.309886889466978 3.2965577170788616
113 1899 2325 3.3240224126800793 4.435021044513942
113 1900 2325 2.3501329749611313 6.21692306927349
113 1901 2325 1.4131967308198163 9.202035344050282
113 1902 2325 0.6863854602189475 13.51448693054427
113 1903 2325 0.9721753956977807 11.74949330229399
113 1904 2325 1.849087612851348 7.760460446189804
113 1905 2325 2.809470590698621 5.369249211314806
113 1906 2325 3.790399055508617 3.902846324042638
113 1907 2325 4.779238956151992 2.9407029730442016
113 1908 2325 5.771925588571022 2.2755535773839832
113 1909 2325 6.766766214374567 1.7973909301289288
113 1910 2325 7.762932757663257 1.4431659802820884
113 1911 2325 8.75997288808598 1.174435450120797
113 1891 2326 11.268945159153015 0.7317798180683635
113 1892 2326 10.269524088291451 0.8769492581547095
113 1893 2326 9.27022788285156 1.0604368081996882
113 1894 2326 8.271101800848461 1.2958642776849147
113 1895 2326 7.272215962139658 1.6034181102142373
113 1896 2326 6.273685121202608 2.0141545313230247
113 1897 2326 5.275710852577039 2.5781659250280233
113 1898 2326 4.278682624359899 3.3813922490290342
113 1899 2326 3.283462349410979 4.5841988613736175
113 1900 2326 2.292405941363708 6.524119714109976
113 1901 2326 1.3149619766365062 10.04797353733906
113 1902 2326 0.45069390943294013 16.97628984683154
113 1903 2326 0.8228760538502182 12.987769729995666
113 1904 2326 1.7751408394829598 7.969503214368655
113 1905 2326 2.761362888140642 5.414471202521541
113 1906 2326 3.7548801578746276 3.909426359271174
113 1907 2326 4.751118289413635 2.9366101533400335
113 1908 2326 5.748662888011516 2.2687535723978325
113 1909 2326 6.746934489084733 1.7904168174764088
113 1910 2326 7.745652006125839 1.4368175838992
113 1911 2326 8.744662657873166 1.168909873744627
113 1892 2327 10.353507859657919 0.8649838082870578
113 1893 2327 9.363179214348003 1.0426201677822124
113 1894 2327 8.375149252401334 1.2686982807840828
113 1895 2327 7.390339978647721 1.5607412064082757
113 1896 2327 6.410235955095488 1.9445063180383828
113 1897 2327 5.437382182631557 2.4587134770472767
113 1898 2327 4.476508125760444 3.162421581348341
113 1899 2327 3.53738957424814 4.143999471687512
113 1900 2327 2.64331704492662 5.5144974866420995
113 1901 2327 1.8604099010701265 7.267740328781766
113 1902 2327 1.3910877039208986 8.600786559120554
113 1903 2327 1.5521356255173315 7.952579166716839
113 1904 2327 2.209779400754799 6.188289986396577
113 1905 2327 3.0589418104959756 4.642767680518532
113 1906 2327 3.9788346283805964 3.517757501346511
113 1907 2327 4.930022819419878 2.7147656258080164
113 1908 2327 5.897382894132013 2.132892290994156
113 1909 2327 6.874090848977851 1.7022588330183024
113 1910 2327 7.856661186534723 1.3770158116721827
113 1911 2327 8.843139996630233 1.1268927436016098
113 1892 2328 10.532194690566552 0.8323478286194333
113 1893 2328 9.560393558844659 0.9962756869720196
113 1894 2328 8.595063990453975 1.2013624288272928
113 1895 2328 7.638659895557517 1.4602357430498076
113 1896 2328 6.695007468255651 1.789639832054582
113 1897 2328 5.770366106236162 2.210947274488871
113 1898 2328 4.875564069930704 2.748433158174009
113 1899 2328 4.030524159461075 3.419472241692849
113 1900 2328 3.2740074831923596 4.201215112124205
113 1901 2328 2.682000186427982 4.952251866228237
113 1902 2328 2.380572410156828 5.351643705600757
113 1903 2328 2.4781293348007583 5.132509333326501
113 1904 2328 2.9351533179716878 4.450284552291776
113 1905 2328 3.617889578193393 3.6545320228668157
113 1906 2328 4.42302215685164 2.9429994780724593
113 1907 2328 5.295009442862278 2.364868027479256
113 1908 2328 6.2057332362905235 1.9099557686366317
113 1909 2328 7.14038689427968 1.554412035990713
113 1910 2328 8.090681368092627 1.2755707045762217
113 1911 2328 9.051691830812697 1.0552520557732865
113 1893 2329 9.855613882452905 0.9280189009003456
113 1894 2329 8.922282499450382 1.1051522521211201
113 1895 2329 8.005068706763156 1.3219536320880207
113 1896 2329 7.110212725368974 1.5867305616833445
113 1897 2329 6.247329429444157 1.9070381040228326
113 1898 2329 5.431677917549901 2.2855282684676386
113 1899 2329 4.687976642433213 2.710773316520395
113 1900 2329 4.055998643983937 3.1414187240751468
113 1901 2329 3.595152987008995 3.4915815473317844
113 1902 2329 3.376259024423313 3.6484308218094683
113 1903 2329 3.4457401236889615 3.5465893287806827
113 1904 2329 3.7877598920734377 3.2296192942357687
113 1905 2329 4.338332052759487 2.8077604510198855
113 1906 2329 5.029425911572861 2.3763453939035992
113 1907 2329 5.811120804113494 1.985778420255368
113 1908 2329 6.651550571107523 1.6525343353801591
113 1909 2329 7.531077280177185 1.37605258006348
113 1910 2329 8.43748333331694 1.1493721944422144
113 1893 2330 10.240367425048692 0.8461564718984856
113 1894 2330 9.345540380309666 0.9933177839193499
113 1895 2330 8.474262504784631 1.1673980972083844
113 1896 2330 7.634600513451825 1.3710207025785728
113 1897 2330 6.838210657767062 1.6042244492380617
113 1898 2330 6.102059078704433 1.8614481903428914
113 1899 2330 5.450607764277242 2.127109203686601
113 1900 2330 4.917634085614699 2.37136779881562
113 1901 2330 4.545011001086761 2.5511605388102674
113 1902 2330 4.373914150963623 2.6233153016282276
113 1903 2330 4.427767496154241 2.567438069445689
113 1904 2330 4.6988429426828215 2.3994821869891716
113 1905 2330 5.152972443163296 2.1609941184149553
113 1906 2330 5.746923089793396 1.896100475712586
113 1907 2330 6.442136679705006 1.6366220822484525
113 1908 2330 7.209377573688369 1.3998051268278866
113 1909 2330 8.028021238138384 1.192243637509516
113 1894 2331 9.852467964931352 0.8774150954669507
113 1895 2331 9.030233939383779 1.0133071035063879
113 1896 2331 8.247370793167896 1.1658998803159286
113 1897 2331 7.516190857076409 1.3323539340873929
113 1898 2331 6.8532565251856115 1.5058193459705294
113 1899 2331 6.280216954851108 1.6739532478673838
113 1900 2331 5.823669375917514 1.8186082489139104
113 1901 2331 5.5126332183449 1.9184140550646407
113 1902 2331 5.37244125142377 1.9551024813072617
113 1903 2331 5.4163756332071324 1.9211753527506896
113 1904 2331 5.640135193415148 1.8235815595914284
113 1905 2331 6.023713555606731 1.6802993599625413
113 1906 2331 6.539046184268807 1.5127187154841824
113 1907 2331 7.157731833479136 1.3391895564150347
113 1908 2331 7.855388278118451 1.1722932087114577
113 1894 2332 10.430873645097925 0.7656203376362103
113 1895 2332 9.658008335055351 0.8699298505717783
113 1896 2332 8.930348537431158 0.9828703490137889
113 1897 2332 8.259850180239287 1.1010989640907296
113 1898 2332 7.661535420527607 1.218858784329588
113 1899 2332 7.153539333784312 1.3277032646768834
113 1900 2332 6.756265610527716 1.4170361661523458
113 1901 2332 6.490078967162081 1.4758989356877237
113 1902 2332 6.37143037315796 1.4958496919386597
113 1903 2332 6.408519719872908 1.4737943050606612
113 1904 2332 6.598721467072246 1.413146306319437
113 1905 2332 6.929439010482757 1.3225508720626802
113 1906 2332 7.381810414796658 1.213011331154148
113 1902 2333 7.370693657994459 1.1679218388069352
113 1903 2333 7.4027781947050055 1.1528607476963417
113 1904 2333 7.568033099821912 1.1132060956227878
114 1523 2056 7.474182028824446 1.4360377369435242
114 1524 2056 7.343799901958286 1.4189065889073709
114 1521 2057 7.215912762776552 1.6758595894046122
114 1522 2057 6.792451472038777 1.7699637899834253
114 1523 2057 6.496568094001782 1.8131671108243645
114 1524 2057 6.346132444253127 1.7976679264887168
114 1525 2057 6.351487778465954 1.7263306821040483
114 1526 2057 6.512249764866408 1.611404503761392
114 1520 2058 6.952941607693894 1.869190466758048
114 1521 2058 6.356995910019226 2.076320669609276
114 1522 2058 5.871915956483146 2.240162753252938
114 1523 2058 5.526969965541841 2.329079804979474
114 1524 2058 5.349336127034999 2.3224336270943664
114 1525 2058 5.355688284431984 2.2218563807973593
114 1526 2058 5.545394215022249 2.0502892412169174
114 1518 2059 7.781349304587231 1.628849977072471
114 1519 2059 6.972617657666337 1.921395857945365
114 1520 2059 6.219758596601689 2.245656702652347
114 1521 2059 5.545574541920865 2.5774393222458682
114 1522 2059 4.982107686511906 2.8692208111439985
114 1523 2059 4.570491986646649 3.0546198612225455
114 1524 2059 4.354009301781686 3.077109227785494
114 1525 2059 4.36181120636848 2.928995952391818
114 1526 2059 4.592754837785473 2.657581285146085
114 1527 2059 5.0161137347554305 2.3304576597773945
114 1528 2059 5.588326851572149 2.001168189947696
114 1518 2060 7.2726471796726 1.8082964455595174
114 1519 2060 6.39995289045162 2.192271841069928
114 1520 2060 5.570224142707387 2.653148494439932
114 1521 2060 4.805767056360561 3.1771595514485274
114 1522 2060 4.142873036915404 3.704892170192507
114 1523 2060 3.637498728522235 4.106362823111945
114 1524 2060 3.3614575707572287 4.219679575422468
114 1525 2060 3.371557058689842 3.987597244268972
114 1526 2060 3.665432716610893 3.5216980295926277
114 1527 2060 4.183706132127557 2.984243533904792
114 1528 2060 4.85503831086861 2.4791280403915117
114 1517 2061 7.820830966080219 1.579987624443107
114 1518 2061 6.872655745779754 1.9452570342796929
114 1519 2061 5.941497875115305 2.4183671194852
114 1520 2061 5.036804244756778 3.0324314555471474
114 1521 2061 4.175810939206911 3.816801271376406
114 1522 2061 3.391960642460391 4.754691681178631
114 1523 2061 2.751980559524453 5.664101011058533
114 1524 2061 2.375162520755313 6.0863848743292115
114 1525 2061 2.3894344519155455 5.6858502148704275
114 1526 2061 2.788798486804157 4.7829277294911146
114 1527 2061 3.4417142531014058 3.842079413533777
114 1528 2061 4.232422119779828 3.0526189416564877
114 1529 2061 5.097195012946021 2.433971821914059
114 1517 2062 7.583363172102396 1.614848041846462
114 1518 2062 6.601166336337777 2.0121940034396344
114 1519 2062 5.625246394603469 2.546673976115056
114 1520 2062 4.659549012511783 3.2833849150215615
114 1521 2062 3.7120610178174256 4.325067540094536
114 1522 2062 2.8013205814401094 5.8198300776258165
114 1523 2062 1.9787362128389332 7.844335081226358
114 1524 2062 1.4083312820499214 9.53617824218556
114 1525 2062 1.432269876804154 8.717723624433814
114 1526 2062 2.0296297691945684 6.608097829122013
114 1527 2062 2.8613627872049023 4.883432983561183
114 1528 2062 3.77563200007644 3.672782301395144
114 1529 2062 4.724764226921956 2.8241995197128937
114 1517 2063 7.473245412804168 1.5934895323866682
114 1518 2063 6.47436460202843 1.9932609303182824
114 1519 2063 5.4758923473712455 2.538869825396313
114 1520 2063 4.478101941671178 3.31009720983346
114 1521 2063 3.481579670207101 4.454076348819538
114 1522 2063 2.4878498748918907 6.276408189444372
114 1523 2063 1.5024636434868592 9.541479928655868
114 1524 2063 0.5704357983156553 16.60396353231189
114 1525 2063 0.6272136796979398 14.734307191522372
114 1526 2063 1.568883998261325 8.717600106027483
114 1527 2063 2.5552684790449423 5.841735235353158
114 1528 2063 3.549281194833802 4.190098307200406
114 1529 2063 4.54592091880194 3.1359602072772343
114 1517 2064 7.496092115228987 1.5200442783923143
114 1518 2064 6.500722805965379 1.8931066604137587
114 1519 2064 5.507031596059588 2.3974690604067517
114 1520 2064 4.516126326842377 3.10080270997715
114 1521 2064 3.5303536650028464 4.12228316865797
114 1522 2064 2.5556597973907325 5.689579280787626
114 1523 2064 1.612264556454508 8.273223785901441
114 1524 2064 0.8169436945100087 12.577209736262802
114 1525 2064 0.8575529138192426 13.465649877513922
114 1526 2064 1.6743347932836146 8.95321085171761
114 1527 2064 2.6213349652420033 6.086248683155357
114 1528 2064 3.597137334047799 4.37119875252596
114 1529 2064 4.58338270276449 3.2674285760643182
114 1518 2065 6.6784277341300955 1.7341640019871158
114 1519 2065 5.715714915913692 2.1639308788369114
114 1520 2065 4.768374670681664 2.7395822771743146
114 1521 2065 3.847778190072639 3.523679576063284
114 1522 2065 2.9788247682599396 4.599035951191654
114 1523 2065 2.2229253248814036 6.0214157765175855
114 1524 2065 1.7347613668742181 7.541435856428504
114 1525 2065 1.7542511222739796 8.053823956245692
114 1526 2065 2.268346754797363 6.939460556485242
114 1527 2065 3.0353578042794127 5.384162595729628
114 1528 2065 3.9091427448994684 4.106276567618663
114 1529 2065 4.832121376786842 3.16395465810358
114 1530 2065 5.780778234805464 2.4765137515096085
114 1521 2066 4.375773874413338 2.889184960045947
114 1522 2066 3.635298749758887 3.574764768806338
114 1523 2066 3.0468667512706786 4.348764949482514
114 1524 2066 2.7113459757100253 5.041998336662779
114 1525 2066 2.723857007994208 5.332073463267102
114 1526 2066 3.0801618463969347 5.024008423556077
114 1527 2066 3.6817654732477982 4.32363607068791
114 1528 2066 4.4298303579256615 3.5507904434730313
114 1529 2066 5.262261586048341 2.8691665667833646
114 1522 2067 4.422374588385539 2.7702068528356683
114 1523 2067 3.952897291860539 3.219212193028235
114 1524 2067 3.700459025580285 3.593433914185622
114 1525 2067 3.7096356963991495 3.7741612832372886
114 1526 2067 3.9786174734446407 3.685714347824683
114 1527 2067 4.4606498405500545 3.3667343494024267
114 1528 2067 5.095625280571506 2.9318871902000563
114 1529 2067 5.8338149610696135 2.4834713504713637
114 1523 2068 4.895650824966792 2.444142284753976
114 1524 2068 4.694187576141183 2.6691043715548095
114 1525 2068 4.701424996742844 2.789546201913836
114 1526 2068 4.91644149766868 2.771083319504234
55 1218 1340 4.4347412551354015 2.584776017214346
55 1219 1340 4.040412107693943 3.125836986394879
55 1220 1340 3.870778991365914 3.5539929995327646
55 1218 1341 3.5962383124592834 3.2757206976513573
55 1219 1341 3.0969226661316385 4.175727946049722
55 1220 1341 2.872095054137275 4.94131219131455
55 1221 1341 2.9844480226667875 5.040847080531338
55 1217 1342 3.6798002663188347 3.0037570976440255
55 1218 1342 2.8633773764560044 4.132756999906333
55 1219 1342 2.2038443683708637 5.71414018828505
55 1220 1342 1.8748146575061424 7.314017694824951
55 1221 1342 2.0427750732764918 7.2231443282261765
55 1222 1342 2.6136047903230657 5.574874831552263
55 1217 1343 3.2873895418706076 3.466311201253001
55 1218 1343 2.337718973700677 5.050693058934602
55 1219 1343 1.4570277965776934 7.838449303704334
55 1220 1343 0.8837024386069955 12.211710382304485
55 1221 1343 1.1995540838160872 10.485333044630284
55 1222 1343 2.0240874487036757 6.551742420607903
55 1217 1344 3.173787957630491 3.7717115876735354
55 1218 1344 2.1750701138124775 5.665313392209011
55 1219 1344 1.178528743815833 9.511139461442598
55 1220 1344 0.21663333076889843 22.226468365706832
55 1221 1344 0.8396010957591282 11.58534720306153
55 1217 1345 3.3673327723883184 3.788028920126151
55 1218 1345 2.4488630014764605 5.529276049471286
55 1219 1345 1.6293955934640922 8.374976971913668
55 1220 1345 1.145831575756273 10.899877580179623
55 1218 1346 3.0435062017351595 4.757302340204019
55 1219 1346 2.4332961184369397 6.1733172103949805
120 1676 2202 5.158700805435334 1.4509942626847487
120 1677 2202 4.6692819576460804 1.7126705797832147
120 1678 2202 4.358003441944404 1.8793803500533521
120 1679 2202 4.264058395472478 1.8757797721522826
120 1675 2203 5.088830317469749 1.428316801391456
120 1676 2203 4.368774885479832 1.863578044069834
120 1677 2203 3.778385104776824 2.343364890603481
120 1678 2203 3.3861769002814115 2.709206172772218
120 1679 2203 3.2643826368854927 2.7412381348782646
120 1680 2203 3.4418300364776204 2.415663003589079
120 1675 2204 4.513335130477175 1.6747350529475473
120 1676 2204 3.6824168693942676 2.330192754289762
120 1677 2204 2.9580726833530533 3.207414282337305
120 1678 2204 2.4372513206478295 4.08413931560633
120 1679 2204 2.264993156722475 4.26967328428593
120 1680 2204 2.5139996022274342 3.549959695339452
120 1681 2204 3.083860243266506 2.6226667483656163
120 1675 2205 4.104167881556453 1.854287539037529
120 1676 2205 3.167679592382986 2.7362992869520344
120 1677 2205 2.285649579441191 4.198984675157838
120 1678 2205 1.5537676789017554 6.423791183560235
120 1679 2205 1.2665678031593108 7.449024145907801
120 1680 2205 1.671584278461561 5.372632648874158
120 1681 2205 2.4462612288960295 3.460807965261231
120 1675 2206 3.9138464456337254 1.90134988971811
120 1676 2206 2.916880868324896 2.886698774639195
120 1677 2206 1.9230689015216937 4.745020649546158
120 1678 2206 0.9424404490469986 9.073200417127271
120 1679 2206 0.2796319008982399 17.73478964768932
120 1680 2206 1.1261411989621983 7.587892883574216
120 1681 2206 2.1114435820073605 4.165196044718252
120 1675 2207 3.9739393553500415 1.7954081760254768
120 1676 2207 2.9970308640386003 2.6826571455969455
120 1677 2207 2.042594918235139 4.2662488872159585
120 1678 2207 1.1671306696338968 7.373249219949555
120 1679 2207 0.7430975709825212 11.156817863786939
120 1680 2207 1.3199219673905642 7.190182091263081
120 1681 2207 2.220854340113334 4.174674982933565
120 1676 2208 3.3846999867048955 2.2545287970393266
120 1677 2208 2.5780213342794847 3.2809395710492653
120 1678 2208 1.9586204328557968 4.688373488587372
120 1679 2208 1.7395959300941939 5.680390769075229
120 1680 2208 2.053337283546066 4.912371387188225
120 1678 2209 2.882740709810785 3.0630343579401242
120 1679 2209 2.738648206688921 3.460677415917895
95 1893 2155 6.666324024528175 0.9296148461577468
95 1894 2155 6.015635959730407 1.0737418623624597
95 1895 2155 5.4713687501393675 1.1951736049365242
95 1896 2155 5.0679262030934975 1.2668581544161086
95 1897 2155 4.840648303688434 1.2687848451890489
95 1898 2155 4.814548369265986 1.2003719513890168
95 1892 2156 6.789099793050704 0.9450791803487912
95 1893 2156 5.986641462456322 1.1671893979149663
95 1894 2156 5.252416205900024 1.4138495639429554
95 1895 2156 4.6190773970568255 1.6513849964968386
95 1896 2156 4.1332645693206365 1.8203133799186153
95 1897 2156 3.8512174698400705 1.8589050154372395
95 1898 2156 3.818360381106189 1.750554455044181
95 1899 2156 4.040776658020269 1.5394741185105911
95 1900 2156 4.480611119032927 1.2915111632251315
95 1892 2157 6.2842562010154195 1.096340043183346
95 1893 2157 5.407390868062046 1.4178266490212232
95 1894 2157 4.581252667120735 1.8229274640359379
95 1895 2157 3.838733645357658 2.2856062451181787
95 1896 2157 3.2378814061050694 2.6986438649663684
95 1897 2157 2.8691246051715824 2.8699604056742802
95 1898 2157 2.8248674305179415 2.688337386648183
95 1899 2157 3.1189543119451244 2.271067149160202
95 1900 2157 3.6709502856891336 1.8091134180305468
95 1901 2157 4.38450407685991 1.4065129745711737
95 1892 2158 5.906934568792885 1.2039089065249777
95 1893 2158 4.96385696812473 1.6232906604045891
95 1894 2158 4.048194165303893 2.2225122397597086
95 1895 2158 3.183689055168631 3.0591501026557735
95 1896 2158 2.425670216661898 4.080331748994317
95 1897 2158 1.9057481470542286 4.794151142113463
95 1898 2158 1.8384439072217222 4.474174442557778
95 1899 2158 2.2644813975832787 3.4865178431567405
95 1900 2158 2.979240842899541 2.5488213513960214
95 1901 2158 3.824117676013751 1.853408845410081
95 1892 2159 5.682594125925238 1.2332657102904179
95 1893 2159 4.694664631259625 1.7048518182732182
95 1894 2159 3.713202930086116 2.43810242311739
95 1895 2159 2.745155004731093 3.6454550032323976
95 1896 2159 1.812146793171076 5.751835899170337
95 1897 2159 1.0158129749123415 8.980808851409808
95 1898 2159 0.883105882666574 8.62587832216843
95 1899 2159 1.589929558188147 5.445377036900168
95 1900 2159 2.5051698545209273 3.471952971992105
95 1901 2159 3.4675461063986517 2.3353831696712164
95 1892 2160 5.629553801146203 1.1734576444353175
95 1893 2160 4.630321371136102 1.622504658452752
95 1894 2160 3.6315115310294357 2.327237218243342
95 1895 2160 2.6336051336523103 3.519158832725107
95 1896 2160 1.6382539485683685 5.797540899404306
95 1897 2160 0.6571727322400844 11.372275690267209
95 1898 2160 0.42411790813398215 15.518524325846814
95 1899 2160 1.3884797441806604 7.107130245134627
95 1900 2160 2.3824097044799073 4.126964503051328
95 1901 2160 3.3799224843182554 2.6636469885373093
95 1893 2161 4.779108285025497 1.4166150489967897
95 1894 2161 3.819407807500973 1.967652742718872
95 1895 2161 2.8871917151445694 2.814887354832412
95 1896 2161 2.0208602128795268 4.140150471959748
95 1897 2161 1.353468137785125 6.009443544935521
95 1898 2161 1.2569311834780696 7.071326752862074
95 1899 2161 1.8242466938436885 5.62079492939228
95 1900 2161 2.6600518791932752 3.8301580445775656
95 1901 2161 3.5810439818577655 2.615759067703362
95 1894 2162 4.241211619336982 1.5479356526827046
95 1895 2162 3.4257664835769344 2.068295816742962
95 1896 2162 2.7356673774417684 2.738470786755116
95 1897 2162 2.287329447193642 3.4535582175666826
95 1898 2162 2.23156357740469 3.857726644112262
95 1899 2162 2.593814950993857 3.608389744546724
95 1900 2162 3.2366457946459497 2.9296283759906157
95 1897 2163 3.2606557622660515 2.179195825034523
95 1898 2163 3.2217814947632393 2.3789157732516175
95 1899 2163 3.4825100143429455 2.3436662284234515
95 1900 2163 3.9844542913677587 2.0930957958716996
