# %ECSV 0.9
# ---
# datatype:
# - name: sexcat_id
#   datatype: int32
# - name: x
#   datatype: int32
# - name: y
#   datatype: int32
# - name: sep
#   datatype: float64
# - name: weight
#   datatype: float64
# schema: astropy-2.0
sexcat_id x y sep weight
272 543 2424 22.225168998232743 0.04234925744135764
272 544 2424 21.506653319380163 0.04479270922289404
272 545 2424 20.811394403066934 0.04695706803747432
272 541 2425 23.095327168065957 0.04227381669809651
272 542 2425 22.315289310246587 0.045936001350939046
272 543 2425 21.553425180235404 0.0495473480194213
272 544 2425 20.811730754552958 0.05300349354602217
272 545 2425 20.09243979709795 0.056188148053296916
272 546 2425 19.39804466950227 0.058979626281221956
272 547 2425 18.731314342565643 0.06125958038004966
272 548 2425 18.09530704354047 0.0629231177640545
272 549 2425 17.493374088494345 0.0638889753411695
272 550 2425 16.929150510288615 0.06410812390755731
272 551 2425 16.406527268133413 0.06356924908348092
272 552 2425 15.92959939860401 0.062300046212868596
272 553 2425 15.502584848985837 0.0603640705643615
272 540 2426 23.311116168043203 0.04326327886736755
272 541 2426 22.494135613532812 0.04786997119360881
272 542 2426 21.692490336519807 0.05264579923764243
272 543 2426 20.90794435137049 0.05749179464073653
272 544 2426 20.142495798684063 0.06228090537735735
272 545 2426 19.398405527259325 0.06686033417813893
272 546 2426 18.67822628088666 0.07105788011832527
272 547 2426 17.984830747049166 0.07469269100967767
272 548 2426 17.321435766125305 0.07758996720037999
272 549 2426 16.69161876511697 0.07959805414388708
272 550 2426 16.099321010527273 0.08060533405171665
272 551 2426 15.548830727742999 0.0805537923427547
272 552 2426 15.04473785082362 0.07944643058838058
272 553 2426 14.591851733073662 0.07734687705349524
272 554 2426 14.195074392196922 0.07437128316002384
272 555 2426 13.859225699872443 0.07067430084641003
272 556 2426 13.588823974134215 0.0664320382510735
272 557 2426 13.387835411298003 0.06182509881011594
272 558 2426 13.259416917798637 0.05702420903290804
272 540 2427 22.759616363199203 0.04781870386006045
272 541 2427 21.92209244118829 0.053548545463378575
272 542 2427 21.09872358698518 0.059643104482487073
272 543 2427 20.291233008370998 0.06600560853674282
272 544 2427 19.501593191326823 0.0724962462318252
272 545 2427 18.73206173916808 0.07892976847826129
272 546 2427 17.985219959733733 0.08507835391840915
272 547 2427 17.264012772238228 0.09068163864438858
272 548 2427 16.57178738096783 0.09546489193212074
272 549 2427 15.912326574074722 0.09916455527589109
272 550 2427 15.289870404944725 0.10155803154935628
272 551 2427 14.709117478625444 0.10249246079762182
272 552 2427 14.175194425474542 0.10190625876690147
272 553 2427 13.693580138152495 0.09983818518745094
272 554 2427 13.269971250911 0.09642161066707547
272 555 2427 12.910078892090645 0.09186546434949608
272 556 2427 12.619355649160713 0.08642657438985786
272 557 2427 12.402666527807817 0.08037958442739268
272 558 2427 12.263936439822427 0.07399007223112496
272 559 2427 12.205823896812715 0.06749452998889488
272 539 2428 23.10874589846893 0.04579131813647568
272 540 2428 22.23942753309996 0.05208752813337013
272 541 2428 21.381537292720665 0.059043334816966435
272 542 2428 20.536507419714884 0.06663176778047623
272 543 2428 19.705992413476782 0.0747808403144234
272 544 2428 18.891906653379493 0.08336074408567182
272 545 2428 18.096467528222306 0.09217265414642975
272 546 2428 17.322243994356054 0.10094244231781566
272 547 2428 16.572209780231614 0.10932347253214146
272 548 2428 15.849799273177066 0.11691260930728571
272 549 2428 15.158962266593457 0.12328186758691267
272 550 2428 14.504211009220882 0.12802439024669382
272 551 2428 13.890649264883344 0.13080825785361702
272 552 2428 13.323968515423779 0.13142690434426102
272 553 2428 12.810391758256426 0.12983323504684088
272 554 2428 12.35654227524853 0.1261476878434738
272 555 2428 11.969216223295664 0.12063782505103708
272 556 2428 11.65504770475025 0.11367548656641467
272 557 2428 11.420076050535043 0.10568327803115277
272 558 2428 11.269256275371681 0.09708308585336883
272 559 2428 11.205986658924951 0.08825597018945369
272 560 2428 11.231746836534555 0.07951755067489649
272 561 2428 11.345930415792438 0.07110829835209638
272 539 2429 22.640806898165184 0.04853227411182598
272 540 2429 21.752796073148946 0.055810604731864735
272 541 2429 20.87491645492274 0.06402913753198274
272 542 2429 20.00850161806236 0.07321867702339552
272 543 2429 19.15510733459889 0.08336468456890749
272 544 2429 18.31655363325765 0.09438617478954199
272 545 2429 17.494974621302084 0.1061120901553766
272 546 2429 16.69287683414707 0.11825869945231321
272 547 2429 15.913206370810501 0.13041419551963432
272 548 2429 15.159424032594508 0.1420391197682553
272 549 2429 14.435585786520887 0.1524919522751533
272 550 2429 13.746422698287866 0.16108609822730469
272 551 2429 13.097409553037725 0.1671761953380035
272 552 2429 12.494804400229873 0.17025943936561527
272 553 2429 11.945632549178958 0.1700666051510754
272 554 2429 11.457579892804754 0.16661482264200012
272 555 2429 11.038756134637804 0.1602041378990941
272 556 2429 10.697295779775546 0.15135906549569605
272 557 2429 10.44079197187664 0.1407348751677617
272 558 2429 10.275608838409706 0.1290168733283197
272 559 2429 10.206181313302427 0.11683701895429963
272 560 2429 10.234458314928231 0.10472068647802595
272 561 2429 10.359639810341072 0.09306442563746821
272 562 2429 10.578286108817608 0.08213786945934985
272 563 2429 10.884766281367899 0.0721003780757087
272 564 2429 11.271918071029594 0.0630240235638786
272 539 2430 22.20806468380358 0.05054603275085399
272 540 2430 21.302021899341007 0.058725003494123566
272 541 2430 20.404757705006052 0.06815147232873245
272 542 2430 19.517482855122577 0.07894066960879942
272 543 2430 18.641623775841087 0.09117449522171459
272 544 2430 17.77886770860292 0.104874192700585
272 545 2430 16.9312178238898 0.11996402624194027
272 546 2430 16.10106012037728 0.13622733834965314
272 547 2430 15.291243801601084 0.15326040927205245
272 548 2430 14.505176214027996 0.1704355956829752
272 549 2430 13.746931912248767 0.1868920040129081
272 550 2430 13.0213723163115 0.2015757234186471
272 551 2430 12.334266779991564 0.2133463714936846
272 552 2430 11.69239654647427 0.22114732332316775
272 553 2430 11.103609188007448 0.22420605438028007
272 554 2430 10.576773468312698 0.22220360441582793
272 555 2430 10.1215679121371 0.2153498168129493
272 556 2430 9.748032468144705 0.20433350119466823
272 557 2430 9.465840533201652 0.19016812773287559
272 558 2430 9.283325751044359 0.173992329531954
272 559 2430 9.206418250329673 0.15688942988229507
272 560 2430 9.23775605869755 0.13976634889493053
272 561 2430 9.376253889480768 0.12330038299863418
272 562 2430 9.617283244243314 0.1079399326202377
272 563 2430 9.953398263909829 0.09393729072072915
272 564 2430 10.375362017780544 0.08139401626418108
272 565 2430 10.873184308196157 0.07030596524539587
272 539 2431 21.81261417162105 0.051680082649485266
272 540 2431 20.88942644018747 0.06060041470890465
272 541 2431 19.973636048551686 0.07107343487861731
272 542 2431 19.06630895060718 0.08331994884496306
272 543 2431 18.168713135497608 0.09755493046493671
272 544 2431 17.28236491340243 0.11396043234422677
272 545 2431 16.409087025182213 0.13264295788402122
272 546 2431 15.55108153795109 0.15357152575005023
272 547 2431 14.711020936699235 0.17649566521804694
272 548 2431 13.892160991005078 0.20085012229495325
272 549 2431 13.09847842308423 0.22566681710340783
272 550 2431 12.334834291550218 0.24953329139411348
272 551 2431 11.60715886856052 0.2706519795661994
272 552 2431 10.922643315608319 0.2870480089257662
272 553 2431 10.28990461569023 0.29692552518111615
272 554 2431 9.7190604998633 0.29908747046103407
272 555 2431 9.221612494569648 0.29326002847286636
272 556 2431 8.810002099886413 0.28017152313325094
272 557 2431 8.496713305743755 0.2613463515764071
272 558 2431 8.292896779775024 0.23871463275634633
272 559 2431 8.20671292296757 0.21420537599764494
272 560 2431 8.241852765003928 0.18945399218344788
272 561 2431 8.396793256952494 0.1656672167186145
272 562 2431 8.665110328207186 0.14361759824980158
272 563 2431 9.03671051876748 0.1237126581234715
272 564 2431 9.499480880553568 0.10608997212794026
272 565 2431 10.040823522002704 0.09070788064917061
272 566 2431 10.64876222854106 0.07741846089581696
272 567 2431 11.312565447324614 0.0660201706049575
272 540 2432 20.517313103815596 0.06127709183577747
272 541 2432 19.584129722813906 0.0725317197277511
272 542 2432 18.65787064485128 0.08594218136663544
272 543 2432 17.739620542728726 0.10187893193860277
272 544 2432 16.830690330464847 0.12073120760811241
272 545 2432 15.932675136335483 0.14287194742896725
272 546 2432 15.047529265630384 0.16859467355119573
272 547 2432 14.177663312408109 0.19801063512219616
272 548 2432 13.326069825721417 0.23089679309454583
272 549 2432 12.496484985787117 0.26649736956538367
272 550 2432 11.693593844494634 0.30331161482004815
272 551 2432 10.92328416731904 0.33895183415019836
272 552 2432 10.19294545261588 0.37021189179028
272 553 2432 9.511789368988504 0.3934917508969077
272 554 2432 8.891126868963388 0.4055997501631904
272 555 2432 8.34446744855552 0.4046957442431026
272 556 2432 7.887213513022369 0.39092147376732017
272 557 2432 7.535657701886586 0.3663498962330661
272 558 2432 7.30507611185555 0.33428464504579675
272 559 2432 7.207089357015256 0.29831205945583733
272 560 2432 7.247077824889322 0.26154288164393363
272 561 2432 7.42281193349276 0.2262418540701394
272 562 2432 7.725033139087657 0.19379728349215222
272 563 2432 8.139664427972598 0.164879742337509
272 564 2432 8.6505570340876 0.13965602903504945
272 565 2432 9.241760492460429 0.11798232786472321
272 566 2432 9.898895746496292 0.09954928092309343
272 567 2432 10.60971898779616 0.08397876683246064
272 568 2432 11.364160197744589 0.07088253657358624
272 540 2433 20.187920571470524 0.0606951564351103
272 541 2433 19.238766514514456 0.07238721056990625
272 542 2433 18.295030390791997 0.08653869554528586
272 543 2433 17.35759594529158 0.10367346845901526
272 544 2433 16.42754202551321 0.12440267608635015
272 545 2433 15.506196729050053 0.14941423214564944
272 546 2433 14.595209385274421 0.179436147920134
272 547 2433 13.696646925434068 0.21515295838107107
272 548 2433 12.81312362384764 0.25704500234236843
272 549 2433 11.947976272155985 0.3051142475803353
272 550 2433 11.105500303903577 0.3584718334411523
272 551 2433 10.291265082583502 0.4148199215621577
272 552 2433 9.512525269348954 0.46999819181542757
272 553 2433 8.778732083849146 0.5179710608498077
272 554 2433 8.10210694819578 0.5517376258968653
272 555 2433 7.49814223658116 0.5653111851532643
272 556 2433 6.985709484368949 0.5560259733253063
272 557 2433 6.586208089637183 0.5257219197425219
272 558 2433 6.321086694548829 0.4799170753835089
272 559 2433 6.207587051343076 0.4255984188303954
272 560 2433 6.2539696993191605 0.3690908028174802
272 561 2433 6.456789991938886 0.3149332066985512
272 562 2433 6.802068582424184 0.2657507819631459
272 563 2433 7.269534854445786 0.22265967679465334
272 564 2433 7.837355229923044 0.18579177776360598
272 565 2433 8.485407297236948 0.1547327822900052
272 566 2433 9.196746000624461 0.12882174003553573
272 567 2433 9.957817883452279 0.10733059573433257
272 568 2433 10.75807310813614 0.08955986177535365
272 569 2433 11.589397611610448 0.07488235119449466
272 541 2434 18.939961377996585 0.07065392370954579
272 542 2434 17.980548851467308 0.08504619804204894
272 543 2434 17.025807969080418 0.10273063195883439
272 544 2434 16.076571058531176 0.1245121435360889
272 545 2434 15.133873826618293 0.15137883468036192
272 546 2434 14.199018874556163 0.18451728633243142
272 547 2434 13.273663284866094 0.22529788813432872
272 548 2434 12.359940817010498 0.2751925089790148
272 549 2434 11.460634232013605 0.33555701052739184
272 550 2434 10.579420447264685 0.4071716706087381
272 551 2434 9.721220962410127 0.4894069740426759
272 552 2434 8.89270133311594 0.5789513053478763
272 553 2434 8.102970874932355 0.6683726746325989
272 554 2434 7.36451878943913 0.7455360427823648
272 555 2434 6.694336188152039 0.7956311171187455
272 556 2434 6.114911037783129 0.8066706618510355
272 557 2434 5.654214092161873 0.7757476793450263
272 558 2434 5.343045667033166 0.7107604947500384
272 559 2434 5.20827581834928 0.6259087029769841
272 560 2434 5.2634719529985 0.5351953117750099
272 561 2434 5.502920769918626 0.44853456946117487
272 562 2434 5.904247369479178 0.37120976331858396
272 563 2434 6.437246072661955 0.30505602810071064
272 564 2434 7.072208778026971 0.24989026848014403
272 565 2434 7.784223596480365 0.20457654389552396
272 566 2434 8.554071369821607 0.16766356626707374
272 567 2434 9.367504310113855 0.13771163037355985
272 568 2434 10.214114596968336 0.11343409399086686
272 569 2434 11.08630402794374 0.09374077158397229
272 541 2435 18.689947485212524 0.0674960252853726
272 542 2435 17.71700135463115 0.081621532343854
272 543 2435 16.747242668570905 0.09916050914464479
272 544 2435 15.781259043561825 0.12104540294596915
272 545 2435 14.81978869619948 0.14848267350744346
272 546 2435 13.86377066313497 0.18302810202215208
272 547 2435 12.91441585980573 0.22666915878343735
272 548 2435 11.973309358736278 0.2818942133640093
272 549 2435 11.04256025566543 0.35169548926114647
272 550 2435 10.125025283919134 0.43938279173577743
272 551 2435 9.224648340180872 0.5479514091017846
272 552 2435 8.346983706705176 0.6785418144197405
272 553 2435 7.500009133327882 0.8273877518226896
272 554 2435 6.695381766561309 0.9812006616670688
272 555 2435 5.9503056224030715 1.1135448499460503
272 556 2435 5.290003497163455 1.1892929916289499
272 557 2435 4.749961789320158 1.1825325542510319
272 558 2435 4.374944228216119 1.0957579455516047
272 559 2435 4.209291745650509 0.9578384396151273
272 560 2435 4.277398391546137 0.8034049874014099
272 561 2435 4.568822277130229 0.6568283233480167
272 562 2435 5.045011100087038 0.5295911770179197
272 563 2435 5.659517382251017 0.4244223342908211
272 564 2435 6.372451412133432 0.3397367172440691
272 565 2435 7.154448755844251 0.2724187406376088
272 566 2435 7.985244955541522 0.2191820183237692
272 567 2435 8.851109365497711 0.17710745859020263
272 568 2435 9.742696597965129 0.1437875165299117
272 569 2435 10.653550441050216 0.11730720917191359
272 570 2435 11.57912505330179 0.09617051342597152
272 541 2436 18.490704069883375 0.06319401168777813
272 542 2436 17.50668835045628 0.07660558229585143
272 543 2436 16.52459188603463 0.09336288906012936
272 544 2436 15.544778448083507 0.11444080385204891
272 545 2436 14.567708707960957 0.14114053854933375
272 546 2436 13.59397429010374 0.17521068226808464
272 547 2436 12.6243469930132 0.2190136632883951
272 548 2436 11.659851499912056 0.2757493661634393
272 549 2436 10.701875396396717 0.3497391678515708
272 550 2436 9.752340078155672 0.44673868823621143
272 551 2436 8.813973961840444 0.5741380735908783
272 552 2436 7.890762764143991 0.7406053100565096
272 553 2436 6.988714974872083 0.9539801945730627
272 554 2436 6.1172000948147245 1.2147612737741273
272 555 2436 5.291326582247712 1.5014296699318195
272 556 2436 4.536092701874734 1.7507572843701447
272 557 2436 3.8928314887753874 1.8645318281051457
272 558 2436 3.42522072281498 1.7825541627667276
272 559 2436 3.2109402049868736 1.549216016770979
272 560 2436 3.2997177151994563 1.2630915635394289
272 561 2436 3.6696235501752894 0.9954361083897557
272 562 2436 4.247839097706159 0.7736176265765966
272 563 2436 4.962069830222167 0.5995966421382914
272 564 2436 5.761956004691551 0.4661477095902026
272 565 2436 6.616504893068621 0.36451705350619157
272 566 2436 7.50707246534899 0.2870433337815115
272 567 2436 8.422240616368125 0.22769830244156686
272 568 2436 9.354792194378287 0.18193704713761136
272 569 2436 10.300006650483333 0.1463894973221936
272 570 2436 11.25469399850573 0.11856754511293782
272 571 2436 12.216633619782531 0.09663084573853185
272 572 2436 13.184238203248634 0.07921133980442982
272 542 2437 17.351545666020687 0.0704505128359293
272 543 2437 16.360138660781615 0.08593024168482241
272 544 2437 15.36984505452157 0.10546806158487873
272 545 2437 14.380894860890999 0.1303343251760724
272 546 2437 13.393585666280748 0.1622722284742766
272 547 2437 12.408309191827913 0.2037046802287808
272 548 2437 11.425591319489817 0.2580449997390738
272 549 2437 10.446154172708779 0.3301680195608644
272 550 2437 9.471015626636936 0.4271263085235923
272 551 2437 8.501654956536463 0.5592242817020024
272 552 2437 7.54030085606675 0.7415414594067704
272 553 2437 6.590458026571517 0.9957077035329754
272 554 2437 5.657926917166828 1.3503213150964015
272 555 2437 4.752908267576904 1.832867662102861
272 556 2437 3.8946292506477262 2.4294384358301095
272 557 2437 3.1218803628583918 2.9763143996315247
272 558 2437 2.5147836885109656 3.118751161091505
272 559 2437 2.2140770085976667 2.72761957976653
272 560 2437 2.340969243710982 2.120567011872565
272 561 2437 2.838685787472918 1.5735700212455226
272 562 2437 3.5547344485911623 1.157724534424812
272 563 2437 4.383393320248674 0.8574468126105836
272 564 2437 5.2718248263766 0.6425312249741145
272 565 2437 6.194363324830134 0.4876867903503391
272 566 2437 7.137796368628108 0.37478020893127617
272 567 2437 8.094821616317471 0.2913479733654179
272 568 2437 9.06113331763751 0.2288799308876641
272 569 2437 10.034048883676048 0.1815261218802862
272 570 2437 11.011818060611086 0.1452174793320861
272 571 2437 11.99325381203952 0.1170852756531069
272 572 2437 12.977524301653242 0.09507922767332673
272 573 2437 13.96403011311564 0.07771455975229337
272 543 2438 16.255649387213076 0.07752166940545163
272 544 2438 15.25857585097642 0.09503856834747619
272 545 2438 14.261912108830316 0.1173314760028418
272 546 2438 13.265750525318978 0.1459806411361841
272 547 2438 12.270213404827185 0.1832027602394083
272 548 2438 11.275466154443492 0.2321631075011181
272 549 2438 10.281738034009653 0.29747362006034694
272 550 2438 9.289356113315964 0.38601073454893625
272 551 2438 8.298803347471287 0.5083016334452132
272 552 2438 7.310823277853228 0.6809568419777969
272 553 2438 6.3266212941822735 0.9310926641861126
272 554 2438 5.348283556431967 1.304600613838592
272 555 2438 4.379741659048001 1.8814668366396066
272 556 2438 3.429305614843989 2.798830237942273
272 557 2438 2.5175656893118967 4.228517001876955
272 558 2438 1.7076700500976352 5.833152884762668
272 559 2438 1.2223489681757966 5.612923300439995
272 560 2438 1.4394919242567528 3.938309359290306
272 561 2438 2.156417631165258 2.605141516438006
272 562 2438 3.0377848837599344 1.7604387287424268
272 563 2438 3.975693272877113 1.2272367768164234
272 564 2438 4.938029667792642 0.8799219265243373
272 565 2438 5.912878909634484 0.6460166861407808
272 566 2438 6.894935605210556 0.4837813087608113
272 567 2438 7.881506010909351 0.3683979299834743
272 568 2438 8.871084319292665 0.28456931007969966
272 569 2438 9.862765180211895 0.2225462655543163
272 570 2438 10.85597241153459 0.17592928932192642
272 571 2438 11.850322231905768 0.14040794358227135
272 572 2438 12.845549307055736 0.11301281274794543
272 573 2438 13.841464409519682 0.09165752777343954
272 574 2438 14.837928999695343 0.07485042519352002
272 543 2439 16.212283522070557 0.06875099245374788
272 544 2439 15.212367895893145 0.08402368681589635
272 545 2439 14.212464142434992 0.10338630141808976
272 546 2439 13.21257495721407 0.12816859658998098
272 547 2439 12.212703918461315 0.16022808910931818
272 548 2439 11.21285588063988 0.20220676267635723
272 549 2439 10.213037599069159 0.2579413311889986
272 550 2439 9.213258761155052 0.3331404066325923
272 551 2439 8.213533770552129 0.43654568932720117
272 552 2439 7.213885014331755 0.5820167200169383
272 553 2439 6.214349282105105 0.792491191524876
272 554 2439 5.214991562792811 1.1080647248330073
272 555 2439 4.215938448317312 1.6040912824017917
272 556 2439 3.217473698416221 2.4373099833670415
272 557 2439 2.220391181751569 3.988188059129294
272 558 2439 1.2280622948369124 7.465696888607951
272 559 2439 0.29349105608191556 17.881096482159556
272 560 2439 0.8149460104817083 8.376409447092184
272 561 2439 1.8005935132616764 4.337096041380531
272 562 2439 2.7964507862646184 2.611073885056231
272 563 2439 3.794487712458689 1.7028722486476813
272 564 2439 4.7933429879364935 1.1689598553045513
272 565 2439 5.792593287984228 0.832175919649592
272 566 2439 6.792064266480398 0.6089588576964194
272 567 2439 7.791671001781317 0.45542465053581027
272 568 2439 8.791367186052454 0.34670883882654957
272 569 2439 9.791125420501967 0.2678985812220132
272 570 2439 10.790928458663776 0.2096431874210471
272 571 2439 11.79076490309258 0.16586577630866078
272 572 2439 12.790626919740866 0.13249857033680387
272 573 2439 13.790508946373215 0.10675006283768401
272 574 2439 14.790406924760376 0.08666340295381102
272 575 2439 15.790317824540445 0.07084132541072118
272 544 2440 15.2318133194968 0.07313363996563511
272 545 2440 14.233275694653008 0.08953066127805927
272 546 2440 13.234958896800551 0.11036329780602033
272 547 2440 12.23691697283266 0.1370889136627134
272 548 2440 11.239223149310632 0.17174911185233313
272 549 2440 10.241979154440804 0.21725629422833428
272 550 2440 9.245330551148507 0.27785243530082243
272 551 2440 8.249493135944773 0.3598669630595151
272 552 2440 7.254800962121559 0.4730152986448103
272 553 2440 6.2617998211376795 0.6327212198029506
272 554 2440 5.271445437448808 0.8644863097704171
272 555 2440 4.285573123865678 1.2126178689405358
272 556 2440 3.3081924067381263 1.758893072850449
272 557 2440 2.3499227646881873 2.6650939445237976
272 558 2440 1.4491849433387538 4.266266612843406
272 559 2440 0.8234907406885165 7.0384115430182845
272 560 2440 1.1207751781689743 8.355127760101604
272 561 2440 1.9580952479385856 5.437791914213023
272 562 2440 2.9003684248728896 3.3131313196440955
272 563 2440 3.8717098290031524 2.132238743478779
272 564 2440 4.85470256555431 1.4417555032841907
272 565 2440 5.84346960289857 1.012584792565931
272 566 2440 6.835505614071248 0.7324016899981384
272 567 2440 7.829568123466295 0.542302002919586
272 568 2440 8.824972351231446 0.40930151143035265
272 569 2440 9.821310350457289 0.31389375811479586
272 570 2440 10.818324130843902 0.24401622784010474
272 571 2440 11.815842627591119 0.19193012258079437
272 572 2440 12.813747968490693 0.15251566491588162
272 573 2440 13.811956306041493 0.12229649557482074
272 574 2440 14.81040637524843 0.09885890831981711
272 575 2440 15.80905237514252 0.080494284706963
272 545 2441 14.324040526331936 0.07648695045859788
272 546 2441 13.332521779468417 0.09362542957845808
272 547 2441 12.342371611647401 0.11537492960447372
272 548 2441 11.353948079853089 0.14322963254080964
272 549 2441 10.36774502965807 0.17926634067501782
272 550 2441 9.384462531226793 0.22641620300742643
272 551 2441 8.405125638561245 0.2888859781301351
272 552 2441 7.431294436368374 0.3728232024970492
272 553 2441 6.465457215077641 0.48738327025054806
272 554 2441 5.511817939663781 0.646454915800444
272 555 2441 4.578005788550236 0.871409898225337
272 556 2441 3.679148950504646 1.195126817060861
272 557 2441 2.8485324291640803 1.6658472441731018
272 558 2441 2.166134114038046 2.3394769494091388
272 559 2441 1.808352012192141 3.2057450747457605
272 560 2441 1.9616668932311978 3.929187423538264
272 561 2441 2.5349826429384708 3.83335752742478
272 562 2441 3.3172484079428375 3.029772182224432
272 563 2441 4.193105889433185 2.1902972271119534
272 564 2441 5.114698133809974 1.559687759247663
272 565 2441 6.0611993037681255 1.122150470791796
272 566 2441 7.022544909076708 0.820984957065111
272 567 2441 7.993380824156895 0.6110425716896768
272 568 2441 8.970626343795573 0.4620521389452017
272 569 2441 9.952393531206406 0.3543790981345246
272 570 2441 10.937464834229141 0.2752365353828641
272 571 2441 11.925021467485879 0.2161663368796414
272 572 2441 12.914493292421465 0.17146800781866753
272 573 2441 13.905471477084083 0.13722657243600264
272 574 2441 14.897655419561797 0.11070496396780892
272 575 2441 15.890819267740696 0.08995787309822006
272 576 2441 16.884790108260127 0.07358176019422201
272 546 2442 13.503634214536445 0.07855900677081623
272 547 2442 12.527016284814165 0.0959634209383308
272 548 2442 11.554399032403168 0.11794515710451718
272 549 2442 10.586885141532388 0.14592654483897913
272 550 2442 9.62601355702345 0.18184454860107602
272 551 2442 8.673991987545252 0.22836051239376237
272 552 2442 7.734089280581081 0.28915852321717006
272 553 2442 6.8113241737564625 0.36936021197554664
272 554 2442 5.913724460946683 0.4760667350546725
272 555 2442 5.054714334163615 0.6189515117586382
272 556 2442 4.2577149975073585 0.8105171693141906
272 557 2442 3.5645668741095404 1.0646750957602569
272 558 2442 3.0469881850770335 1.3897940770244173
272 559 2442 2.8039502492018307 1.7680013060121715
272 560 2442 2.9051913878433178 2.116558225542078
272 561 2442 3.3193579198391605 2.279228186967216
272 562 2442 3.9491944748263452 2.152253461626243
272 563 2442 4.708942237912768 1.818385437677044
272 564 2442 5.545460936657915 1.4374810795663262
272 565 2442 6.428851919277567 1.1033994052100236
272 566 2442 7.342216082355438 0.8401056041793735
272 567 2442 8.27563514178814 0.6410847354538356
272 568 2442 9.223022118589913 0.4925641568406509
272 569 2442 10.180478230417211 0.3817101100085101
272 570 2442 11.145408785683848 0.2984753122953914
272 571 2442 12.116028103301787 0.2354527630157818
272 572 2442 13.091070888204626 0.18729377517497395
272 573 2442 14.069617514346247 0.1501515455357924
272 574 2442 15.050984585733872 0.1212494062245849
272 575 2442 16.03465425258676 0.09856866516250727
272 576 2442 17.02022728990417 0.08062877242768701
272 577 2442 18.007391176958382 0.066333691806286
272 547 2443 12.787421045699517 0.07918339595340272
272 548 2443 11.836221398740348 0.09633451469852765
272 549 2443 10.893765969580901 0.11781367850245991
272 550 2443 9.962536674963806 0.14486946512010895
272 551 2443 9.046001160733889 0.17914406979921826
272 552 2443 8.149118786715459 0.22279301913902985
272 553 2443 7.2791577122630615 0.27862156018303125
272 554 2443 6.447025438138024 0.35020609202889835
272 555 2443 5.669403584152283 0.4419077284357075
272 556 2443 4.971934935213727 0.5585442566498756
272 557 2443 4.392964488816032 0.7041988125803094
272 558 2443 3.9844870435225004 0.8791876230447315
272 559 2443 3.8018596765265613 1.0740045474304114
272 560 2443 3.877129995241148 1.2610427282939016
272 561 2443 4.19644337504971 1.392441391793423
272 562 2443 4.710428536768027 1.4198466045794014
272 563 2443 5.363407219296196 1.3315028766899017
272 564 2443 6.110984945162157 1.1632065099191826
272 565 2443 6.922581671601896 0.9671818263535921
272 566 2443 7.778183399740486 0.7810220964228469
272 567 2443 8.66476410527133 0.6215484646021786
272 568 2443 9.57372116786354 0.4919902445477714
272 569 2443 10.499244591874142 0.38945542910140607
272 570 2443 11.437313364597403 0.3092325419118271
272 571 2443 12.385077189908763 0.2466750217025889
272 572 2443 13.340469894272777 0.1978356743559231
272 573 2443 14.301962697476116 0.15956758109872285
272 574 2443 15.268403223651065 0.12943460848929347
272 575 2443 16.238908122161362 0.10557546307099284
272 576 2443 17.21278992493658 0.08657449876443642
272 577 2443 18.189506232990446 0.07135479487034434
272 578 2443 19.16862376384904 0.059094736232149975
272 549 2444 11.281229409953445 0.09470445687420002
272 550 2444 10.384803175794836 0.11499407782212481
272 551 2444 9.509055526181267 0.1401813285807251
272 552 2444 8.660261947539373 0.17152043710216305
272 553 2444 7.8471738224661784 0.21054805361296638
272 554 2444 7.082099759252084 0.2590807976494098
272 555 2444 6.382330060408847 0.3191248076097212
272 556 2444 5.771666743671049 0.39259483307850657
272 557 2444 5.281111341374877 0.48066791231261574
272 558 2444 4.946527772084002 0.5825347876112136
272 559 2444 4.800639228269325 0.6934076153197196
272 560 2444 4.860466747134299 0.802248357639289
272 561 2444 5.118802301319933 0.8911266530606707
272 562 2444 5.547984949510788 0.9393900028687504
272 563 2444 6.112130316018973 0.9333343836607664
272 564 2444 6.777620305092206 0.8747797574083831
272 565 2444 7.517588509621828 0.7798443818026117
272 566 2444 8.312168008407802 0.6692690075664731
272 567 2444 9.147138186339927 0.5596436308676717
272 568 2444 10.012399163037701 0.4605085874500053
272 569 2444 10.900740204224576 0.37559809570559627
272 570 2444 11.806952909197106 0.30515143024473984
272 571 2444 12.727220317099802 0.24775203817454258
272 572 2444 13.658701878289824 0.20142685707080754
272 573 2444 14.59925124792357 0.16419539872283626
272 574 2444 15.547222806662221 0.1342977236157282
272 575 2444 16.50133743064476 0.11025941068254759
272 576 2444 17.460588105788357 0.0908832750729511
272 577 2444 18.424172627285 0.0752135381814843
272 578 2444 19.39144494358267 0.062493788598422056
272 551 2445 10.050578938548671 0.10977070626688663
272 552 2445 9.251601861299378 0.13238636463595524
272 553 2445 8.495300877543896 0.15992018625615673
272 554 2445 7.794109121637833 0.19331291217608276
272 555 2445 7.16422619687556 0.23351381976778263
272 556 2445 6.626019695110935 0.28130621496095026
272 557 2445 6.203397214430009 0.33698254743249034
272 558 2445 5.921160105925018 0.3998133396625798
272 559 2445 5.79983939432791 0.4673135487526796
272 560 2445 5.849456128564254 0.5344960952528724
272 561 2445 6.0658170925274275 0.5936418522970993
272 562 2445 6.432117613974255 0.6353902433531264
272 563 2445 6.924603743175333 0.6515526302436394
272 564 2445 7.518519601623567 0.6385873232281832
272 565 2445 8.191833555437865 0.5993522199762336
272 566 2445 8.926597168014123 0.5416794514329083
272 567 2445 9.708868986653272 0.4749665785496931
272 568 2445 10.528064257022642 0.40720244585028204
272 569 2445 11.37620925440446 0.34368542191054013
272 570 2445 12.24729100658581 0.2871468903685711
272 571 2445 13.136747580736932 0.23847343413167474
272 572 2445 14.041087457885789 0.19745640748738016
272 573 2445 14.957611340050175 0.163347907804054
272 574 2445 15.884210304575973 0.13520632942541225
272 575 2445 16.819219274389567 0.11208465424869615
272 576 2445 17.76131011496611 0.09311943083459205
272 577 2445 18.709413058671764 0.07756344108760405
272 578 2445 19.662658441828192 0.06478927660064163
272 552 2446 9.908790894957757 0.10263553231019976
272 553 2446 9.206635487516476 0.12228152313997967
272 554 2446 8.563885625111869 0.1456251093238891
272 555 2446 7.994881925331836 0.17312881891373585
272 556 2446 7.516391221856248 0.2051188363875329
272 557 2446 7.14661717178118 0.24162190680063889
272 558 2446 6.903052730495227 0.28212741110362627
272 559 2446 6.799274740735043 0.32528963554655155
272 560 2446 6.8416472431716 0.3686463975682893
272 561 2446 7.027527089951168 0.40852387708104515
272 562 2446 7.34602865499431 0.44036888695893234
272 563 2446 7.780882790532028 0.45966998171316437
272 564 2446 8.313852115595841 0.4632921765450594
272 565 2446 8.927381306967762 0.4506123409509537
272 566 2446 9.606046897657611 0.42376339411210145
272 567 2446 10.337027474085447 0.38682349304976843
272 568 2446 11.110001665166273 0.3444747085614703
272 569 2446 11.91680061929364 0.3008510695752016
272 570 2446 12.751005332913843 0.25895401213928554
272 571 2446 13.60757645578364 0.22059029592280163
272 572 2446 14.482545943306972 0.18659847111743796
272 573 2446 15.37277258662201 0.15715384827419346
272 574 2446 16.275753039414095 0.1320372006236664
272 575 2446 17.189477508056992 0.11083017787981775
272 576 2446 18.112320033612402 0.09304085810603312
272 577 2446 19.042955049046277 0.07817649572459273
272 553 2447 9.967654538556069 0.0941889638254939
272 554 2447 9.377213711972088 0.11076469485140829
272 555 2447 8.860594618872783 0.1299608302576524
272 556 2447 8.43137811985664 0.1519130534514341
272 557 2447 8.10346450599972 0.17657744768800532
272 558 2447 7.889495357752437 0.20361801787192163
272 559 2447 7.798854851835443 0.23227552314742358
272 560 2447 7.835823951569943 0.26124936320102143
272 561 2447 7.998633445782922 0.28865365436269286
272 562 2447 8.279863344282752 0.3121301463752518
272 563 2447 8.667994981539684 0.32918212514769896
272 564 2447 9.149433698322378 0.33770510714484986
272 565 2447 9.710310860111383 0.33655203153345326
272 566 2447 10.337704629171654 0.32588186041148853
272 567 2447 11.020260296381252 0.3071096482446732
272 568 2447 11.748367418496793 0.2824852103592029
272 569 2447 12.514077552900051 0.2545147529319052
272 570 2447 13.310902937066174 0.22546702534081545
272 571 2447 14.13358188853756 0.19709357335052638
272 572 2447 14.97785488646478 0.17056005653739997
272 573 2447 15.840269473717827 0.14651457342681526
272 574 2447 16.718018333522572 0.12521319527621044
272 575 2447 17.608808505972142 0.10664862432704596
272 576 2447 18.51075733188669 0.090656250941154
272 577 2447 19.422310289973147 0.07699107919014825
272 554 2448 10.223704661227114 0.08503785433661654
272 555 2448 9.752032454826889 0.09867982741487934
272 556 2448 9.363767244010123 0.1140730654531812
272 557 2448 9.069627169845347 0.13116376399660987
272 558 2448 8.878971618379962 0.14973380294916736
272 559 2448 8.798530388649963 0.1693388113158843
272 560 2448 8.831315700392373 0.18925411260167418
272 561 2448 8.976086953678468 0.20845269331367758
272 562 2448 9.22757481681925 0.22564665413606774
272 563 2448 9.577376310869107 0.2394188151571463
272 564 2448 10.01519530513493 0.24844515028054592
272 565 2448 10.530058736778097 0.2517633384596357
272 566 2448 11.111261719534676 0.2490003656564659
272 567 2448 11.74896323085559 0.24046755833690978
272 568 2448 12.434473732329673 0.2270810103742713
272 569 2448 13.16032435010614 0.21014274236005628
272 570 2448 13.920206068876874 0.1910718367594286
272 571 2448 14.708845535935053 0.1711751123071273
272 572 2448 15.521859972309908 0.15150658886450508
272 573 2448 16.355614846284332 0.132818619099521
272 574 2448 17.207095542246417 0.11557943234904844
272 575 2448 18.073796972412755 0.10002540250528395
272 576 2448 18.95363123520125 0.08622298815660247
272 577 2448 19.844851649735165 0.07412554589132006
272 555 2449 10.662745284400103 0.07571711262690427
272 556 2449 10.308837810344897 0.08671634077682744
272 557 2449 10.042416890370394 0.09881490866882518
272 558 2449 9.870569233838367 0.11187074300681897
272 559 2449 9.798272143597385 0.1256152540972093
272 560 2449 9.827722879690722 0.13962678813863905
272 561 2449 9.958018728642584 0.15331884009176755
272 562 2449 10.185290226596218 0.1659560659722786
272 563 2449 10.503244117890263 0.17670980455979346
272 564 2449 10.90395052263153 0.18475639278329137
272 565 2449 11.378670265017629 0.18940570977646787
272 566 2449 11.91856270697085 0.1902294848034287
272 567 2449 12.51519624296784 0.18714955008855774
272 568 2449 13.160856241141618 0.18045462812050259
272 569 2449 13.848687194098805 0.1707393603847511
272 570 2449 14.572718929561368 0.1587879600418514
272 571 2449 15.327822317602596 0.14544119530186078
272 572 2449 16.10962870459764 0.13148279605592303
272 573 2449 16.91443575765967 0.11756563296239146
272 574 2449 17.739113196549486 0.10418027927510594
272 575 2449 18.58101549969743 0.09165679258056147
272 576 2449 19.43790464530568 0.08018654288729014
272 559 2450 10.798061724216812 0.09456762554070847
272 560 2450 10.824792700093436 0.10462118195022692
272 561 2450 10.943223336841669 0.11454465983612451
272 562 2450 11.15043214409182 0.12390213518739097
272 563 2450 11.441596785414005 0.1321948044798811
272 564 2450 11.810509599504844 0.13890659764811017
272 565 2450 12.250148448079965 0.14356722195307736
272 566 2450 12.753201049148247 0.14582173306503493
272 567 2450 13.312480497638145 0.1454899470836177
272 568 2450 13.921211764785273 0.14259873071593995
272 569 2450 14.573199271264903 0.1373770982364028
272 570 2450 15.262900674511247 0.13021567976031523
272 571 2450 15.985435152037489 0.12160300425699481
272 572 2450 16.736550929029427 0.11205616715862796
272 573 2450 17.512570827836665 0.10206148353724796
272 574 2450 18.31032869721338 0.09203413381758706
272 575 2450 19.127104773069963 0.08229849564812212
272 560 2451 11.822357506013585 0.07944533069110038
272 561 2451 11.930890033857311 0.08674206669181962
272 562 2451 12.121226711847102 0.0937325147571925
272 563 2451 12.3895979353648 0.10010827038761205
272 564 2451 12.731069750810246 0.10554144224885453
272 565 2451 13.1399443301711 0.1097164853323088
272 566 2451 13.610148309257898 0.11236779840389365
272 567 2451 14.135562846947256 0.1133160995534848
272 568 2451 14.710273178972427 0.11249524124316933
272 569 2451 15.328735662147597 0.10996254363935279
272 570 2451 15.985873044660261 0.10588982677164312
272 571 2451 16.677114168824158 0.10053759303376396
272 567 2452 14.980191487427497 0.08857824014992627
272 568 2452 15.52366377502409 0.08882412873555881
272 569 2452 16.11093222007948 0.08784427569919975
272 570 2452 16.737387400666663 0.0856982597241276
121 837 1443 4.949576244487896 2.2104325708587482
121 838 1443 4.5069174609703015 2.47990605088572
121 839 1443 4.257499853200122 2.625401477508709
121 836 1444 4.822064391938275 2.3353197178145595
121 837 1444 4.131138462942039 2.859515919003624
121 838 1444 3.5889141811973153 3.366127116434337
121 839 1444 3.270214824747646 3.6809856980501134
121 840 1444 3.241651585226172 3.637308542470328
121 836 1445 4.2214103093633595 2.8090520525053075
121 837 1445 3.4109097027038593 3.6607765475935232
121 838 1445 2.7291582951524465 4.657756064856129
121 839 1445 2.293971447075897 5.438169361610238
121 840 1445 2.2530656892331313 5.390145358673756
121 841 1445 2.624939046911307 4.560715756658474
121 836 1446 3.793191927651363 3.207585359236118
121 837 1446 2.863966654833736 4.4687937613856885
121 838 1446 2.004072104491158 6.378755075761347
121 839 1446 1.3528876523938331 8.692256896072776
121 840 1446 1.2823045660059764 8.747174332135804
121 841 1446 1.85965184913732 6.448198261448443
121 842 1446 2.6967211572574445 4.5161489159443855
121 836 1447 3.5994867689713312 3.369627511017808
121 837 1447 2.6019809761025834 4.875764559296222
121 838 1447 1.6075773698332 7.640059505671174
121 839 1447 0.6311140942808265 14.15421352893927
121 840 1447 0.4607656671237412 16.068583428805457
121 841 1447 1.4234834034859924 8.297562261508206
121 842 1447 2.4166722988440412 5.201159436158046
121 836 1448 3.6775406184024515 3.2074769868267268
121 837 1448 2.708930600809102 4.549043018426475
121 838 1448 1.7754731763673708 6.796446392336043
121 839 1448 0.9830081383183554 10.526707619855616
121 840 1448 0.8833487420040836 11.625358132704127
121 841 1448 1.6106846370411172 7.703626457478058
121 842 1448 2.5314630157283267 5.073378197804277
121 836 1449 4.011521531788168 2.8088894523271515
121 837 1449 3.147428315307622 3.762841147569212
121 838 1449 2.3917159112236246 5.040021385120436
121 839 1449 1.8799747338728596 6.371599486579271
204 2238 1981 18.520448428696334 0.1463746169257957
204 2239 1981 18.430111502646987 0.14993208817238154
204 2240 1981 18.393776393117346 0.15208544238883961
204 2241 1981 18.4117628161999 0.1527376769212076
204 2242 1981 18.483912194121718 0.15185885862755485
204 2243 1981 18.609594568394062 0.14948925912304428
204 2244 1981 18.787735627264986 0.14573514552646002
204 2232 1982 19.21585309061242 0.1207475070411669
204 2233 1982 18.81252269101619 0.1302813352018741
204 2234 1982 18.45462028869734 0.13966340198632793
204 2235 1982 18.144834251102974 0.14863623662356631
204 2236 1982 17.88566493032898 0.15691216360853305
204 2237 1982 17.679338505724704 0.16418861706379173
204 2238 1982 17.527721186737324 0.17016910916421243
204 2239 1982 17.43224053298946 0.17458804384906512
204 2240 1982 17.393821029319607 0.1772362039707017
204 2241 1982 17.41284037714701 0.17798284855651136
204 2242 1982 17.489111183819535 0.17679038268962274
204 2243 1982 17.62189008023832 0.1737186951449612
204 2244 1982 17.80991325077138 0.1689182734985298
204 2245 1982 18.051454512033157 0.16261350329551952
204 2231 1983 18.782997897034395 0.12606165378104447
204 2232 1983 18.31564931963917 0.13750161377604658
204 2233 1983 17.892037614536783 0.14911774806352415
204 2234 1983 17.515336422689668 0.16064011942984827
204 2235 1983 17.18863025374621 0.17174069910277093
204 2236 1983 16.914816286321287 0.18204401589905775
204 2237 1983 16.696496937980736 0.19114714578162534
204 2238 1983 16.535870403459274 0.1986488942939781
204 2239 1983 16.434628380343764 0.20418578158170717
204 2240 1983 16.39387111087558 0.20747002041925394
204 2241 1983 16.414049165273056 0.2083229425103877
204 2242 1983 16.494938920772075 0.2066971674211126
204 2243 1983 16.635654781222218 0.2026826582689776
204 2244 1983 16.834696611462945 0.1964952863071255
204 2245 1983 17.09002662373591 0.18845048825736307
204 2246 1983 17.399166934080565 0.17892766239438077
204 2231 1984 17.916891750524098 0.14291402038578335
204 2232 1984 17.426330939127684 0.1567793618850904
204 2233 1984 16.980547988801746 0.1709900014062442
204 2234 1984 16.58315440439482 0.18521358467514415
204 2235 1984 16.237703347456485 0.19903214882215978
204 2236 1984 15.947570661389145 0.21195343566530755
204 2237 1984 15.715820373114477 0.22343651898595804
204 2238 1984 15.545063846765002 0.23293247660833744
204 2239 1984 15.437325221682693 0.23993714897136972
204 2240 1984 15.393927698933787 0.24404867826267784
204 2241 1984 15.415414687902532 0.24501909874518252
204 2242 1984 15.501516377438737 0.24278856525857326
204 2243 1984 15.651166410207313 0.23749387936582184
204 2244 1984 15.862566311918192 0.22944914973754188
204 2245 1984 16.133288877349283 0.21910344589579905
204 2246 1984 16.46040734611396 0.20698545019921905
204 2247 1984 16.84063567683841 0.19364667398513197
204 2230 1985 17.622911507466583 0.14613611653027994
204 2231 1985 17.065433191102954 0.16210173152167692
204 2232 1985 16.54965286645006 0.1789540209420563
204 2233 1985 16.079583638888135 0.19640769805642494
204 2234 1985 15.659342578792995 0.21405742072076336
204 2235 1985 15.293037958496 0.2313717657341698
204 2236 1985 14.98462578778662 0.24770312328411545
204 2237 1985 14.737741007359304 0.26231946648806653
204 2238 1985 14.555514762453448 0.2744608858071944
204 2239 1985 14.44039507769786 0.2834177495726998
204 2240 1985 14.393992149504626 0.2886194483796639
204 2241 1985 14.416969515123526 0.28971581376951
204 2242 1985 14.508997553242654 0.28663125594011074
204 2243 1985 14.668776704279113 0.279576852932482
204 2244 1985 14.894126694774751 0.2690169479260932
204 2245 1985 15.18212797996388 0.25559964216591385
204 2246 1985 15.529295219036902 0.2400693587205066
204 2247 1985 15.931761045157645 0.22318127245921643
204 2248 1985 16.38545116864357 0.20563260595161031
204 2249 1985 16.886237295502013 0.18801796935367365
204 2229 1986 17.439008286023544 0.1469259291343811
204 2230 1986 16.816093779472038 0.16467129269194072
204 2231 1986 16.230927576697468 0.18390101961413585
204 2232 1986 15.687734380719181 0.20443448090645758
204 2233 1986 15.19101741161529 0.22595241991628653
204 2234 1986 14.745474220926202 0.24796818445735946
204 2235 1986 14.355870227889337 0.26980981163240103
204 2236 1986 14.026867433607537 0.290623774204343
204 2237 1986 13.76281257592357 0.3094118727506377
204 2238 1986 13.567498295559142 0.32510905446425803
204 2239 1986 13.443920931037956 0.3367002695868747
204 2240 1986 13.39406622351856 0.3433599749435265
204 2241 1986 13.418755903585138 0.3445838535469308
204 2242 1986 13.517581514457431 0.3402768073631192
204 2243 1986 13.688937504423107 0.3307701664627577
204 2244 1986 13.930147522549852 0.3167625717832128
204 2245 1986 14.237661675991674 0.29920323606477095
204 2246 1986 14.607293041491374 0.27915150184236226
204 2247 1986 15.034460748560374 0.2576470733696734
204 2248 1986 15.51441297632633 0.23561400252387021
204 2249 1986 16.042412848446553 0.21380631759267135
204 2250 1986 16.613880040496362 0.19279101424990447
204 2251 1986 17.224488671655934 0.17295788385483574
204 2228 1987 17.36867899409732 0.14522249767891166
204 2229 1987 16.683315318005526 0.16427825406743987
204 2230 1987 16.031063907301913 0.1854083998248747
204 2231 1987 15.416128242850029 0.2085864993312155
204 2232 1987 14.843146903537624 0.23365483034852355
204 2233 1987 14.317157888351963 0.2602750529984432
204 2234 1987 13.843518700099303 0.28787779929520046
204 2235 1987 13.427770105270621 0.31562256043064535
204 2236 1987 13.07543536560063 0.3423854179903523
204 2237 1987 12.791755548008252 0.3667960841552708
204 2238 1987 12.581375520983395 0.3873426044865166
204 2239 1987 12.448012291125055 0.4025472068893402
204 2240 1987 12.39415225015413 0.41119004916774654
204 2241 1987 12.42082968243269 0.41252830656153183
204 2242 1987 12.527530083779533 0.40644370076901143
204 2243 1987 12.712238591216005 0.39346693757163215
204 2244 1987 12.971623260024234 0.3746700796106306
204 2245 1987 13.301316100296317 0.3514654626285423
204 2246 1987 13.696240725104179 0.3253763169520706
204 2247 1987 14.150936718111721 0.29783948953086126
204 2248 1987 14.65984345073312 0.27007450747181716
204 2249 1987 15.217523123031652 0.24302395206769842
204 2250 1987 15.81881822387511 0.2173505970627421
204 2251 1987 16.458949237421066 0.19346986914351183
204 2227 1988 17.413299802162634 0.1411564878132972
204 2228 1988 16.669883322926932 0.16095513604260658
204 2229 1988 15.954529450911354 0.183342670510957
204 2230 1988 15.271182337985424 0.2084742386007702
204 2231 1988 14.624329386334207 0.23640947473418544
204 2232 1988 14.019023147138267 0.2670534400119925
204 2233 1988 13.460869585580227 0.30008207106985907
204 2234 1988 12.955964263612302 0.3348576849366009
204 2235 1988 12.51075577253426 0.37034925602084656
204 2236 1988 12.131818083040958 0.4050846263195171
204 2237 1988 11.825523667051698 0.4371734637296121
204 2238 1988 11.597629499169221 0.4644413968537162
204 2239 1988 11.45281668411751 0.4846949826259963
204 2240 1988 11.394253376154166 0.4960881134578809
204 2241 1988 11.42326617040857 0.4974979415793894
204 2242 1988 11.539194512616605 0.48878121096380334
204 2243 1988 11.7394637867324 0.4708084006537264
204 2244 1988 12.019858984197846 0.4452612545666564
204 2245 1988 12.37493474730279 0.4142766776622957
204 2246 1988 12.798476862502122 0.380066099583556
204 2247 1988 13.283938045624966 0.34461697573346095
204 2248 1988 13.824796924367558 0.30952298966757535
204 2249 1988 14.414819110901217 0.275934131035585
204 2250 1988 15.048222818658795 0.24458922342959452
204 2251 1988 15.719764947352218 0.21589012666196136
204 2252 1988 16.42476818710096 0.18998687037058884
204 2227 1989 16.77608446569095 0.15497068502913616
204 2228 1989 16.003093763394546 0.17788620674749414
204 2229 1989 15.256507136300813 0.20410844422510305
204 2230 1989 14.540392360593229 0.23393317013322817
204 2231 1989 13.859473655229415 0.26756446534120754
204 2232 1989 13.219190973732033 0.3050360012435117
204 2233 1989 12.625728097816724 0.34610267622639374
204 2234 1989 12.085984031099784 0.3901047619279401
204 2235 1989 11.60745493206841 0.43582045661321733
204 2236 1989 11.19799133773551 0.48134570549583083
204 2237 1989 10.865404272276287 0.5240684589406284
204 2238 1989 10.61692092840481 0.5608222875685873
204 2239 1989 10.458537660686618 0.5882820710091247
204 2240 1989 10.394373959022282 0.6035765554546292
204 2241 1989 10.426169478768356 0.6049563958538612
204 2242 1989 10.553056903096898 0.592258358689722
204 2243 1989 10.771676285518486 0.5669507360744114
204 2244 1989 11.07659740172954 0.5317376684112293
204 2245 1989 11.460934080606252 0.48990918288660823
204 2246 1989 11.917005076780077 0.44470104299400265
204 2247 1989 12.43692124281578 0.3988513206100395
204 2248 1989 13.013032313799988 0.35440317875807453
204 2249 1989 13.638218725332239 0.3127026643336209
204 2250 1989 14.306048021728543 0.2745067253973358
204 2251 1989 15.010829757212072 0.2401292762774867
204 2252 1989 15.747603309710456 0.209581111788405
204 2253 1989 16.51208678514027 0.18268405273184485
204 2226 1990 16.99967676163276 0.14678115733860617
204 2227 1990 16.175630126829592 0.16950084654845993
204 2228 1990 15.372475727741364 0.19589778608509775
204 2229 1990 14.593663350920412 0.22648080143216337
204 2230 1990 13.843301990493377 0.2617507707991818
204 2231 1990 13.126271747910682 0.30214033287187547
204 2232 1990 12.448333623421185 0.3479152240309033
204 2233 1990 11.816218092096923 0.39902453818835043
204 2234 1990 11.237660343683597 0.4548921963208181
204 2235 1990 10.721334338597934 0.5141593466110272
204 2236 1990 10.276624445799285 0.5744254449219804
204 2237 1990 9.913173558452394 0.6320964339812171
204 2238 1990 9.640176865597434 0.6825103121818856
204 2239 1990 9.465464066806247 0.7205102985446479
204 2240 1990 9.394520211272129 0.7414882967054276
204 2241 1990 9.42968769366201 0.7426199210049712
204 2242 1990 9.569796758552453 0.7237469776208637
204 2243 1990 9.810352185319408 0.6874295512617249
204 2244 1990 10.144210664216391 0.6381376202918659
204 2245 1990 10.562528579843077 0.5810257270927324
204 2246 1990 11.055722952389957 0.5208482738884043
204 2247 1990 11.614258908772541 0.461330856172777
204 2248 1990 12.229186808614978 0.40500230443773444
204 2249 1990 12.892440032825549 0.3533249877841642
204 2250 1990 13.596948554731062 0.30694846872094783
204 2251 1990 14.33663175226327 0.2659705349762988
204 2252 1990 15.106323510371531 0.23015213952274005
204 2253 1990 15.901666893756891 0.19907346110860485
204 2254 1990 16.71900146539871 0.17223762719807936
204 2226 1991 16.46824246846022 0.15884101303433606
204 2227 1991 15.616177829417705 0.18456273342010057
204 2228 1991 14.782659097740073 0.21478574846632428
204 2229 1991 13.971006048241392 0.2502511909966971
204 2230 1991 13.185257297451491 0.2917479235202581
204 2231 1991 12.430326222589578 0.3400529052766356
204 2232 1991 11.712173581363894 0.3958186770299387
204 2233 1991 11.03798034062385 0.45938083491348014
204 2234 1991 10.41628580637066 0.5304564642870376
204 2235 1991 9.857028456893037 0.6077193509946287
204 2236 1991 9.37139317284252 0.6882907727187833
204 2237 1991 8.971343823530546 0.7672994950992374
204 2238 1991 8.668737509003252 0.8378315705946501
204 2239 1991 8.474019707317193 0.8916951213106268
204 2240 1991 8.394701304989978 0.9212209988794665
204 2241 1991 8.434038771549531 0.9216499236479236
204 2242 1991 8.590402202458332 0.8929097572200315
204 2243 1991 8.85759617503537 0.8396440662339024
204 2244 1991 9.225996423151349 0.769472334399567
204 2245 1991 9.684059582633811 0.6906011888092886
204 2246 1991 10.21973629796787 0.609996601089393
204 2247 1991 10.821506826685564 0.5325904200709687
204 2248 1991 11.47898122657244 0.46131319294385964
204 2249 1991 12.183144503780737 0.397528298606393
204 2250 1991 12.92636878632213 0.34154202673580936
204 2251 1991 13.70229944206458 0.293031704591634
204 2252 1991 14.505688884020765 0.25135072931114993
204 2253 1991 15.33222130025535 0.21572382582469032
204 2254 1991 16.178350039481902 0.18536144636927435
204 2225 1992 16.8746854785503 0.14664443481129721
204 2226 1992 15.981771178439415 0.17099713031262942
204 2227 1992 15.102284926460532 0.19989893945682516
204 2228 1992 14.238715180801856 0.23424208344628158
204 2229 1992 13.394140883236876 0.2750657537711055
204 2230 1992 12.572390782981483 0.32354723092758914
204 2231 1992 11.7782430778108 0.38095832786510136
204 2232 1992 11.017668083582763 0.44855706055651146
204 2233 1992 10.29810710761927 0.5273669027038015
204 2234 1992 9.628759525504767 0.6177767549288646
204 2235 1992 9.020809830608286 0.7188891639751893
204 2236 1992 8.487461929222384 0.8275935664019948
204 2237 1992 8.043569481268849 0.9375224203359568
204 2238 1992 7.704609659158591 1.0384301697665481
204 2239 1992 7.484852035945675 1.116986459573287
204 2240 1992 7.3949313722306025 1.159877273739581
204 2241 1992 7.439557110473758 1.1586537355312239
204 2242 1992 7.616364618372791 1.1135689060658327
204 2243 1992 7.916502384260436 1.0334550056423313
204 2244 1992 8.326644582303333 0.9317430269200355
204 2245 1992 8.831478358689541 0.82165438108604
204 2246 1992 9.41578515048012 0.7132289884740066
204 2247 1992 10.06573444911012 0.612636395862385
204 2248 1992 10.76944798956764 0.5228414290572987
204 2249 1992 11.517074715395518 0.44465121136489655
204 2250 1992 12.300610147468417 0.37762874148272896
204 2251 1992 13.113619256330544 0.3207297262692938
204 2252 1992 13.950950146853925 0.2726910642341031
204 2253 1992 14.808477639514598 0.23224401443995155
204 2254 1992 15.682889083329131 0.19821801537022368
204 2225 1993 16.461136352026138 0.15612229865482208
204 2226 1993 15.544484874063748 0.1829870801696013
204 2227 1993 14.638750288190483 0.21517353442993667
204 2228 1993 13.746090717000133 0.25384147454967837
204 2229 1993 12.869227249528134 0.30039680409938246
204 2230 1993 12.011619790852427 0.3565175329158275
204 2231 1993 11.177701463180968 0.424151880431261
204 2232 1993 10.373187070519755 0.5054508923871519
204 2233 1993 9.605467713755457 0.6025653870061927
204 2234 1993 8.884087460172752 0.7171861272879085
204 2235 1993 8.221253554051172 0.8496444965176718
204 2236 1993 7.63223492825 0.997371504306613
204 2237 1993 7.135335310971695 1.152701646431637
204 2238 1993 6.750926603067152 1.30072485843399
204 2239 1993 6.499000692414185 1.4192863328176513
204 2240 1993 6.395233381198869 1.4841097898295719
204 2241 1993 6.446782918634734 1.479191264279344
204 2242 1993 6.65003834575417 1.4058163607737773
204 2243 1993 6.9917816041407574 1.2817790713787993
204 2244 1993 7.452986649659408 1.1315973987033285
204 2245 1993 8.013052477052776 0.9766021846733742
204 2246 1993 8.652803591900252 0.8306395381739313
204 2247 1993 9.355907759271794 0.7005403067649664
204 2248 1993 10.109154761897871 0.5883621669738122
204 2249 1993 10.902156208750757 0.4935144012529754
204 2250 1993 11.726849960667312 0.41420286773020376
204 2251 1993 12.577003220163506 0.3482570453952811
204 2252 1993 13.44778829399108 0.29354554476158845
204 2253 1993 14.335445929583207 0.24815492927517174
204 2254 1993 15.237027597271195 0.21044497674320883
204 2255 1993 16.15020154673013 0.17904510806667773
204 2224 1994 17.04467688165417 0.14077072701237264
204 2225 1994 16.09916177942182 0.16515317013989758
204 2226 1994 15.160640157987942 0.1944996951625191
204 2227 1994 14.23049577491933 0.22997353603060114
204 2228 1994 13.310484964868754 0.2730369050218281
204 2229 1994 12.402862975942183 0.3255250059255073
204 2230 1994 11.51056080301901 0.3897279972811421
204 2231 1994 10.6374343711253 0.4684670299200287
204 2232 1994 9.788616347574267 0.5651284599674653
204 2233 1994 8.97100941923474 0.6835736956748408
204 2234 1994 8.193961801228921 0.8277494420505264
204 2235 1994 7.470141230257897 1.0006578279534917
204 2236 1994 6.816524774399285 1.202117277521107
204 2237 1994 6.255158671048999 1.4246636829117634
204 2238 1994 5.812831495923458 1.6478214600297674
204 2239 1994 5.518243379917201 1.8343738201775042
204 2240 1994 5.395647319831076 1.9374906443513282
204 2241 1994 5.456648238616865 1.9242445953379046
204 2242 1994 5.695349857559305 1.7991646866333275
204 2243 1994 6.09089566484282 1.6007017968342316
204 2244 1994 6.615210503075569 1.3750818400259117
204 2245 1994 7.240373609144875 1.1559337012839697
204 2246 1994 7.94260725454821 0.9604023074287839
204 2247 1994 8.703275820057762 0.7939082241207218
204 2248 1994 9.508365264334472 0.6556608758759196
204 2249 1994 10.347512261408664 0.5423135912880275
204 2250 1994 11.213073173755841 0.44987973299952566
204 2251 1994 12.099380562657046 0.37458255282959907
204 2252 1994 13.002192507419794 0.3131575407940722
204 2253 1994 13.918297668896283 0.26290464544797265
204 2254 1994 14.84523526253471 0.22164003941790547
204 2255 1994 15.781096603215007 0.18761675892336996
204 2224 1995 16.7551487609032 0.14731768080805538
204 2225 1995 15.792308570946691 0.1734796579335774
204 2226 1995 14.834386067512082 0.20518505110255203
204 2227 1995 13.882399288307365 0.24382011877793205
204 2228 1995 12.937658598061594 0.29116985023774816
204 2229 1995 12.001875270139967 0.3495425034650088
204 2230 1995 11.077319621641221 0.4219298349650071
204 2231 1995 10.167055129190452 0.5122041098092661
204 2232 1995 9.275290291953029 0.6253362174068833
204 2233 1995 8.407913534284138 0.767572230772913
204 2234 1995 7.573309052191033 0.9463855278035498
204 2235 1995 6.783583861057435 1.1697351799606015
204 2236 1995 6.056319839638522 1.4435473541614061
204 2237 1995 5.416734255988513 1.765314318918756
204 2238 1995 4.899286682773289 2.111291495988758
204 2239 1995 4.545878352969859 2.420175357990169
204 2240 1995 4.396249537958488 2.595871055188527
204 2241 1995 4.4709070668042825 2.5628811916846894
204 2242 1995 4.7593077227681695 2.336628194326251
204 2243 1995 5.2261850330811095 2.0075626443054095
204 2244 1995 5.828808626126034 1.6643976334879251
204 2245 1995 6.529702137157676 1.3558371393773392
204 2246 1995 7.300617097204988 1.09749392298691
204 2247 1995 8.121638381509118 0.8883225464818377
204 2248 1995 8.9790316849871 0.7213428523083474
204 2249 1995 9.863316379393018 0.588588293631315
204 2250 1995 10.767869334274206 0.48292177085486265
204 2251 1995 11.687985711832603 0.3984912155453808
204 2252 1995 12.620261883178312 0.330678392919401
204 2253 1995 13.562190457297215 0.27589823103976685
204 2254 1995 14.511892019995322 0.23138349559987767
204 2255 1995 15.467934897716765 0.19499830763923626
204 2223 1996 17.501057396625946 0.13016741477201374
204 2224 1996 16.52116854220657 0.15307656503626907
204 2225 1996 15.543841545769702 0.1808342553262373
204 2226 1996 14.569591964087275 0.2146716813001376
204 2227 1996 13.599081218964638 0.25619176273165695
204 2228 1996 12.633171019185841 0.3075001223339252
204 2229 1996 11.67300346954447 0.3713880077696643
204 2230 1996 10.720121734383316 0.45158847005484837
204 2231 1996 9.776656381401455 0.5531336279964831
204 2232 1996 8.845620950504157 0.6828436145786901
204 2233 1996 7.93139395062421 0.8499615666659631
204 2234 1996 7.040526258739369 1.0668648486582968
204 2235 1996 6.183122997320921 1.3494810111007347
204 2236 1996 5.3752218558864255 1.7160850510700372
204 2237 1996 4.642737339113571 2.18046869551821
204 2238 1996 4.027034889344718 2.729607131309011
204 2239 1996 3.5887337599771723 3.2734533147773517
204 2240 1996 3.397206205104446 3.603259888148749
204 2241 1996 3.49328069298767 3.5186137543941878
204 2242 1996 3.855516826574704 3.076766888732557
204 2243 1996 4.4189376551385 2.51264601914725
204 2244 1996 5.117519907142639 1.9909502305310942
204 2245 1996 5.9034744007238205 1.5646940857792186
204 2246 1996 6.746333078050751 1.2323801229718125
204 2247 1996 7.62725442082549 0.9770134400364942
204 2248 1996 8.53446014695729 0.7808564317937636
204 2249 1996 9.460391640941854 0.6293349726036794
204 2250 1996 10.400048557579083 0.5113512287206035
204 2251 1996 11.350022466938249 0.418672907319716
204 2252 1996 12.30792468290261 0.34523155344358236
204 2253 1996 13.272038652746742 0.28654229982847
204 2254 1996 14.241102836508269 0.2392686481480667
204 2223 1997 17.33496495525721 0.13394175984219844
204 2224 1997 16.34512190226784 0.15785996997791887
204 2225 1997 15.356595000194417 0.1869558460986926
204 2226 1997 14.369655876185638 0.2225907596307445
204 2227 1997 13.384655766959295 0.26655977770387024
204 2228 1997 12.40205668427608 0.32125786426274583
204 2229 1997 11.422478277501655 0.38992171534945247
204 2230 1997 10.446770314312337 0.4769872071855262
204 2231 1997 9.476128428846758 0.5886259400173287
204 2232 1997 8.512285826967865 0.7335615646071751
204 2233 1997 7.5578442693666466 0.9243214788747355
204 2234 1997 6.616873128600738 1.179141975115735
204 2235 1997 5.696052141615172 1.524727357028427
204 2236 1997 4.80697514035584 1.9995162266870459
204 2237 1997 3.971021279217641 2.653974389416046
204 2238 1997 3.22970741708898 3.530184933985379
204 2239 1997 2.6632705457763453 4.554658839907574
204 2240 1997 2.3989601914162924 5.2707346513404305
204 2241 1997 2.5331817937132652 5.025785180994231
204 2242 1997 3.013139558666445 4.076212832057362
204 2243 1997 3.706886833988985 3.0946269725532334
204 2244 1997 4.516969116564906 2.32379637118428
204 2245 1997 5.3911974551115645 1.7596334422505835
204 2246 1997 6.302936617165182 1.3505698534793251
204 2247 1997 7.238025283183386 1.05119438687772
204 2248 1997 8.188468110703136 0.8289005733447858
204 2249 1997 9.149481406069006 0.661321060724394
204 2250 1997 10.118053666590365 0.5331631624119509
204 2251 1997 11.092204920573861 0.4338601661458029
204 2252 1997 12.070584492890278 0.3560002197185204
204 2253 1997 13.052241569937461 0.29430064015046414
204 2254 1997 14.036488520994265 0.2449373052256897
204 2223 1998 17.22541755662241 0.1368191201283086
204 2224 1998 16.228894293820385 0.16150050184204395
204 2225 1998 15.23282672388799 0.19160886421306586
204 2226 1998 14.23731049039798 0.22860542758853147
204 2227 1998 13.24246993577847 0.27443384720164776
204 2228 1998 12.248469700333871 0.33171524274335257
204 2229 1998 11.255532417437976 0.4040394182223981
204 2230 1998 10.263966582174623 0.4964098469061065
204 2231 1998 9.274212095914008 0.6159415220739829
204 2232 1998 8.286918003697028 0.7729880144485635
204 2233 1998 7.303082226019244 0.9830229630529204
204 2234 1998 6.324318935664018 1.269898072890465
204 2235 1998 5.353411062117193 1.6717042392868269
204 2236 1998 4.395567085143735 2.251657583883417
204 2237 1998 3.461648451243894 3.118185449157479
204 2238 1998 2.577791690575387 4.454236757933676
204 2239 1998 1.818518627894632 6.466729449057606
204 2240 1998 1.4032141675453669 8.433286121405096
204 2241 1998 1.622038840472169 7.5141398947507225
204 2242 1998 2.3006542547720117 5.277433864660368
204 2243 1998 3.155156097564877 3.6505409359547953
204 2244 1998 4.076396693159424 2.599450985783377
204 2245 1998 5.027823584812951 1.9069902882666039
204 2246 1998 5.995082151230424 1.434489892134485
204 2247 1998 6.971585902791549 1.1014872267589368
204 2248 1998 7.953930474928866 0.8603039922341507
204 2249 1998 8.940190713849587 0.6815959084455678
204 2250 1998 9.929199867058909 0.5466185938262226
204 2251 1998 10.920211078546188 0.4429973770744913
204 2252 1998 11.912724709318317 0.3623263377180204
204 2253 1998 12.906394151737482 0.29875315905148464
204 2254 1998 13.900971548780456 0.24811552364541406
204 2223 1999 17.17349731417557 0.13870271989891694
204 2224 1999 16.173775378680013 0.16386350105265474
204 2225 1999 15.174090088041394 0.19460294814378853
204 2226 1999 14.17444919564765 0.23244178449428662
204 2227 1999 13.17486280763472 0.2794119709536047
204 2228 1999 12.175344348312981 0.3382688531675534
204 2229 1999 11.175912043318752 0.41281193928176846
204 2230 1999 10.176591276060828 0.5083829136850762
204 2231 1999 9.177418482340098 0.6326629539639874
204 2232 1999 8.178447896758767 0.7969963990565733
204 2233 1999 7.179763923695412 1.0186860190790656
204 2234 1999 6.181505480058916 1.3251909120008751
204 2235 1999 5.183918402135461 1.7623352519765294
204 2236 1999 4.187482537276894 2.4118133005369895
204 2237 1999 3.193275747566939 3.4331558270283025
204 2238 1999 2.2043162205090843 5.18262208389551
204 2239 1999 1.2332923416610178 8.644786326975376
204 2240 1999 0.4277966806790097 16.6146168742584
204 2241 1999 0.9192442548094824 10.890605342076025
204 2242 1999 1.8727012575422974 6.17007198052462
204 2243 1999 2.8581480017663123 3.9656017529182965
204 2244 1999 3.851105036220257 2.7340580078272954
204 2245 1999 4.846958840345283 1.9719747960186653
204 2246 1999 5.844228777178521 1.4685452174271652
204 2247 1999 6.842295667391304 1.1203857068111152
204 2248 1999 7.840855182950523 0.8712265246515117
204 2249 1999 8.83974038080318 0.6880912969362339
204 2250 1999 9.838852067187645 0.5505543678010523
204 2251 1999 10.838127605818398 0.4454059883242823
204 2252 1999 11.837525501556613 0.363801516617617
204 2253 1999 12.837017176899133 0.2996474004169569
204 2254 1999 13.836582309226642 0.2486435993206189
204 2223 2000 17.179726714939196 0.13952694878254765
204 2224 2000 16.180389673923052 0.16485815969000578
204 2225 2000 15.181139944022517 0.1958103617853873
204 2226 2000 14.181995980820057 0.23391684007680932
204 2227 2000 13.18298183265063 0.2812265198367617
204 2228 2000 12.184129431354412 0.340517893385502
204 2229 2000 11.185482108518928 0.4156223641718701
204 2230 2000 10.187100176203103 0.5119259365086017
204 2231 2000 9.18907013794092 0.6371716464109421
204 2232 2000 8.191520615856241 0.8027897268583626
204 2233 2000 7.194651485652247 1.0261987138132422
204 2234 2000 6.1987910111568 1.3349980483498995
204 2235 2000 5.204518229384792 1.7751143062661534
204 2236 2000 4.212957393565579 2.4279757496300403
204 2237 2000 3.2266096758051064 3.450768153291382
204 2238 2000 2.2523343446298987 5.184581344769694
204 2239 2000 1.3171977831744397 8.4812798597347
204 2240 2000 0.6300872955392136 14.106792340212792
204 2241 2000 1.0290821152853558 9.961914148198229
204 2242 2000 1.928991964731954 5.912824947826623
204 2243 2000 2.8953428121728013 3.8540932833753176
204 2244 2000 3.878789759706108 2.674619399745035
204 2245 2000 4.868984493711316 1.9363971536677735
204 2246 2000 5.862508848607521 1.4456102520084644
204 2247 2000 6.857915864167608 1.1048157746870542
204 2248 2000 7.8544897988349325 0.8602437171523626
204 2249 2000 8.85183653260736 0.6801111475698322
204 2250 2000 9.849721315854705 0.5446169064260598
204 2251 2000 10.847995667403394 0.44090159375602855
204 2252 2000 11.846561104388188 0.3603281698670112
204 2253 2000 12.845349742222021 0.29693165044729913
204 2254 2000 13.844313272965316 0.24649456730536
204 2224 2001 16.248661791052076 0.16444544604071307
204 2225 2001 15.253885078890425 0.1951784202914215
204 2226 2001 14.259839059400223 0.23295849832834103
204 2227 2001 13.266687981557284 0.27977731123150257
204 2228 2001 12.274649078486796 0.3383207333126363
204 2229 2001 11.28401568591594 0.4122665265614082
204 2230 2001 10.295193538734337 0.5067379939610156
204 2231 2001 9.308759852955575 0.6290126495758814
204 2232 2001 8.325563644582736 0.7896597878144284
204 2233 2001 7.3469047904541425 1.0044210830225826
204 2234 2001 6.374873332074786 1.2974145138659579
204 2235 2001 5.413040735113542 1.7067335336690759
204 2236 2001 4.467998433303085 2.294261062527095
204 2237 2001 3.5531690080826546 3.1613136322291635
204 2238 2001 2.6994462395090104 4.458308773954328
204 2239 2001 1.9872116142976821 6.253333018586439
204 2240 2001 1.6158619990580452 7.60794394936382
204 2241 2001 1.809146207469182 6.638795500642936
204 2242 2001 2.4361875954040126 4.791836956323966
204 2243 2001 3.255304901234391 3.3875187525603967
204 2244 2001 4.15439646639568 2.4455759699042936
204 2245 2001 5.0912680149449185 1.8104412608143388
204 2246 2001 6.0483890417202355 1.3705358887722006
204 2247 2001 7.01747889202395 1.0573203031690004
204 2248 2001 7.994186012346845 0.8287877549995792
204 2249 2001 8.97602417554689 0.6585083493395578
204 2250 2001 9.96147629621245 0.529337279415222
204 2251 2001 10.949566658092126 0.42982716676748806
204 2252 2001 11.939640279338528 0.35213464295918834
204 2253 2001 12.931241626386976 0.2907619124525811
204 2254 2001 13.924044311908935 0.2417773975430548
204 2224 2002 16.377820673093098 0.16264161383424539
204 2225 2002 15.39139402393415 0.19273478251584297
204 2226 2002 14.406839000974369 0.2296137102142277
204 2227 2002 13.424567404575702 0.2751444705748984
204 2228 2002 12.445119927103823 0.3318157595959311
204 2229 2002 11.469220112980521 0.402987845747019
204 2230 2002 10.497857400441157 0.4932580315303961
204 2231 2002 9.532418895537347 0.6090034442496617
204 2232 2002 8.574905830386577 0.759192947681392
204 2233 2002 7.628303218933944 0.9565966900354761
204 2234 2002 6.697238983342182 1.2195305998648305
204 2235 2002 5.789214972688309 1.5740934592953424
204 2236 2002 4.917012304235038 2.0558133561650083
204 2237 2002 4.103536279844375 2.7050863486341155
204 2238 2002 3.3913139046687024 3.534153369760005
204 2239 2002 2.8570981782220124 4.4067899930212
204 2240 2002 2.6124720094193936 4.863822895607996
204 2241 2002 2.736240121042023 4.498316110727697
204 2242 2002 3.18575108883295 3.645360381669795
204 2243 2002 3.8485075029159797 2.798313027792761
204 2244 2002 4.6338979272315495 2.126159292383804
204 2245 2002 5.4895364102992446 1.6258789490606145
204 2246 2002 6.387253713451609 1.2577270936007356
204 2247 2002 7.311566863539007 0.9850736253330291
204 2248 2002 8.253545298839882 0.7807041960873887
204 2249 2002 9.2077690023155 0.6254689160018643
204 2250 2002 10.170792004559056 0.5060191452787558
204 2251 2002 11.14033258031387 0.4129917280005604
204 2252 2002 12.114826040847758 0.3397401263924445
204 2253 2002 13.093166538313152 0.2814810651562477
204 2254 2002 14.074551857874676 0.23472420788902362
204 2225 2003 15.591953373455034 0.18858466049562664
204 2226 2003 14.620910026396992 0.22404314667027037
204 2227 2003 13.654047385299217 0.2675781240649684
204 2228 2003 12.692320906752894 0.321401003371845
204 2229 2003 11.736993226546433 0.38843588024765463
204 2230 2003 10.789764130878725 0.4725773536545439
204 2231 2003 9.852969603119528 0.579040396887591
204 2232 2003 8.929894176304535 0.7148166770444678
204 2233 2003 8.025273204072116 0.8892113908605835
204 2234 2003 7.146118526864648 1.1142919506778488
204 2235 2003 6.303095271372506 1.4046419065759073
204 2236 2003 5.512804186618522 1.7745903904524103
204 2237 2003 4.8013550170758 2.228161981666787
204 2238 2003 4.208920289100189 2.7327764278005793
204 2239 2003 3.7917027837107016 3.1758514670252382
204 2240 2003 3.6109569368797167 3.366259732047743
204 2241 2003 3.7014875388146327 3.190055750696297
204 2242 2003 4.04512175342106 2.7533815756756894
204 2243 2003 4.585303697684651 2.2483853179534043
204 2244 2003 5.261844733551228 1.7916756676172996
204 2245 2003 6.029014015575106 1.4182282752156667
204 2246 2003 6.856457540158862 1.124859872137617
204 2247 2003 7.724830742482425 0.8973912457663804
204 2248 2003 8.621775339221143 0.7211662820548076
204 2249 2003 9.539235294299125 0.5840004097160967
204 2250 2003 10.471819803644559 0.4764816961908621
204 2251 2003 11.41582279119655 0.3915340327890236
204 2252 2003 12.368630077741145 0.3238789902059299
204 2253 2003 13.328353611755773 0.26957518130784747
204 2225 2004 15.853170345391353 0.18290044943050462
204 2226 2004 14.899161385796049 0.21650347366768483
204 2227 2004 13.951595249289463 0.2574672967828705
204 2228 2004 13.0118795721447 0.30767792026582236
204 2229 2004 12.08184629930363 0.36956121718399937
204 2230 2004 11.16391553174768 0.44623541168624703
204 2231 2004 10.261335683038409 0.5416842673965936
204 2232 2004 9.378539865032169 0.660915408569073
204 2233 2004 8.521678825207967 0.8099994272045721
204 2234 2004 7.699416211635667 0.9957241044682718
204 2235 2004 6.924089109767319 1.2242499371630828
204 2236 2004 6.213293007737414 1.497518800990563
204 2237 2004 5.591691157422672 1.8055019462079058
204 2238 2004 5.092053613229064 2.11368347393747
204 2239 2004 4.753000105196657 2.3540913145969795
204 2240 2004 4.610098697425001 2.4445745905882075
204 2241 2004 4.681347028366937 2.3466594825205984
204 2242 2004 4.957520549629645 2.101788430216754
204 2243 2004 5.4073107918817165 1.792500281178406
204 2244 2004 5.99174515479428 1.4854775912636689
204 2245 2004 6.675553160600326 1.2139677934457507
204 2246 2004 7.43135317422078 0.9872862556858897
204 2247 2004 8.239357377854265 0.803200266715408
204 2248 2004 9.08564857343722 0.6554739758092412
204 2249 2004 9.960472378356462 0.537332513251231
204 2250 2004 10.856933729189025 0.4427461818426931
204 2251 2004 11.770089634323204 0.36675158195655694
204 2252 2004 12.696338448545031 0.30540394119998787
204 2253 2004 13.633011772899014 0.25561681163305766
204 2225 2005 16.172105923471925 0.17590559359042165
204 2226 2005 15.23807763466232 0.20732070081756007
204 2227 2005 14.312966498947597 0.24529487349087362
204 2228 2005 13.39861970502919 0.2913733697033524
204 2229 2005 12.497400129626831 0.34747667003991334
204 2230 2005 11.61236453096427 0.4159658242214801
204 2231 2005 10.747511805064336 0.49968202266811873
204 2232 2005 9.90812848120156 0.6019061770209877
204 2233 2005 9.101264197901179 0.7261242714007222
204 2234 2005 8.336366714582443 0.875375926643709
204 2235 2005 7.626074350542245 1.050801253704747
204 2236 2005 6.9870601829380705 1.2488708178544012
204 2237 2005 6.440575284863833 1.4570825414919466
204 2238 2005 6.011905687882929 1.6496089832122043
204 2239 2005 5.727565800582248 1.7881426593578196
204 2240 2005 5.6095463274671005 1.8350162674571702
204 2241 2005 5.668245760374183 1.775372994787998
204 2242 2005 5.898390458421701 1.6279263713924308
204 2243 2005 6.281163108851769 1.431581034411847
204 2244 2005 6.790803339811917 1.2235216987770865
204 2245 2005 7.4011492350851125 1.0277986177186138
204 2246 2005 8.089438175794484 0.8555411289111237
204 2247 2005 8.83747758130121 0.7094978476554145
204 2248 2005 9.63135556399003 0.5881760743456124
204 2249 2005 10.460640993744217 0.48842343023593593
204 2250 2005 11.317553180789664 0.40675536257934847
204 2251 2005 12.196270331539987 0.33993801421786995
204 2252 2005 13.09240275885228 0.28518962825628985
204 2226 2006 15.633713890179644 0.19685941844513358
204 2227 2006 14.733465647972855 0.23158764427667436
204 2228 2006 13.846913374467121 0.27325716368467456
204 2229 2006 12.976864413254717 0.3233191580738199
204 2230 2006 12.126871401973261 0.38346243729763096
204 2231 2006 11.301460525082463 0.4555696284835563
204 2232 2006 10.506427080601544 0.541575321796698
204 2233 2006 9.749205608663596 0.6431387208594445
204 2234 2006 9.03930362362046 0.7609958386048685
204 2235 2006 8.38874305244822 0.893826572830404
204 2236 2006 7.812362638792347 1.0365566009450735
204 2237 2006 7.3276879027425 1.178422492242775
204 2238 2006 6.953920476968301 1.3020687235635888
204 2239 2006 6.709620704629979 1.3859819835706637
204 2240 2006 6.609161066277593 1.4117323990556145
204 2241 2006 6.659054737723653 1.3729963040229618
204 2242 2006 6.856019982467969 1.2791647926496026
204 2243 2006 7.187976766796089 1.1500749807912227
204 2244 2006 7.637343124411827 1.0068238819045645
204 2245 2006 8.184803601797718 0.8654631387373461
204 2246 2006 8.812094529679147 0.7354496007397862
204 2247 2006 9.503420963000712 0.620924394318461
204 2248 2006 10.245828907414063 0.5226638893667869
204 2249 2006 11.029007661616793 0.4396679445171065
204 2250 2006 11.844872730426536 0.3701807091872441
204 2251 2006 12.687119846521608 0.31225929616891374
204 2252 2006 13.55083060184883 0.2640535726801266
204 2227 2007 15.20818891255616 0.2168699261335926
204 2228 2007 14.350993345409801 0.25407018277336657
204 2229 2007 13.513438126546353 0.2981387377130872
204 2230 2007 12.699409828806884 0.3502111713370332
204 2231 2007 11.91373199295658 0.411429522534835
204 2232 2007 11.162392664657403 0.4827706216974517
204 2233 2007 10.452799146639988 0.564734174266146
204 2234 2007 9.794029303611355 0.6568305139827768
204 2235 2007 9.197010927469762 0.7568356782872332
204 2236 2007 8.674503444001765 0.8598984522428074
204 2237 2007 8.24069232528425 0.9578514153474518
204 2238 2007 7.910183942235413 1.0394518556102006
204 2239 2007 7.696298460948565 1.0923929187499484
204 2240 2007 7.608877052495954 1.1071201664454922
204 2241 2007 7.652255223135188 1.0807435659251872
204 2242 2007 7.824257792276532 1.018366542941182
204 2243 2007 8.11671177263307 0.9307834719977047
204 2244 2007 8.51721844266076 0.8303220900727178
204 2245 2007 9.011382246914224 0.7274554166379479
204 2246 2007 9.584727956494179 0.6293626427284149
204 2247 2007 10.223942977149342 0.5400484884294535
204 2248 2007 10.917463533257237 0.4611488730041897
204 2249 2007 11.655599941659025 0.39280237106905824
204 2250 2007 12.430406670740991 0.3343292744701222
204 2251 2007 13.23544521351671 0.28468051424350127
204 2252 2007 14.065525585629663 0.24270303251676575
204 2227 2008 15.732228386341081 0.20162673495899652
204 2228 2008 14.90520077020086 0.23447212493237332
204 2229 2008 14.100603178587665 0.2728273678733589
204 2230 2008 13.322500140739232 0.3174010987260299
204 2231 2008 12.57581051065883 0.36880257210827394
204 2232 2008 11.866465775453 0.4273817891114826
204 2233 2008 11.20156283739004 0.49297918924975465
204 2234 2008 10.58947637987818 0.5645706931251153
204 2235 2008 10.039871015107622 0.6398322334341151
204 2236 2008 9.5635249777474 0.7147336518959071
204 2237 2008 9.17185968056635 0.783404117399605
204 2238 2008 8.87609204548933 0.838618008202267
204 2239 2008 8.686023831420174 0.8731526963112786
204 2240 2008 8.608659012877641 0.8818021188129763
204 2241 2008 8.647023187201462 0.8631758146426709
204 2242 2008 8.79960283194645 0.8202245891992528
204 2243 2008 9.060629669068273 0.7591471687697243
204 2244 2008 9.42109388553158 0.6873796303579528
204 2245 2008 9.870106888985589 0.611755988928257
204 2246 2008 10.39620171024019 0.5374813182829157
204 2247 2008 10.988312427302079 0.4679171012672928
204 2248 2008 11.636365841619176 0.40485347204117417
204 2249 2008 12.331545320842874 0.34894672055130344
204 2250 2008 13.066331160658759 0.30013199602216273
204 2251 2008 13.834413973855282 0.2579394496833623
204 2228 2009 15.504161054374928 0.21501140812719283
204 2229 2009 14.73231176699694 0.24808706794104673
204 2230 2009 13.989389193242026 0.2859036528525109
204 2231 2009 13.280248868149913 0.3287117887319691
204 2232 2009 12.610591183604251 0.376485144134382
204 2233 2009 11.98703507961821 0.4287397332912182
204 2234 2009 11.417136681322415 0.4843099212987106
204 2235 2009 10.909308410710464 0.5411188579508965
204 2236 2009 10.472583730865958 0.5960302093886912
204 2237 2009 10.116175660791908 0.6449208086518838
204 2238 2009 9.848807542032633 0.6831230543744564
204 2239 2009 9.67786185063618 0.7062824379023233
204 2240 2009 9.60848635321919 0.7114391757520063
204 2241 2009 9.642873534377586 0.69790025833805
204 2242 2009 9.779928936347131 0.667458574008332
204 2243 2009 10.015438582508516 0.6238374816839299
204 2244 2009 10.342679053320781 0.5716615392857309
204 2245 2009 10.753279034787514 0.5154345331482676
204 2246 2009 11.238105267348272 0.4588627777895555
204 2247 2009 11.788002799456795 0.4045952143731232
204 2248 2009 12.394313615525528 0.3542704274515679
204 2249 2009 13.049176602376173 0.3087161269845795
204 2250 2009 13.745654222335219 0.2681836257849459
204 2228 2010 16.142893482891974 0.19611477400106736
204 2229 2010 15.403084431372713 0.22442910803810084
204 2230 2010 14.694114808316856 0.25629781976017835
204 2231 2010 14.020663679013094 0.2917462532868816
204 2232 2010 13.388092097083783 0.33054540609841265
204 2233 2010 12.802461091524453 0.3720911054835078
204 2234 2010 12.270493470109413 0.415273423568912
204 2235 2010 11.799449563432951 0.4583697182192685
204 2236 2010 11.3968859781959 0.49901848772265833
204 2237 2010 11.070275967653135 0.5343465462145933
204 2238 2010 10.826495739619483 0.5613051347918552
204 2239 2010 10.671223453756326 0.5771998348470052
204 2240 2010 10.608346242463966 0.5802857842635157
204 2241 2010 10.639502337985531 0.5702104313038521
204 2242 2010 10.763875231532548 0.5481081682790898
204 2243 2010 10.978297226801619 0.5163019747937776
204 2244 2010 11.277633173676133 0.4777500195182351
204 2245 2010 11.65534255180862 0.4354623020671046
204 2246 2010 12.104090630857028 0.39206610901868383
204 2247 2010 12.616299378185394 0.349585632899048
204 2248 2010 13.18457469924614 0.30940585238304275
204 2249 2010 13.80199297203131 0.2723503678413345
204 2228 2011 16.81686683065535 0.1780915438574844
204 2229 2011 16.108041780427452 0.20219317000935882
204 2230 2011 15.431494094869642 0.22891905292662756
204 2231 2011 14.791653389665298 0.2581644416698727
204 2232 2011 14.193484772951185 0.28960950988322504
204 2233 2011 13.642470817267576 0.3226435462266087
204 2234 2011 13.144542974177448 0.3562949018977838
204 2235 2011 12.70594388465485 0.3891910610539077
204 2236 2011 12.33300490553694 0.41958283938166624
204 2237 2011 12.031833193657503 0.44546735240766155
204 2238 2011 11.807921493641409 0.46482585546177513
204 2239 2011 11.66571943773718 0.47595036484668957
204 2240 2011 11.608230269942068 0.4777797449326063
204 2241 2011 11.636709586476735 0.47013381640283625
204 2242 2011 11.750532328367077 0.4537549472721591
204 2243 2011 11.94725951840003 0.4301400991762338
204 2244 2011 12.222888774753715 0.401230388533979
204 2245 2011 12.572231703241895 0.3690688465950206
204 2246 2011 12.989342169640494 0.3355225777789797
204 2247 2011 13.46792522996772 0.3021158972988499
204 2248 2011 14.001678827912079 0.26997191442523094
204 2229 2012 16.842891972579896 0.18157640181080564
204 2230 2012 16.1970679445385 0.20391508238188952
204 2231 2012 15.588682112353078 0.22799216821861767
204 2232 2012 15.022283781103228 0.2534641006166207
204 2233 2012 14.502793179246451 0.2797698871757646
204 2234 2012 14.035419836969524 0.30609759000045517
204 2235 2012 13.625527879682238 0.33137805851088736
204 2236 2012 13.278441550121693 0.3543247463589333
204 2237 2012 12.999192667238933 0.37353468397630696
204 2238 2012 12.792224591524286 0.387651628066304
204 2239 2012 12.661082497164251 0.3955686971056475
204 2240 2012 12.608132692829626 0.39662301706031855
204 2241 2012 12.634358313741126 0.39072399154151305
204 2242 2012 12.739270387270999 0.3783714880823443
204 2243 2012 12.920952364280275 0.36055744921056326
204 2244 2012 13.176228974938175 0.3385851895992151
204 2245 2012 13.5009262645198 0.31386326330501685
204 2246 2012 13.890176744735856 0.2877268293138242
204 2247 2012 14.338724141289596 0.2613171585932872
204 2231 2013 16.407955692285277 0.20110380527512672
204 2232 2013 15.870822599978775 0.22175107593698556
204 2233 2013 15.380019830936412 0.24275140575527926
204 2234 2013 14.940114122723346 0.26344474624103115
204 2235 2013 14.555720868441998 0.2830085494590666
204 2236 2013 14.231339009383415 0.3004979763118472
204 2237 2013 13.971149201121516 0.3149231322299829
204 2238 2013 13.778788408274462 0.32535958479895344
204 2239 2013 13.657123049895938 0.33107546080088873
204 2240 2013 13.608049456112333 0.33164692703587517
204 2241 2013 13.632351594644243 0.3270307022750524
204 2242 2013 13.729639835043004 0.31757168723525975
204 2243 2013 13.898381560455158 0.30394331748929965
204 2244 2013 14.136018180520292 0.2870389145286434
204 2245 2013 14.439148520601917 0.26784443570436134
204 2246 2013 14.803749862788168 0.24732244359686711
204 2232 2014 16.736099007833246 0.1940462505064739
204 2233 2014 16.271416963497593 0.2108643447789885
204 2234 2014 15.85626090854958 0.2272106265978723
204 2235 2014 15.49461228943783 0.24245620234585352
204 2236 2014 15.190293282224609 0.2559059113769343
204 2237 2014 14.946806013326002 0.26685536337291477
204 2238 2014 14.767159848799585 0.2746655858714422
204 2239 2014 14.653702944989668 0.2788437832449204
204 2240 2014 14.607977614988295 0.2791134104274113
204 2241 2014 14.630618920606175 0.27545630885517053
204 2242 2014 14.72131142256014 0.26811554198847043
204 2243 2014 14.878810772370214 0.2575581415085654
204 2233 2015 17.174778310068437 0.18342689022010525
204 2234 2015 16.781984685966005 0.19640623698663862
204 2235 2015 16.4407119675517 0.20836786628721277
204 2236 2015 16.15422576293887 0.218798337348411
204 2237 2015 15.925483038200074 0.2271918773747435
204 2238 2015 15.756998762454687 0.2331009241890236
204 2239 2015 15.650719152805689 0.2361881519500002
204 2240 2015 15.607914979266098 0.23626988744748542
204 2241 2015 15.62910778003656 0.23334119792210392
204 2234 2016 17.715784205052774 0.17018106465453245
204 2235 2016 17.392843643291847 0.17962800269739293
204 2236 2016 17.12229569888331 0.18778102673491087
204 2237 2016 16.906655789954385 0.19427364010392995
204 2238 2016 16.748044960531914 0.1987884141102857
204 2239 2016 16.648093284217225 0.20109097026450368
204 2235 2017 18.350068392243056 0.15532119453530277
204 2236 2017 18.093839006689482 0.16174118402402052
204 2237 2017 17.889913638695916 0.16680516513026264
71 2073 1113 9.663342071974798 0.5934749895418944
71 2072 1114 9.07569170917556 0.6486163297943044
71 2073 1114 8.709545338305455 0.7282542912709118
71 2074 1114 8.446548407485661 0.790148624137311
71 2075 1114 8.296516136306783 0.8226050739539729
71 2076 1114 8.26560221641467 0.8184775383580704
71 2071 1115 8.680793742509831 0.6660658208279573
71 2072 1115 8.175829009953555 0.7845055734536688
71 2073 1115 7.767379223393075 0.8996569408869562
71 2074 1115 7.471290383862662 0.9934333370496399
71 2075 1115 7.3012450992963505 1.0453268622949932
71 2076 1115 7.2660979899805405 1.0415313582964352
71 2077 1115 7.367779855560258 0.9831188386401879
71 2071 1116 7.863344072339576 0.7853327458566604
71 2072 1116 7.302066830699252 0.9493479610790946
71 2073 1116 6.841650385689006 1.1182002336778254
71 2074 1116 6.503551337538499 1.2641423349487215
71 2075 1116 6.307470174324971 1.3502216904293682
71 2076 1116 6.2667519497742505 1.3482404198930993
71 2077 1116 6.384369976747874 1.2589043848024846
71 2078 1116 6.651930546841265 1.1112619978081044
71 2079 1116 7.052388247962545 0.9421498107083127
71 2070 1117 7.798729383687946 0.7304350509135468
71 2071 1117 7.09282595303156 0.9191363728363462
71 2072 1117 6.464996519720513 1.1456131777526273
71 2073 1117 5.940048821348073 1.39587147988783
71 2074 1117 5.547267795951346 1.629700112167771
71 2075 1117 5.3160304739532105 1.7792377993104413
71 2076 1117 5.2676541268385755 1.7829192519481512
71 2077 1117 5.407049102791629 1.6390349890296458
71 2078 1117 5.720505222443211 1.4074540585935458
71 2079 1117 6.1816001164747245 1.1568260842407323
71 2080 1117 6.760190825709036 0.9287890545642364
71 2070 1118 7.162135156501718 0.8215436912038847
71 2071 1118 6.386249290467619 1.0622856897603665
71 2072 1118 5.680860850258388 1.3710356755809103
71 2073 1118 5.075448748632847 1.7429758121122463
71 2074 1118 4.609574817702716 2.1285752811901424
71 2075 1118 4.328530928617619 2.4040191011086
71 2076 1118 4.268978800603207 2.42388334724952
71 2077 1118 4.439840087210334 2.1756467928608365
71 2078 1118 4.816656516713659 1.7960160908433824
71 2079 1118 5.356134800394818 1.4179032679978802
71 2080 1118 6.014663747874915 1.0997583170728242
71 2081 1118 6.757527654401498 0.8503302760422438
71 2069 1119 7.502278320616859 0.6905862585676249
71 2070 1119 6.6160547156139815 0.9065097799958911
71 2071 1119 5.76716394773014 1.2040694373203866
71 2072 1119 4.97475426528774 1.6132904731540731
71 2073 1119 4.27038405766962 2.1586254703244405
71 2074 1119 3.7046160394835974 2.8080832347215336
71 2075 1119 3.3484593472221547 3.354265878934641
71 2076 1119 3.2711129604462914 3.422421765793123
71 2077 1119 3.491157401206652 2.951321775429533
71 2078 1119 3.959315597423407 2.298105593431972
71 2079 1119 4.600454325390108 1.7228474104106144
71 2080 1119 5.352773113069602 1.2846089596783143
71 2081 1119 6.175773635748086 0.9648615959390582
71 2069 1120 7.124617884490215 0.7315909356536257
71 2070 1120 6.184511298396836 0.9760609155628812
71 2071 1120 5.266514976718323 1.327474562187402
71 2072 1120 4.384538744269308 1.8435707945021684
71 2073 1120 3.5654144219149284 2.6089796389620257
71 2074 1120 2.8635956418459725 3.6959661162231896
71 2075 1120 2.384990566018979 4.876747272094575
71 2076 1120 2.275121974752082 5.111847011541048
71 2077 1120 2.5815073116301837 4.085113799736982
71 2078 1120 3.1862485778734184 2.912933733981701
71 2079 1120 3.9547667440698278 2.0508724369556566
71 2080 1120 4.809176644707589 1.4672455670936233
71 2069 1121 6.872858211835738 0.7564964794240879
71 2070 1121 5.89272263049927 1.0205154623047283
71 2071 1121 4.920587363313297 1.4115811987716091
71 2072 1121 3.962345265117465 2.015344143758769
71 2073 1121 3.0312010820793587 2.9966113251554836
71 2074 1121 2.1624476872283775 4.677359552473094
71 2075 1121 1.471115223223403 7.3937132347473264
71 2076 1121 1.2853715416174138 8.401507765737547
71 2077 1121 1.7720553038774525 5.649813706034309
71 2078 1121 2.5745251989445537 3.560118388196982
71 2079 1121 3.4808303607042927 2.349338112811531
71 2080 1121 4.427660781948077 1.6209078278824278
71 2069 1122 6.761078316363305 0.7620945859703563
71 2070 1122 5.761959736061884 1.0326128089527382
71 2071 1122 4.763211101767233 1.438448987433389
71 2072 1122 3.7651268238930418 2.079268562629041
71 2073 1122 2.7684255453234043 3.1690022674423988
71 2074 1122 1.7754379741346844 5.258980911016702
71 2075 1122 0.8001124920908034 10.359519409028627
71 2076 1122 0.3580223456713836 16.488959456994206
71 2077 1122 1.2712906827316572 7.096256651840902
71 2078 1122 2.259243236130321 4.003536623882051
71 2079 1122 3.2545629506895226 2.534411550551417
71 2080 1122 4.252079491260855 1.713047885137924
71 2069 1123 6.796188637758532 0.7476262200620671
71 2070 1123 5.803118127351747 1.0102250248019167
71 2071 1123 4.812918033791842 1.4016697855326463
71 2072 1123 3.8278166100270554 2.0134100279580927
71 2073 1123 2.8531000683465875 3.033984426995103
71 2074 1123 1.9047782023111208 4.905834456648965
71 2075 1123 1.0564942025396395 8.763001032859641
71 2076 1123 0.7772901646104577 11.947665721152363
71 2077 1123 1.4464370017392518 6.773477040515318
71 2078 1123 2.3622404619345425 3.9617896378904933
71 2079 1123 3.326887434224519 2.5333912255020796
71 2080 1123 4.30768847527317 1.719152681307956
71 2069 1124 6.975971616914613 0.7150244232273518
71 2070 1124 6.012668292862876 0.957238243381355
71 2071 1124 5.063613334368931 1.3099310477352202
71 2072 1124 4.138620543127762 1.8403348775888897
71 2073 1124 3.2582479954723236 2.665092154123908
71 2074 1124 2.4706638783937604 3.965576144601616
71 2075 1124 1.8953047248397767 5.7747416514067655
71 2076 1124 1.755044158988675 6.641143735849586
71 2077 1124 2.137330110207721 5.147715004778909
71 2078 1124 2.8383410647772465 3.4659961324542774
71 2079 1124 3.6802418398796997 2.346725513987631
71 2080 1124 4.586085476743908 1.6374566240061723
71 2069 1125 7.28973113358774 0.6683084766302756
71 2070 1125 6.3740238468332295 0.8819719247939304
71 2071 1125 5.487821061222656 1.1822466423721696
71 2072 1125 4.648029690094422 1.6095552224706184
71 2073 1125 3.884865506037439 2.2157345036852374
71 2074 1125 3.2527188627361894 3.0292988861785575
71 2075 1125 2.840454189033876 3.8969487583530205
71 2076 1125 2.7488506689160794 4.245862242388213
71 2077 1125 3.0073543189987877 3.7028815916431292
71 2078 1125 3.540081919956224 2.81278580897872
71 2079 1125 4.24501825673356 2.047573630062083
71 2080 1125 5.050562344927693 1.4901246402182122
71 2070 1126 6.86324850198496 0.7942451191777207
71 2071 1126 6.049147047311635 1.0392647132174686
71 2072 1126 5.299073503924942 1.3673903589980523
71 2073 1126 4.644155466820597 1.7927021571617947
71 2074 1126 4.129912832009887 2.2934131018945805
71 2075 1126 3.813683259003061 2.748699953885744
71 2076 1126 3.7459551518939054 2.9231340044910863
71 2077 1126 3.9395659659410165 2.6892292728270224
71 2078 1126 4.359837152922235 2.2130403514601635
71 2079 1126 4.949361574991399 1.7195815526728375
71 2071 1127 6.713283846226017 0.897046843718321
71 2072 1127 6.046170688956728 1.1423573341068722
71 2073 1127 5.481257155069423 1.4363442534685034
71 2074 1127 5.052937759363362 1.7502192004024288
71 2075 1127 4.79793497246475 2.009364805033293
71 2076 1127 4.744278659606811 2.1085533602759474
71 2077 1127 4.898589592933959 1.9955590358570479
71 2078 1127 5.242535646040108 1.7293315331409431
71 2079 1127 5.742140715795935 1.415020579267513
71 2073 1128 6.365546323765138 1.1502433125074971
71 2074 1128 6.000681627948624 1.3527254991206945
71 2075 1128 5.787588444248644 1.5101611172139324
71 2076 1128 5.743185527214032 1.5715334466279138
71 2077 1128 5.871301388959777 1.512482441858339
71 2078 1128 6.161183327900679 1.3564940831883003
71 2079 1128 6.591523344417554 1.1544209965109307
71 2075 1129 6.780278755331564 1.1600803944313531
71 2076 1129 6.742416480758277 1.2003832744978977
71 2077 1129 6.851874196159844 1.1677742147866461
71 2078 1129 7.101843422661569 1.0724592137482611
