# %ECSV 0.9
# ---
# datatype:
# - name: sexcat_id
#   datatype: int32
# - name: x
#   datatype: int32
# - name: y
#   datatype: int32
# - name: sep
#   datatype: float64
# - name: weight
#   datatype: float64
# schema: astropy-2.0
sexcat_id x y sep weight
192 1781 1888 2.501801351026853 0.9466941425364932
192 1782 1888 2.064221402853807 1.800823490305689
192 1781 1889 1.8036102683229347 1.30790311045005
192 1782 1889 1.1202722883298868 3.627156939475067
192 1781 1890 1.4990030019983518 1.498409234748303
192 1782 1890 0.4990090179546089 5.969785666096614
257 1284 2405 5.253815851359735 0.767369472029187
257 1285 2405 5.04683871349172 0.8482248466364904
257 1286 2405 5.03374423267598 0.8898090229707024
257 1282 2406 5.369970297869365 0.7555300569963922
257 1283 2406 4.764932423445178 0.930101372635614
257 1284 2406 4.30959174400535 1.109516052219455
257 1285 2406 4.054698632450878 1.2575416585552632
257 1286 2406 4.038388416187694 1.3277901197131234
257 1287 2406 4.263400168879165 1.2923960083093438
257 1282 2407 4.669751706461432 1.0162557601297129
257 1283 2407 3.959113663435213 1.316599171263411
257 1284 2407 3.3974374166420387 1.6570368416900016
257 1285 2407 3.0676670288672576 1.958959574006028
257 1286 2407 3.0460763286561297 2.089010935907099
257 1287 2407 3.3386495772990528 1.96840904752871
257 1288 2407 3.874865287980872 1.6706629652068492
257 1281 2408 4.990849727250839 0.9775988336152012
257 1282 2408 4.095922484618051 1.344637002296177
257 1283 2408 3.2626034083228146 1.865765007652667
257 1284 2408 2.5519759011400525 2.5592079493981923
257 1285 2408 2.0929837553119044 3.2822361198620102
257 1286 2408 2.061208626024901 3.5622545616028534
257 1287 2408 2.473172254413226 3.111827328725654
257 1288 2408 3.159838761709106 2.3643901877946507
257 1289 2408 3.981529982305706 1.7126335067706375
257 1281 2409 4.677454542804241 1.1726210931739123
257 1282 2409 3.707638197019764 1.694911419525434
257 1283 2409 2.7594530255106537 2.5457161831954687
257 1284 2409 1.8661674630107123 3.9830579311707375
257 1285 2409 1.1621449995589088 6.175131198487124
257 1286 2409 1.103893563709706 6.984234313866045
257 1287 2409 1.7568668133924246 4.873346658810376
257 1288 2409 2.637153958342135 3.0828432957649516
257 1289 2409 3.5808631640987807 2.0148635610480223
257 1280 2410 5.56602021196477 0.913923844013101
257 1281 2410 4.566024638566931 1.3027870542235134
257 1282 2410 3.56603154781337 1.9356928104930968
257 1283 2410 2.566043842181999 3.05587329928385
257 1284 2410 1.566071837432783 5.341343880233439
257 1285 2410 0.566198728363135 11.822173524220434
257 1286 2410 0.43425913922446047 13.792215248394482
257 1287 2410 1.4340784497369408 5.837756232735608
257 1288 2410 2.4340462197747694 3.273618665809757
257 1289 2410 3.434032760472705 2.051633050334822
257 1280 2411 5.652484497988525 0.9259361574921459
257 1281 2411 4.67103639463455 1.309576545513781
257 1282 2411 3.6995379441222753 1.9159623508472774
257 1283 2411 2.7485598046978 2.9218850929296782
257 1284 2411 1.850021891762459 4.635384035546696
257 1285 2411 1.1360374113559315 6.941877237770176
257 1286 2411 1.0763740056319755 6.610799881559649
257 1287 2411 1.7397071592656512 4.290510333650732
257 1288 2411 2.6257534156885525 2.7173196033741798
257 1281 2412 4.978813212001509 1.189495858472917
257 1282 2412 4.081247480856892 1.6500969680778457
257 1283 2412 3.244161062586237 2.2898069894975652
257 1284 2412 2.5283553943226815 3.0587679487120982
257 1285 2412 2.0641174869664134 3.603238910732192
257 1286 2412 2.031890991170658 3.4162423316713384
257 1287 2412 2.4487917428806427 2.696990573169446
257 1284 2413 3.3708427729576558 1.9614916252711376
68 1752 970 9.77721841834376 0.30478404326173314
68 1753 970 9.60426988375486 0.32751402025985593
68 1754 970 9.533624704172109 0.34451122621717195
68 1755 970 9.567549320489592 0.35397849590308345
68 1756 970 9.704947192025363 0.35482401979046135
68 1757 970 9.941529057443887 0.34694706533039354
68 1758 970 10.270443028419042 0.331265557401074
68 1751 971 9.103955184423977 0.3507869656505125
68 1752 971 8.805112151472029 0.3881248534973262
68 1753 971 8.612665092757323 0.42049084719123025
68 1754 971 8.533815090567678 0.44441417697431457
68 1755 971 8.571697614825245 0.4568806903757435
68 1756 971 8.724792261137278 0.45616178035061533
68 1757 971 8.987213138676587 0.4423601353112448
68 1758 971 9.349759355192047 0.417375964843885
68 1759 971 9.801326440844695 0.3843129789889586
68 1760 971 10.330246850874449 0.3466427324022083
68 1749 972 9.13903714840901 0.33701924112073683
68 1750 972 8.612200647918046 0.39036662753910956
68 1751 972 8.174227792274946 0.44598300323694334
68 1752 972 7.840025510162596 0.500110239981093
68 1753 972 7.623253898434737 0.5475053946984194
68 1754 972 7.534056012534056 0.5821543986290635
68 1755 972 7.576938695805892 0.5987504167531322
68 1756 972 7.749709671981321 0.5944646437478653
68 1757 972 8.044003978119415 0.5700458215791391
68 1758 972 8.447129690019038 0.5295192991118999
68 1759 972 8.944383712699342 0.4786933475899596
68 1760 972 9.521029356114884 0.42340827910936746
68 1747 973 9.703710630475308 0.2926739879696112
68 1748 973 8.989438247187621 0.35008798075609426
68 1749 973 8.33414662697986 0.41670681506417473
68 1750 973 7.752805943656782 0.49172845997084386
68 1751 973 7.263194889303196 0.572375484820927
68 1752 973 6.884911037914739 0.6530170448713971
68 1753 973 6.637017402418073 0.7248166027735182
68 1754 973 6.534370665947907 0.7768309964342062
68 1755 973 6.5837679181454005 0.7991336473294971
68 1756 973 6.781887642832249 0.7869199972341444
68 1757 973 7.11631927333231 0.7428629826929819
68 1758 973 7.569015788066572 0.675774798395847
68 1759 973 8.120221671851155 0.5967064410761271
68 1760 973 8.751342754115012 0.5153257266261634
68 1746 974 9.871676655968798 0.285947410072392
68 1747 974 9.06079466713596 0.34831326027649934
68 1748 974 8.291320763304215 0.4242845466995179
68 1749 974 7.5758827868440335 0.5154791489015406
68 1750 974 6.93123365642797 0.6221363524364822
68 1751 974 6.378871373526824 0.7414767056390175
68 1752 974 5.944577360923157 0.8654437373923828
68 1753 974 5.655616677251055 0.9788651044833344
68 1754 974 5.534799002673937 1.060649826939199
68 1755 974 5.593031378420878 1.0907336464748225
68 1756 974 5.824946351684338 1.060629653540875
68 1757 974 6.211119061811713 0.9788302438725917
68 1758 974 6.725027880983168 0.8654018384177069
68 1759 974 7.339891007365239 0.7414342180097949
68 1760 974 8.03255874550577 0.6220972124381391
68 1761 974 8.784645695758103 0.515445081564018
68 1746 975 9.348047924566885 0.332055278193075
68 1747 975 8.487284606987053 0.41135862080837465
68 1748 975 7.660417743178207 0.5111802800788264
68 1749 975 6.8796802251267195 0.6357958276469147
68 1750 975 6.1626293089881505 0.7884286239478872
68 1751 975 5.534076255347401 0.9683846932536733
68 1752 975 5.027325332619728 1.165743574548274
68 1753 975 4.6820935488305 1.3545694668953874
68 1754 975 4.535416188179463 1.491433435835668
68 1755 975 4.606300033649617 1.5314028052995934
68 1756 975 4.885284024496488 1.4590099985281715
68 1757 975 5.339850185164443 1.3014720924268268
68 1758 975 5.929755475565656 1.1062425958804303
68 1759 975 6.618912297349242 0.9122048120083204
68 1760 975 7.379566382925297 0.7399054470210655
68 1761 975 8.191825193447508 0.5958101680090078
68 1762 975 9.041791857812335 0.4790096608567477
68 1745 976 9.832293730356056 0.3044320752819792
68 1746 976 8.906289912191223 0.38085770936972374
68 1747 976 7.998124780221879 0.4799760480767683
68 1748 976 7.114632808515097 0.6091433567350303
68 1749 976 6.266258851978551 0.7775824069124698
68 1750 976 5.469369250654018 0.9955042788177989
68 1751 976 4.749947368129445 1.2703436783410436
68 1752 976 4.148493702538305 1.596140349900839
68 1753 976 3.7226334764518674 1.9320600050716223
68 1754 976 3.536382332271251 2.1822776276992286
68 1755 976 3.626844358392071 2.2309204073686204
68 1756 976 3.975172952212335 2.0505307985537384
68 1757 976 4.522167621838079 1.734732763671096
68 1758 976 5.2055739356963135 1.397042533703628
68 1759 976 5.9787958653896975 1.0995369066020284
68 1760 976 6.811314116967524 0.8591079966555889
68 1761 976 7.683879228618915 0.6718867601707648
68 1762 976 8.584287972802484 0.5280588203139293
68 1745 977 9.518928511129754 0.33891394655057966
68 1746 977 8.559088736541938 0.4295356379329719
68 1747 977 7.609599201009157 0.5502007302285524
68 1748 977 6.674878276043642 0.7129136792850099
68 1749 977 5.762117666275089 0.9349238213055048
68 1750 977 4.883646178829872 1.2402342043862118
68 1751 977 4.06177301187545 1.6585661909953873
68 1752 977 3.338562564937176 2.211962448264715
68 1753 977 2.7917736297916482 2.8604631692860782
68 1754 977 2.5381095327034595 3.383956966270726
68 1755 977 2.6627053911389282 3.416032771113043
68 1756 977 3.1205768697470746 2.928120641422046
68 1757 977 3.7928880816602786 2.2781517509545886
68 1758 977 4.586283898757329 1.7107671529136619
68 1759 977 5.448118941432984 1.278733756762754
68 1760 977 6.35059052372305 0.9628898735027761
68 1761 977 7.27859876624623 0.7333036785660225
68 1762 977 8.223502903264599 0.5652232614613399
68 1763 977 9.180087145555941 0.4407424930158473
68 1745 978 9.303010265500026 0.36998741253857387
68 1746 978 8.318293094138905 0.47396271176151344
68 1747 978 7.337710814688674 0.6155011062354149
68 1748 978 6.3631753079731554 0.812106955609081
68 1749 978 5.397962578603098 1.091659434846276
68 1750 978 4.448145681067509 1.4997895158773284
68 1751 978 3.5261877431582795 2.112057623553188
68 1752 978 2.6612027356065564 3.0460175200396082
68 1753 978 1.9313207915827855 4.406578958091277
68 1754 978 1.5420765220961297 5.78000636256965
68 1755 978 1.73954016912523 5.583888017732118
68 1756 978 2.382015952927346 4.115782047409227
68 1757 978 3.21278695216482 2.8354862432665917
68 1758 978 4.119465984809275 1.9739723662817361
68 1759 978 5.061422724886826 1.4085937037140432
68 1760 978 6.022125870488006 1.0298364118592458
68 1761 978 6.993854445154049 0.7690376752772112
68 1762 978 7.972578002127116 0.5847512981616949
68 1763 978 8.956003573023034 0.4515355365821622
68 1745 979 9.191409032351828 0.39460377384798856
68 1746 979 8.193289937503671 0.5091022264581135
68 1747 979 7.195693156326154 0.6672464541435633
68 1748 979 6.198870864923642 0.8913266272706082
68 1749 979 5.203268203734968 1.2191597279745043
68 1750 979 4.209750586436145 1.7191115728727882
68 1751 979 3.220248437620862 2.5257259003712256
68 1752 979 2.2400892839348483 3.936762397428494
68 1753 979 1.2907362240209574 6.719587046602257
68 1754 979 0.5603570290448915 12.21908817842408
68 1755 979 0.9808159868192176 9.224927012663214
68 1756 979 1.9000000000000772 5.100303217884112
68 1757 979 2.8736736070751725 3.1396238229798077
68 1758 979 3.8608289265390368 2.079563081138899
68 1759 979 4.853246336216688 1.4466101325758207
68 1760 979 5.84824760077759 1.0423885710028418
68 1761 979 6.844705983459113 0.7714951897550141
68 1762 979 7.842066054299793 0.5832296114569313
68 1763 979 8.84002262440551 0.4485987970640519
68 1745 980 9.187926860832029 0.409868336813308
68 1746 980 8.18938337117019 0.5300374902306055
68 1747 980 7.19124467668838 0.6966578610514107
68 1748 980 6.193706483197206 0.9339001314922354
68 1749 980 5.19711458407444 1.283200622089344
68 1750 980 4.202142310774278 1.820552034037919
68 1751 980 3.2102959365141905 2.6987172153125694
68 1752 980 2.2257582977492554 4.267699740271455
68 1753 980 1.2657013865836606 7.488740099198622
68 1754 980 0.49999999999993905 13.68783282592814
68 1755 980 0.9476286192386115 8.595174109894364
68 1756 980 1.883082579177083 4.759334430259381
68 1757 980 2.862516375499074 2.9559974071194435
68 1758 980 3.8525316351719283 1.971189954272088
68 1759 980 4.846648326421119 1.3781330459677983
68 1760 980 5.842773314103566 0.9969061555360126
68 1761 980 6.840029239703651 0.7401207311889094
68 1762 980 7.8379844347894085 0.5609341324479991
68 1763 980 8.836401982707734 0.4323696870176943
68 1745 981 9.292685295435255 0.413762511258467
68 1746 981 8.306744247898738 0.5334238481897404
68 1747 981 7.324616030891919 0.6979244047861287
68 1748 981 6.348070573016578 0.9291143841979511
68 1749 981 5.380148696829779 1.2624634350572985
68 1750 981 4.4265110414410245 1.7571501576775113
68 1751 981 3.4988569562071907 2.5120369605596697
68 1752 981 2.624880949681258 3.6715601162315585
68 1753 981 1.8809572031281632 5.254833193689727
68 1754 981 1.4785127662620503 6.201640025644268
68 1755 981 1.683448840921517 5.11624579237121
68 1756 981 2.341367122003753 3.5535619367858273
68 1757 981 3.1827660925679533 2.434145790414991
68 1758 981 4.096095702007024 1.7065792021042954
68 1759 981 5.0424200539027435 1.2288125409463362
68 1760 981 6.006163500938073 0.9060513620469828
68 1761 981 6.980114612239603 0.6816836838239687
68 1762 981 7.960527620704608 0.521715247424476
68 1745 982 9.502105029939342 0.40574313626185615
68 1746 982 8.540374699039772 0.5186901814116531
68 1747 982 7.588543997368587 0.6707819778457822
68 1748 982 6.650864605447848 0.8782374274825342
68 1749 982 5.734282867107193 1.1641680781529038
68 1750 982 4.850773134253882 1.5591167031877478
68 1751 982 4.0221884590356245 2.0931772686848777
68 1752 982 3.2902887411288857 2.7554517995273264
68 1753 982 2.733861737542637 3.378986415267956
68 1754 982 2.4742675683926714 3.5748058201942388
68 1755 982 2.6019223662515225 3.166453007682661
68 1756 982 3.0688760157425814 2.4918952227210536
68 1757 982 3.750466637633269 1.8710441540188734
68 1758 982 4.551263560814769 1.392793247624251
68 1759 982 5.418671423882469 1.04356067126075
68 1760 982 6.325345840347436 0.7909248956107142
68 1761 982 7.256583218016641 0.6069939315702634
68 1745 983 9.80948520565674 0.38691616725772854
68 1746 983 8.881103535034292 0.48825993472557827
68 1747 983 7.9700690084841 0.6206393563575298
68 1748 983 7.083078426785833 0.793755665786412
68 1749 983 6.230409296346349 1.0184708165775533
68 1750 983 5.428259389528023 1.3028961782394581
68 1751 983 4.7025524983778 1.6410626815885505
68 1752 983 4.094142156789311 1.9895511631145757
68 1753 983 3.661966684720052 2.24546655319939
68 1754 983 3.4724631027556945 2.2860266663700055
68 1755 983 3.5645476571368553 2.08767822100094
68 1756 983 3.9184180481413646 1.754802763050101
68 1757 983 4.4723595562074525 1.4060054010053114
68 1758 983 5.162363799656148 1.1025801879738448
68 1759 983 5.941211997564166 0.8593483005834142
68 1760 983 6.77834788130563 0.6709399927525043
68 1745 984 10.205978639993246 0.3596884747006938
68 1746 984 9.317188417113744 0.4466446461107108
68 1747 984 8.45328338576193 0.5561494362459546
68 1748 984 7.622729170054436 0.6925890593749053
68 1749 984 6.8376896683016355 0.8586240325068286
68 1750 984 6.115717455867224 1.0514467238084322
68 1751 984 5.481788029466226 1.2563199451598923
68 1752 984 4.9697082409331985 1.439790484165016
68 1753 984 4.620173156928156 1.552561323468856
68 1754 984 4.4714650842872095 1.5538367397703066
68 1755 984 4.543346784034844 1.4431062557045977
68 1756 984 4.825971404805451 1.2605960184297564
68 1757 984 5.285640926131857 1.0557563370009149
68 1758 984 5.880986311835811 0.8624681250164855
68 1759 984 6.575256648983393 0.6958057862963293
68 1745 985 10.681666536641101 0.3270871072520214
68 1746 985 9.83595445292415 0.3989888480023082
68 1747 985 9.021862335460378 0.48605555549524115
68 1748 985 8.2487574821908 0.5893123088524216
68 1749 985 7.5292761936323505 0.7074235390100435
68 1750 985 6.88026162293259 0.8345056381468914
68 1751 985 6.323448426293926 0.9577449262846248
68 1752 985 5.885065845001164 1.0569600635022312
68 1753 985 5.593031378420776 1.1094749962474957
68 1754 985 5.47083174663593 1.100727065433458
68 1755 985 5.5297377876351135 1.0332708681379579
68 1756 985 5.764199857742601 0.9250891318961898
68 1757 985 6.154185567562938 0.7990488709888608
68 1746 986 10.425065947033543 0.34983300558158587
68 1747 986 9.660745312862694 0.41710752128684764
68 1748 986 8.94304198804851 0.49323681017050724
68 1749 986 8.284081119834521 0.5756010135052886
68 1750 986 7.698960968858 0.6586713012622729
68 1751 986 7.205692194369605 0.733538467572649
68 1752 986 6.824221567329067 0.7888899481696383
68 1753 986 6.574039853849331 0.8141423544341465
68 1754 986 6.470394114735165 0.8037969203552209
68 1755 986 6.520276067775015 0.7601586419258465
68 1756 986 6.7202678518046985 0.6921611243927246
68 1749 987 9.086363408977142 0.4657712488336888
68 1750 987 8.556284240252824 0.5202292426941143
68 1751 987 8.115294202923206 0.5664567623492288
68 1752 987 7.778560278097683 0.598218616861957
68 1753 987 7.560026454980118 0.6104280155174557
68 1754 987 7.47007362748182 0.6009472807272642
68 1755 987 7.513321502504703 0.5714452783028452
68 1751 988 9.044003538256655 0.44154266954409893
68 1752 988 8.74311157426228 0.46018927973146695
68 1753 988 8.549268974596552 0.4659086256001616
134 1406 1492 8.384975253392177 0.35577660861693566
134 1407 1492 7.967798315720541 0.3821561766596951
134 1408 1492 7.659230379091556 0.4003931400579597
134 1409 1492 7.472737784774658 0.4082096692922895
134 1404 1493 8.72455213750251 0.3671913330408278
134 1405 1493 8.080582280999279 0.4192833940433914
134 1406 1493 7.514905854366998 0.46982482101425427
134 1407 1493 7.046404047455643 0.5139090215071923
134 1408 1493 6.695506702259296 0.5459606002418614
134 1409 1493 6.481343224980377 0.5611080378021133
134 1410 1493 6.417617159039554 0.5567970999843141
134 1411 1493 6.508748727674068 0.5337715552280732
134 1412 1493 6.7484672333796425 0.49577857275763837
134 1413 1493 7.121784186564387 0.44819914860532634
134 1403 1494 8.780991401886231 0.38996531971089704
134 1404 1494 8.017718503414784 0.4630990349224005
134 1405 1494 7.311758338457287 0.543199115739553
134 1406 1494 6.681303016627786 0.6253958805657563
134 1407 1494 6.149618687365862 0.7014233191161238
134 1408 1494 5.744197942271777 0.760244605375704
134 1409 1494 5.493069269543139 0.7908264154650178
134 1410 1494 5.41773107490572 0.7865070653121427
134 1411 1494 5.525378720051592 0.748267200163953
134 1412 1494 5.805842746750798 0.6842210006218391
134 1413 1494 6.235848779436424 0.6057727697208762
134 1414 1494 6.78703248850325 0.5234568085184177
134 1402 1495 9.060563448263038 0.38523638984735264
134 1403 1495 8.201939404799335 0.4726568866321557
134 1404 1495 7.379011451407292 0.5779041393844018
134 1405 1495 6.605135123523199 0.7006010458578344
134 1406 1495 5.899644904568386 0.8358447895723253
134 1407 1495 5.2899725897210095 0.9711470288561065
134 1408 1495 4.812671815114706 1.0848754082574246
134 1409 1495 4.509967849109278 1.150527120643103
134 1410 1495 4.417896558318138 1.1489395046569144
134 1411 1495 4.5492647757631275 1.080611197928073
134 1412 1495 4.886083298512114 0.9653496474174326
134 1413 1495 5.389973098263005 0.8296516394709673
134 1414 1495 6.019120367628378 0.6947702748806472
134 1415 1495 6.738531739184633 0.5727956249197053
134 1401 1496 9.543679059985225 0.35457885661140337
134 1402 1496 8.617413184941311 0.44434723226739803
134 1403 1496 7.709592077405927 0.5594321203284143
134 1404 1496 6.827577169098868 0.7061135063014731
134 1405 1496 5.98279282609719 0.8898702879628402
134 1406 1496 5.193439130287356 1.1113349548601268
134 1407 1496 4.488853974011604 1.3577973883760717
134 1408 1496 3.915074711930751 1.5911423520892087
134 1409 1496 3.536355468557924 1.7451724938925073
134 1410 1496 3.418158861141392 1.757115685263217
134 1411 1496 3.5863365709313033 1.6214149245035177
134 1412 1496 4.0049731584617625 1.3953323978466856
134 1413 1496 4.606279409675348 1.1476365030938085
134 1414 1496 5.328771903543907 0.9210850274291555
134 1415 1496 6.1297479556665975 0.7314535202281025
134 1416 1496 6.982249637473493 0.5794547124998118
134 1401 1497 9.232974060398991 0.3884077981331782
134 1402 1497 8.271989482585221 0.49574995758596785
134 1403 1497 7.321462285636688 0.6391396997956229
134 1404 1497 6.386063732848294 0.832258245135374
134 1405 1497 5.47355551721184 1.0930773637905997
134 1406 1497 4.597587410805808 1.4416073290001101
134 1407 1497 3.7836239242292478 1.8877047263345308
134 1408 1497 3.081202687263501 2.392756316993692
134 1409 1497 2.582984707658894 2.802649940417903
134 1410 1497 2.4186380465045993 2.8764284358294168
134 1411 1497 2.651001697472008 2.5582423037119653
134 1412 1497 3.194653345826328 2.0613716210334436
134 1413 1497 3.9222200346231513 1.5859852646131656
134 1414 1497 4.749927367865652 1.2033651562900334
134 1415 1497 5.6338095459465976 0.9142279353471444
134 1416 1497 6.551168598044084 0.6998126841519788
134 1417 1497 7.489713612682315 0.5409051779464581
134 1401 1498 9.022960157287674 0.4101103204434221
134 1402 1498 8.036903010488597 0.5304220894989751
134 1403 1498 7.05477214373367 0.6961707478315297
134 1404 1498 6.078471024854889 0.9293617397814223
134 1405 1498 5.111341311241143 1.2651794195937147
134 1406 1498 4.159784850205623 1.7603728844920803
134 1407 1498 3.2375623546118923 2.5020595483928174
134 1408 1498 2.3790355188605288 3.5840322965900704
134 1409 1498 1.6845800663666506 4.859474899231959
134 1410 1498 1.419792238322126 5.295276983485399
134 1411 1498 1.7871233868985197 4.293013908838335
134 1412 1498 2.5242444414120278 3.045662049077982
134 1413 1498 3.3985011402086363 2.1264455462045033
134 1414 1498 4.327563979885137 1.5099518430667556
134 1415 1498 5.282595006244485 1.0962879919848256
134 1416 1498 6.25170456755588 0.8127833780635236
134 1417 1498 7.2292330160259 0.6137671008902196
134 1401 1499 8.920751649945254 0.4156870498322119
134 1402 1499 7.921982706368454 0.5408512116329464
134 1403 1499 6.92356916626105 0.7158417615437397
134 1404 1499 5.925690677043531 0.9674594854382943
134 1405 1499 4.928672234993975 1.3423910858937653
134 1406 1499 3.9331679343755948 1.928021063566112
134 1407 1499 2.940715899232748 2.9047954382229655
134 1408 1499 1.9559677911458953 4.701006895989921
134 1409 1499 1.001903188935955 8.513267206520212
134 1410 1499 0.4263918385709556 13.084599643091336
134 1411 1499 1.1661089142956602 7.201809066911245
134 1412 1499 2.1302136043128836 4.11163500611998
134 1413 1499 3.1170194096283024 2.596602925435216
134 1414 1499 4.110208023932542 1.7480245550797082
134 1415 1499 5.106056208072855 1.2292744277552277
134 1416 1499 6.103262242440449 0.8925937715689946
134 1417 1499 7.101254114591247 0.6643365902998447
134 1402 1500 7.932452962356664 0.5245416448622727
134 1403 1500 6.935546842174804 0.6923626279699373
134 1404 1500 5.939680967863576 0.9324114481202371
134 1405 1500 4.9454837983761175 1.2875032517155982
134 1406 1500 3.9542142076524573 1.8361110461716785
134 1407 1500 2.968806157363669 2.7345925537353497
134 1408 1500 1.9979514508616871 4.328158516028098
134 1409 1500 1.0815775515422847 7.40397055882724
134 1410 1500 0.5897541860810207 10.922616715587257
134 1411 1500 1.23523681939941 7.142986740174079
134 1412 1500 2.168826871836444 4.1942000088794575
134 1413 1500 3.143534634770188 2.6619707708427245
134 1414 1500 4.130352285217282 1.7930768226857845
134 1415 1500 5.122285622649279 1.2602604496852887
134 1416 1500 6.116846409711412 0.9143045726846608
134 1417 1500 7.112932587899261 0.6798722675861665
134 1402 1501 8.067825605452883 0.4853474750651867
134 1403 1501 7.089979548630664 0.6326005053179777
134 1404 1501 6.119298162371315 0.8372766711439931
134 1405 1501 5.159826547472389 1.1275360170091795
134 1406 1501 4.21921912206521 1.5472322973950041
134 1407 1501 3.3135796353793285 2.160959188561295
134 1408 1501 2.481493501905755 3.0379667667174903
134 1409 1501 1.826419995510444 4.112221716109454
134 1410 1501 1.5854999211605956 4.764964436644436
134 1411 1501 1.9214083376523945 4.245732269862642
134 1412 1501 2.62103223940493 3.1746561402885365
134 1413 1501 3.4709955344252323 2.261057662866793
134 1414 1501 4.384724620771502 1.615850502256588
134 1415 1501 5.3295224926816545 1.174586779173651
134 1416 1501 6.2914076326367185 0.8700954323340797
134 1403 1502 7.377927215688783 0.5516520595367224
134 1404 1502 6.450721665054315 0.7117574540387591
134 1405 1502 5.548856638984378 0.9257076940263466
134 1406 1502 4.686983038160143 1.209695862216225
134 1407 1502 3.891761811827745 1.5756522063436893
134 1408 1502 3.2130686267181807 2.0099502067718165
134 1409 1502 2.738943226866986 2.4282592108989745
134 1410 1502 2.5845328397991816 2.650460285659254
134 1411 1502 2.803178553000202 2.533166060570851
134 1412 1502 3.3220189644251263 2.156447262632192
134 1413 1502 4.026637555082413 1.7130993244149024
134 1414 1502 4.836508037830596 1.320838300083647
134 1415 1502 5.706996583142471 1.010603034084883
134 1404 1503 6.9121494486159145 0.5832316145566585
134 1405 1503 6.079129049461047 0.732001172390292
134 1406 1503 5.304131408628661 0.9143125984095442
134 1407 1503 4.616471596360248 1.1264136317882838
134 1408 1503 4.0607647063085075 1.3492311312055725
134 1409 1503 3.697000135244886 1.540120352250021
134 1410 1503 3.584105188188621 1.6396923487391315
134 1411 1503 3.744837780198292 1.607383699704942
134 1412 1503 4.147506479802094 1.4571179944116257
134 1413 1503 4.7307303875828985 1.2442005379531067
134 1414 1503 5.436709482766219 1.0227179230040462
134 1406 1504 6.024932364765701 0.6842883441168488
134 1407 1504 5.429347106236726 0.8092537533756958
134 1408 1504 4.965461710657025 0.9308247867800254
134 1409 1504 4.672666262424578 1.0289473657085288
134 1410 1504 4.583864090480951 1.0809443689628702
134 1411 1504 4.7106061181126835 1.0722068170510302
134 1412 1504 5.036646701923863 1.0053209300382124
134 1413 1504 5.526826394957635 0.898339527597879
134 1408 1505 5.901000762582662 0.6593458885859906
134 1409 1505 5.656837455681491 0.714353299177696
134 1410 1505 5.583709340572889 0.7442807440347936
134 1411 1505 5.688216768021487 0.7429510314568392
237 2175 2275 11.481466326214752 0.33964764577435613
237 2176 2275 11.087563708949002 0.36699209423792206
237 2177 2275 10.772375271963126 0.38994329200454586
237 2178 2275 10.542963008566534 0.4065680303139612
237 2179 2275 10.405002114367973 0.4152874379125508
237 2180 2275 10.36214596500173 0.41521140535669887
237 2181 2275 10.415568587456054 0.40634788192326404
237 2172 2276 12.278846403469835 0.2907265144564868
237 2173 2276 11.656760656374642 0.32965301411875875
237 2174 2276 11.090088773314822 0.3703080753165294
237 2175 2276 10.587732004542007 0.4109555628930083
237 2176 2276 10.159235650382502 0.44917864989627126
237 2177 2276 9.814278832395301 0.482022849864434
237 2178 2276 9.561907184239038 0.5063783321638105
237 2179 2276 9.40957326343771 0.5195764020751513
237 2180 2276 9.362161555965667 0.5200362578083356
237 2181 2276 9.421256232583909 0.5077010753453958
237 2182 2276 9.584887531943233 0.48405438108134674
237 2183 2276 9.847845906593 0.4517084302973636
237 2184 2276 10.202454067527094 0.41376333984090874
237 2171 2277 12.244838463614139 0.2921535266120029
237 2172 2277 11.534559766198445 0.33795384172558024
237 2173 2277 10.869961775461936 0.3885884060680062
237 2174 2277 10.259925389592425 0.4429337909000096
237 2175 2277 9.714734633534926 0.4988523511827972
237 2176 2277 9.245867671560232 0.5529964323698684
237 2177 2277 8.865442402948783 0.6008772035116279
237 2178 2277 8.58522387593952 0.6373952293984098
237 2179 2277 8.415228398564215 0.6578896625048252
237 2180 2277 8.36218087582428 0.6594355929626792
237 2181 2277 8.4282898028011 0.6418031049002009
237 2182 2277 8.610811169686666 0.6075370984333799
237 2183 2277 8.902587769856602 0.5611095966064515
237 2184 2277 9.293334654471451 0.5076321100798956
237 2185 2277 9.771185649653766 0.45173922875600997
237 2170 2278 12.373442083753591 0.2833766556160599
237 2171 2278 11.584993267154026 0.33327353981969093
237 2172 2278 10.831531239857261 0.39101826670996515
237 2173 2278 10.12087293665934 0.4566837620359329
237 2174 2278 9.462667118735771 0.5294083908651608
237 2175 2278 8.868600171391357 0.6068330105411756
237 2176 2278 8.352369065121731 0.6845299111815409
237 2177 2278 7.929190942334668 0.7557490254886534
237 2178 2278 7.614595787039638 0.8119945187894281
237 2179 2278 7.422403182258526 0.8448270187884173
237 2180 2278 7.362205444022949 0.8485612495227979
237 2181 2278 7.43720841445235 0.8225137352486941
237 2182 2278 7.643433063748286 0.7712943907269101
237 2183 2278 7.970700659289633 0.7029278366910218
237 2184 2278 8.404883639884602 0.6261111049330846
237 2185 2278 8.930401390755039 0.5481200608775485
237 2186 2278 9.532159723798127 0.47395174356933584
237 2187 2278 10.1966695052845 0.4064253683866456
237 2170 2279 11.805848931779716 0.31646023526175515
237 2171 2279 10.976705744439172 0.3771081682923534
237 2172 2279 10.178313661899185 0.4491835422360032
237 2173 2279 9.418496111375918 0.5337216002725376
237 2174 2279 8.707357176549205 0.6307469270105032
237 2175 2279 8.057795542206481 0.7382863894670947
237 2176 2279 7.48585793346376 0.8510526678978015
237 2177 2279 7.0105683792401585 0.959246623013852
237 2178 2279 6.652673823358669 1.0486167079607003
237 2179 2279 6.4318013806399 1.103284544166535
237 2180 2279 6.3622377352627275 1.1115186968221789
237 2181 2279 6.448881220801068 1.0714120797733506
237 2182 2279 6.685661448203936 0.9919052703493613
237 2183 2279 7.057483191620085 0.8882276444335813
237 2184 2279 7.544406471022071 0.775654564520679
237 2185 2279 8.125765748530988 0.6655828708378787
237 2186 2279 8.782828075284124 0.5647012763544427
237 2187 2279 9.499898367877348 0.47593161151130897
237 2170 2280 11.29841002088365 0.3495704188673183
237 2171 2280 10.42900134241068 0.42210719181764067
237 2172 2280 9.585096191484125 0.5107064976750801
237 2173 2280 8.774056587463015 0.6181153259312123
237 2174 2280 8.005877153691706 0.7463712404404407
237 2175 2280 7.294111940462833 0.8953447837847242
237 2176 2280 6.656881326867871 1.0602047979139626
237 2177 2280 6.117521475238303 1.2279840396055133
237 2178 2280 5.703864391796276 1.375146613537193
237 2179 2280 5.444636718827177 1.4707019156732113
237 2180 2280 5.362282070163863 1.4886114218773996
237 2181 2280 5.464802741179275 1.4234368583197377
237 2182 2280 5.742305199133897 1.294111909497085
237 2183 2280 6.171229132028713 1.1315391502608523
237 2184 2280 6.7226534195955345 0.9632825258908828
237 2185 2280 7.36912946011937 0.8066502641841309
237 2186 2280 8.087896450870206 0.6694630593545166
237 2187 2280 8.861380761483987 0.5534517607464535
237 2188 2280 9.676469862506586 0.45725649155132314
237 2170 2281 10.859561178979746 0.38099085371804814
237 2171 2281 9.951887710379555 0.4659257842469649
237 2172 2281 9.063667524793884 0.5725107658899015
237 2173 2281 8.201223628215669 0.7061592515096592
237 2174 2281 7.373606241182305 0.8726452922530685
237 2175 2281 6.593941840811331 1.0765200123785688
237 2176 2281 5.881332247033999 1.317256679132355
237 2177 2281 5.26308550187071 1.5816969399722303
237 2178 2281 4.775988798144457 1.8337416035812364
237 2179 2281 4.463190450787532 2.0114815562087696
237 2180 2281 4.362346730832005 2.051777768898733
237 2181 2281 4.487768822031763 1.9378333884331345
237 2182 2281 4.821832535457865 1.7147250746005596
237 2183 2281 5.325417260647254 1.4502960407623582
237 2184 2281 5.95567536052792 1.194666504457055
237 2185 2281 6.6768307601735 0.9714265164208653
237 2186 2281 7.462577905790915 0.7863173287812321
237 2187 2281 8.29458070067429 0.6366823551575626
237 2188 2281 9.160243937799804 0.517063197028585
237 2170 2282 10.497907839184139 0.4086330543330336
237 2171 2282 9.555944171038437 0.505466182282003
237 2172 2282 8.627054479948711 0.6300498447506404
237 2173 2282 7.715961962062981 0.7913891055364939
237 2174 2282 6.829792749417986 1.001066490040292
237 2175 2282 5.979637865289349 1.2726826634248516
237 2176 2282 5.183248884628426 1.618272636023465
237 2177 2282 4.46945958701961 2.0365416362873634
237 2178 2282 3.884078912689748 2.4849617726629356
237 2179 2282 3.4922870729653437 2.8432135507762513
237 2180 2282 3.3624498509272254 2.941612622750246
237 2181 2282 3.5236442783005484 2.7203810700333872
237 2182 2282 3.940313312415634 2.305721674386668
237 2183 2282 4.542694024474853 1.8600247498981466
237 2184 2282 5.267453749203614 1.4692014692278819
237 2185 2282 6.0709199467625075 1.154528700914639
237 2186 2282 6.925754038370014 0.9096324919528584
237 2187 2282 7.815117977356339 0.721053863390229
237 2188 2282 8.728463152239225 0.5758209306186903
237 2189 2282 9.658989025772707 0.4634032879393183
237 2170 2283 10.221647078626988 0.4302617880455135
237 2171 2283 9.251598186259676 0.5371778510842462
237 2172 2283 8.288671123889703 0.6776186453710263
237 2173 2283 7.335670998620552 0.8646117786498886
237 2174 2283 6.397035954252745 1.1170693837831154
237 2175 2283 5.480152278906307 1.4621887677867893
237 2176 2283 4.598050565185388 1.936940764655321
237 2177 2283 3.7751912534335714 2.581341098063314
237 2178 2283 3.0597498263748646 3.3951251843067918
237 2179 2283 2.544026139802948 4.193224240841873
237 2180 2283 2.362640260386748 4.473042968481661
237 2181 2283 2.586903361163697 3.967750290949661
237 2182 2283 3.130825609962922 3.1241017378615084
237 2183 2283 3.8616148176636385 2.3571182707916125
237 2184 2283 4.692767733438237 1.7699658002564542
237 2185 2283 5.579611904066332 1.3407897747577786
237 2186 2283 6.499389894443816 1.0285610224432675
237 2187 2283 7.439897109503469 0.799338710418334
237 2188 2283 8.394168749792783 0.6288131262806149
237 2189 2283 9.357994924127572 0.5001794443474961
237 2170 2284 10.037831887414905 0.4438527609460634
237 2171 2284 9.048097534841407 0.5576557704986811
237 2172 2284 8.06089753067255 0.7093217193570414
237 2173 2284 7.077292490776575 0.9153177098784601
237 2174 2284 6.099021970775492 1.2014368878467985
237 2175 2284 5.129139206533766 1.6095075290329348
237 2176 2284 4.173496016531166 2.2097035198580883
237 2177 2284 3.2446985992540482 3.1214874777533117
237 2178 2284 2.3744618337637804 4.528629214095977
237 2179 2284 1.6577300745297852 6.479389082848567
237 2180 2284 1.3631100469148483 7.539331662054558
237 2181 2284 1.7228084629464393 6.01350710552192
237 2182 2284 2.4653740081374154 4.1520472037474
237 2183 2284 3.3448570970968574 2.8762594576385223
237 2184 2284 4.27762422379513 2.0499517895223227
237 2185 2284 5.235271626190809 1.5021474802864587
237 2186 2284 6.206292693710009 1.126936171675599
237 2187 2284 7.185267496760153 0.862151171369649
237 2188 2284 8.169337121211095 0.6704698193961091
237 2189 2284 9.156859123083485 0.5286892447329199
237 2170 2285 9.95158625546718 0.4480048821428587
237 2171 2285 8.95232198929434 0.5644226372882383
237 2172 2285 7.953242672017663 0.7205937753937963
237 2173 2285 6.95442801386299 0.9346757612520873
237 2174 2285 5.956011165201255 1.2360927475021088
237 2175 2285 4.958232447153086 1.6751854287334595
237 2176 2285 3.9615740558522123 2.344511230468417
237 2177 2285 2.9671651453872636 3.4322789344463014
237 2178 2285 1.9784006166600066 5.383659463326568
237 2179 2285 1.0119629439857802 9.537639862254485
237 2180 2285 0.3661543390430324 16.6726832525424
237 2181 2285 1.1153784111231992 8.700509288616983
237 2182 2285 2.0866406015409997 5.022409088885067
237 2183 2285 3.076372701738048 3.240630233468581
237 2184 2285 4.071126256946441 2.2301929829934064
237 2185 2285 5.067945244376502 1.6017817315317588
237 2186 2285 6.0658114873443 1.1864959796716856
237 2187 2285 7.064281209011837 0.8998784899913487
237 2188 2285 8.06313022343044 0.6954573999487628
237 2189 2285 9.06223311331137 0.5458354934491934
237 2170 2286 9.96544374325615 0.4422697280623447
237 2171 2286 8.967723735709237 0.5566101622856543
237 2172 2286 7.970575198817366 0.7096834933579684
237 2173 2286 6.97424325644024 0.9189589076706935
237 2174 2286 5.979136141617938 1.2125281272314625
237 2175 2286 4.98598726432404 1.6379065848973346
237 2176 2286 3.996256873625767 2.280870281171992
237 2177 2286 3.0133152838693897 3.3101619432703484
237 2178 2286 2.0469658033295364 5.096995699040394
237 2179 2286 1.1402056831993985 8.524184574559618
237 2180 2286 0.6403663014243332 12.717312656781342
237 2181 2286 1.2329107834711936 8.273273844613747
237 2182 2286 2.1517595125848112 4.969606972566685
237 2183 2286 3.1209083613587403 3.239805767865526
237 2184 2286 4.104883554986496 2.238235854941986
237 2185 2286 5.095102452355423 1.6103155253125907
237 2186 2286 6.088519442360179 1.1938016095517594
237 2187 2286 7.083789169646256 0.9057830054454947
237 2188 2286 8.08022703888927 0.7001474448625018
237 2189 2286 9.077448374956308 0.5495491394478856
237 2170 2287 10.078991467404018 0.42726415658474864
237 2171 2287 9.09373790033574 0.5352185771091837
237 2172 2287 8.112093996003889 0.6782870449301144
237 2173 2287 7.135549663480874 0.8712084545190089
237 2174 2287 6.166528115560788 1.1365994640078552
237 2175 2287 5.209229213617054 1.510064359374965
237 2176 2287 4.271541759131125 2.0486522976061097
237 2177 2287 3.369876703976082 2.8420999188850082
237 2178 2287 2.5428466332046797 4.006913532455648
237 2179 2287 1.8910497084952704 5.515743608500026
237 2180 2287 1.6389231220529288 6.447416676775209
237 2181 2287 1.9483503278413234 5.565632355829444
237 2182 2287 2.6279400678095888 4.053116831989425
237 2183 2287 3.4664201995717048 2.8743518358357343
237 2184 2287 4.37333614075095 2.0704152013456496
237 2185 2287 5.313762226520686 1.5249796070127382
237 2186 2287 6.272644498136153 1.1470739058522594
237 2187 2287 7.242656211639306 0.878741862387748
237 2188 2287 8.219858210455769 0.6838217849086328
237 2170 2288 10.288929438965107 0.4045162753605064
237 2171 2288 9.325881674136902 0.5028186122625364
237 2172 2288 8.371503389475643 0.6309339961623897
237 2173 2288 7.429136490871725 0.7998667198898125
237 2174 2288 6.504004074414585 1.0251729240896548
237 2175 2288 5.6046470896927305 1.328428154083004
237 2176 2288 4.745742196959383 1.737466607255213
237 2177 2288 3.953741139730893 2.2798439898927083
237 2178 2288 3.277509572831209 2.951442163887936
237 2179 2288 2.80215434978159 3.625597006435018
237 2180 2288 2.6385732887300213 3.962515962047648
237 2181 2288 2.8411386801772336 3.692684596602503
237 2182 2288 3.3439600775127243 3.037538376346577
237 2183 2288 4.036343518581957 2.3550277958062034
237 2184 2288 4.83756850080681 1.7955293509125185
237 2185 2288 5.701935548565761 1.371658792947137
237 2186 2288 6.604700523112126 1.0571963446090604
237 2187 2288 7.532069370365442 0.8237447458643452
237 2188 2288 8.475970091971593 0.6489293091789706
237 2170 2289 10.589526382232714 0.3761123948060147
237 2171 2289 9.65650397400645 0.4628512458790023
237 2172 2289 8.738310420212938 0.5735111314260871
237 2173 2289 7.840157460153571 0.7154300372248069
237 2174 2289 6.969796912392883 0.8978378801870749
237 2175 2289 6.139060921672063 1.1313120912791728
237 2176 2289 5.366383232681087 1.4250569391318915
237 2177 2289 4.680605623207362 1.778737891144237
237 2178 2289 4.125296231787488 2.1640452456312316
237 2179 2289 3.7587323661042595 2.4991317803784425
237 2180 2289 3.6384157266589807 2.65523661643913
237 2181 2289 3.7878845019349616 2.550762770438954
237 2182 2289 4.178285413898713 2.24192891407612
237 2183 2289 4.7505861743576885 1.8582124893487424
237 2184 2289 5.4477581627673315 1.494191045763836
237 2185 2289 6.228006824016634 1.1873532991247648
237 2186 2289 7.063856524590334 0.9419327316623634
237 2187 2289 7.93776221614109 0.7497707526602609
237 2188 2289 8.838442679567299 0.6002347726669721
237 2170 2290 10.973334452207428 0.3442853329433409
237 2171 2290 10.075915293411422 0.4188509221915978
237 2172 2290 9.199677657396581 0.5117364737049839
237 2173 2290 8.35129145701439 0.6273266271541653
237 2174 2290 7.5401637250129525 0.7702980725866394
237 2175 2290 6.779680597196366 0.944500573065038
237 2176 2290 6.088847920584037 1.150317780304717
237 2177 2290 5.494003003275501 1.3795436941496695
237 2178 2290 5.029320928316257 1.6079718454919758
237 2179 2290 4.733293673542724 1.7909297795244237
237 2180 2290 4.638326098928281 1.8745656142756837
237 2181 2290 4.756476532055942 1.8281957181895956
237 2182 2290 5.072875811608105 1.6693252686520779
237 2183 2290 5.553743692321267 1.4488599484729556
237 2184 2290 6.160687380479383 1.2164359014185395
237 2185 2290 6.860325721129982 1.0022672168087348
237 2186 2290 7.627192733896088 0.8184851768435126
237 2187 2290 8.44298934027498 0.6665842631206765
237 2171 2291 10.573555173166783 0.3738672950848852
237 2172 2291 9.742179889531998 0.45017982672033474
237 2173 2291 8.945393730853962 0.5423286791532468
237 2174 2291 8.19329414826546 0.6521900882055222
237 2175 2291 7.49933790410865 0.7802071290131521
237 2176 2291 6.881138641242479 0.9236439268926094
237 2177 2291 6.360822981344478 1.0740776911329961
237 2178 2291 5.964064805147554 1.215048759907672
237 2179 2291 5.716648406190415 1.3225520531883275
237 2180 2291 5.638268262507477 1.371818850808463
237 2181 2291 5.7358581746761095 1.349443788430293
237 2182 2291 6.000839024669669 1.2616814669004661
237 2183 2291 6.412493196877334 1.1304373688182487
237 2184 2291 6.944787181764303 0.9812118765650949
237 2185 2291 7.5723225631240405 0.8336966133457135
237 2186 2291 8.273455686712603 0.6991937461245634
237 2187 2291 9.031061344050144 0.5822963040470422
237 2172 2292 10.353070510722969 0.3919416021699492
237 2173 2292 9.607084313151478 0.4644088685059651
237 2174 2292 8.911008304339127 0.5479544249211877
237 2175 2292 8.277443385490507 0.6416069105236576
237 2176 2292 7.7217918257358 0.7420885055991487
237 2177 2292 7.261960410247353 0.8427635566971966
237 2178 2292 6.91708529656817 0.933140789078357
237 2179 2292 6.70492870953892 1.0000159057232458
237 2180 2292 6.638227850864937 1.0310404477210944
237 2181 2292 6.721314529167534 1.0196847885862912
237 2182 2292 6.948817813124637 0.9683996953125046
237 2183 2292 7.307261388509237 0.8873890888665611
237 2184 2292 7.778564713364388 0.7900383607560278
237 2185 2292 8.343624452238805 0.6884020760424036
237 2186 2292 8.984768722677115 0.5909419903597054
237 2174 2293 9.678949788071055 0.45863307586808827
237 2175 2293 9.099014726881169 0.5272869238714338
237 2176 2293 8.596631258812959 0.5984143279968881
237 2177 2293 8.186089970187217 0.6672397843025047
237 2178 2293 7.881755451674418 0.7271681665065869
237 2179 2293 7.696237327421699 0.7706877052279438
237 2180 2293 7.6381980204756905 0.7912177326018225
237 2181 2293 7.710516779049147 0.7853056770262252
237 2182 2293 7.909618764516916 0.753969256285646
237 2183 2293 8.226303483339146 0.7022880246183868
237 2184 2293 8.647662632179719 0.6375274625336907
237 2176 2294 9.496213403246575 0.48504739553406206
237 2177 2294 9.126229725357542 0.5330862507367471
237 2178 2294 8.85426840568995 0.5740025256483916
237 2179 2294 8.689537904860012 0.6033717438506123
237 2180 2294 8.638175096627679 0.6174881036651457
237 2181 2294 8.702187598529365 0.6144054271456946
237 2182 2294 8.87908041409683 0.5945580487776506
237 2179 2295 9.68421752130748 0.47868284358992935
237 2180 2295 9.638156929620852 0.488690506240805
83 2225 1074 11.172233662074802 0.15015203720168407
83 2226 1074 10.830641947733188 0.16676269888737497
83 2227 1074 10.57292792938636 0.1816224908624579
83 2228 1074 10.405325799800721 0.19337554734975465
83 2229 1074 10.332221687517109 0.20076415087653363
83 2230 1074 10.35561707480531 0.20291094274477806
83 2223 1075 11.233557094704985 0.14172560825691527
83 2224 1075 10.70872564780689 0.16438864209823414
83 2225 1075 10.254794244644671 0.18814311919388776
83 2226 1075 9.88153859477348 0.21164174661376464
83 2227 1075 9.598375122904825 0.23301901505840397
83 2228 1075 9.41343746991494 0.2500828400221537
83 2229 1075 9.332566903055074 0.2607246725574094
83 2230 1075 9.358461679143605 0.26346132600827604
83 2231 1075 9.490247889280855 0.2578899810873549
83 2232 1075 9.723620981918213 0.24482141821339998
83 2233 1075 10.051507598365555 0.22601596858577117
83 2222 1076 11.047660612093242 0.14525362625029292
83 2223 1076 10.418003887501522 0.17282951893286486
83 2224 1076 9.849812434762256 0.2037516534968395
83 2225 1076 9.354293399289846 0.2370480421261002
83 2226 1076 8.943534256657037 0.27084916416195354
83 2227 1076 8.629646864153731 0.30228499942031617
83 2228 1076 8.423467516409065 0.32772250675305004
83 2229 1076 8.332994959796812 0.34348995471836963
83 2230 1076 8.361985709148243 0.34696493612180673
83 2231 1076 8.50921882431048 0.33753275361137114
83 2232 1076 8.76874021738586 0.3168308121492073
83 2233 1076 9.130980505947901 0.288113885712281
83 2234 1076 9.58429992226876 0.2551564166428879
83 2235 1076 10.116462079205425 0.2212941901986937
83 2221 1077 11.041232041760383 0.14297219909597486
83 2222 1077 10.314688798019867 0.1738867338874815
83 2223 1077 9.637261281090023 0.21055132484627498
83 2224 1077 9.020022450082777 0.2529509465920769
83 2225 1077 8.476131487889843 0.30012221745164464
83 2226 1077 8.020523985376395 0.34959982691860425
83 2227 1077 7.668950710494783 0.39698614679736055
83 2228 1077 7.436182152152999 0.43611151688836963
83 2229 1077 7.3335397319438576 0.46029497203827174
83 2230 1077 7.36646489165594 0.4646395490681344
83 2231 1077 7.5331802713063984 0.448201029272335
83 2232 1077 7.8251392958847905 0.41444796199219675
83 2233 1077 8.229022116873955 0.3696368668850289
83 2234 1077 8.729307246282552 0.320371546091223
83 2235 1077 9.310467496318402 0.27185057064882945
83 2236 1077 9.958353528570967 0.2273015961548934
83 2221 1078 10.404364709101477 0.16735022390717677
83 2222 1078 9.629891224722979 0.20706094719491291
83 2223 1078 8.900494649175236 0.25565913853550215
83 2224 1078 8.228171425049274 0.3139028450558999
83 2225 1078 7.62802759564999 0.3813138151346701
83 2226 1078 7.118342854906481 0.45501862313596886
83 2227 1078 6.719732509557097 0.5284556214286088
83 2228 1078 6.452813727359477 0.5909338758208224
83 2229 1078 6.33425646781051 0.6296642908927246
83 2230 1078 6.3723468989062155 0.634860399918519
83 2231 1078 6.5643586891637815 0.6050959102049573
83 2232 1078 6.897449166177335 0.5481757380914849
83 2233 1078 7.352469313094805 0.4766450150296531
83 2234 1078 7.908400912953337 0.4021553593671928
83 2235 1078 8.545572245321056 0.3324922803060309
83 2236 1078 9.247205253480747 0.2714724006883874
83 2221 1079 9.828163867172563 0.19405299739050813
83 2222 1079 9.004265933433814 0.24449418948991658
83 2223 1079 8.21953800404847 0.3083804741059322
83 2224 1079 7.486307834974293 0.38812996969051194
83 2225 1079 6.821202606578833 0.4849094749840179
83 2226 1079 6.24602313476329 0.5964606244300805
83 2227 1079 5.787642438851818 0.7137644768848227
83 2228 1079 5.475473038925404 0.8181730536312981
83 2229 1079 5.3352417939583 0.8837539929356966
83 2230 1079 5.380409371042297 0.8891853477469434
83 2231 1079 5.606496677962107 0.8325168019091262
83 2232 1079 5.993063073253986 0.7327025323638823
83 2233 1079 6.51159005159269 0.6159806704762542
83 2234 1079 7.1333586058743235 0.5026083431303318
83 2235 1079 7.83382441723081 0.40307457908844446
83 2236 1079 8.59376547271346 0.320510241065191
83 2237 1079 9.39876614242542 0.25413339767887894
83 2220 1080 10.220117660770645 0.17418201210816547
83 2221 1080 9.323883579281567 0.22215926736246158
83 2222 1080 8.450964737827086 0.28512496532266873
83 2223 1080 7.609389265900201 0.3678186569793932
83 2224 1080 6.810785931153437 0.4758027712163848
83 2225 1080 6.072133480087371 0.6143283050924797
83 2226 1080 5.418007475077747 0.7849732624207385
83 2227 1080 4.882499871991675 0.9782260821963428
83 2228 1080 4.508082186473434 1.162627180209907
83 2229 1080 4.336681334845745 1.2822632264378013
83 2230 1080 4.392129893343303 1.2851232776878578
83 2231 1080 4.666348143891563 1.1698013721043563
83 2232 1080 5.124334590949406 0.9869611557793224
83 2233 1080 5.722132906530658 0.7932322494469485
83 2234 1080 6.420810307118671 0.621257070566315
83 2235 1080 7.191022528125033 0.4812873101137897
83 2236 1080 8.012166061684075 0.372044921317552
83 2237 1080 8.870107383792064 0.2883476080328156
83 2220 1081 9.838333446270063 0.19333378430616027
83 2221 1081 8.903752298890426 0.25012378840542254
83 2222 1081 7.985036318013646 0.3267803165565204
83 2223 1081 7.088357002860205 0.4311652699783342
83 2224 1081 6.2232471427702185 0.5740715102719439
83 2225 1081 5.404887140357148 0.7691613298295055
83 2226 1081 4.657982932557658 1.029823312175492
83 2227 1081 4.022537134694821 1.3565104834322002
83 2228 1081 3.558764532811801 1.7044357785807456
83 2229 1081 3.338982629484552 1.9467390527357822
83 2230 1081 3.4106898129264045 1.935647913759097
83 2231 1081 3.7572336898309016 1.6790779685361217
83 2232 1081 4.312865057012648 1.329383914502108
83 2233 1081 5.008473320284445 1.0070806905422882
83 2234 1081 5.793859249239791 0.7518254787245515
83 2235 1081 6.637228713853534 0.5613077625912446
83 2236 1081 7.519096022794377 0.4218481294440735
83 2237 1081 8.427384232370244 0.3199596045605595
83 2220 1082 9.546455101240264 0.21055929144914323
83 2221 1082 8.58014015037031 0.2757660770264024
83 2222 1082 7.622519596563659 0.36598788627753115
83 2223 1082 6.677335172057592 0.49296611831289905
83 2224 1082 5.750722128567662 0.6748499786109508
83 2225 1082 4.853329269686754 0.939522449345192
83 2226 1082 4.0048476874905665 1.3273118336902618
83 2227 1082 3.243887328499391 1.8824083324915837
83 2228 1082 2.64703702278591 2.5872136954159624
83 2229 1082 2.3432466792891598 3.16072036758241
83 2230 1082 2.444341424596828 3.0838261408770253
83 2231 1082 2.9084024824636 2.4420307404174864
83 2232 1082 3.5976110128807437 1.7570078819958717
83 2233 1082 4.407584939624101 1.2377617844615336
83 2234 1082 5.28306776409328 0.8783091560712497
83 2235 1082 6.196354169993993 0.6329815436882634
83 2236 1082 7.132938034218601 0.46392323792279283
83 2237 1082 8.084726649677322 0.34548692254805347
83 2220 1083 9.352903559857568 0.22431578503415286
83 2221 1083 8.36425758809452 0.29647608738162456
83 2222 1083 7.378672306045114 0.39820235114427416
83 2223 1083 6.397562426424419 0.5450917566245563
83 2224 1083 5.423357354996799 0.7633604235628183
83 2225 1083 4.460583482011995 1.0990183133429265
83 2226 1083 3.5186368099021865 1.636295005856884
83 2227 1083 2.6200772889361517 2.531052894630025
83 2228 1083 1.8299740435315999 4.0141354108479925
83 2229 1083 1.3538112867012786 5.751719493441804
83 2230 1083 1.522105449697934 5.282898841644676
83 2231 1083 2.1910739375932815 3.4622872902285193
83 2232 1083 3.047097799546465 2.1905464184715533
83 2233 1083 3.970995467134316 1.433816975698954
83 2234 1083 4.924713697262173 0.9741342470314356
83 2235 1083 5.893793769720997 0.6830814607167535
83 2236 1083 6.871739590525999 0.4915894747726886
83 2237 1083 7.85524060739089 0.3614520545092411
83 2219 1084 10.263274574910099 0.17816081273008558
83 2220 1084 9.263843964575205 0.23315212378339448
83 2221 1084 8.264551106986806 0.3096909584749364
83 2222 1084 7.2654528420462015 0.41868160378224095
83 2223 1084 6.266642242860015 0.5782772021811102
83 2224 1084 5.268282927102338 0.8203284076516622
83 2225 1084 4.270691396015212 1.2046919194592243
83 2226 1084 3.2745694373457304 1.8549829434373752
83 2227 1084 2.281842457313632 3.064545214828956
83 2228 1084 1.300309578523319 5.706297744835618
83 2229 1084 0.4180968787253381 13.250816221086172
83 2230 1084 0.8116680355910589 8.841844137635482
83 2231 1084 1.772795814525922 4.244328489139959
83 2232 1084 2.761667069000354 2.4258738719187085
83 2233 1084 3.756435145187706 1.520920700715533
83 2234 1084 4.753399309967738 1.0107900123472715
83 2235 1084 5.751417651327553 0.6997989818507372
83 2236 1084 6.75002259255497 0.49958816505409404
83 2237 1084 7.748987353196732 0.36536170353420777
83 2219 1085 10.27992242188608 0.1803265740717715
83 2220 1085 9.282284470969232 0.23602967896130875
83 2221 1085 8.28521605029084 0.3135527043932028
83 2222 1085 7.288950884729387 0.42390907009757156
83 2223 1085 6.2938704308237625 0.5853815947937127
83 2224 1085 5.300641942255492 0.8298881083106364
83 2225 1085 4.310545789108202 1.216854699445008
83 2226 1085 3.3263801646833504 1.8666932079009664
83 2227 1085 2.3555901595989086 3.052394837263096
83 2228 1085 1.4257647070956658 5.472347581322588
83 2229 1085 0.7188915078090492 9.896516985916296
83 2230 1085 1.0004024190296357 7.2541247754074965
83 2231 1085 1.8667632415495878 3.881930065341844
83 2232 1085 2.822907189406181 2.2894657820025217
83 2233 1085 3.8016844950628768 1.45583758930667
83 2234 1085 4.789238457208188 0.9752894391773327
83 2235 1085 5.781072997290575 0.6786956681674642
83 2236 1085 6.77530848006219 0.4862654246989975
83 2237 1085 7.771023420374114 0.3565667964024938
83 2219 1086 10.393209562016743 0.178348127944736
83 2220 1086 9.407592943999898 0.2325918298613239
83 2221 1086 8.425366757595603 0.3074846933573743
83 2222 1086 7.4478725150204745 0.412922386813028
83 2223 1086 6.477252889921606 0.5647448819886571
83 2224 1086 5.517137391800042 0.7890959909136479
83 2225 1086 4.574145275349107 1.1303210211651549
83 2226 1086 3.6615304177350394 1.6640384233233554
83 2227 1086 2.809057671177171 2.5069527038641386
83 2228 1086 2.0916034518999265 3.724969464500227
83 2229 1086 1.6908001064584974 4.704514925923051
83 2230 1086 1.8283339410513728 4.125124845980149
83 2231 1086 2.4138775859601544 2.8514114781317836
83 2232 1086 3.211044222679159 1.887550938896094
83 2233 1086 4.098146532275485 1.2714912391322573
83 2234 1086 5.027803198217086 0.8802283362346338
83 2235 1086 5.9802010835758965 0.6253323338687805
83 2236 1086 6.945992009785407 0.45434240114548413
83 2237 1086 7.920278088552389 0.3365060089049633
83 2220 1087 9.635600915355344 0.22326357699690597
83 2221 1087 8.679216842549629 0.2923861033720046
83 2222 1087 7.733873867603318 0.3877134315786494
83 2223 1087 6.804175556230004 0.5210598689322903
83 2224 1087 5.897525328474501 0.7099442409689113
83 2225 1087 5.026410747242872 0.9791911527603073
83 2226 1087 4.212933063792852 1.3584631956539108
83 2227 1087 3.4975427088170643 1.8604779992901825
83 2228 1087 2.952423580721402 2.4024430504732988
83 2229 1087 2.683431571700714 2.698802951484129
83 2230 1087 2.772148084067758 2.4893808244841718
83 2231 1087 3.188856378076774 1.9659108589399428
83 2232 1087 3.8278982483866133 1.4448150513759404
83 2233 1087 4.597478113053033 1.0418812710971046
83 2234 1087 5.442499885163256 0.7540117811627449
83 2235 1087 6.332835462887255 0.5520070927851525
83 2236 1087 7.251813911015836 0.40966853100996803
83 2237 1087 8.189798837578563 0.308176686970477
83 2220 1088 9.959257251421757 0.20913323228229602
83 2221 1088 9.037190105336792 0.2703318263578087
83 2222 1088 8.133560413496516 0.3524172240822431
83 2223 1088 7.255260505315987 0.46299392584689886
83 2224 1088 6.4127065268885 0.6116309678182844
83 2225 1088 5.621992974026092 0.8082906931702958
83 2226 1088 4.908238482388476 1.057124359918597
83 2227 1088 4.309849765363 1.340232286655559
83 2228 1088 3.8805676131205193 1.592113477401284
83 2229 1088 3.680055026762543 1.7024740729562755
83 2230 1088 3.7452376426604284 1.6053539584740113
83 2231 1088 4.063348988211697 1.3593892953891216
83 2232 1088 4.5820088389265905 1.0756611792883533
83 2233 1088 5.242022987359153 0.8235465615843474
83 2234 1088 5.996899615634912 0.6233493279793635
83 2235 1088 6.815189285706049 0.47175447300059253
83 2236 1088 7.676640215615351 0.3589178444714181
83 2221 1089 9.487507839258807 0.24394932101231756
83 2222 1089 8.6311531674509 0.31184866612298173
83 2223 1089 7.8090207452662135 0.39956395778301124
83 2224 1089 7.0331219952449615 0.5111479924132332
83 2225 1089 6.320506704371007 0.6484367681530753
83 2226 1089 5.6949806847784155 0.8065405389459307
83 2227 1089 5.188140803794709 0.966787719012365
83 2228 1089 4.837437854897981 1.0922467840535712
83 2229 1089 4.678119814626424 1.1390407098179363
83 2230 1089 4.729567104926279 1.0871022485125041
83 2231 1089 4.985258769612779 0.9585785108679465
83 2232 1089 5.416346093078017 0.7976572667722044
83 2233 1089 5.985048454273522 0.6403616256318775
83 2234 1089 6.656185469170931 0.5044306845526201
83 2235 1089 7.401946027903921 0.39422350613992163
83 2236 1089 8.202000060960923 0.3076946572788692
83 2221 1090 10.017724542030363 0.21578404725159459
83 2222 1090 9.210798282450757 0.2702308417650689
83 2223 1090 8.445283002954856 0.337650170285414
83 2224 1090 7.733485953953662 0.4190021535614922
83 2225 1090 7.091601018105782 0.5127986893009179
83 2226 1090 6.540245025990947 0.6127907370523239
83 2227 1090 6.103999098951417 0.705778833031654
83 2228 1090 5.808855739300132 0.7723609542538471
83 2229 1090 5.676865772589701 0.793897477568344
83 2230 1090 5.719336062866112 0.7634511171922931
83 2231 1090 5.932520964986236 0.6906967679921454
83 2232 1090 6.299111445275563 0.5951909121509236
83 2233 1090 6.794321526098244 0.4955481321019983
83 2234 1090 7.39234773262205 0.40366200032043553
83 2235 1090 8.070365852921585 0.3247549272011457
83 2221 1091 10.615875140561778 0.18788229673518447
83 2222 1091 9.858032511611935 0.2305660198104135
83 2223 1091 9.14684672441811 0.28132805095691454
83 2224 1091 8.49404526712677 0.339713531905998
83 2225 1091 7.914089018958471 0.403391545148982
83 2226 1091 7.42406930193943 0.46720682685567055
83 2227 1091 7.042783895591274 0.5228264310109925
83 2228 1091 6.788579011840414 0.5600775008350298
83 2229 1091 6.675987192917655 0.5704961498117587
83 2230 1091 6.712138630868774 0.5514661165279506
83 2231 1091 6.894693974354578 0.5076828623128438
83 2232 1091 7.212544973863365 0.44858557444714736
83 2233 1091 7.648843376615975 0.3840766798087121
83 2234 1091 8.184668899839654 0.32158248032304126
83 2223 1092 9.899838635048472 0.23235354555604487
83 2224 1092 9.300043279469122 0.27399251653800166
83 2225 1092 8.773528651574528 0.31733867705209196
83 2226 1092 8.334194922126523 0.3586848786267394
83 2227 1092 7.996424513493509 0.3929597294414017
83 2228 1092 7.773468016271777 0.41471815814627544
83 2229 1092 7.675337451864944 0.4198816455949495
83 2230 1092 7.706802514662033 0.40740879955923276
83 2231 1092 7.866308219234829 0.37976657870795005
83 2226 1093 9.262872394673243 0.2776536573066689
83 2227 1093 8.960178848661448 0.29936011574404386
83 2228 1093 8.761780926272944 0.31252427553790635
83 2229 1093 8.674837462454311 0.31507797732871534
83 2230 1093 8.70268952680728 0.30659748609791093
282 1411 2102 6.844741777452072 0.16308015031326636
282 1412 2102 6.679557620082173 0.17631342469915662
282 1413 2102 6.662018462898305 0.18418060779105924
282 1414 2102 6.793267991180532 0.1854192527276407
282 1408 2103 7.297293333832609 0.15347270044701292
282 1409 2103 6.709432911952986 0.18349968407523787
282 1410 2103 6.227558911804688 0.2147281312478734
282 1411 2103 5.877796355778079 0.24408754584835046
282 1412 2103 5.684583537955806 0.26745838835003916
282 1413 2103 5.663964159490967 0.28064313113412337
282 1414 2103 5.817773629147004 0.2808964413600846
282 1415 2103 6.132902249343158 0.2681628425599604
282 1416 2103 6.586234888006838 0.24510345969784772
282 1417 2103 7.151537596908691 0.21589036987195048
282 1407 2104 7.2926325836420745 0.17215778732378856
282 1408 2104 6.553509746692848 0.2156522662263432
282 1409 2104 5.891900372545197 0.2665449640473353
282 1410 2104 5.336711534268862 0.3222677210308491
282 1411 2104 4.924072501496946 0.3769419178285157
282 1412 2104 4.691747009377047 0.42123133563268456
282 1413 2104 4.666742975566422 0.44470154007377766
282 1414 2104 4.852266480728219 0.4407091906567298
282 1415 2104 5.225943933874405 0.4104404868385644
282 1416 2104 5.7512163930771 0.3621437267983838
282 1417 2104 6.3908129373342515 0.30636213847403576
282 1418 2104 7.113964436233775 0.25156463639057547
282 1406 2105 7.557412917129666 0.17836131397315105
282 1407 2105 6.699290260915585 0.2326614571008336
282 1408 2105 5.886126909946682 0.30294651971010067
282 1409 2105 5.13930831921948 0.3911110544768895
282 1410 2105 4.492047417380924 0.49517269278604875
282 1411 2105 3.9930552212558625 0.6047227379802644
282 1412 2105 3.7027678836241926 0.6971742841016565
282 1413 2105 3.6710339143079107 0.7426618466659263
282 1414 2105 3.9041631625738873 0.7225159920807491
282 1415 2105 4.359872704563633 0.6453401092647723
282 1416 2105 4.977397914573346 0.5392371416242532
282 1417 2105 5.704427228039566 0.43109329790726714
282 1418 2105 6.504343933095731 0.3359884891846397
282 1419 2105 7.353399893926572 0.2586570975812396
282 1405 2106 8.065140420352183 0.16987131597966904
282 1406 2106 7.128288013260873 0.2277424415482467
282 1407 2106 6.211158507074081 0.30817152811299353
282 1408 2106 5.323954357430086 0.41999340232380145
282 1409 2106 4.484472098251797 0.5734711454140776
282 1410 2106 3.7251161055729463 0.7755441804326395
282 1411 2106 3.105235900861483 1.0152650420076557
282 1412 2106 2.721854147451532 1.237211855293486
282 1413 2106 2.6785238471962836 1.3377278928151692
282 1414 2106 2.9900652166799397 1.2512178730107102
282 1415 2106 3.564616388897876 1.0348561899096265
282 1416 2106 4.2979634712267405 0.7937377684832563
282 1417 2106 5.122351998837984 0.5878447727811308
282 1418 2106 6.0003741550006335 0.4306206769902308
282 1419 2106 6.91161992589289 0.3158421200729475
282 1405 2107 7.793875159379889 0.20295978673800422
282 1406 2107 6.81985996923683 0.27962069583783217
282 1407 2107 5.8546127113583735 0.3921657475820598
282 1408 2107 4.903314185323955 0.5608425283746046
282 1409 2107 3.975989185095854 0.8180906799089016
282 1410 2107 3.0942672799871818 1.2113690107312847
282 1411 2107 2.310950021095079 1.7830288435017838
282 1412 2107 1.7625237587049498 2.442285684889482
282 1413 2107 1.6948421755430505 2.7230164154046514
282 1414 2107 2.153715394382363 2.294722862023233
282 1415 2107 2.8990498443454977 1.6304120810802178
282 1416 2107 3.7643711294185285 1.102105444266887
282 1417 2107 4.683640677934187 0.7462323705019768
282 1418 2107 5.630496425715932 0.5139306298367637
282 1419 2107 6.59306377945792 0.3610821954605238
282 1405 2108 7.644768799643271 0.23046178550752655
282 1406 2108 6.648946533098254 0.3238065751534165
282 1407 2108 5.654599013192656 0.4665451339735888
282 1408 2108 4.66266983604881 0.6936330274860714
282 1409 2108 3.6751176851904366 1.0737731283161636
282 1410 2108 2.696755457953055 1.754027658375872
282 1411 2108 1.743126501433464 3.0770211323251
282 1412 2108 0.8969336653285707 5.705180796843591
282 1413 2108 0.7553078842431217 7.03310920738046
282 1414 2108 1.5285581441344969 4.040765119258315
282 1415 2108 2.470321841380182 2.2265052239007974
282 1416 2108 3.4450674884536077 1.323610374352034
282 1417 2108 4.431082260576995 0.8365982679136666
282 1418 2108 5.4222218693078394 0.5534853606172092
282 1419 2108 6.416111750897134 0.3792016837097759
282 1405 2109 7.624991147535814 0.24556587474656033
282 1406 2109 6.626197250308778 0.3471702489682447
282 1407 2109 5.627831731670705 0.5043269419173858
282 1408 2109 4.630171703079677 0.7584628199056627
282 1409 2109 3.633798288292821 1.1947286054666502
282 1410 2109 2.6401685552251983 2.0104808897205224
282 1411 2109 1.6542339616873993 3.7525182279983342
282 1412 2109 0.7088652904466861 8.271333401803577
282 1413 2109 0.5181602068859987 9.172609236739223
282 1414 2109 1.4263554956602569 4.092527321650122
282 1415 2109 2.408420644322809 2.156008103763503
282 1416 2109 3.4009542778462003 1.2682627866208063
282 1417 2109 4.396872752309355 0.7996834000609082
282 1418 2109 5.3943016230092775 0.5291162611487144
282 1419 2109 6.392533926386359 0.36285886968005926
282 1405 2110 7.735534241408272 0.24373124163782284
282 1406 2110 6.7531096540778845 0.3410060068752967
282 1407 2110 5.776719657383419 0.4875501878428308
282 1408 2110 4.810040540369704 0.7145700553102367
282 1409 2110 3.86037433418058 1.0758278325646713
282 1410 2110 2.9442299502586806 1.6570853723044305
282 1411 2110 2.1058228795414653 2.5331957599455226
282 1412 2110 1.4834048671891247 3.4131588848628653
282 1413 2110 1.402315941576812 3.285748773702688
282 1414 2110 1.9319653205998646 2.340269375208333
282 1415 2110 2.738337086627688 1.5205855676070794
282 1416 2110 3.642044755353878 0.99060877559984
282 1417 2110 4.5859012200439695 0.6614570944001462
282 1418 2110 5.549458532145352 0.4536210566998532
282 1405 2111 7.970977982656844 0.22554042361055904
282 1406 2111 7.021573185547541 0.3077323197159782
282 1407 2111 6.088389770702951 0.4245537785843171
282 1408 2111 5.180201733523551 0.5903979217101137
282 1409 2111 4.3128285382102165 0.8206096857053627
282 1410 2111 3.51660205311897 1.1176076907050887
282 1411 2111 2.8517520930124043 1.4322062880045097
282 1412 2111 2.4286807118270417 1.6229458730616242
282 1413 2111 2.3800189074880858 1.551377170285386
282 1414 2111 2.7258925143887933 1.2743117425315853
282 1415 2111 3.3461156584913403 0.9572702419843431
282 1416 2111 4.118554358024307 0.6930942005453943
282 1417 2111 4.972774879280289 0.49774251025164556
282 1406 2112 7.416231522815383 0.2589087030768108
282 1407 2112 6.5396093155478825 0.3415240640555855
282 1408 2112 5.703725975185057 0.447487434163799
282 1409 2112 4.929349855711278 0.575507310006068
282 1410 2112 4.2502341111991555 0.7127927552384782
282 1411 2112 3.7189366759869613 0.8283082712489973
282 1412 2112 3.4053619484573185 0.8795124719004869
282 1413 2112 3.3708292748226065 0.8422699076280553
282 1414 2112 3.6233258202928944 0.7344668693245715
282 1415 2112 4.110290743974355 0.5981206665940605
282 1416 2112 4.760303561749117 0.46725878787683633
282 1408 2113 6.342750980450126 0.32447446369630206
282 1409 2113 5.656543997884319 0.3925387414974948
282 1410 2113 5.075676309616403 0.45634387047764785
282 1411 2113 4.639880386389424 0.5023754409850714
282 1412 2113 4.392549373655503 0.5175860365907938
282 1413 2113 4.365832108544879 0.49702104749877557
282 1414 2113 4.563604934698171 0.4473018824724477
285 2029 2083 19.328985203574398 0.22206770028344036
285 2030 2083 18.690470004791162 0.23190325369589324
285 2029 2084 18.583855062930244 0.2439016817482381
285 2030 2084 17.918807689129267 0.2684477776845667
285 2031 2084 17.28605417670552 0.27769132525037193
285 2032 2084 16.68926807861862 0.2689422783347276
285 2029 2085 17.863640978255187 0.25571341110298607
285 2030 2085 17.170721271979176 0.29768301297000976
285 2031 2085 16.509320670457594 0.326497662757401
285 2032 2085 15.883377128306135 0.33367539191394774
285 2033 2085 15.297243836717731 0.31684108474657874
285 2029 2086 17.17147835802142 0.254890277865709
285 2030 2086 16.44942761922123 0.31338025016579435
285 2031 2086 15.757781220717538 0.36627030893879237
285 2032 2086 15.100717499509699 0.3996778991032699
285 2033 2086 14.482944072252666 0.40215059695988575
285 2034 2086 13.90969694134271 0.37275488461993644
285 2030 2087 15.758606188365713 0.31159769131445403
285 2031 2087 15.035214298439458 0.3875015052681266
285 2032 2087 14.345092157250104 0.45477005920198044
285 2033 2087 13.693270938676362 0.49259026149703294
285 2034 2087 13.085475497665294 0.4857201964702767
285 2035 2087 12.528115141552577 0.4371245718114457
285 2031 2088 14.345998361912576 0.38407823291775156
285 2032 2088 13.621001027824587 0.48408452836416743
285 2033 2088 12.932736330722847 0.570486637677038
285 2034 2088 12.287378442938866 0.6113259757769589
285 2035 2088 11.692034425197308 0.5870663751979918
285 2036 2088 11.154715101695745 0.5096652723397427
285 2031 2089 13.695169549881385 0.35703641110142015
285 2032 2089 12.933741492700342 0.47783282330469834
285 2033 2089 12.206787824812825 0.6119668231963675
285 2034 2089 11.520836297769307 0.72408627515561
285 2035 2089 10.883642267182386 0.7638099082577577
285 2036 2089 10.304254897856472 0.7083736794182389
285 2037 2089 9.792939752699352 0.5888232047457717
285 2038 2089 9.360858347395254 0.4552083865708982
285 2039 2089 9.019405135595118 0.3384873939481618
285 2032 2090 12.289494253222891 0.4382154800817268
285 2033 2090 11.521964632821897 0.6007552672152512
285 2034 2090 10.792574715979445 0.7845486933486369
285 2035 2090 10.10958302799868 0.9314942505877114
285 2036 2090 9.48302003583242 0.9599025830511855
285 2037 2090 8.92477837259835 0.8501229571426823
285 2038 2090 8.448412217689157 0.671120683053325
285 2039 2090 8.068436589575429 0.49651833530942907
285 2040 2090 7.798953070765315 0.3572334407248021
285 2032 2091 11.695369553801985 0.37776234368772804
285 2033 2091 10.88603091121822 0.5415041616918728
285 2034 2091 10.11086885485114 0.764408310124918
285 2035 2091 9.378361743929423 1.0229149180097767
285 2036 2091 8.699291292973188 1.217025670813853
285 2037 2091 8.08712983696931 1.2105556492082281
285 2038 2091 7.558152485892265 1.008928000800306
285 2039 2091 7.130895385573931 0.7506207676757306
285 2040 2091 6.8244903839041156 0.5308806001192762
285 2041 2091 6.655649404828946 0.37027930689110783
285 2033 2092 10.308039047267847 0.4557136297070331
285 2034 2092 9.485761382197992 0.6736700626399277
285 2035 2092 8.70078553924868 0.9860992248238529
285 2036 2092 7.9641489815296085 1.361819849258027
285 2037 2092 7.2905191173193735 1.6184798225128716
285 2038 2092 6.698930437017496 1.5241927045727772
285 2039 2092 6.2128631885789645 1.1744064507806573
285 2040 2092 5.858640541968737 0.8189934027933633
285 2041 2092 5.661066065680553 0.5547207566758593
285 2042 2092 5.636636319650227 0.3764563009009788
285 2033 2093 9.79824826180673 0.36581724011340677
285 2034 2093 8.929147159723529 0.5503525454190222
285 2035 2093 8.090344183036896 0.8433310842353641
285 2036 2093 7.292302037079861 1.2922726900975505
285 2037 2093 6.54993656457826 1.8621203290751425
285 2038 2093 5.8843579938681 2.194568600036319
285 2039 2093 5.324440721803519 1.896392788429935
285 2040 2093 4.906492535406503 1.3263699816993297
285 2041 2093 4.668797382624342 0.8667751546647349
285 2042 2093 4.639145287658068 0.5651989805723883
285 2043 2093 4.82137625580085 0.37517735549425274
285 2034 2094 8.454564979938281 0.4288151881030531
285 2035 2094 7.563310716875179 0.6639995391466339
285 2036 2094 6.702810529919453 1.0607010605150529
285 2037 2094 5.886566826257837 1.7238675777492831
285 2038 2094 5.135724778451374 2.6395498733409197
285 2039 2094 4.48326543938674 3.0299617023678844
285 2040 2094 3.9778975602697133 2.2880728296192245
285 2041 2094 3.6807158271184015 1.4360334664716312
285 2042 2094 3.6430301947691923 0.8859704729277094
285 2043 2094 3.8724241761460245 0.560970106452118
285 2044 2094 4.3266232791867125 0.36656582431430557
285 2034 2095 8.076488655350095 0.32590110399293337
285 2035 2095 7.138183872666698 0.49984476877244866
285 2036 2095 6.2191373195965935 0.7977102093974006
285 2037 2095 5.329321626623717 1.3357335083488566
285 2038 2095 4.486164174436711 2.343298667483578
285 2039 2095 3.7215143423073864 3.942517462755466
285 2040 2095 3.0941346124562417 4.199446806711916
285 2041 2095 2.7014198118766912 2.600693013821623
285 2042 2095 2.6498432029084396 1.4755714635789285
285 2043 2095 2.9573077283232156 0.8730281852528421
285 2044 2095 3.5312418495481697 0.5425842739933437
285 2045 2095 4.265403732356474 0.35142785611359456
285 2035 2096 6.83400826748102 0.3691856822538039
285 2036 2096 5.867509608002282 0.5774548262915499
285 2037 2096 4.914434758952372 0.9494708441352622
285 2038 2096 3.9844283153294926 1.6720583183862072
285 2039 2096 3.0983332616101156 3.234260502168491
285 2040 2096 2.307307738469175 6.422175830676788
285 2041 2096 1.745757428739714 5.503184368856347
285 2042 2096 1.6648330246604486 2.700661208450686
285 2043 2096 2.120299271329455 1.433366880241832
285 2044 2096 2.8669965120314287 0.8303644604692861
285 2045 2096 3.734122252953234 0.5123200339434216
285 2046 2096 4.654854347882509 0.3310792793119586
285 2035 2097 6.667358472438612 0.27150887446749616
285 2036 2097 5.672536381549183 0.4138148693844613
285 2037 2097 4.679921901057672 0.6583573313796982
285 2038 2097 3.6912963847406535 1.111411504175392
285 2039 2097 2.711027296063169 2.0521487364769877
285 2040 2097 1.7531882386098014 4.436481298897689
285 2041 2097 0.8931231717965321 12.698640761525905
285 2042 2097 0.7222665712879546 5.904662673850417
285 2043 2097 1.4985556379394853 2.5334125826494653
285 2044 2097 2.443290608994431 1.321789181424516
285 2045 2097 3.419600707685115 0.765313795193812
285 2046 2097 4.406548422518547 0.4735385813143769
285 2036 2098 5.6504574151124345 0.29751076530337534
285 2037 2098 4.653135394548418 0.45753714966940773
285 2038 2098 3.6572761722352083 0.7368984113431755
285 2039 2098 2.6645204071276276 1.2667979255709707
285 2040 2098 1.6803776361281824 2.412503711321622
285 2041 2098 0.7400466201530129 5.597050452341537
285 2042 2098 0.5212187640521568 16.7280446832622
285 2043 2098 1.4126814927648121 4.881673143736212
285 2044 2098 2.391582948592914 2.186890250548217
285 2045 2098 3.3828492428721293 1.1689391647792031
285 2046 2098 4.378089651891645 0.6872896373740782
285 2047 2098 5.37509711540181 0.42987430845195557
285 2037 2099 4.837527157546432 0.3218566429992591
285 2038 2099 3.889173305472439 0.4973384503881843
285 2039 2099 2.9748393233920347 0.8050790351976196
285 2040 2099 2.1386138033781923 1.389631181462041
285 2041 2099 1.5158063860532776 2.634103217720627
285 2042 2099 1.4218540712745658 5.629079387619126
285 2043 2099 1.9353730906469218 7.5215553043354815
285 2044 2099 2.7330695197891286 3.5774953290768576
285 2045 2099 3.63230904522186 1.793479353653512
285 2046 2099 4.573583824529807 1.0034161349330502
285 2047 2099 5.535491757739402 0.6049917633553098
285 2048 2099 6.508891533894309 0.38457700143778084
285 2038 2100 4.344613791811583 0.34303338901117675
285 2039 2100 3.54960124521045 0.5297124458195646
285 2040 2100 2.885076948713801 0.8536937035022891
285 2041 2100 2.4592008864669634 1.4512723212223664
285 2042 2100 2.4024298116698555 2.6089477789971114
285 2043 2100 2.7378219445391654 4.491211202968304
285 2044 2100 3.349577436035832 4.455552987026146
285 2045 2100 4.1162688201817605 2.577262354696369
285 2046 2100 4.966655715871667 1.4349083271489242
285 2047 2100 5.864441064585853 0.8450629467529468
285 2048 2100 6.790851861143859 0.5248652772272735
285 2039 2101 4.283651363031261 0.35947702000289966
285 2040 2101 3.7514889044217816 0.5512291259135567
285 2041 2101 3.4347735005382667 0.8747713229855361
285 2042 2101 3.394358407711251 1.4343595638333415
285 2043 2101 3.6394599874157456 2.350753185816828
285 2044 2101 4.119425809503113 3.278597330488388
285 2045 2101 4.763787253855964 2.9270117024256734
285 2046 2101 5.515221573064921 1.8823708580828595
285 2047 2101 6.335745338947965 1.1383209022311396
285 2048 2101 7.20178234883567 0.7039731054157427
285 2049 2101 8.098744902761242 0.4508420975633832
285 2040 2102 4.671580995765752 0.36980600487027915
285 2041 2102 4.42127458997967 0.5593053096682989
285 2042 2102 4.38995091088728 0.8644695243864411
285 2043 2102 4.582103119747549 1.343864976429534
285 2044 2102 4.971887870819331 1.9789301723482327
285 2045 2102 5.517578182500048 2.3745092016269647
285 2046 2102 6.177998786014829 2.039851694609457
285 2047 2102 6.920380697620677 1.4018435343397317
285 2048 2102 7.721118377540978 0.9031420593696852
285 2049 2102 8.563858301023037 0.5833566412073671
285 2041 2103 5.412732119733979 0.37307508230653796
285 2042 2103 5.38717634758693 0.5529066066536288
285 2043 2103 5.544877726334479 0.8246962044238569
285 2044 2103 5.871087548316783 1.203747454222432
285 2045 2103 6.339847711104782 1.6040217768736613
285 2046 2103 6.922258952105208 1.7454890849266713
285 2047 2103 7.592211074515833 1.4788693596350635
285 2048 2103 8.328605465502674 1.0637072012364999
285 2049 2103 9.115353476415557 0.7196443913746852
285 2050 2103 9.94050647603035 0.48264667254053156
285 2043 2104 6.51887022420298 0.5328555052067521
285 2044 2104 6.798504909169396 0.7622869141307843
285 2045 2104 7.20719564046936 1.0429185747168153
285 2046 2104 7.72448503137916 1.2788972424171634
285 2047 2104 8.330166204824538 1.3074611411618078
285 2048 2104 9.006423763070503 1.1035181144835582
285 2049 2104 9.7385660648784 0.8206486860647852
285 2050 2104 10.514926010200991 0.5769761778685893
285 2044 2105 7.7440085872886515 0.5015851767724523
285 2045 2105 8.105163107550677 0.6863475693648701
285 2046 2105 8.568411112919401 0.8837888212078602
285 2047 2105 9.118205360705629 1.0153897990329315
285 2048 2105 9.73990087218556 0.9969866616498568
285 2049 2105 10.420636688801753 0.8419474486909252
285 2050 2105 11.149603983998775 0.6423448805245953
285 2051 2105 11.917955739135865 0.46576595899141676
285 2046 2106 9.442863389883426 0.6054971546852479
285 2047 2106 9.94442904343939 0.7390707522455329
285 2048 2106 10.517398395040525 0.8078722082194313
285 2049 2106 11.150769883734538 0.7723713470516533
285 2050 2106 11.834849766684888 0.6539318483108634
285 2051 2106 12.561356176782883 0.5091360274105025
285 2047 2107 10.800077268242152 0.5262545448564884
285 2048 2107 11.329857413048101 0.613781672369232
285 2049 2107 11.920137121694582 0.6460568032616879
285 2050 2107 12.562391054254016 0.6066872178361565
285 2051 2107 13.24906294799755 0.5154273889524561
285 2052 2107 13.973606155892675 0.40800426032710263
285 2047 2108 11.678684386522347 0.3743811024449969
285 2048 2108 12.170278098712496 0.45268803113138034
285 2049 2108 12.721622105690814 0.5083595957538197
285 2050 2108 13.32530183523065 0.5199621602632177
285 2051 2108 13.974536450272742 0.4823242673811906
285 2052 2108 14.66327620281367 0.41132933661033333
285 2048 2109 13.033252433679055 0.3308487446304162
285 2049 2109 13.549526523093018 0.3868156212296507
285 2050 2109 14.117849305046478 0.42105257943627
285 2051 2109 14.732198376345654 0.42132561442273525
285 2052 2109 15.387061740306422 0.38752815092320547
285 2049 2110 14.39929404519545 0.28999367661221936
285 2050 2110 14.935316166723801 0.32923507193713575
285 2051 2110 15.517334468264886 0.34933465015014564
285 2052 2110 16.140373880427976 0.3437083176896422
30 2096 703 7.358632821387414 0.3012886650125111
30 2097 703 7.3680035966332165 0.3198926296579287
30 2098 703 7.511689357261782 0.3218845849295007
30 2099 703 7.782253979407241 0.3067637691265845
30 2093 704 7.21411650862393 0.25782005683148834
30 2094 704 6.795695475814101 0.31549546994339234
30 2095 704 6.505342189308735 0.3736684212303194
30 2096 704 6.3606192308611025 0.4225472887883041
30 2097 704 6.3714579964086715 0.45037215108667533
30 2098 704 6.537084747806159 0.44889867645032894
30 2099 704 6.846274680437518 0.41859264180962424
30 2100 704 7.28076074321906 0.3683110962505894
30 2092 705 6.943592513965692 0.26573821175540285
30 2093 705 6.352281243773792 0.342310664038768
30 2094 705 5.872774216671388 0.4324220036646853
30 2095 705 5.534209699677105 0.5274337521694065
30 2096 705 5.363345690891095 0.6088522341610044
30 2097 705 5.3761954019548055 0.651971642635616
30 2098 705 5.571487862321869 0.6400882676998938
30 2099 705 5.931228962028007 0.5780651260204126
30 2100 705 6.427867220159402 0.4881084482430772
30 2101 705 7.032458816089838 0.39348705423220437
30 2091 706 6.955823243872753 0.2545899576917532
30 2092 706 6.206567247682118 0.3413827433183143
30 2093 706 5.537100053277014 0.4562644533966044
30 2094 706 4.979706517456649 0.600705092286866
30 2095 706 4.575530242496508 0.7633616312649251
30 2096 706 4.367319200608088 0.9082434184373417
30 2097 706 4.383089891845704 0.9781347708982158
30 2098 706 4.620549426204627 0.9360074434398357
30 2099 706 5.048512355139861 0.8049410811451074
30 2100 706 5.62365334991407 0.642269284052005
30 2101 706 6.305828811504454 0.49118532271432275
30 2102 706 7.0640977484742935 0.3684284052756982
30 2090 707 7.249377697430348 0.22791495608074736
30 2091 707 6.378987145307667 0.31306754592718844
30 2092 707 5.552429828462524 0.4345412978544273
30 2093 707 4.79243956665082 0.606820298868854
30 2094 707 4.135876811511705 0.8431807850462111
30 2095 707 3.6391588313785013 1.1371441903806572
30 2096 707 3.373644468523626 1.4194678787534012
30 2097 707 3.394035503644589 1.5395080200688913
30 2098 707 3.6956023866211445 1.405107551172605
30 2099 707 4.2184685609827435 1.1182994873824823
30 2100 707 4.892185299025349 0.8267780095365018
30 2101 707 5.663168459440321 0.5945195435217767
30 2102 707 6.496882098360689 0.42579609657034906
30 2090 708 6.845544317291397 0.26729174911160164
30 2091 708 5.916035581367006 0.37700802781817905
30 2092 708 5.013728851862691 0.5423490968864214
30 2093 708 4.156377870213474 0.7957281536076795
30 2094 708 3.378383785184894 1.1839952261611209
30 2095 708 2.7479950873318773 1.7451482107194247
30 2096 708 2.3852624593532785 2.3721124160810927
30 2097 708 2.414016777075083 2.593636004266661
30 2098 708 2.8223176646153587 2.145939535733096
30 2099 708 3.4790051738966716 1.5103580281391427
30 2100 708 4.271004214467569 1.0159944661804716
30 2101 708 5.136095501448513 0.6855598556404849
30 2102 708 6.04296922050738 0.4706991551458016
30 2090 709 6.570348316489813 0.3048230104530864
30 2091 709 5.595308481218926 0.4398489131236722
30 2092 709 4.630926149270831 0.653614177538179
30 2093 709 3.6855768883582236 1.0069499440309482
30 2094 709 2.7787545771442654 1.6198979556706923
30 2095 709 1.9645551659345493 2.7168065218045068
30 2096 709 1.4133212656717666 4.40550960679196
30 2097 709 1.4613271365440266 4.827778376296064
30 2098 709 2.0672389798956203 3.1711056520972107
30 2099 709 2.9002546439924553 1.8802939422443057
30 2100 709 3.814377668768488 1.1531215043079404
30 2101 709 4.76313730643991 0.7395016718404469
30 2090 710 6.440301002282465 0.33530382559785493
30 2091 710 5.442010382202558 0.49111545110302207
30 2092 710 4.444488384505056 0.7459231332699819
30 2093 710 3.4484020937240305 1.1898683630400446
30 2094 710 2.4554993382202728 2.03844394726872
30 2095 710 1.4722353752033392 3.9267490716907014
30 2096 710 0.5526997376515 9.50072216941952
30 2097 710 0.6659406880495867 9.24216526339057
30 2098 710 1.6066975446548355 3.8500783322362855
30 2099 710 2.5921954015852657 2.0069265290485996
30 2100 710 3.585732421695701 1.1742142996575486
30 2101 710 4.582082168621558 0.7372417324823998
30 2090 711 6.464168701387713 0.35322343095316033
30 2091 711 5.470235552515123 0.5189610994584853
30 2092 711 4.4790040187524225 0.7909505325966549
30 2093 711 3.492774971280038 1.2661696804891536
30 2094 711 2.517434606896511 2.173253490425985
30 2095 711 1.573364865503266 4.139697295645967
30 2096 711 0.7832477258186135 8.499227659091904
30 2097 711 0.8668777307094409 6.713799653386926
30 2098 711 1.699846169510603 3.2595353130871345
30 2099 711 2.6509388902801567 1.782922837746324
30 2100 711 3.6284262428771665 1.0676014548863757
30 2090 712 6.640291936353439 0.354773055602729
30 2091 712 5.677277252345567 0.5156143658753892
30 2092 712 4.729638146835374 0.7713705631863584
30 2093 712 3.8088682045983506 1.192613679257114
30 2094 712 2.940319200359067 1.9015002763991384
30 2095 712 2.187116137748543 3.0146200799233362
30 2096 712 1.7092328688625265 4.001740789594618
30 2097 712 1.7491360724654736 3.4269144562440665
30 2098 712 2.279797578733661 2.2240830301605157
30 2099 712 3.055401282974101 1.3869970955990938
30 2100 712 3.9336340704239 0.8872141839672204
30 2090 713 6.957117003472092 0.3396029264033098
30 2091 713 6.044789243637897 0.48206078530403607
30 2092 713 5.16502439490854 0.6950103659539131
30 2093 713 4.337681062503358 1.0109962279886822
30 2094 713 3.599093913751095 1.452086917705484
30 2095 713 3.0152076213753665 1.94575637537655
30 2096 713 2.6887686772945 2.1946562785481274
30 2097 713 2.71430967282658 1.9492425709012593
30 2098 713 3.083095360185905 1.4560279273123529
30 2099 713 3.693707757795651 1.0140080820749717
30 2091 714 6.545798423416383 0.4274066168273823
30 2092 714 5.743298442532856 0.5881500291813092
30 2093 714 5.01233249096668 0.799710401410505
30 2094 714 4.388789924341352 1.046291309900609
30 2095 714 3.9242167371336776 1.259978448448643
30 2096 714 3.679331053330212 1.3280997567969426
30 2097 714 3.6980369116600134 1.203167425285027
30 2098 714 3.9766162751766543 0.9679181665726023
30 2099 714 4.466707624190302 0.7280522560057159
30 2092 715 6.426000077808926 0.4769697826036074
30 2093 715 5.781995935660993 0.6101312567340328
30 2094 715 5.250664434145469 0.7438012042197566
30 2095 715 4.869032450086986 0.839518156286268
30 2096 715 4.6739145263900586 0.8562250586730058
30 2097 715 4.688654071266073 0.7855195003504969
30 2098 715 4.911362031045955 0.6604249729579876
30 2093 716 6.613582765793457 0.4588163621970384
30 2094 716 6.154468051749083 0.5315782435617741
30 2095 716 5.832278885650108 0.5761452397131134
30 2096 716 5.670403601155741 0.5771413080226051
30 2097 716 5.682559018611238 0.5341904563929946
159 1621 1664 5.959710143958268 0.32721981620115165
159 1622 1664 5.405566112813652 0.416050068228796
159 1623 1664 4.992208429142309 0.4933337066351272
159 1624 1664 4.756484521156329 0.5298979900293196
159 1625 1664 4.725055026134614 0.5078501989364017
159 1626 1664 4.901851180931567 0.4383017095444438
159 1620 1665 5.949129768293752 0.31163282500500616
159 1621 1665 5.205203646352282 0.43861032730239213
159 1622 1665 4.560279048479305 0.5987776421891837
159 1623 1665 4.061790861184208 0.7618322167627959
159 1624 1665 3.7683079757365605 0.8566524877024233
159 1625 1665 3.7285580322693113 0.82102095114394
159 1626 1665 3.950208222359959 0.680170183719798
159 1627 1665 4.393875851682709 0.5121979319833329
159 1620 1666 5.3822063319793765 0.377539069737212
159 1621 1666 4.546443115227454 0.5675865317151085
159 1622 1666 3.791061197079169 0.8483107647178503
159 1623 1666 3.173979363511926 1.2035259890841121
159 1624 1666 2.788574008341861 1.4754550145901375
159 1625 1666 2.7346197176207188 1.4193962757240608
159 1626 1666 3.0298754099797978 1.0946753529958129
159 1627 1666 3.5891705169858494 0.7539089617458964
159 1620 1667 4.954204779780395 0.43046081434277816
159 1621 1667 4.030650691885758 0.6875249104277672
159 1622 1667 3.1540680081443018 1.1349653412636331
159 1623 1667 2.3770033655844056 1.8872254061800195
159 1624 1667 1.8308863973496052 2.7783298722294996
159 1625 1667 1.7476112267893114 2.7243037594406663
159 1626 1667 2.1808587758037583 1.8153391367997866
159 1627 1667 2.9082890158992956 1.0896364039605
159 1620 1668 4.703205821564578 0.45369207230488695
159 1621 1668 3.7178145462084524 0.7524089394876976
159 1622 1668 2.7430174990326597 1.3368042244958924
159 1623 1668 1.7961472656771806 2.6234375180158374
159 1624 1668 0.9634028233298042 5.702792635744348
159 1625 1668 0.7938167294785765 6.292164924660638
159 1626 1668 1.527136208725433 2.9141864576474195
159 1627 1668 2.4564496738179913 1.4600569777230157
159 1620 1669 4.657912085902756 0.4383019866280951
159 1621 1669 3.6603476610834638 0.7279024181017472
159 1622 1669 2.664609727520976 1.3013771804755156
159 1623 1669 1.673960871705081 2.6200522989519657
159 1624 1669 0.7100316894335491 6.672074421748487
159 1625 1669 0.45403193720275387 10.345831085189957
159 1626 1669 1.3813562176355203 3.5369121791533957
159 1627 1669 2.368574465791721 1.6471351608884115
159 1621 1670 3.869644040477006 0.6277807067866575
159 1622 1670 2.945529663744609 1.0595725682195947
159 1623 1670 2.092401730069935 1.8820553469926218
159 1624 1670 1.4422707790147735 3.320843168200953
159 1625 1670 1.3349700371169786 4.067794747957017
159 1626 1670 1.8665864566101225 2.6520192308608683
159 1627 1670 2.6806986029765745 1.4722935272610727
159 1622 1671 3.5003064151584575 0.7754001050059214
159 1623 1671 2.8203093801921235 1.1998954523806542
159 1624 1671 2.378265123992677 1.7167073080679358
159 1625 1671 2.314766726907947 1.9537200416193723
159 1626 1671 2.6570933367121965 1.6196542738928832
159 1627 1671 3.2805708344738695 1.1038401164597331
159 1623 1672 3.6783345416097895 0.759608659156233
159 1624 1672 3.3514392430715385 0.9770708159232101
159 1625 1672 3.30668187160485 1.0778248264193948
159 1626 1672 3.5547355738508 0.9812179564016821
