# %ECSV 0.9
# ---
# datatype:
# - name: sexcat_id
#   datatype: int32
# - name: x
#   datatype: int32
# - name: y
#   datatype: int32
# - name: sep
#   datatype: float64
# - name: weight
#   datatype: float64
# schema: astropy-2.0
sexcat_id x y sep weight
225 1410 2102 7.094168379732878 0.20662410814712262
225 1411 2102 6.7944996136582425 0.223924535992651
225 1412 2102 6.633492669778282 0.23465341630157285
225 1413 2102 6.621270648448256 0.23709288783275362
225 1414 2102 6.758640765716327 0.23082879855785565
225 1407 2103 7.911840809824278 0.18624852351263876
225 1408 2103 7.241217093831746 0.22288053192457424
225 1409 2103 6.653812816724052 0.2616545001211635
225 1410 2103 6.1734289499435775 0.29914853441373185
225 1411 2103 5.826596347783297 0.3304706367799147
225 1412 2103 5.638016051768729 0.35023327848593544
225 1413 2103 5.623630944505697 0.3543894986657659
225 1414 2103 5.784740702918518 0.34202218696400233
225 1415 2103 6.107472881642818 0.3157924228254946
225 1416 2103 6.568045751972394 0.28068114976320374
225 1406 2104 8.033879822352358 0.19866826006564292
225 1407 2104 7.237487478400259 0.24843953471889463
225 1408 2104 6.4976322610625425 0.30757825036950126
225 1409 2104 5.835856835118637 0.37413737606554576
225 1410 2104 5.281593036196665 0.44259631193486365
225 1411 2104 4.871675789705356 0.5029592738900994
225 1412 2104 4.644483286653263 0.5422891324797474
225 1413 2104 4.627010373880924 0.5498851133587781
225 1414 2104 4.821537617814662 0.5234638135911082
225 1415 2104 5.204346740946655 0.4706626598102043
225 1416 2104 5.73787634931272 0.4042573514461971
225 1417 2104 6.384451816718681 0.33593093179071504
225 1405 2105 8.395786145442235 0.1949825571957364
225 1406 2105 7.505146567522848 0.25242276176561795
225 1407 2105 6.645692213757735 0.3271141049942315
225 1408 2105 5.831228429756493 0.42225582883298907
225 1409 2105 5.083426501878489 0.5384120726629831
225 1410 2105 4.436127252458022 0.669065322355525
225 1411 2105 3.939190906772729 0.79469238453298
225 1412 2105 3.6544801271865124 0.8816883538219962
225 1413 2105 3.6322479265602645 0.8970500995279354
225 1414 2105 3.877012380687162 0.8340647718407368
225 1415 2105 4.3438721205857025 0.7185500911371505
225 1416 2105 4.970636277178397 0.5866458678127975
225 1417 2105 5.7048422414648865 0.4636873581194334
225 1418 2105 6.510240010936794 0.36043625068321467
225 1405 2106 8.017058375738538 0.23317494474271358
225 1406 2106 7.078928238087998 0.31107954658746745
225 1407 2106 6.160294229986084 0.4187965792447266
225 1408 2106 5.271358932950784 0.5674243725556394
225 1409 2106 4.430036681563734 0.7686381072773031
225 1410 2106 3.6692267577788664 1.0260770794646417
225 1411 2106 3.049790976444223 1.3121513369170221
225 1412 2106 2.6719328210119353 1.5362081968047345
225 1413 2106 2.641443734021414 1.5726763469900893
225 1414 2106 2.969044459081269 1.3961654618666706
225 1415 2106 3.557137191619319 1.1165617133668815
225 1416 2106 4.30014243950146 0.84459292679731
225 1417 2106 5.131201126442206 0.6250904736348926
225 1418 2106 6.013919271157699 0.4609340414391327
225 1419 2106 6.9285803019090535 0.34154170644500925
225 1405 2107 7.7496596699467455 0.2670929893927611
225 1406 2107 6.774601464292885 0.3657404431441364
225 1407 2107 5.808031077740501 0.510015253940448
225 1408 2107 4.855020597278624 0.7255416211970757
225 1409 2107 3.92545857193779 1.0530862691837708
225 1410 2107 3.0409250237386756 1.5501309837490025
225 1411 2107 2.255044345462026 2.2535702767312125
225 1412 2107 1.7097441329042338 2.9792142474282994
225 1413 2107 1.6616934133589873 3.095407015700445
225 1414 2107 2.1445803785358186 2.4567235765202047
225 1415 2107 2.9046901728069083 1.7124133104502361
225 1416 2107 3.7782568732156396 1.162457166399318
225 1417 2107 4.702470095598845 0.7971849944212872
225 1418 2107 5.652541463802066 0.5574194227958977
225 1419 2107 6.61734274463714 0.3977394870983571
225 1404 2108 8.60251271431775 0.21226183943433766
225 1405 2108 7.605341872657583 0.2895035090278375
225 1406 2108 6.609026025065943 0.40304109655326215
225 1407 2108 5.6140203954028465 0.5753582070077456
225 1408 2108 4.621171388295323 0.8476554623516644
225 1409 2108 3.632247926560014 1.3011240096642795
225 1410 2108 2.651645715400101 2.11117259850498
225 1411 2108 1.6938786851483514 3.694904103005821
225 1412 2108 0.8409667056430358 6.8424508739723935
225 1413 2108 0.738393526515701 7.568182025159466
225 1414 2108 1.5437697367160965 4.170569541205186
225 1415 2108 2.4942383607026573 2.343120937251153
225 1416 2108 3.472639486039527 1.4250017221147662
225 1417 2108 4.460630560806517 0.9194423127482512
225 1418 2108 5.453001467082258 0.6195756538022913
225 1419 2108 6.447730220783237 0.4315659297625436
225 1405 2109 7.59112804529066 0.2943811777111745
225 1406 2109 6.592664484106452 0.4107989418623561
225 1407 2109 5.594749770990548 0.5883670785198194
225 1408 2109 4.597741293287279 0.8710833875067988
225 1409 2109 3.602391566723303 1.3478391862680397
225 1410 2109 2.610598590361867 2.220154294655056
225 1411 2109 1.62887230929854 4.027255460893017
225 1412 2109 0.7008744538073499 8.426361475022334
225 1413 2109 0.5737813172280394 9.35737686906963
225 1414 2109 1.4721497885745651 4.420825930875964
225 1415 2109 2.4505560593465985 2.3948986390070908
225 1416 2109 3.4413986982040488 1.4382387336585676
225 1417 2109 4.436352668578177 0.9227116367227878
225 1418 2109 5.433159762053837 0.6199165855311222
225 1405 2110 7.707737995027987 0.280278343572194
225 1406 2110 6.726605756248707 0.3861536756768259
225 1407 2110 5.751975747514799 0.5429047391891393
225 1408 2110 4.787820485356424 0.7811529282687277
225 1409 2110 3.842033966533719 1.1526045626258747
225 1410 2110 2.9324435203425514 1.738794457411246
225 1411 2110 2.1064721692913984 2.617655268624672
225 1412 2110 1.5083848978292649 3.5685463026435276
225 1413 2110 1.4536935715616255 3.6203503216978867
225 1414 2110 1.987768849740781 2.6981021633010616
225 1415 2110 2.790918307654307 1.7972387420073883
225 1416 2110 3.691507144785199 1.1899004399568913
225 1417 2110 4.633057845527117 0.8048289894252182
225 1418 2110 5.59492850713935 0.5582734459082044
225 1406 2111 7.002230001934947 0.3377999386594295
225 1407 2111 6.072003376151737 0.4591485060513712
225 1408 2111 5.167903346619235 0.6295037141774096
225 1409 2111 4.306416723913104 0.8649787472815369
225 1410 2111 3.518980676275257 1.1729167972234966
225 1411 2111 2.8672678633149817 1.5189697448427093
225 1412 2111 2.4615493088701377 1.7776397072140528
225 1413 2111 2.428420268404801 1.780573870792791
225 1414 2111 2.7812272470978416 1.5254688372442444
225 1415 2111 3.401944297015992 1.1795742311724964
225 1416 2111 4.172675999883028 0.870336203188971
225 1417 2111 5.02486069458647 0.6334469745952126
225 1407 2112 6.53094365310234 0.3652689408398729
225 1408 2112 5.700107455127309 0.4756464455696985
225 1409 2112 4.932466421578369 0.6115872578478011
225 1410 2112 4.262302781361071 0.76459793353997
225 1411 2112 3.7423555416339735 0.90850605476861
225 1412 2112 3.4413986982037845 0.998971466567628
225 1413 2112 3.417780712684606 0.9969684138897152
225 1414 2112 3.67684987455282 0.9034598452005769
225 1415 2112 4.166200307234313 0.7584222402173465
225 1416 2112 4.816142128301394 0.6057321678001973
225 1408 2113 6.346276467346627 0.34849819802720405
225 1409 2113 5.666853183204747 0.4251875816172397
225 1410 2113 5.094234486161583 0.5028282487086712
225 1411 2113 4.66789299363194 0.5683569405134965
225 1412 2113 4.430262407577948 0.605771050734442
225 1413 2113 4.411941182744682 0.6037099334483019
225 1414 2113 4.615541680019664 0.5628432525501711
67 2231 1072 12.360648041263927 0.20218994762906128
67 2232 1072 12.5458208181052 0.1963829162971805
67 2233 1072 12.806624067255271 0.18739241540409418
67 2225 1073 11.985725676820788 0.20023583144458432
67 2226 1073 11.673457928137713 0.21786295960141858
67 2227 1073 11.440350519105667 0.2332050268383832
67 2228 1073 11.29130727595354 0.24506785057199137
67 2229 1073 11.22967586353237 0.2524001512835358
67 2230 1073 11.256892111058075 0.25449456997640196
67 2231 1073 11.372318145391537 0.25114082596540327
67 2232 1073 11.573314996145301 0.24267386734184024
67 2233 1073 11.85553119855883 0.22989773203669817
67 2223 1074 11.957324951677146 0.19500505974846163
67 2224 1074 11.471251893320142 0.2201122553351819
67 2225 1074 11.054484158023884 0.24545347332482123
67 2226 1074 10.715111758633276 0.26963493075184664
67 2227 1074 10.460670150616602 0.29092949538496304
67 2228 1074 10.297456967620755 0.3074730959957418
67 2229 1074 10.229839685938451 0.31758365198118366
67 2230 1074 10.25970857285924 0.3201285395132768
67 2231 1074 10.38622260497056 0.31480988468685744
67 2232 1074 10.605923816433982 0.30224433638080195
67 2233 1074 10.913185602746875 0.2838000768269486
67 2234 1074 11.300868108247336 0.2612659431927919
67 2222 1075 11.700838431497148 0.20304544944764602
67 2223 1075 11.114028072665675 0.2343207084287132
67 2224 1075 10.589316314096997 0.2679133149390759
67 2225 1075 10.13635141458705 0.3025432463670333
67 2226 1075 9.765122631078473 0.3362361332549587
67 2227 1075 9.485231678773115 0.3663689797986336
67 2228 1075 9.30492450264918 0.38995941359797565
67 2229 1075 9.230039003167928 0.4042247474344138
67 2230 1075 9.263132299605855 0.40728225683750857
67 2231 1075 9.40306439412181 0.39870826565356304
67 2232 1075 9.64518636419232 0.3796727693345839
67 2233 1075 9.982064916639318 0.35257542256266955
67 2234 1075 10.404499987986044 0.32037837607250014
67 2235 1075 10.902551077614893 0.28594603285329695
67 2221 1076 11.612132448435146 0.20440482466178844
67 2222 1076 10.929483976839919 0.24067436367565959
67 2223 1076 10.298816436853343 0.2817647774263068
67 2224 1076 9.730242545795077 0.3270291109785506
67 2225 1076 9.235237950372516 0.3749083028472095
67 2226 1076 8.82618943825708 0.42264952073318596
67 2227 1076 8.515492939343025 0.4662346726205265
67 2228 1076 8.314181859930716 0.5007655801967021
67 2229 1076 8.230286750776127 0.5214569848935029
67 2230 1076 8.267382899080044 0.5250352660004719
67 2231 1076 8.423872031316787 0.5109024025654025
67 2232 1076 8.693308921233692 0.4813652681665334
67 2233 1076 9.065628494484065 0.4407790919694597
67 2234 1076 9.528778515633652 0.394148449865129
67 2235 1076 10.070234356756627 0.34592149482468987
67 2221 1077 10.926372682642684 0.23810059775996328
67 2222 1077 10.197922337417577 0.28452043668780386
67 2223 1077 9.518908550879164 0.3385564382671662
67 2224 1077 8.900652785049001 0.39987751930307136
67 2225 1077 8.35665124317155 0.46681259540569364
67 2226 1077 7.902254108797103 0.5356749079791413
67 2227 1077 7.553649449107416 0.6003094622392109
67 2228 1077 7.325955227818476 0.6524557727824233
67 2229 1077 7.230603017729637 0.6835041573218981
67 2230 1077 7.272800010999959 0.6874402373504611
67 2231 1077 7.450209393030581 0.6634522835323335
67 2232 1077 7.753555313532056 0.6163143298271632
67 2233 1077 8.168819988223591 0.554238178368832
67 2234 1077 8.679955069008212 0.48582087698434245
67 2235 1077 9.271117516243736 0.41788569015706223
67 2236 1077 9.928021958074101 0.3547765720329877
67 2220 1078 11.104846689621612 0.2270410678970349
67 2221 1078 10.29221161850067 0.2756533701474549
67 2222 1078 9.515336042410707 0.3347145574258506
67 2223 1078 8.783713337763269 0.40559408070991076
67 2224 1078 8.109600483377736 0.48886835311182186
67 2225 1078 7.508503179728999 0.5833164280816245
67 2226 1078 6.999258532159001 0.6844573225427057
67 2227 1078 6.603152277511147 0.7830445220440201
67 2228 1078 6.341420976405897 0.8648159538136085
67 2229 1078 6.231020783146274 0.9134404208633486
67 2230 1078 6.279937897782181 0.9170800296164607
67 2231 1078 6.484567834482184 0.8747816582967235
67 2232 1078 6.8309311224752545 0.7970438620183166
67 2233 1078 7.298877995966306 0.6999983089348396
67 2234 1078 7.866741383826038 0.5985159144803938
67 2235 1078 8.51455342340403 0.5026510428370455
67 2236 1078 9.225487520993205 0.4175269038518815
67 2237 1078 9.986071299565282 0.3447589004554366
67 2219 1079 11.456422652817931 0.20928332797066446
67 2220 1079 10.576465383104129 0.25682091746095337
67 2221 1079 9.719754112116213 0.3163268765625777
67 2222 1079 8.893009614298194 0.39067422837468996
67 2223 1079 8.105406837414158 0.48293773311411237
67 2224 1079 7.369506089284428 0.5957340749904597
67 2225 1079 6.702359286102197 0.7297220168321907
67 2226 1079 6.12646880347892 0.8807776326805435
67 2227 1079 5.669710750999605 1.0359064663719904
67 2228 1079 5.362613168969079 1.1701854226528894
67 2229 1079 5.231598226163843 1.2506870529820093
67 2230 1079 5.289765590269643 1.2519572205861786
67 2231 1079 5.5311499708470055 1.1735578056801965
67 2232 1079 5.933432396176846 1.0404042256042534
67 2233 1079 6.466654467342521 0.885478335469414
67 2234 1079 7.101381555725693 0.7340551902081301
67 2235 1079 7.81291366904826 0.5994602343984372
67 2236 1079 8.582168723580377 0.4860206610385375
67 2237 1079 9.39497844595725 0.3931727380407429
67 2219 1080 11.03601467922183 0.23118195048018483
67 2220 1080 10.119566196235875 0.2870596896518073
67 2221 1080 9.220499986443246 0.358640133371743
67 2222 1080 8.344436469888183 0.45066152766431183
67 2223 1080 7.499441312524557 0.5689821900980123
67 2224 1080 6.6972845243426935 0.7201717595110959
67 2225 1080 5.955301839537625 0.909842728026646
67 2226 1080 5.298831946759615 1.1381293393132612
67 2227 1080 4.763362257901489 1.3902550167079681
67 2228 1080 4.393360900267637 1.6236642606709972
67 2229 1080 4.2324484639509246 1.7673513404322299
67 2230 1080 4.3041398676159 1.7597920849349278
67 2231 1080 4.59756674774828 1.604587957103526
67 2232 1080 5.074408339895478 1.3667608264608753
67 2233 1080 5.688727449966368 1.1155646719133563
67 2234 1080 6.401063974059386 0.8905591458448334
67 2235 1080 7.182312997913765 0.7045977651701857
67 2236 1080 8.012341730106192 0.556728318028602
67 2237 1080 8.877478245538041 0.4411186619159879
67 2238 1080 9.76839904999797 0.35122299843074267
67 2218 1081 11.65013390480983 0.2022787114163353
67 2219 1081 10.692877068403975 0.2518418678018995
67 2220 1081 9.744209562606896 0.3160971497610469
67 2221 1081 8.806907516262434 0.4002019756212095
67 2222 1081 7.885025047518862 0.5113285335828021
67 2223 1081 6.984670357289592 0.6593678892067498
67 2224 1081 6.115359351665281 0.8575298837648684
67 2225 1081 5.292411548623187 1.1218865782986889
67 2226 1081 4.541103390146515 1.46678469095227
67 2227 1081 3.9030270303957986 1.8881259227869083
67 2228 1081 3.4417466495952787 2.322936515282061
67 2229 1081 3.2338243613406723 2.608453156973175
67 2230 1081 3.327103845689294 2.5701198106468643
67 2231 1081 3.6988673942168524 2.2347643356288356
67 2232 1081 4.277104160527383 1.7926260188634364
67 2233 1081 4.990553075561939 1.3853003902704137
67 2234 1081 5.789440387464129 1.058476093930682
67 2235 1081 6.643012870678551 0.809796314501973
67 2236 1081 7.532703365990258 0.623725624404608
67 2237 1081 8.447107197141579 0.48464074456830053
67 2238 1081 9.378998880477656 0.3800706167521709
67 2218 1082 11.413571745952245 0.21521239723014
67 2219 1082 10.434635594978843 0.26990338323527213
67 2220 1082 9.460106764725204 0.34183214375254883
67 2221 1082 8.491502811634678 0.4377237284510499
67 2222 1082 7.531110143929626 0.5674969715190338
67 2223 1082 6.5825238320874915 0.7460222132101314
67 2224 1082 5.651691782112669 0.9958281014898093
67 2225 1082 4.749065171167896 1.3507752677931761
67 2226 1082 3.8943060999361667 1.858460218907108
67 2227 1082 3.1269186110290934 2.567538896429369
67 2228 1082 2.5277697679971163 3.4420078227981286
67 2229 1082 2.236430191175275 4.110417292914535
67 2230 1082 2.3693079158269734 3.9509284777564666
67 2231 1082 2.868034169949939 3.14006187679925
67 2232 1082 3.582962461427766 2.303566766428837
67 2233 1082 4.4101723322338096 1.666187692522164
67 2234 1082 5.297321964917809 1.2162251917794291
67 2235 1082 6.218811783612748 0.9015023050783932
67 2236 1082 7.161397908229987 0.6789573833575591
67 2237 1082 8.117734905748087 0.5189991532221504
67 2238 1082 9.083480610426875 0.40206200180840695
67 2218 1083 11.261155358132632 0.22522910871170274
67 2219 1083 10.267697891932706 0.2839402917689233
67 2220 1083 9.275646608188532 0.36195586145374176
67 2221 1083 8.285506623013436 0.46735905957647933
67 2222 1083 7.298055905513439 0.6125642752246548
67 2223 1083 6.314556199765718 0.8172830858655361
67 2224 1083 5.337192145688569 1.1140559819772384
67 2225 1083 4.370082379086214 1.5590394013302618
67 2226 1083 3.4219322027182106 2.2535837226340423
67 2227 1083 2.514283198050686 3.3834476261825244
67 2228 1083 1.7127813637473013 5.219824080751897
67 2229 1083 1.2432296650257928 7.270935948193344
67 2230 1083 1.4688839300639875 6.45304570480628
67 2231 1083 2.183945970027717 4.271674249403168
67 2232 1083 3.0629430291796784 2.791683594262605
67 2233 1083 3.9992024204834227 1.8929787951457684
67 2234 1083 4.9604052253823525 1.3303667000628805
67 2235 1083 5.934443529093577 0.9629065970361437
67 2236 1083 6.915896181985435 0.7137931285943981
67 2237 1083 7.902001012401908 0.5396149470011569
67 2238 1083 8.891210266324876 0.41468233829142265
67 2218 1084 11.196321717421268 0.23154116906354055
67 2219 1084 10.19654941634665 0.29268372841038937
67 2220 1084 9.196826626614165 0.3743527724661383
67 2221 1084 8.197171463376826 0.48543641316724767
67 2222 1084 7.197612104024463 0.6398507091575413
67 2223 1084 6.198194898516788 0.8603030565480262
67 2224 1084 5.199001827274118 1.1858405082201622
67 2225 1084 4.2001928527151815 1.6884132136778052
67 2226 1084 3.202127417827057 2.513979868718811
67 2227 1084 2.2058150421102525 4.0047697690505775
67 2228 1084 1.2155739385162607 7.18981063019101
67 2229 1084 0.29936599673311987 16.925980657884622
67 2230 1084 0.837627602219563 9.79341561514133
67 2231 1084 1.8203351339795029 5.009430077587525
67 2232 1084 2.8152477688473985 3.020489268141875
67 2233 1084 3.812823101063087 1.979785052144036
67 2234 1084 4.8114052001468774 1.3674428890151937
67 2235 1084 5.810475023610419 0.9798595096156538
67 2236 1084 6.809817912396819 0.721789846884528
67 2237 1084 7.809329036479425 0.5433651124530182
67 2238 1084 8.8089511293911 0.41633705557270295
67 2218 1085 11.2205891110939 0.23361206607129267
67 2219 1085 10.223190304401022 0.2952699024091185
67 2220 1085 9.226354643086248 0.3775782496933468
67 2221 1085 8.230286750776017 0.489426524267411
67 2222 1085 7.23530372548377 0.6446720358706913
67 2223 1085 6.241924382752438 0.8657730814589607
67 2224 1085 5.251058940823221 1.1909218913229702
67 2225 1085 4.2644601065081575 1.689136535887094
67 2226 1085 3.285973219610842 2.495210778673597
67 2227 1085 2.3258589811077806 3.8984954079785683
67 2228 1085 1.4218368401472101 6.550156418297021
67 2229 1085 0.7960025125587754 10.357425361319393
67 2230 1085 1.116073474283823 7.696759319561653
67 2231 1085 1.9640824829930243 4.50372372967238
67 2232 1085 2.910261156666206 2.825081026471919
67 2233 1085 3.8835061477999755 1.8848062546014128
67 2234 1085 4.867609269446376 1.3147565386938926
67 2235 1085 5.857099964999775 0.9480190716622235
67 2236 1085 6.849643786358561 0.7013544075614042
67 2237 1085 7.844081845569979 0.5296502788893372
67 2238 1085 8.839774884011504 0.40680869983498047
67 2218 1086 11.333385195959716 0.2312588968282617
67 2219 1086 10.346865225757941 0.2914322910728261
67 2220 1086 9.363205647640077 0.3712383066870367
67 2221 1086 8.38341338596631 0.478740638790915
67 2222 1086 7.4090228775459455 0.6261484747391655
67 2223 1086 6.442485545191333 0.8324216519752481
67 2224 1086 5.487952259267509 1.127736876816673
67 2225 1086 4.552979244406835 1.5608996417243055
67 2226 1086 3.6526182390169812 2.2092386070702945
67 2227 1086 2.8202163037610415 3.1743385112843066
67 2228 1086 2.136731148272911 4.445548426218603
67 2229 1086 1.7825880062425397 5.303884883876683
67 2230 1086 1.9466946345022458 4.659390207506633
67 2231 1086 2.530142288488913 3.3750939476269792
67 2232 1086 3.3186774474178704 2.3485487889335435
67 2233 1086 4.198287746212743 1.6535134485100331
67 2234 1086 5.122267076207581 1.190075463880303
67 2235 1086 6.070388784913223 0.8753823339606743
67 2236 1086 7.032895562995395 0.6564725077447796
67 2237 1086 8.004599927541687 0.5006153843571842
67 2238 1086 8.982517464497382 0.38732273403457973
67 2219 1087 10.56416679156472 0.2815645679977833
67 2220 1087 9.602792302242035 0.3561002118899996
67 2221 1087 8.650180344940733 0.4549305609714904
67 2222 1087 7.70957975508387 0.5875741589450797
67 2223 1087 6.7859870321125095 0.7676915325004674
67 2224 1087 5.887411995095912 1.0145053050704795
67 2225 1087 5.027287539021346 1.353134296997721
67 2226 1087 4.229139392358613 1.8086711963615574
67 2227 1087 3.5351973070819485 2.3773249635008677
67 2228 1087 3.0182147040923946 2.944781410327873
67 2229 1087 2.7787803079767968 3.214195979516109
67 2230 1087 2.8868009976442264 2.9672114269526304
67 2231 1087 3.3084165396757075 2.4059893817566356
67 2232 1087 3.9443148961511505 1.8334470694702363
67 2233 1087 4.708462594095863 1.371991404540689
67 2234 1087 5.548118600030106 1.0283123209797493
67 2235 1087 6.4337873760328845 0.7777411514493615
67 2236 1087 7.348851610966178 0.5949363242558069
67 2237 1087 8.283575315043635 0.4603830570730137
67 2238 1087 9.231988951466544 0.36018759374386167
67 2219 1088 10.869481128370328 0.266628245937236
67 2220 1088 9.937686853589158 0.3338798137628193
67 2221 1088 9.020511071995802 0.4211727806132564
67 2222 1088 8.122907115066559 0.5350812790809099
67 2223 1088 7.252145889321243 0.683987794221917
67 2224 1088 6.419160381233599 0.8775836417155811
67 2225 1088 5.640710948098579 1.1242227146541164
67 2226 1088 4.942632901602066 1.422905338042278
67 2227 1088 4.3636704733514575 1.745554891482946
67 2228 1088 3.95646559444151 2.014823841319576
67 2229 1088 3.7769855705310142 2.1181225150738103
67 2230 1088 3.857151798931379 1.998962665069118
67 2231 1088 4.182059301348996 1.7218274948234602
67 2232 1088 4.701236007689864 1.3989931110203249
67 2233 1088 5.358509121014894 1.1037331222979956
67 2234 1088 6.109469698754539 0.8612457956678069
67 2235 1088 6.923699877955425 0.6713498613721993
67 2236 1088 7.781363633708429 0.5254059598315698
67 2237 1088 8.669580151310681 0.4137698417447382
67 2220 1089 10.358649525879262 0.30680809782659707
67 2221 1089 9.482279261865193 0.38133239872942765
67 2222 1089 8.632822249994424 0.47552096987924286
67 2223 1089 7.819054930104972 0.5936539674931338
67 2224 1089 7.0533410522956395 0.739153093714645
67 2225 1089 6.353079568209345 0.9118945820876538
67 2226 1089 5.742266103203431 1.103094859099625
67 2227 1089 5.252201443204478 1.288476283639036
67 2228 1089 4.919107642652199 1.4260308400229094
67 2229 1089 4.775941791940031 1.4706607818188806
67 2230 1089 4.839588825509812 1.4049240569611416
67 2231 1089 5.10231516078726 1.2540188802164747
67 2232 1089 5.535848625098017 1.0646440948505107
67 2233 1089 6.103902030668552 0.87575624343204
67 2234 1089 6.772711421579968 0.7080824534157593
67 2235 1089 7.515425470324341 0.5681623684034971
67 2236 1089 8.312257214499557 0.4550968929379283
67 2237 1089 9.149077549130295 0.3651440525382382
67 2220 1090 10.855672250026643 0.2771625272601386
67 2221 1090 10.022854882716729 0.33906650665875465
67 2222 1090 9.223319359102701 0.41474967822366965
67 2223 1090 8.466499867123295 0.5058382411517754
67 2224 1090 7.764896650954141 0.612451097375113
67 2225 1090 7.134817446858673 0.73141765409928
67 2226 1090 6.596788612650779 0.8538755677891469
67 2227 1090 6.174918622945493 0.9635090051807681
67 2228 1090 5.894202236096006 1.0383976096416319
67 2229 1090 5.77525930153783 1.0590866529875882
67 2230 1090 5.828003088537215 1.0195138596863944
67 2231 1090 6.047943452116545 0.9310103018171615
67 2232 1090 6.417913991321438 0.8150412556729214
67 2233 1090 6.913871563747735 0.6922956792832602
67 2234 1090 7.510900079218178 0.5766512115389004
67 2235 1090 8.186917612874806 0.47487696736528073
67 2236 1090 8.923991259520585 0.3888453113669628
67 2220 1091 11.418827435424287 0.24691623165402427
67 2221 1091 10.630222010851817 0.29726941323107037
67 2222 1091 9.87996052623686 0.3568593526877
67 2223 1091 9.177451716026548 0.42584844697814916
67 2224 1091 8.534495884350681 0.502989839840375
67 2225 1091 7.9655269756619855 0.5846760525335163
67 2226 1091 7.487430801015717 0.6640542256215893
67 2227 1091 7.118540580765059 0.7309884022726526
67 2228 1091 6.876454028058285 0.7739213551492659
67 2229 1091 6.7747782251524 0.7838561994166535
67 2230 1091 6.819796184637719 0.758525517778885
67 2231 1091 7.008681759075615 0.7035712294398193
67 2232 1091 7.330321957458577 0.6297022847022153
67 2233 1091 7.768244331893753 0.5482272512897408
67 2234 1091 8.30407249486657 0.46792006266702624
67 2235 1091 8.920180491447445 0.3941145572781599
67 2236 1091 9.601125975634298 0.32924555558498547
67 2221 1092 11.293609697523566 0.25790008267882086
67 2222 1092 10.590449471103595 0.30419402050132216
67 2223 1092 9.938290597481968 0.3559322963044316
67 2224 1092 9.347813648121072 0.41152750471889826
67 2225 1092 8.831399662567573 0.46788808334123955
67 2226 1092 8.402715037414914 0.5202047228857744
67 2227 1092 8.07574269030402 0.5623196841227208
67 2228 1092 7.863181290037696 0.5879767872925524
67 2229 1092 7.77442087875354 0.5927578684506128
67 2230 1092 7.813681590645926 0.5757869235701909
67 2231 1092 7.9790738810966735 0.5400980051327341
67 2232 1092 8.263027290285276 0.49140264794208
67 2233 1092 8.653878899083306 0.4361078388845653
67 2234 1092 9.137922083274697 0.3797008110727083
67 2222 1093 11.344673640083187 0.2577488264346854
67 2223 1093 10.738417946792644 0.2963911445534423
67 2224 1093 10.19439159538216 0.33651864489881295
67 2225 1093 9.723045819083572 0.3757552008505717
67 2226 1093 9.335396081581038 0.41085793952395055
67 2227 1093 9.042213224647973 0.43808325269873105
67 2228 1093 8.852887664485456 0.4539396010698137
67 2229 1093 8.77414497258843 0.4561445829063859
67 2230 1093 8.808951129390996 0.4443658944929908
67 2224 1094 11.066599296983618 0.2755966477937702
67 2225 1094 10.633984201605642 0.30321045225903737
67 2226 1094 10.280740245721534 0.32717979712407474
132 1623 1664 4.846508846582342 0.5810923280376351
132 1624 1664 4.644636476625564 0.6138377219059294
132 1625 1664 4.653670379388786 0.6144973013624758
132 1620 1665 5.743922701429857 0.5318692259983115
132 1621 1665 5.007658934072996 0.6587203375681971
132 1622 1665 4.377287744711436 0.7932466921297038
132 1623 1665 3.9044395244389123 0.9129726097138252
132 1624 1665 3.6508420946407134 0.9859292717079899
132 1625 1665 3.662328221227642 0.9864154536804701
132 1626 1665 3.936578209562241 0.9142431477598162
132 1627 1665 4.425002598869304 0.7948958392356749
132 1619 1666 6.055134019986782 0.5472718953740338
132 1620 1666 5.171909511969551 0.7229365306377005
132 1621 1666 4.339659894507973 0.9506910027310453
132 1622 1666 3.5939738452026586 1.2254494480977258
132 1623 1666 3.0001079980561727 1.5060738664329612
132 1624 1666 2.661700208513432 1.696858388874075
132 1625 1666 2.677433099070877 1.695334731439827
132 1626 1666 3.0418165625165687 1.5024509067359868
132 1627 1666 3.6519375679219857 1.221364688275393
132 1628 1666 4.40688642921505 0.9471027798881585
132 1619 1667 5.693913241348269 0.6733748176166285
132 1620 1667 4.743906407171306 0.9368712365325383
132 1621 1667 3.819508868951715 1.3244703275394256
132 1622 1667 2.9449359925133587 1.8853899649711843
132 1623 1667 2.1809740942983424 2.6179301439748572
132 1624 1667 1.6854222022983756 3.261207759411592
132 1625 1667 1.7101602264115896 3.2442968908989553
132 1626 1667 2.2380008936548648 2.586549109059788
132 1627 1667 3.015401797439241 1.8587001316474212
132 1628 1667 3.8957217559779136 1.3055851825103841
132 1618 1668 6.487884709210019 0.5444712875431721
132 1619 1668 5.493327588993852 0.7638444845058328
132 1620 1668 4.501182955624092 1.1045871068325546
132 1621 1668 3.513495125939506 1.661461859055256
132 1622 1668 2.535477864230035 2.6342571148457576
132 1623 1668 1.5851334328694011 4.4702389552185915
132 1624 1668 0.7724299320975107 7.687278479323999
132 1625 1668 0.8250139392761783 7.461791687738555
132 1626 1668 1.6627230677415377 4.3042764038236685
132 1627 1668 2.616992166591192 2.5485613359517756
132 1628 1668 3.5961991046102404 1.61396191085887
132 1619 1669 5.471073752016222 0.7782553140472226
132 1620 1669 4.473996870808103 1.1314262140637705
132 1621 1669 3.478598568389363 1.7173019674531274
132 1622 1669 2.486895253121924 2.7719364968456954
132 1623 1669 1.5062031735460493 4.921832524760647
132 1624 1669 0.5938417297563577 9.911887354695383
132 1625 1669 0.6607934624372851 9.278594322456849
132 1626 1669 1.5876548743350012 4.637730605784817
132 1627 1669 2.5699509722949037 2.6409352121433747
132 1620 1670 4.666117015249462 0.998695139187559
132 1621 1670 3.722451880145717 1.4380476858078044
132 1622 1670 2.817915541672641 2.105874887368817
132 1623 1670 2.0061525365734405 3.0474550553498965
132 1624 1670 1.4521184524686273 3.9454854375005546
132 1625 1670 1.4807592647016306 3.8698586488662308
132 1626 1670 2.06800580269968 2.9230038577418083
132 1627 1670 2.8914785145318613 2.010421996804753
132 1622 1671 3.4200362571177627 1.3867886567807475
132 1623 1671 2.7893812934053863 1.7364919078449974
132 1624 1671 2.4217035326397283 1.9737557698085517
132 1625 1671 2.4389850348043494 1.9525516030872063
132 1626 1671 2.834192654002089 1.6879678614673448
232 2029 2082 19.262080287445777 0.3056316510538057
232 2030 2082 18.63302812212784 0.31342276792298474
232 2029 2083 18.508909665347844 0.3425993297703479
232 2030 2083 17.853339659570885 0.36392648198931066
232 2031 2083 17.23089484037339 0.3704284523763763
232 2028 2084 18.492423772994353 0.32543831730753564
232 2029 2084 17.780093841147366 0.372599790520048
232 2030 2084 17.096600159096145 0.4117365184631327
232 2031 2084 16.44553851353023 0.4357247160689737
232 2032 2084 15.830910807657464 0.4393472327807422
232 2033 2084 15.257120862076361 0.4217579264406085
232 2029 2085 17.078751037473616 0.39105418493007493
232 2030 2085 16.36599330929858 0.4504752804400493
232 2031 2085 15.684633785970451 0.49841796878542743
232 2032 2085 15.038940687428937 0.5247326508535357
232 2033 2085 14.433701431026117 0.5227779376831803
232 2034 2085 13.874211220822795 0.49307415598708076
232 2035 2085 13.366216255919436 0.4429964582662215
232 2029 2086 16.408404462348123 0.39469269497644505
232 2030 2086 15.665175932622194 0.47343561330051304
232 2031 2086 14.951914158394752 0.549218195851848
232 2032 2086 14.273112379575986 0.6082397806721799
232 2033 2086 13.633918622318568 0.635786584612092
232 2034 2086 13.040158626335987 0.6237131445431352
232 2035 2086 12.498309365670409 0.5756926676822022
232 2036 2086 12.015395832015043 0.5047616236459119
232 2030 2087 14.998324473087163 0.47594816393551453
232 2031 2087 14.251727509323391 0.5780505982627213
232 2032 2087 13.537863088390461 0.6760725822208203
232 2033 2087 12.862182435341396 0.7490169955622168
232 2034 2087 12.231015370769695 0.7751627019944669
232 2035 2087 11.651598044903727 0.7453612622997058
232 2036 2087 11.132014058561198 0.669981632767402
232 2037 2087 10.680998876509816 0.5710941286239813
232 2031 2088 13.589103612821738 0.5781056339374828
232 2032 2088 12.838447608648197 0.7126487186406374
232 2033 2088 12.123849924838414 0.8415617539742103
232 2034 2088 11.452062565320023 0.9318470976203949
232 2035 2088 10.83105428848014 0.9508616239243666
232 2036 2088 10.270040749675916 0.8906552067181479
232 2037 2088 9.77935258593347 0.7751007047956306
232 2038 2088 9.37004466371444 0.6398245287114096
232 2031 2089 12.969800962235484 0.5493695205362569
232 2032 2089 12.181040062326545 0.7077972747922878
232 2033 2089 11.425398767658137 0.8884766265470498
232 2034 2089 10.7098896819717 1.0614320433443507
232 2035 2089 10.043093995378301 1.1727489567862865
232 2036 2089 9.435345091728417 1.172640754436992
232 2037 2089 8.89874918176725 1.0611619552218745
232 2038 2089 8.446877352016136 0.8881504554075567
232 2039 2089 8.093932109920551 0.7074918389648345
232 2040 2089 7.8532628250939585 0.5491158151364952
232 2031 2090 12.400311971882166 0.49863195645162467
232 2032 2090 11.572801605488792 0.6629414319633778
232 2033 2090 10.774587555911538 0.8741505899957444
232 2034 2090 10.012678812386003 1.1223153365728524
232 2035 2090 9.296006508173463 1.360111038429198
232 2036 2090 8.635840260218064 1.4951523820881825
232 2037 2090 8.04610073265324 1.4511621680315756
232 2038 2090 7.543324002056575 1.2549867598677582
232 2039 2090 7.145889517757927 1.0031955909644574
232 2040 2090 6.872098442252004 0.7693168178353783
232 2041 2090 6.737042155130264 0.5802273213048567
232 2042 2090 6.74905452637642 0.4363318176985676
232 2032 2091 11.021875384888165 0.5901713560481101
232 2033 2091 10.180556811884282 0.8035709746573377
232 2034 2091 9.370471546299218 1.0897838660154051
232 2035 2091 8.600449813818058 1.4400363078756204
232 2036 2091 7.882241876522369 1.7772409810526364
232 2037 2091 7.231302579757169 1.933402950158609
232 2038 2091 6.667363571907751 1.794677262172099
232 2039 2091 6.214156177632028 1.4633688934671225
232 2040 2091 5.897265213639463 1.1106053458595284
232 2041 2091 5.739315028816759 0.8196013483886061
232 2042 2091 5.753410901369875 0.6018678069610974
232 2043 2091 5.938327794926913 0.44436976203231837
232 2032 2092 10.537254718379135 0.5051952770344889
232 2033 2092 9.653793917419366 0.6985139888062509
232 2034 2092 8.795324723965736 0.9774702759058019
232 2035 2092 7.969927038562069 1.3720330407529826
232 2036 2092 7.189001112811331 1.8830957330124527
232 2037 2092 6.468673511625267 2.380997557533515
232 2038 2092 5.831443817786653 2.5362545675298547
232 2039 2092 5.307328612400214 2.1999045185877675
232 2040 2092 4.932518322317899 1.6666071483201021
232 2041 2092 4.742545413594011 1.19756137383231
232 2042 2092 4.759594205392031 0.8526824292375188
232 2043 2092 4.981539621442472 0.6119495277951534
232 2044 2092 5.383097342608716 0.4451175434755054
232 2032 2093 10.128461729206613 0.42078228473416596
232 2033 2093 9.205853409652079 0.5833261342509769
232 2034 2093 8.301188890755506 0.8250499635293277
232 2035 2093 7.421033418601645 1.19092302934507
232 2036 2093 6.575236649733775 1.743945091695498
232 2037 2093 5.778904480955023 2.52095215836527
232 2038 2093 5.055466051710945 3.2980757360447184
232 2039 2093 4.440691049825653 3.362827314225557
232 2040 2093 3.985189706902479 2.6326328447286826
232 2041 2093 3.74749743162037 1.8325074999069646
232 2042 2093 3.7690498802750114 1.2506106378200155
232 2043 2093 4.045705995249888 0.8642953467849258
232 2044 2093 4.530975281327486 0.6094344933663614
232 2033 2094 8.84871386134745 0.47485420381442733
232 2034 2094 7.903273815325033 0.6695256406530997
232 2035 2094 6.973072278415168 0.9694962043381241
232 2036 2094 6.065124648348285 1.448119876765484
232 2037 2094 5.191120977207305 2.2329951222684636
232 2038 2094 4.371468517558091 3.4754748835692664
232 2039 2094 3.643039527647393 4.790815038509478
232 2040 2094 3.0714389136040365 4.4345609264305805
232 2041 2094 2.7560364656515257 3.0026513659326017
232 2042 2094 2.7852714409911217 1.9233439446972045
232 2043 2094 3.149561398036331 1.2600641220475532
232 2044 2094 3.7525640567484486 0.8528370985642533
232 2045 2094 4.499304057295992 0.5945855981995941
232 2034 2095 7.61667493070316 0.5315247226283266
232 2035 2095 6.646483054969883 0.7614865321371947
232 2036 2095 5.686627911161552 1.1282427552483327
232 2037 2095 4.74338876753755 1.7461652490468156
232 2038 2095 3.8290647683215298 2.8603016902344773
232 2039 2095 2.970477571031469 4.964465497489864
232 2040 2095 2.2328763960418465 7.492717635728578
232 2041 2095 1.7741862923607072 5.52823492556219
232 2042 2095 1.819268259493481 3.173699017119311
232 2043 2095 2.339174427014849 1.9135136535359323
232 2044 2095 3.10382618714387 1.2240711055384277
232 2045 2095 3.974385109674182 0.8198897039728729
232 2046 2095 4.8946641355663685 0.5689016476060818
232 2047 2095 5.841210234189442 0.40587714534459124
232 2035 2096 6.459700999272449 0.5885779079132133
232 2036 2096 5.46715072043942 0.8548296288535914
232 2037 2096 4.477916591451998 1.2921439898581635
232 2038 2096 3.494815731909322 2.065756848383311
232 2039 2096 2.5250221781205604 3.599866402161965
232 2040 2096 1.5930276206018856 7.294712735498835
232 2041 2096 0.8365028392063667 13.042524424622217
232 2042 2096 0.9282979047698642 5.896910371360045
232 2043 2096 1.7388895882142508 3.06080932280428
232 2044 2096 2.6806225023303325 1.8059668250316192
232 2045 2096 3.653455487617105 1.149475543762012
232 2046 2096 4.637859096609054 0.769703577364925
232 2047 2096 5.627764831618247 0.5347648168438681
232 2036 2097 5.426024050812985 0.6428533866141757
232 2037 2097 4.427610755249468 0.9427324784758627
232 2038 2097 3.430122009491874 1.4446433718429048
232 2039 2097 2.4346944366799663 2.359553677504752
232 2040 2097 1.4455922661664267 4.281062072390535
232 2041 2097 0.5017339932673412 9.753301746679474
232 2042 2097 0.6432239112469309 13.192815234508885
232 2043 2097 1.604910277865902 5.143925751522348
232 2044 2097 2.5957151230440165 2.7217180241273833
232 2045 2097 3.5916203863993226 1.630152498173609
232 2046 2097 4.5893068104016566 1.0487721182382947
232 2047 2097 5.587820415868681 0.7079370747220028
232 2048 2097 6.5867850276138995 0.49494605312956585
232 2036 2098 5.5672019004164595 0.4846823718379136
232 2037 2098 4.599536607094289 0.6903796058399734
232 2038 2098 3.6493474759195306 1.0162474991633492
232 2039 2098 2.734910784650947 1.5624747412586195
232 2040 2098 1.9083335662299359 2.552041455646392
232 2041 2098 1.343032762072345 4.542217273533277
232 2042 2098 1.4020474314371392 8.49524879238001
232 2043 2098 2.031683292247905 7.568591774939458
232 2044 2098 2.8791903375774055 4.000225235015989
232 2045 2098 3.801544028417782 2.2926308153223123
232 2046 2098 4.755390309953402 1.4238434224638692
232 2047 2098 5.725009781650902 0.9354773442938236
232 2048 2098 6.703561516089661 0.6402919172895655
232 2036 2099 5.877562164707432 0.3680091971641314
232 2037 2099 4.970687779372199 0.5108552844666802
232 2038 2099 4.107278539373722 0.7268306149983039
232 2039 2099 3.321405877034563 1.065778627753002
232 2040 2099 2.682114277953038 1.62163047195134
232 2041 2099 2.3142465296504935 2.573628232071347
232 2042 2099 2.348986377142098 4.180956701029149
232 2043 2099 2.771233840728524 5.833423544184927
232 2044 2099 3.4411825002459215 4.830147013131811
232 2045 2099 4.243081073936554 3.0168073603123378
232 2046 2099 5.11524554640326 1.877047144961229
232 2047 2099 6.0272495385538996 1.2170743646080011
232 2048 2099 6.963457259149222 0.8206900691280106
232 2049 2099 7.91528502329498 0.5715555205079387
232 2037 2100 5.500885110598094 0.38269648880242285
232 2038 2100 4.735159659398995 0.5293945549136374
232 2039 2100 4.072313470252434 0.7483102097325918
232 2040 2100 3.5701172249660407 1.0836752233299944
232 2041 2100 3.302686330852361 1.6078662910860684
232 2042 2100 3.327121428502248 2.4154130402852223
232 2043 2100 3.6375454636332236 3.467445151417116
232 2044 2100 4.170579935692212 4.02268417857895
232 2045 2100 4.853425285300914 3.321253745135806
232 2046 2100 5.631850228832268 2.282503325462712
232 2047 2100 6.471455554973539 1.519319200161767
232 2048 2100 7.351308522977231 1.0272253874730728
232 2049 2100 8.258555382147502 0.7118223308584871
232 2038 2101 5.474827577193577 0.3922697487462773
232 2039 2101 4.912813552334253 0.5386835134034912
232 2040 2101 4.505300988835142 0.7522744433687069
232 2041 2101 4.296479605444289 1.066925047001384
232 2042 2101 4.315291067819008 1.5246334248307796
232 2043 2101 4.558918402428182 2.137453064075912
232 2044 2101 4.9945707523267835 2.7408934257603423
232 2045 2101 5.577431039465925 2.8761272211973425
232 2046 2101 6.266557029182591 2.395831149596344
232 2047 2101 7.030770725887565 1.7493295967964924
232 2048 2101 7.848167747952216 1.2273328015492786
232 2049 2101 8.70377716856292 0.8614535678210107
232 2050 2101 9.58737383228572 0.6129019696288869
232 2040 2102 5.463491283053226 0.5378589304587075
232 2041 2102 5.292611548186622 0.7382330912918237
232 2042 2102 5.307893838425764 1.0183514003760372
232 2043 2102 5.507788757750065 1.3910508055185944
232 2044 2102 5.873477419723159 1.8183909658617967
232 2045 2102 6.376498804202634 2.138063275185453
232 2046 2102 6.987255326664213 2.1235750692079254
232 2047 2102 7.680087043777384 1.7872816635434117
232 2048 2102 8.434793239907961 1.3603088142059674
232 2049 2102 9.236218760943077 0.9942570703392049
232 2050 2102 10.073218800363499 0.720783833135032
232 2041 2103 6.289971144607746 0.5269988951276693
232 2042 2103 6.302835631681813 0.7078933104112222
232 2043 2103 6.47207362442654 0.945488882784172
232 2044 2103 6.785995652813041 1.2319247319030036
232 2045 2103 7.225768955619692 1.512892370118782
232 2046 2103 7.770053860816996 1.6714235847965664
232 2047 2103 8.398555649633865 1.608907612479193
232 2048 2103 9.09382961133519 1.3671893427044863
232 2049 2103 9.841734450796594 1.0724538065238498
232 2050 2103 10.631168186045988 0.8095355641353758
232 2051 2103 11.453546917876407 0.603269126842518
232 2043 2104 7.445786526620097 0.6646710882566544
232 2044 2104 7.720216123917592 0.8579148409014016
232 2045 2104 8.10948438558192 1.0684168429265315
232 2046 2104 8.598007734353162 1.2457090855692108
232 2047 2104 9.169936586476299 1.3170611193377888
232 2048 2104 9.810695031443817 1.2444874202700806
232 2049 2104 10.507698939349005 1.066578902204063
232 2050 2104 11.25049941113709 0.8560612765320362
232 2051 2104 12.030616650861909 0.6630938241055866
232 2044 2105 8.66912550376316 0.612816248207081
232 2045 2105 9.017523884082406 0.7646298904292763
232 2046 2105 9.459267254919721 0.9142287316439347
232 2047 2105 9.981970597031243 1.0224932797002964
232 2048 2105 10.5736340488971 1.0479264788480842
232 2049 2105 11.223356761682126 0.9790427346918802
232 2050 2105 11.921649927757302 0.8453969937558327
232 2051 2105 12.660479335317266 0.6908956963318983
232 2052 2105 13.433158117136689 0.54654013281646
232 2046 2106 10.345517725082498 0.6725384142654321
232 2047 2106 10.825513244183666 0.7761933255730312
232 2048 2106 11.373378433868968 0.8400940003710559
232 2049 2106 11.979805382392302 0.8419893859791143
232 2050 2106 12.63636565631097 0.7811535882152247
232 2051 2106 13.33565660175738 0.6789880208460467
232 2052 2106 14.07130900094213 0.5630618656165196
232 2047 2107 11.693747773917293 0.5860979997791077
232 2048 2107 12.20269384193488 0.6564571454414009
232 2049 2107 12.76979784491498 0.6924398650126179
232 2050 2107 13.387671082006573 0.6828273622665934
232 2051 2107 14.049616969867715 0.6307547673307176
232 2048 2108 13.055946422990374 0.5076761075741758
232 2049 2108 13.587484572208165 0.554529703647062
232 2050 2108 14.169747245452006 0.5732018893380073
113 1407 1491 9.067916684663555 0.49477029663864397
113 1408 1491 8.75277744490283 0.532038237917908
113 1409 1491 8.543717750487765 0.5576511046242819
113 1406 1492 8.599832149524762 0.5573993859724647
113 1407 1492 8.14500540208536 0.6228142536937386
113 1408 1492 7.792631968725312 0.6791601590189253
113 1409 1492 7.5570571653256495 0.7189787389568207
113 1410 1492 7.449369973360147 0.7359387102541832
113 1411 1492 7.4750995311099215 0.7270619940660751
113 1405 1493 8.347880749028445 0.595521371180949
113 1406 1493 7.7505556574996435 0.6925773727497926
113 1407 1493 7.242590213452625 0.7901889146499282
113 1408 1493 6.843910651082447 0.877801415410867
113 1409 1493 6.574428720428854 0.9420351166851914
113 1410 1493 6.450357586986925 0.9704591432689664
113 1411 1493 6.480055015198544 0.9568126968818615
113 1412 1493 6.661464778860563 0.9041615167581157
113 1413 1493 6.982772586874058 0.8233110864245671
113 1404 1494 8.331693285281194 0.5986369020094487
113 1405 1494 7.602704321489805 0.7217448905069138
113 1406 1494 6.941549754917828 0.8612710244863084
113 1407 1494 6.369388746182774 1.0093883210894772
113 1408 1494 5.9121157803276985 1.1498921063739365
113 1409 1494 5.597956144880004 1.2582743102483849
113 1410 1494 5.451707347244514 1.3085711454172841
113 1411 1494 5.486812644878612 1.2864340700106986
113 1412 1494 5.699922192451389 1.1983651777779643
113 1413 1494 6.072323525636612 1.067371615495317
113 1414 1494 6.577013988125605 0.9198199188731649
113 1415 1494 7.186175130067447 0.7755229910631847
113 1403 1495 8.552608549442663 0.5658156955013374
113 1404 1495 7.715640802940464 0.7005809742455006
113 1405 1495 6.9220743278297565 0.8670288490031739
113 1406 1495 6.188627715414767 1.0669796991211418
113 1407 1495 5.539233972310594 1.2943416262545206
113 1408 1495 5.006706801880835 1.5269839182529485
113 1409 1495 4.631534626881227 1.7201914761287016
113 1410 1495 4.453662874533707 1.8158765136400317
113 1411 1495 4.49656680146085 1.7772305020812442
113 1412 1495 4.754273130563691 1.6197967859328652
113 1413 1495 5.194912222550049 1.3976131914254504
113 1414 1495 5.776773580468592 1.1639490546107412
113 1415 1495 6.461819635365871 0.9505175289647042
113 1416 1495 7.2207418593936685 0.7693184433579326
113 1403 1496 8.078435058846472 0.6362433379879524
113 1404 1496 7.186453436849069 0.8051706692964626
113 1405 1496 6.32685648643936 1.0245757949999785
113 1406 1496 5.514808518888016 1.3061015447512747
113 1407 1496 4.774632237146631 1.6546476469427476
113 1408 1496 4.1450106151854245 2.050457260140619
113 1409 1496 3.683084712574484 2.4184257111451144
113 1410 1496 3.4567489061255063 2.619814600747561
113 1411 1496 3.5118532144723673 2.5447556480078144
113 1412 1496 3.836288962004806 2.237207859219479
113 1413 1496 4.370482010030464 1.840810297393311
113 1414 1496 5.048278221334472 1.4646056084738417
113 1415 1496 5.819717604832726 1.1507470311207388
113 1416 1496 6.652301331118425 0.90295184895779
113 1403 1497 7.705524836115955 0.6984576252673905
113 1404 1497 6.764548248035476 0.9016586582506417
113 1405 1497 5.843210846786195 1.1785974742821521
113 1406 1497 4.952485537586138 1.5589953690880352
113 1407 1497 4.11231236654025 2.078368139498491
113 1408 1497 3.360820286775222 2.755852113916835
113 1409 1497 2.7711212532113967 3.5089064095576106
113 1410 1497 2.4623389287423283 4.0010145122133345
113 1411 1497 2.5391165786548537 3.8283480743875105
113 1412 1497 2.9717188628805293 3.150361450604749
113 1413 1497 3.6352596881103225 2.4106351063685603
113 1414 1497 4.427088546663594 1.8085199218085706
113 1415 1497 5.2899067099524535 1.3605024894055497
113 1416 1497 6.194119227137947 1.034218124269668
113 1403 1498 7.449101489441518 0.7442780628685501
113 1404 1498 6.470943748789651 0.975569987356831
113 1405 1498 5.500646598355495 1.303199216079156
113 1406 1498 4.543249167721257 1.780465116104951
113 1407 1498 3.609032141724413 2.496776432829524
113 1408 1498 2.7219685890913436 3.5941381167022053
113 1409 1498 1.9475915896306222 5.1982263564406
113 1410 1498 1.4755043205629552 6.714963506871374
113 1411 1498 1.6003477747039745 6.175080500334327
113 1412 1498 2.2237610033454533 4.430034357486729
113 1413 1498 3.0543596710276266 3.0511397153533784
113 1414 1498 3.963976917188092 2.1429589530884594
113 1415 1498 4.908881033392439 1.5464387613864359
113 1416 1498 5.872062073922587 1.1437487597355669
113 1403 1499 7.32141468570111 0.7663228660363601
113 1404 1499 6.323536431459844 1.0124761835172766
113 1405 1499 5.326454073771772 1.3685101211807182
113 1406 1499 4.330717377063518 1.9048755440216902
113 1407 1499 3.337530973639037 2.7591965321082044
113 1408 1499 2.3501304219127825 4.235578639453234
113 1409 1499 1.3809826211795595 7.139453804302821
113 1410 1499 0.5395488856442769 13.549955134888982
113 1411 1499 0.8216526029898497 10.438134728689505
113 1412 1499 1.749032018003104 5.703896976450583
113 1413 1499 2.7282069203049875 3.534729623954844
113 1414 1499 3.7184826206397736 2.3640205977642705
113 1415 1499 4.712866749654615 1.661079953038726
113 1416 1499 5.709212993049048 1.208717287042865
113 1403 1500 7.329195931341985 0.7606049145801158
113 1404 1500 6.332543959578956 1.0039970665800881
113 1405 1500 5.337144648592536 1.3553177652155532
113 1406 1500 4.343859228842477 1.8829360109375004
113 1407 1500 3.354565992792506 2.718911744228938
113 1408 1500 2.3742605164555943 4.1485238252562375
113 1409 1500 1.421658538468362 6.882680568511421
113 1410 1500 0.6364848780607547 12.23230688318917
113 1411 1500 0.8883203251080256 10.028931139412245
113 1412 1500 1.7813233844532674 5.662656499364688
113 1413 1500 2.749020370968549 3.5328607035789377
113 1414 1500 3.7337799881621403 2.3680410027544037
113 1415 1500 4.724945819795194 1.665434645740232
113 1416 1500 5.719188141685855 1.2123911239235925
113 1403 1501 7.472022015492189 0.7281863189782317
113 1404 1501 6.497315830402579 0.9521298365443855
113 1405 1501 5.531646499913021 1.267710079793188
113 1406 1501 4.580732801637746 1.7240329920399107
113 1407 1501 3.6561062621318876 2.401297508344584
113 1408 1501 2.7840820749396054 3.4206062673537385
113 1409 1501 2.033497725594999 4.871847097369005
113 1410 1501 1.5871713833105883 6.24272228775218
113 1411 1501 1.703852399710744 5.906131224180011
113 1412 1501 2.299372305652148 4.364159125061039
113 1413 1501 3.109841314279571 3.0470918288845126
113 1414 1501 4.006883202690104 2.15285145064428
113 1415 1501 4.943593126461776 1.5578643909555223
113 1416 1501 5.901111166551613 1.1537489366268394
113 1403 1502 7.7424229411728716 0.6747214385024428
113 1404 1502 6.806549272575642 0.8681658257997975
113 1405 1502 5.891783516050128 1.130199190292454
113 1406 1502 5.00970188733821 1.4873751921362353
113 1407 1502 4.181042094980633 1.9705890818175429
113 1408 1502 3.4445773325620155 2.5954246537291894
113 1409 1502 2.8721269122377002 3.291412770904962
113 1410 1502 2.5754830614857633 3.7770816365648363
113 1411 1502 2.6489833899064172 3.6867011008350516
113 1412 1502 3.0661234482649435 3.099829516710499
113 1413 1502 3.712830860677621 2.4065449219973205
113 1414 1502 4.49100356267952 1.8202789467726317
113 1415 1502 5.34351129876228 1.3754624076237696
113 1416 1502 6.2399609774421 1.0481299864923166
113 1404 1503 7.241761733169631 0.7671846881275313
113 1405 1503 6.38960976899216 0.9726410554400508
113 1406 1503 5.5866907020167185 1.2350424400467501
113 1407 1503 4.8574801080395655 1.5590254108187824
113 1408 1503 4.240178416057523 1.92842774394244
113 1409 1503 3.7898697866813444 2.2804047728706642
113 1410 1503 3.5703099305242554 2.4946784830145483
113 1411 1503 3.623687762487288 2.4628443000161107
113 1412 1503 3.9389228222954737 2.2028374669545077
113 1413 1503 4.460842185058799 1.8374943295685893
113 1414 1503 5.126705862442293 1.4755425040605679
113 1415 1503 5.887878480403632 1.1660889895659776
113 1404 1504 7.781845089694349 0.6625620216423321
113 1405 1504 6.99579252122303 0.8178551229964425
113 1406 1504 6.270973847816628 1.0043773969832086
113 1407 1504 5.631084531420222 1.2174354773157392
113 1408 1504 5.108141834366007 1.438746409895314
113 1409 1504 4.741003374814252 1.6301233218902613
113 1410 1504 4.567396742127855 1.7389937781255917
113 1411 1504 4.609242128593394 1.7261233203157431
113 1412 1504 4.860978605178197 1.5965267244830212
113 1413 1504 5.292741539126975 1.3951131932997465
113 1414 1504 5.864905199574858 1.173076796430052
113 1406 1505 7.031295257632133 0.8093293164066715
113 1407 1505 6.4670791706921396 0.9498890859740724
113 1408 1505 6.017234663863472 1.0864143130270525
113 1409 1505 5.708862671320809 1.1973843641026638
113 1410 1505 5.565528995522364 1.2582973136707776
113 1411 1505 5.599920803011431 1.2527362756076934
113 1412 1505 5.808882250485046 1.1822917980464696
196 2178 2274 11.660487339729912 0.4212318046643116
196 2179 2274 11.504910473358812 0.42866862726099114
196 2180 2274 11.434988631389233 0.42853376072829485
196 2181 2274 11.452290818871164 0.42083900941630575
196 2175 2275 11.70115229368468 0.43080110615571854
196 2176 2275 11.283304702080946 0.4642210718411694
196 2177 2275 10.941159216463387 0.49237673930279235
196 2178 2275 10.681992557570963 0.5129737842077342
196 2179 2275 10.511943921083349 0.5241164463672745
196 2180 2275 10.435370860683433 0.524699706188898
196 2181 2275 10.454327572828424 0.5146641553395954
196 2182 2275 10.56830000520426 0.4950102249414123
196 2183 2275 10.774273293359515 0.4675657241115121
196 2184 2275 11.067111863535121 0.43460182686028553
196 2173 2276 11.92740395056706 0.41566141036511345
196 2174 2276 11.342793527169682 0.46472871700347407
196 2175 2276 10.81919428608259 0.5137571375578647
196 2176 2276 10.365855729268178 0.5599533071085144
196 2177 2276 9.992345320294012 0.5998933778045759
196 2178 2276 9.707881591778989 0.6299429263334931
196 2179 2276 9.520449831809477 0.6469265580180973
196 2180 2276 9.435834091377446 0.6488739377808331
196 2181 2276 9.45679464723648 0.6355508252757437
196 2182 2276 9.582638728450545 0.6085254959897067
196 2183 2276 9.80933050722627 0.5707372912051818
196 2184 2276 10.130101924462544 0.5257754137827637
196 2185 2276 10.536363936387138 0.47716745369012004
196 2186 2276 11.01866439274739 0.42788937998598947
196 2171 2277 12.554240916917404 0.3677108282071791
196 2172 2277 11.832369373882937 0.4225289169213479
196 2173 2277 11.153518054856173 0.4828837623626218
196 2174 2277 10.526013727902997 0.5474975323851935
196 2175 2277 9.959566506630802 0.6139630064874205
196 2176 2277 9.465144742686284 0.6785153170326362
196 2177 2277 9.054554931083114 0.7360803137764486
196 2178 2277 8.739620415098203 0.7808208852829376
196 2179 2277 8.530941624463328 0.8072687843171921
196 2180 2277 8.436407114406034 0.811783916775752
196 2181 2277 8.459844265706105 0.7937135247874222
196 2182 2277 8.600288657946326 0.755614858437773
196 2183 2277 8.852172897091421 0.7024082686105584
196 2184 2277 9.206354598862662 0.6399489780606159
196 2185 2277 9.651578368329162 0.5737112289243345
196 2186 2277 10.175901188592542 0.5080060472028866
196 2187 2277 10.767774375422196 0.4457600304579646
196 2171 2278 11.905753441089022 0.41380667108284047
196 2172 2278 11.14194619444928 0.48183775442521753
196 2173 2278 10.418203539958439 0.5588211235409745
196 2174 2278 9.743457548529797 0.6438149784377716
196 2175 2278 9.128579571872177 0.7342628839373545
196 2176 2278 8.586440764368072 0.8253613869813086
196 2177 2278 8.131602855526177 0.9097276579361822
196 2178 2278 7.779393613900843 0.9779089916839189
196 2179 2278 7.54420075289629 1.0202099298160576
196 2180 2278 7.437134192684752 1.0296128718906206
196 2181 2278 7.46370986842337 1.0044486258859455
196 2182 2278 7.622530091773999 0.9490942547683494
196 2183 2278 7.905628691002372 0.8721933287108136
196 2184 2278 8.300299090996637 0.7836444172833124
196 2185 2278 8.791528024183243 0.6920857272079569
196 2186 2278 9.364131833757952 0.6037076922135839
196 2187 2278 10.004147389957767 0.522206611146833
196 2170 2279 12.144503489233443 0.39102854831051165
196 2171 2279 11.308623479451555 0.4617964467057581
196 2172 2279 10.501474420289883 0.5452787630623207
196 2173 2279 9.730208887788715 0.6425883107946513
196 2174 2279 9.004052698646438 0.7537885599794674
196 2175 2279 8.334804436818056 0.8768769054501423
196 2176 2279 7.73724531083264 1.0064026081323798
196 2177 2279 7.229174572522191 1.1321219852636213
196 2178 2279 6.830590384439777 1.238794080443161
196 2179 2279 6.561475824843132 1.3087365366134442
196 2180 2279 6.43808706061052 1.3277144487284345
196 2181 2279 6.468768429925462 1.2914805894491925
196 2182 2279 6.651388200969784 1.2079990944140846
196 2183 2279 6.974020719785667 1.0933750190002103
196 2184 2279 7.418420654020607 0.9650107298948093
196 2185 2279 7.964230345739584 0.8366715306873972
196 2186 2279 8.592145541132261 0.716968890797974
196 2187 2279 9.285524487071191 0.6100942844816459
196 2188 2279 10.030800815488185 0.517257401576911
196 2170 2280 11.645899063619055 0.42650821903332353
196 2171 2280 10.771395684868462 0.5097859166106768
196 2172 2280 9.920633296317462 0.6105829225497449
196 2173 2280 9.100272798108989 0.7317874626138784
196 2174 2280 8.319312772098554 0.8755941380406898
196 2175 2280 7.589925230198376 1.0420799212331742
196 2176 2280 6.928417207414807 1.2267041900476012
196 2177 2280 6.356018014449088 1.4167881271531908
196 2178 2280 5.898725709846242 1.588563935638817
196 2179 2280 5.584887196712283 1.709101154295343
196 2180 2280 5.439390131255573 1.7477469004573405
196 2181 2280 5.4756702786051905 1.693232295396369
196 2182 2280 5.6902517518999085 1.561245414306772
196 2183 2280 6.064236555412372 1.3840662754215887
196 2184 2280 6.5704615515197595 1.1935535702794617
196 2185 2280 7.181014204135734 1.0114638690754505
196 2186 2280 7.871655797861013 0.848785752094883
196 2187 2280 8.623164442360974 0.7090199761276047
196 2188 2280 9.420985351861999 0.5915731642256041
196 2170 2281 11.214497982522584 0.4592116798806681
196 2171 2281 10.303444327020108 0.5551544600477595
196 2172 2281 9.41047102965641 0.6742131938483455
196 2173 2281 8.541250786623838 0.8219150876888927
196 2174 2281 7.7038279446001425 1.0041788561830274
196 2175 2281 6.909773151124557 1.2258674779217353
196 2176 2281 6.1758371902116656 1.487264988772926
196 2177 2281 5.526026149051527 1.7770331951720686
196 2178 2281 4.9932920002740655 2.06183094696894
196 2179 2281 4.618329243352049 2.2805280529643195
196 2180 2281 4.441279657936487 2.36254988236289
196 2181 2281 4.485639865169759 2.275415905966611
196 2182 2281 4.745204421307885 2.053517998814582
196 2183 2281 5.1877707158277175 1.7677704191308998
196 2184 2281 5.771391946489111 1.4785283267323075
196 2185 2281 6.457938138446287 1.2182897104565917
196 2186 2281 7.218099819204416 0.9978800221699561
196 2187 2281 8.031000249034895 0.8167862055105057
196 2188 2281 8.882171187271629 0.6700731471565623
196 2169 2282 11.811306659299103 0.40150981781313305
196 2170 2282 10.85831317470642 0.48698477992455325
196 2171 2282 9.914583450655039 0.5946873517225931
196 2172 2282 8.983037626549413 0.731396227888655
196 2173 2282 8.067897185760502 0.9060282664479509
196 2174 2282 7.175441798245037 1.1299614638785278
196 2175 2282 6.3152961134060615 1.4166034246424317
196 2176 2282 5.502632551788411 1.7784503953382234
196 2177 2282 4.761823705262635 2.217328396750287
196 2178 2282 4.131702433622356 2.700336322849759
196 2179 2282 3.6697363665528653 3.1225318707419367
196 2180 2282 3.4442655240269087 3.310796728806425
196 2181 2282 3.501280480052989 3.158553333447804
196 2182 2282 3.8281803771504572 2.7534729784357594
196 2183 2282 4.364741114888665 2.270408886420248
196 2184 2282 5.044498488452473 1.8239611434561125
196 2185 2282 5.817470670317042 1.4532135538848243
196 2186 2282 6.651237854715372 1.1586944271742
196 2187 2282 7.5256205724178304 0.9284270281691067
196 2188 2282 8.427987007583614 0.7488842168434564
196 2189 2282 9.350238767004718 0.6084144714048337
196 2169 2283 11.560491555293106 0.4158991965013666
196 2170 2283 10.584940481646694 0.507664536061601
196 2171 2283 9.614414438747827 0.6249476693844551
196 2172 2283 8.650604892144965 0.7765984444007462
196 2173 2283 7.696035667796906 0.9751561823613464
196 2174 2283 6.754625452236556 1.2385072902498109
196 2175 2283 5.83274935172099 1.5919844714474773
196 2176 2283 4.941352547633224 2.0698646097918774
196 2177 2283 4.100361569423004 2.71103156144409
196 2178 2283 3.3479792412738782 3.5284603114148623
196 2179 2283 2.7577101007902454 4.398654654866745
196 2180 2283 2.4496867146637906 4.891485188441507
196 2181 2283 2.5292222124597923 4.584233553040983
196 2182 2283 2.9652934087539697 3.756620727552974
196 2183 2283 3.6316614655002564 2.9041962819260556
196 2184 2283 4.425490368309393 2.2166796839040037
196 2185 2283 5.289703677900959 1.7006560247469784
196 2186 2283 6.194914446543928 1.3190132586032544
196 2187 2283 7.12551506910191 1.035396437765076
196 2188 2283 8.072729711813603 0.8222483824907894
196 2189 2283 9.031332404468227 0.6599891104941424
196 2169 2284 11.392232660896772 0.42376166386903824
196 2170 2284 10.400911738881495 0.5194304818245721
196 2171 2284 9.41142736252066 0.6428766224400272
196 2172 2284 8.42442668672488 0.8045366726630843
196 2173 2284 7.440898131274348 1.0199092127930904
196 2174 2284 6.462427175605294 1.3126786859467146
196 2175 2284 5.491717855097942 1.7201961252761726
196 2176 2284 4.533758374682232 2.3032177845534654
196 2177 2284 3.5987449201077037 3.1622034662956646
196 2178 2284 2.710528546243469 4.4529632713269685
196 2179 2284 1.9346743912091422 6.292382374251099
196 2180 2284 1.4625200853322309 7.892112177457356
196 2181 2284 1.5921573414709762 7.080860226325677
196 2182 2284 2.22057762755542 5.125265822656569
196 2183 2284 3.0540080222552444 3.6148925986661236
196 2184 2284 3.9652194138533012 2.605279548223833
196 2185 2284 4.911106290847191 1.9271605232630997
196 2186 2284 5.8749438295185925 1.4587104289887418
196 2187 2284 6.849157977444988 1.1256857991788605
196 2188 2284 7.82987643580651 0.8828930228180771
196 2189 2284 8.814928530623362 0.7020390129137278
196 2169 2285 11.31021507310993 0.4244507934263285
196 2170 2285 10.3110118320174 0.5211637970057564
196 2171 2285 9.311979649891988 0.646478109747964
196 2172 2285 8.313180197734333 0.8115179921607881
196 2173 2285 7.31470881170276 1.033153373384391
196 2174 2285 6.316721063969956 1.3379724224718121
196 2175 2285 5.319489167204071 1.7699652242744244
196 2176 2285 4.323536168462246 2.406669298994384
196 2177 2285 3.330009759745596 3.3970517876542354
196 2178 2285 2.342000213492871 5.065057353793239
196 2179 2285 1.3714827742266342 8.258188104755732
196 2180 2285 0.5262746431285815 15.122247981631853
196 2181 2285 0.8203444398542886 11.405103933126544
196 2182 2285 1.751846169045552 6.507240035518205
196 2183 2285 2.732208813396097 4.183166409700729
196 2184 2285 3.7230316947346873 2.885262916632282
196 2185 2285 4.717728796783339 2.0826507065282454
196 2186 2285 5.714277294636523 1.5525361543251832
196 2187 2285 6.711852575854019 1.1858312337284767
196 2188 2285 7.710056095775047 0.9232594652513688
196 2189 2285 8.708671827551989 0.7301245410565794
196 2169 2286 11.316314108401329 0.4179085884472456
196 2170 2286 10.317701536679703 0.512694464472409
196 2171 2286 9.319386514143645 0.6353342080209244
196 2172 2286 8.32147613107207 0.7965666764617233
196 2173 2286 7.3241357851969076 1.012610224353685
196 2174 2286 6.32763502424102 1.3088870363227216
196 2175 2286 5.332444561362207 1.7271419610950387
196 2176 2286 4.339465980970598 2.340142258833072
196 2177 2286 3.3506663516382593 3.2852089349760654
196 2178 2286 2.371279190648072 4.851171868425296
196 2179 2286 1.4209028819733969 7.73519616017129
196 2180 2286 0.6441777704950985 13.202563240505267
196 2181 2286 0.9005359515309572 11.242357820668088
196 2182 2286 1.7908001005135936 6.610874051747475
196 2183 2286 2.757347457249309 4.262724185192224
196 2184 2286 3.7415190765247957 2.9394021198357514
196 2185 2286 4.7323318776263665 2.1199664980943935
196 2186 2286 5.726339581268161 1.5789431142884411
196 2187 2286 6.7221250360282765 1.2049958208241636
196 2188 2286 7.7190002591007785 0.9374767090707242
196 2189 2286 8.71659136360066 0.740871618313189
196 2169 2287 11.41038846840908 0.4046769263504954
196 2170 2287 10.420794835328188 0.49484051403077656
196 2171 2287 9.433396260096487 0.6107195974437969
196 2172 2287 8.448962362326045 0.7617462556930841
196 2173 2287 7.468665543455661 0.9617807648556963
196 2174 2287 6.494379493069494 1.2317237833449768
196 2175 2287 5.529282503182606 1.6039712295930562
196 2176 2287 4.579188246840376 2.130019933183066
196 2177 2287 3.655812495191837 2.892427474506525
196 2178 2287 2.785850857458183 4.014611767082816
196 2179 2287 2.038863654097602 5.595779710083867
196 2180 2287 1.5978000500688299 7.163861942359121
196 2181 2287 1.7172550771506505 6.966518592731864
196 2182 2287 2.3119180348791386 5.297130104129992
196 2183 2287 3.121051906008477 3.7910754697121614
196 2184 2287 4.017084141513453 2.740446104174982
196 2185 2287 4.953076316795312 2.026083634493158
196 2186 2287 5.91007318059585 1.5311493088362174
196 2187 2287 6.879314282688215 1.1793931300046474
196 2188 2287 7.856269152721144 0.9233091468850076
196 2189 2287 8.838380224905325 0.7328989980677965
196 2170 2288 10.617483929820782 0.4692232543898201
196 2171 2288 9.650231344377309 0.5752595170725315
196 2172 2288 8.690394985269773 0.7114901663210491
196 2173 2288 7.740734138310252 0.8885439547469148
196 2174 2288 6.805509900073726 1.1213953767152534
196 2175 2288 5.891601225473532 1.431009849717422
196 2176 2288 5.010685082900436 1.8456406096280742
196 2177 2288 4.183654502943651 2.3984819806020736
196 2178 2288 3.449487643114614 3.1093154952898105
196 2179 2288 2.880098088607425 3.9155074678004014
196 2180 2288 2.586689969826279 4.531464896120168
196 2181 2288 2.6621354210482244 4.521237253246673
196 2182 2288 3.0794423196415512 3.893800094269236
196 2183 2288 3.7254482951718804 3.0877518964500803
196 2184 2288 4.5027730344754 2.381093507714084
196 2185 2288 5.354527523507422 1.832483578191904
196 2186 2288 6.250357189793097 1.4211937503406165
196 2187 2288 7.173769232418756 1.1140447725542926
196 2188 2288 8.115353658344024 0.8829847285823538
196 2189 2288 9.069452298788358 0.7072361940797872
196 2170 2289 10.902704480999311 0.43793226539757807
196 2171 2289 9.963180466096265 0.5322928119427904
196 2172 2289 9.036645671929488 0.6513205426210615
196 2173 2289 8.127543601851773 0.802399945563166
196 2174 2289 7.2424419224458685 0.9949896076548481
196 2175 2289 6.391319503827136 1.2405173478700742
196 2176 2289 5.589719581517563 1.5507984732584115
196 2177 2289 4.862197548434309 1.93235335949991
196 2178 2289 4.246994819869732 2.3714199681209367
196 2179 2289 3.7990742293353605 2.8055349900279873
196 2180 2289 3.581754458362521 3.1025609536126857
196 2181 2289 3.6366144970287304 3.1208038115451466
196 2182 2289 3.9523366506408912 2.8500403474020355
196 2183 2289 4.474032297603471 2.4238234375377754
196 2184 2289 5.139354531456136 1.9808617363466827
196 2185 2289 5.899912287483471 1.5913201453566317
196 2186 2289 6.723463765054303 1.2729182547147662
196 2187 2289 7.589529959094826 1.0204724158208007
196 2188 2289 8.485102533263676 0.8223695552001064
196 2189 2289 9.401753293933922 0.667009923306829
196 2171 2290 10.363540176985957 0.48520413798286366
196 2172 2290 9.476231582227287 0.5865815793671123
196 2173 2290 8.613649923232405 0.7119671066461063
196 2174 2290 7.784019848381769 0.8666295682879841
196 2175 2290 6.999068866642267 1.0556597816962512
196 2176 2290 6.275584833304446 1.2819436298313045
196 2177 2290 5.6372834769949725 1.541777413007593
196 2178 2290 5.116147476373238 1.8172266645924797
196 2179 2290 4.750890969070958 2.0675332924852063
196 2180 2290 4.578969862316165 2.230718842779504
196 2181 2290 4.622008762432136 2.2511340547521255
196 2182 2290 4.874316875214329 2.1208884265773484
196 2183 2290 5.306125234104347 1.886741175896115
196 2184 2290 5.878006890094519 1.6128531487745288
196 2185 2290 6.5533933957910975 1.3464611439539589
196 2186 2290 7.30362683876977 1.1107133924468002
196 2187 2290 8.107956894310542 0.9121410610697299
196 2188 2290 8.951813503419157 0.7490211979177354
196 2189 2290 9.825017302783607 0.6165670726924011
196 2172 2291 9.996847753167085 0.521620513247472
196 2173 2291 9.183298154802637 0.6236544792413029
196 2174 2291 8.41005142671561 0.7455443873928276
196 2175 2291 7.689275973718265 0.8888090630497443
196 2176 2291 7.037113399683191 1.0524231621487052
196 2177 2291 6.474331239595364 1.2302836001946993
196 2178 2291 6.0260239793748065 1.4080367226396386
196 2179 2291 5.719175202771804 1.5612640918855751
196 2180 2291 5.577182532426175 1.6591953432657824
196 2181 2291 5.6125720485352675 1.6767818125312293
196 2182 2291 5.822110012701503 1.6090467497555128
196 2183 2291 6.18813097792854 1.474348274445888
196 2184 2291 6.6849805534495435 1.303001975522885
196 2185 2291 7.285942972601301 1.1228971536815593
196 2186 2291 7.967494273609365 0.9524216198372472
196 2187 2291 8.71073848763684 0.8006241833001729
196 2188 2291 9.50120860732978 0.6702141467224219
196 2174 2292 9.103129406967758 0.6365107482411282
196 2175 2292 8.441739453453945 0.744428595915244
196 2176 2292 7.852322267966377 0.8629131692395784
196 2177 2292 7.352208171699191 0.9863173126094187
196 2178 2292 6.9606727404756 1.1045294449495486
196 2179 2292 6.696787662752929 1.2030536560678946
196 2180 2292 6.575938336085548 1.2656676764058543
196 2181 2292 6.605979488312031 1.2798942485834413
196 2182 2292 6.78490714748544 1.2426492792645962
196 2183 2292 7.1014762549767605 1.1618089944643284
196 2184 2292 7.538366202301297 1.0523387955035233
196 2185 2292 8.076073612839238 0.9302097338802784
196 2186 2292 8.695916570436836 0.8080727568772478
196 2187 2292 9.381629122918774 0.6939181937806121
196 2188 2292 10.119830285138057 0.5917096307092863
196 2174 2293 9.849109858256282 0.5411759580284491
196 2175 2293 9.241264253336814 0.6224753240368223
196 2176 2293 8.70614524344733 0.7088870113718687
196 2177 2293 8.257903184222995 0.7959399157095115
196 2178 2293 7.911318790189156 0.8768048078686558
196 2179 2293 7.680166990372003 0.9427443696595652
196 2180 2293 7.575022442210946 0.984728050855119
196 2181 2293 7.601116036477749 0.9960386771605511
196 2182 2293 7.7571235003704135 0.9747315973634072
196 2183 2293 8.035481628377894 0.9244218654456102
196 2184 2293 8.424070571879037 0.8528472120921791
196 2185 2293 8.908477142587174 0.769193422271394
196 2186 2293 9.47401525225698 0.681718908203772
196 2187 2293 10.107074997248096 0.5965231082140147
196 2175 2294 10.07665445472855 0.520820965982001
196 2176 2294 9.588272263551993 0.5844621386026037
196 2177 2294 9.183189260817844 0.6469326641049172
196 2178 2294 8.872821704508658 0.7036671278102296
196 2179 2294 8.667350517891823 0.7492758367670874
196 2180 2294 8.57432008966305 0.77848839591127
196 2181 2294 8.597381287345533 0.7874604265916858
196 2182 2294 8.735614746541817 0.7749348007378576
196 2183 2294 8.983705527230875 0.7426565190787223
196 2184 2294 9.332896924320888 0.6948013830992898
196 2185 2294 9.772357187495658 0.6367455909248557
196 2186 2294 10.29052792620465 0.5737924672078617
196 2176 2295 10.491566374950901 0.4840256987326028
196 2177 2295 10.122695540220505 0.5296020917799599
196 2178 2295 9.842000050802675 0.5703059928924255
196 2183 2295 9.942080516672478 0.6020770447060061
196 2184 2295 10.258701915934502 0.56941717371416
22 2097 702 7.991804614728798 0.36812221726666383
22 2098 702 8.134921081362775 0.36647930654308997
22 2099 702 8.395531013581005 0.34934081824178237
22 2094 703 7.349485764323955 0.3838144111708216
22 2095 703 7.0938664351678105 0.4377042549372761
22 2096 703 6.9735888178183005 0.4790821712071488
22 2097 703 6.995637283335983 0.4991275405413805
22 2098 703 7.158696878622563 0.4928800853653306
22 2099 703 7.453518699245373 0.46193516839072096
22 2100 703 7.865299803567593 0.41354054777688226
22 2092 704 7.380307649414109 0.3440706217391119
22 2093 704 6.839367002873907 0.4245607603014839
22 2094 704 6.409753583407118 0.5124170855792753
22 2095 704 6.114976778369677 0.5973686540169756
22 2096 704 5.975026443456161 0.6630830651049238
22 2097 704 6.000745037076678 0.6920521996749175
22 2098 704 6.1900679317759 0.6751024550530516
22 2099 704 6.528777910145234 0.617712517928981
22 2100 704 6.995208431490827 0.5361410401541208
22 2101 704 7.565774315957379 0.4477769756397111
22 2091 705 7.295953741629695 0.3396830052525564
22 2092 705 6.598404428344806 0.43647468680148294
22 2093 705 5.9872314971111935 0.5558243884327283
22 2094 705 5.491351472998276 0.6935102030070829
22 2095 705 5.144214322906883 0.8334207969428811
22 2096 705 4.9770413902237465 0.9437922388157097
22 2097 705 5.007887878137879 0.9867393298744569
22 2098 705 5.233253385801255 0.9441721324529145
22 2099 705 5.629826018626179 0.834029030195889
22 2100 705 6.164652544953388 0.6941705043704415
22 2101 705 6.805214250852083 0.5564256820541679
22 2090 706 7.482843109407032 0.3143718185680474
22 2091 706 6.655895206506807 0.4153676475662687
22 2092 706 5.882936426649559 0.5509933056824954
22 2093 706 5.188153910592888 0.7291862009026093
22 2094 706 4.607053396695145 0.9506915291367525
22 2095 706 4.187235484182883 1.1935133085556795
22 2096 706 3.980067964243859 1.393465553481234
22 2097 706 4.018574498500712 1.4587359810710527
22 2098 706 4.296154210453838 1.3508821087647322
22 2099 706 4.771261992387363 1.1311234454913501
22 2100 706 5.391932955814661 0.889607699789726
22 2101 706 6.113995502124631 0.6785287994784356
22 2090 707 7.00449434292014 0.3684924662664888
22 2091 707 6.113177651598245 0.4999599669647406
22 2092 707 5.261077931374921 0.6866341004060904
22 2093 707 4.470675676002478 0.9510257881077222
22 2094 707 3.7808651126428994 1.313889261947012
22 2095 707 3.2562157483803493 1.7613584065402776
22 2096 707 2.9851199305890863 2.164692180737627
22 2097 707 3.0362709035921323 2.2645628140188743
22 2098 707 3.39513490159083 1.9733695783108816
22 2099 707 3.9793141368834113 1.5203050904077127
22 2100 707 4.705628650881852 1.1107774190296995
22 2101 707 5.518237127924112 0.8012589052206172
22 2090 708 6.643262827858023 0.4219237569817852
22 2091 708 5.695694953208095 0.5868147654615677
22 2092 708 4.769584992428603 0.8342132575370432
22 2093 708 3.8803274346374623 1.2142789110401442
22 2094 708 3.060219109802457 1.8042711743900544
22 2095 708 2.3817936518515066 2.6761462597901455
22 2096 708 1.9952295607273183 3.631947430749037
22 2097 708 2.07097585693318 3.7655739385905695
22 2098 708 2.568451089664764 2.8904464412350364
22 2099 708 3.3022630119359215 1.9643716646175515
22 2100 708 4.148848153403556 1.3184841268269805
22 2101 708 5.051825511634393 0.9013585824796091
22 2089 709 7.409112025067519 0.3384668708057211
22 2090 709 6.418951705691523 0.46824152513784
22 2091 709 5.432397352918884 0.663967330616885
22 2092 709 4.451846920099578 0.9710786913450371
22 2093 709 3.4823757694999093 1.4780490985795847
22 2094 709 2.5367185496227362 2.3713506267131543
22 2095 709 1.656182659008381 4.061313331492617
22 2096 709 1.0251541347524595 6.960800110802576
22 2097 709 1.1657362480424365 6.805640850235848
22 2098 709 1.914925847128303 3.9412968646572306
22 2099 709 2.8239938031093557 2.3091883886344258
22 2100 709 3.7792778410696446 1.4438620048951252
22 2101 709 4.752992846617805 0.9508908816267788
22 2089 710 7.346083378236328 0.3588077343286548
22 2090 710 6.346096516757371 0.49988924450216987
22 2091 710 5.34611457041467 0.7157541330973141
22 2092 710 4.346140931907297 1.061863534896611
22 2093 710 3.3461830493862736 1.6539839809165144
22 2094 710 2.346261068167823 2.771424619362424
22 2095 710 1.3464549751105708 5.280590183077422
22 2096 710 0.347765725740764 14.253562898636195
22 2097 710 0.6549358747236198 9.62509907712758
22 2098 710 1.6543702729437524 4.217639456762266
22 2099 710 2.6542307736894277 2.328861535088369
22 2100 710 3.65416762067642 1.4278542651282078
22 2101 710 4.65413160535883 0.9327492511477612
22 2089 711 7.418553834811741 0.36706507621916845
22 2090 711 6.429847665380572 0.510555993906816
22 2091 711 5.445267762011339 0.7287207680882426
22 2092 711 4.467543060788555 1.0743907707817544
22 2093 711 3.502419306707859 1.6515514151766182
22 2094 711 2.5641647762965527 2.679224329284177
22 2095 711 1.697922554182005 4.598635892234553
22 2096 711 1.091302432875478 7.163771285570677
22 2097 711 1.2243124601178939 5.7512968122490316
22 2098 711 1.9511383856610278 3.3403983464797564
22 2099 711 2.848673550970682 2.007436595342816
22 2100 711 3.79775473141696 1.2787829521321596
22 2090 712 6.664303489487849 0.49789461374186816
22 2091 712 5.720222111072253 0.6991068155433898
22 2092 712 4.798847882565138 1.0036354077766063
22 2093 712 3.9162406718688643 1.472189380503507
22 2094 712 3.1056305317921975 2.1816387390508485
22 2095 712 2.439864955279263 3.109498793301744
22 2096 712 2.0642046894627173 3.7121283314016034
22 2097 712 2.137508128639483 3.2482938830263124
22 2098 712 2.622392228481441 2.3149153127837905
22 2099 712 3.3443894809067696 1.563975158681242
22 2100 712 4.18245633569555 1.0632357483378219
22 2090 713 7.03441120492681 0.46467867223996434
22 2091 713 6.147433692200336 0.6352675296944384
22 2092 713 5.300843423456294 0.87610132694579
22 2093 713 4.517404232521131 1.2075498157062015
22 2094 713 3.836005865480373 1.6252079318402473
22 2095 713 3.320081474903864 2.0337149799771193
22 2096 713 3.0546589007612304 2.2041904386156044
22 2097 713 3.104664394101205 1.9954549789735976
22 2098 713 3.4564347238158275 1.5765859512970792
22 2099 713 4.031741683193479 1.1661952492761658
22 2100 713 4.750046420825778 0.845373750631408
22 2091 714 6.6978310668454295 0.552480336315019
22 2092 714 5.9303407153383505 0.7286083482100573
22 2093 714 5.2418451903885686 0.9450106181438885
22 2094 714 4.667434091661045 1.177786662788685
22 2095 714 4.253579786485703 1.3631015820285688
22 2096 714 4.049807526290571 1.4155692712161803
22 2097 714 4.087657152942225 1.3048683352493096
22 2098 714 4.360841776538073 1.091731870925895
22 2099 714 4.829590148242366 0.8599737232578823
22 2093 715 6.045406603364219 0.724364511303162
22 2094 715 5.55472240530521 0.8537451571725834
22 2095 715 5.2118078437332755 0.9422169079606877
22 2096 715 5.046874379256897 0.9572027046795631
22 2097 715 5.077296623204092 0.8923812426454855
22 2098 715 5.299711407237159 0.7734048867310347
22 2095 716 6.183279146213571 0.6695252450923274
22 2096 716 6.044910338458266 0.671689625240818
57 1752 969 10.697421184565897 0.3686421613550218
57 1753 969 10.543378016556142 0.38903761729593084
57 1754 969 10.48288223724751 0.40345502271566475
57 1755 969 10.517548193376603 0.4106333290988832
57 1750 970 10.344796759724145 0.3855932166881972
57 1751 970 9.987132721657366 0.4229204979321055
57 1752 970 9.719610074483406 0.4569193617178388
57 1753 970 9.54980732789931 0.48497529595405886
57 1754 970 9.482975271506271 0.5045288448317469
57 1755 970 9.521282476641447 0.5135696529354854
57 1756 970 9.663478669713074 0.511103075573611
57 1757 970 9.905090610388157 0.4974046284068175
57 1749 971 9.915786403508255 0.42059800349444865
57 1750 971 9.436674202281186 0.4726925274138908
57 1751 971 9.043164269214582 0.5243018427662459
57 1752 971 8.746817707029189 0.571951256106623
57 1753 971 8.557734513292605 0.6114638731036701
57 1754 971 8.483090238822141 0.6386085577662249
57 1755 971 8.525891155767798 0.6500486994561483
57 1756 971 8.684400958039628 0.6442688006985539
57 1757 971 8.952475635264232 0.6220427718281213
57 1758 971 9.320666285196557 0.5861912178913983
57 1759 971 9.77766945647069 0.5407610850469119
57 1760 971 10.311683664659226 0.4900379580995323
57 1761 971 10.91140779184794 0.43777719904218115
57 1747 972 10.339381993136683 0.3830199284198456
57 1748 972 9.676301979578726 0.4439409073021226
57 1749 972 9.075176031350534 0.5111725543843829
57 1750 972 8.549082991759953 0.5828627785444495
57 1751 972 8.112633357917721 0.6555588959561325
57 1752 972 7.780926680029791 0.7239599394853815
57 1753 972 7.567748674473769 0.7811991279564252
57 1754 972 7.483235931066155 0.8199749148716107
57 1755 972 7.531720918886973 0.8344696338278063
57 1756 972 7.710695169697716 0.8223187255207316
57 1757 972 8.011418101684605 0.7855115255454139
57 1758 972 8.420856250999647 0.7296296869392909
57 1759 972 8.924058493757192 0.6619283312507543
57 1760 972 9.506146432703419 0.5893728037013353
57 1761 972 10.153561936581665 0.5174260228906247
57 1762 972 10.854622056985683 0.4497006431239792
57 1747 973 9.640478203906648 0.45173477082872904
57 1748 973 8.925627148833813 0.5317413459514357
57 1749 973 8.270116081410182 0.6226242691824729
57 1750 973 7.6891364924807615 0.7225524839733324
57 1751 973 7.200751349685629 0.8270230621218911
57 1752 973 6.824867764286681 0.9279755727806076
57 1753 973 6.580791745679204 1.0137916970588685
57 1754 973 6.483426563168554 1.0712118540030198
57 1755 973 6.539328711725667 1.0894466881300195
57 1756 973 6.744688280417394 1.0647283759412558
57 1757 973 7.086523830482743 1.0021240182384512
57 1758 973 7.546311681874787 0.9131228028776871
57 1759 973 8.104000246791701 0.8109528373278702
57 1760 973 8.740870666014914 0.7067519269270564
57 1761 973 9.440912032213841 0.6079996888930138
57 1762 973 10.191114757473793 0.5187216565484615
57 1746 974 9.810546366028712 0.4425728075754108
57 1747 974 8.998601002378049 0.5303391146153558
57 1748 974 8.22817233655198 0.6352236932635937
57 1749 974 7.512044994540391 0.7585109017860189
57 1750 974 6.86722797058605 0.8993335257362765
57 1751 974 6.315601317372676 1.0525985025214384
57 1752 974 5.883436070868752 1.2064284458290007
57 1753 974 5.598465861287323 1.340687062106995
57 1754 974 5.483686716069735 1.4297877519061264
57 1755 974 5.549668458565767 1.4520671812434052
57 1756 974 5.790234882973212 1.4014800730583181
57 1757 974 6.185048100055477 1.291383782353927
57 1758 974 6.706923288662241 1.1464683761713501
57 1759 974 7.328766608372789 0.9909139827566446
57 1760 974 8.027379398035206 0.8415957680688395
57 1761 974 8.784464696269211 0.7074079954205208
57 1762 974 9.586178592118978 0.5914718513616793
57 1745 975 10.1761888740333 0.41810304848583957
57 1746 975 9.288854611845274 0.5072545161528281
57 1747 975 8.426791797594104 0.6177288651045135
57 1748 975 7.598606451185595 0.7541777506875571
57 1749 975 6.816657538706151 0.9210476031023319
57 1750 975 6.098755610778273 1.1207746889688248
57 1751 975 5.470175499926811 1.349970388197559
57 1752 975 4.964959214333951 1.5929359587491725
57 1753 975 4.623723607656459 1.814578835893832
57 1754 975 4.4840628898354815 1.9618842639757386
57 1755 975 4.564517499144877 1.9865098913781107
57 1756 975 4.854154921301942 1.8792565744552383
57 1757 975 5.318911542787672 1.6778186246379954
57 1758 975 5.917670149645043 1.4373579034325714
57 1759 975 6.614137887888342 1.200498878002763
57 1760 975 7.380705928297111 0.9892766805843213
57 1761 975 8.197732613351096 0.8106433058109408
57 1762 975 9.051564505653166 0.6636870358401358
57 1745 976 9.777055794051662 0.46699005980859826
57 1746 976 8.849792087953212 0.5741740325183713
57 1747 976 7.940202768191712 0.710726802974477
57 1748 976 7.0551272135943375 0.8853627164640712
57 1749 976 6.205064060910206 1.1085521739536137
57 1750 976 5.406553430791147 1.390965086474353
57 1751 976 4.686023900920651 1.7380848703780398
57 1752 976 4.084950428095751 2.136409845463762
57 1753 976 3.66262474190296 2.5282492079972223
57 1754 976 3.4846549327013414 2.7949067101196885
57 1755 976 3.5875925075180786 2.8114963760956693
57 1756 976 3.9495341497447414 2.5689345039474873
57 1757 976 4.508527475795172 2.184621391561363
57 1758 976 5.201424804801089 1.7829087084829773
57 1759 976 5.981874288214365 1.428474098536877
57 1760 976 6.819884163239151 1.1385319196368664
57 1761 976 7.69667590587003 0.908896455365014
57 1762 976 8.600396502487563 0.7291159683502737
57 1744 977 10.435459740710957 0.41631004582233255
57 1745 977 9.46714423678013 0.5134720065803225
57 1746 977 8.506163647614553 0.63904826783959
57 1747 977 7.555317332845748 0.8032482405479255
57 1748 977 6.618974240771712 1.0205092204762383
57 1749 977 5.704280848625839 1.3110873312930351
57 1750 977 4.823569217913182 1.7022321673198184
57 1751 977 3.99935244758444 2.225524347500972
57 1752 977 3.2745717277225297 2.897813042651681
57 1753 977 2.7296190210356794 3.6521777581067703
57 1754 977 2.4857232347950258 4.20742156990141
57 1755 977 2.6280829515066513 4.164251397767223
57 1756 977 3.104000644329826 3.5602204780710585
57 1757 977 3.789831130802538 2.8063017205163403
57 1758 977 4.592474278643279 2.151837314714374
57 1759 977 5.460661132134109 1.646676923481059
57 1760 977 6.367638494763992 1.269834894204428
57 1761 977 7.298960199918911 0.9897803234129121
57 1762 977 8.246382237078292 0.7801349237659723
57 1744 978 10.243769813891722 0.44550503393384655
57 1745 978 9.255421114136261 0.5537730999953823
57 1746 978 8.269874243300158 0.6959988815063743
57 1747 978 7.288265911724094 0.8859876233355033
57 1748 978 6.312433762028677 1.1447588731936789
57 1749 978 5.345542067929086 1.5052381588153272
57 1750 978 4.393497467849463 2.0203569863673234
57 1751 978 3.468547246326581 2.7758769208722547
57 1752 978 2.5997730670194605 3.9002057937149024
57 1753 978 1.867302867774759 5.48463369696662
57 1754 978 1.4882271332024237 6.953226406444976
57 1755 978 1.7154649515510279 6.534469281978731
57 1756 978 2.38134835754873 4.854803387542717
57 1757 978 3.22472014289614 3.434223149441301
57 1758 978 4.138456233911405 2.4625996638209817
57 1759 978 5.084763514658301 1.8082427386344815
57 1760 978 6.048373335038132 1.3579426717593865
57 1761 978 7.022166332407711 1.039765522237035
57 1762 978 8.002425882193501 0.8093751752936407
57 1763 978 8.987036218910019 0.6389514131982128
57 1744 979 10.147453867842874 0.4673675620566134
57 1745 979 9.148705919418296 0.5838009982334268
57 1746 979 8.150265026365673 0.7383030592057916
57 1747 979 7.152259782753944 0.9474729284006546
57 1748 979 6.154902111325538 1.2376869439847218
57 1749 979 5.158567630650938 1.6529703249085494
57 1750 979 4.163990874149427 2.2716538288932755
57 1751 979 3.172825239435631 3.2456653273908675
57 1752 979 2.1897077430560983 4.90772485952524
57 1753 979 1.234025931656178 8.116630571305887
57 1754 979 0.5008193287004437 14.276472491308775
57 1755 979 0.9893533241466511 10.199244530380948
57 1756 979 1.925310364590627 5.890889573370094
57 1757 979 2.904276157668234 3.781375295551998
57 1758 979 3.8939465841226206 2.5959651838065483
57 1759 979 4.887823646573216 1.8634265843974953
57 1760 979 5.883775998455444 1.3811076594826268
57 1761 979 6.880902557077844 1.048841240074842
57 1762 979 7.878757516258543 0.8120114529311905
57 1763 979 8.877095245630777 0.6386336032483079
57 1744 980 10.14922755681433 0.47968005205072045
57 1745 980 9.150673199278806 0.599976468566251
57 1746 980 8.152473244359621 0.7599370593363782
57 1747 980 7.154776027242192 0.9770369749922774
57 1748 980 6.157825915044986 1.2791724306097707
57 1749 980 5.16205579202702 1.71317055086851
57 1750 980 4.168311408712137 2.3629423769468985
57 1751 980 3.178493353776255 3.3926906870555733
57 1752 980 2.1979126461258396 5.165492872727957
57 1753 980 1.2485271322642355 8.611139107852937
57 1754 980 0.5355557860765031 14.204232536338216
57 1755 980 1.0073827475195745 9.365757549813793
57 1756 980 1.9346369168399924 5.529572832922978
57 1757 980 2.9104673164287926 3.5924210438992894
57 1758 980 3.8985664031795437 2.4842003664502146
57 1759 980 4.891504880913475 1.7919742844524649
57 1760 980 5.886834463444714 1.3329216025279895
57 1761 980 6.883517995908813 1.0150474731069135
57 1762 980 7.8810418093041825 0.7875863572892035
57 1763 980 8.879122704411772 0.620550791058855
57 1744 981 10.249039955039663 0.48108029581959316
57 1745 981 9.261253694829847 0.6001745766119511
57 1746 981 8.276401391909381 0.7574608833164218
57 1747 981 7.295671319350922 0.9688530255483943
57 1748 981 6.320982518564633 1.258773115249546
57 1749 981 5.355634416201291 1.6657260084905199
57 1750 981 4.405771215122253 2.2516357403158875
57 1751 981 3.484080940506389 3.114559921342161
57 1752 981 2.6204617913642525 4.38268065318337
57 1753 981 1.8960010548520307 6.016242897100656
57 1754 981 1.5240800503910807 6.931987686972498
57 1755 981 1.7466596691972207 5.858898212579042
57 1756 981 2.4039176358603074 4.2397668041878775
57 1757 981 3.2414225272247794 3.015466390197427
57 1758 981 4.151484071991646 2.184778463454939
57 1759 981 5.095372410334734 1.6197836364342262
57 1760 981 6.057294775722944 1.2263856346167312
57 1761 981 7.029852061032333 0.945458518178443
57 1762 981 8.00917099330515 0.7401956529327657
57 1763 981 8.993042866571951 0.5871938422779187
57 1744 982 10.444080620140745 0.4714080897391828
57 1745 982 9.476646031165222 0.584368421468605
57 1746 982 8.516737638321356 0.7312809442882976
57 1747 982 7.567220097235158 0.9245808428274125
57 1748 982 6.632557576078759 1.1817402952151896
57 1749 982 5.720036713168877 1.5266566334545202
57 1750 982 4.842191652547416 1.9890120425373135
57 1751 982 4.021793132422395 2.5939230637063746
57 1752 982 3.3019418529101943 3.3184728177647633
57 1753 982 2.7623938893648154 3.9818515146316757
57 1754 982 2.5216700815134674 4.197427494746614
57 1755 982 2.6621081871329353 3.78512369693353
57 1756 982 3.1328613119639157 3.0653270481819415
57 1757 982 3.813504949518269 2.372063950625706
57 1758 982 4.612029921845737 1.8169354399607722
57 1759 982 5.477117855222805 1.3979302102511724
57 1760 982 6.381756811411771 1.08591702829522
57 1761 982 7.311280325633849 0.8527785503263662
57 1762 982 8.25728890132837 0.6769047214711443
57 1744 983 10.7291574692517 0.45174796334170114
57 1745 983 9.789934626952297 0.5546376689190639
57 1746 983 8.864018276154425 0.685494253543957
57 1747 983 7.956055555361572 0.85258329763994
57 1748 983 7.07296401800545 1.0659034847412916
57 1749 983 6.2253369386724655 1.3359003722154477
57 1750 983 5.42980846807693 1.6688761440226874
57 1751 983 4.71283566443813 2.0549939051198667
57 1752 983 4.115679773743344 2.4453453370464326
57 1753 983 3.696866240479919 2.7323253531175067
57 1754 983 3.520627784927029 2.7892892393533266
57 1755 983 3.622543305469275 2.585679820769989
57 1756 983 3.981308830020641 2.2222960643123653
57 1757 983 4.536388431340551 1.8252479262138228
57 1758 983 5.225592789339833 1.467275828503106
57 1759 983 6.002900965366705 1.1712084534464198
57 1760 983 6.838334592574466 0.9354161931604769
57 1761 983 7.713029236298839 0.7503163216343646
57 1744 984 11.097333914053394 0.4241479395335189
57 1745 984 10.192095957162083 0.5145371454640657
57 1746 984 9.306278525812546 0.6264176967977858
57 1747 984 8.445994316834447 0.7643453968691498
57 1748 984 7.619896324754023 0.9325147207374395
57 1749 984 6.840381568304499 1.1328179427665408
57 1750 984 6.1252608107736926 1.360863139219394
57 1751 984 5.49971090149292 1.5994739360790198
57 1752 984 4.997481365648112 1.8122460552581932
57 1753 984 4.65862855355524 1.946735431728452
57 1754 984 4.520046459938245 1.958404868607103
57 1755 984 4.599871737342284 1.842938474558513
57 1756 984 4.88741444937918 1.6398478291656462
57 1757 984 5.349282194837028 1.4025361253477786
57 1758 984 5.9449827585957316 1.1709290507131747
57 1759 984 6.638585692751174 0.9651991391919601
57 1760 984 7.4026225082737165 0.7914414572442282
57 1745 985 10.673088587658201 0.46815768152610243
57 1746 985 9.830708011125129 0.560704947311762
57 1747 985 9.020577586828898 0.6706651216523078
57 1748 985 8.252200918542878 0.7986981578461623
57 1749 985 7.538356584826694 0.9427204814837998
57 1750 985 6.896000290023199 1.095652329345078
57 1751 985 6.346874821516501 1.243062661024045
57 1752 985 5.916994169339715 1.362816866115007
57 1753 985 5.633721682866509 1.4299711926442782
57 1754 985 5.519675715112285 1.4274934340154681
57 1755 985 5.585232313879198 1.356053050146371
57 1756 985 5.824330004386809 1.2336028532114582
57 1757 985 6.216978365733671 1.0851882322916324
57 1758 985 6.736380333680735 0.9324985807237101
57 1759 985 7.355733817913793 0.7894124490160245
57 1746 986 10.424913428897135 0.49394733524193996
57 1747 986 9.664720378779714 0.579502122913445
57 1748 986 8.951805404498021 0.6749118982586922
57 1749 986 8.298362489069758 0.7769255716222319
57 1750 986 7.719509051746757 0.8791195268367842
57 1751 986 7.2331749598637645 0.9714367791042395
57 1752 986 6.859068449869868 1.0411891889145886
57 1753 986 6.616254227279987 1.076249356151521
57 1754 986 6.519418685741879 1.0696303812037231
57 1755 986 6.575014828880649 1.0226986206690405
57 1756 986 6.77929347351186 0.9445147848153185
57 1757 986 7.11946767672981 0.8478464980052891
57 1758 986 7.577256759540397 0.7447990863704588
57 1748 987 9.704165085158024 0.5659101559817651
57 1749 987 9.104878911880164 0.6378538610402945
57 1750 987 8.580607204621371 0.7065379533460667
57 1751 987 8.145846794532796 0.7654313656393472
57 1752 987 7.815549884685037 0.8073339350571829
57 1753 987 7.603342685950723 0.8261453184664082
57 1754 987 7.519230013771385 0.8188478015545677
57 1755 987 7.567484390469563 0.7866330623655587
57 1756 987 7.745632317635569 0.7344462304081667
57 1757 987 8.045049409419473 0.6692499992283226
57 1751 988 9.0769389113291 0.6085334611567037
57 1752 988 8.78173217537408 0.6343711406485519
57 1753 988 8.593417248103366 0.6445697268240727
57 1754 988 8.519085631686096 0.6377839209277916
154 1781 1888 2.8404501403827194 1.5480744764304888
154 1782 1888 2.246365286412759 2.2156581933569757
154 1783 1888 2.0060301592948053 2.6019444776434226
154 1781 1889 2.2485900026461114 2.2138220713340253
154 1782 1889 1.4262387598155177 3.9737045729880274
154 1783 1889 1.0060601373676283 5.747472480343708
154 1781 1890 2.0110089507508087 2.5956383261243428
154 1782 1890 1.0110178039975037 5.724221958405942
154 1783 1890 0.012529964086153863 31.729897397007303
190 1286 2405 4.606338459123279 0.9861462430059043
190 1287 2405 4.644604827108334 1.1092914956222188
190 1288 2405 4.89145724707861 1.1675985851136768
190 1284 2406 4.2802282649409005 0.965735075550727
190 1285 2406 3.830711944273389 1.2234446315836314
190 1286 2406 3.6094811261452278 1.4917953425943664
190 1287 2406 3.6581899895984678 1.697580955476506
190 1288 2406 3.9669073596440656 1.7497941158559058
190 1289 2406 4.482226455680041 1.6199912256499365
190 1283 2407 4.216201370902436 1.0278803299949284
190 1284 2407 3.482865774042892 1.3914138450181797
190 1285 2407 2.912791444645361 1.866057933626631
190 1286 2407 2.6150246652754583 2.3957820763327082
190 1287 2407 2.6818564465680925 2.766062348181419
190 1288 2407 3.089717462810904 2.7048341762283874
190 1289 2407 3.7283178512565778 2.2645500152941533
190 1282 2408 4.607857853710351 0.9928141336774502
190 1283 2408 3.685967172941178 1.402058474741312
190 1284 2408 2.817863374970439 2.028702690478875
190 1285 2408 2.072282316673963 2.981447856552256
190 1286 2408 1.627376416198607 4.234860083842741
190 1287 2408 1.7327302155844215 4.955320652338342
190 1288 2408 2.314379830537557 4.155822877720162
190 1289 2408 3.1161440916618193 2.9099761584643007
190 1281 2409 5.356151043426683 0.8768542089433543
190 1282 2409 4.363754576050372 1.2488158005220982
190 1283 2409 3.375848634047501 1.8491331184956543
190 1284 2409 2.397989574622916 2.890307829347144
190 1285 2409 1.4506391694697918 4.890288309294077
190 1286 2409 0.6770184635590243 9.033103685713321
190 1287 2409 0.9013068289986692 9.707076438740456
190 1288 2409 1.7794251880872798 5.267760510785422
190 1289 2409 2.7423263846594312 3.075129407184345
190 1281 2410 5.33838496176523 1.014787129228307
190 1282 2410 4.341929755304773 1.4700272354683581
190 1283 2410 3.347589281856539 2.2304565788719293
190 1284 2410 2.3580402880359346 3.624647312218902
190 1285 2410 1.3836018213345946 6.597846423824621
190 1286 2410 0.518028956719817 13.368909926158949
190 1287 2410 0.7888941627366984 8.272732095587363
190 1288 2410 1.725211291407476 4.318585442300884
190 1282 2411 4.545586210820488 1.560847595978046
190 1283 2411 3.6078184544127465 2.3005927472561205
190 1284 2411 2.71483959010491 3.464301696172525
190 1285 2411 1.929858544039124 5.001839173138166
190 1286 2411 1.4416497494192624 5.553265271576375
190 1287 2411 1.5596005898948733 4.237540851461842
190 1283 2412 4.101993905407659 2.000264962741058
190 1284 2412 3.343703635192777 2.614124325918791
190 1285 2412 2.7448777750568802 3.0531153350530125
190 1286 2412 2.4265930849652197 2.9643520936860956
