# %ECSV 0.9
# ---
# datatype:
# - name: sexcat_id
#   datatype: int32
# - name: x
#   datatype: int32
# - name: y
#   datatype: int32
# - name: sep
#   datatype: float64
# - name: weight
#   datatype: float64
# schema: astropy-2.0
sexcat_id x y sep weight
51 2298 1127 5.040084622305567 0.6738071390248334
51 2299 1127 4.666524724031884 0.81515185883177
51 2300 1127 4.488925595284538 0.9241175217139845
51 2301 1127 4.5303921463820815 0.9600967517231406
51 2297 1128 4.80337933126264 0.7207720895412414
51 2298 1128 4.176895138736539 0.9563454140561815
51 2299 1128 3.717586986204993 1.2188554277477222
51 2300 1128 3.49205569829585 1.4323212828890217
51 2301 1128 3.545201404716002 1.4867865232428126
51 2302 1128 3.8655469212001696 1.346573223055588
51 2296 1129 4.974178625662854 0.677299585514701
51 2297 1129 4.137203524121214 0.9610448956701111
51 2298 1129 3.389757070941928 1.3669715898154908
51 2299 1129 2.8043632075750446 1.8911315816839471
51 2300 1129 2.4976895323479233 2.3720533271583455
51 2301 1129 2.5714690353959515 2.447612364826918
51 2302 1129 2.9977413163913895 2.04068847090212
51 2303 1129 3.6551953436170517 1.5015944235680356
51 2296 1130 4.559216270369401 0.8258191526349953
51 2297 1130 3.6277338656523397 1.238254881804917
51 2298 1130 2.744895808587398 1.9190339929727596
51 2299 1130 1.9769807788646963 3.0260575918435695
51 2300 1130 1.510778938164104 4.377153127130923
51 2301 1130 1.629862877667951 4.390364170759681
51 2302 1130 2.2428671382852463 3.0432924475844096
51 2303 1130 3.066668061593828 1.9301854271203402
51 2296 1131 4.339406987135563 0.947676885088126
51 2297 1131 3.347305334145772 1.4819495095934159
51 2298 1131 2.3618748908442493 2.4806748392635742
51 2299 1131 1.3973020432248462 4.625144562651634
51 2300 1131 0.5713606566785346 9.951516229090117
51 2301 1131 0.8369307020296977 8.199480092971376
51 2302 1131 1.753411817001277 3.9080505837983717
51 2303 1131 2.7291854096047627 2.164604158626735
51 2296 1132 4.344473846163746 0.9996412809585381
51 2297 1132 3.3538713451771827 1.5732902327907468
51 2298 1132 2.3711712295826306 2.6575232416165497
51 2299 1132 1.4129589519869992 5.014441749275621
51 2300 1132 0.608648502832296 10.350480432099108
51 2301 1132 0.8628168983044964 7.220045336517749
51 2302 1132 1.765914210826672 3.5639377819267786
51 2296 1133 4.573669533317933 0.9584817645763759
51 2297 1133 3.645881649203725 1.4523152460072148
51 2298 1133 2.7688360370379956 2.264586044345619
51 2299 1133 2.0100878090272745 3.498220823584236
51 2300 1133 1.5538510224599604 4.5025353890707915
51 2301 1133 1.6698661623015363 3.80576171074629
51 2302 1133 2.2721032106837615 2.5098480106600256
51 2297 1134 4.163706641923797 1.1965840534579675
51 2298 1134 3.4220539154139784 1.6732066898932658
51 2299 1134 2.843317252787655 2.18372973778829
51 2300 1134 2.5413486577012083 2.4256191427399205
117 2140 2020 4.582234389465515 1.6806196087245104
117 2141 2020 4.224792539285243 1.9811412275544467
117 2139 2021 4.355786036985805 1.6569574320493077
117 2140 2021 3.718181275839085 2.2286121522108977
117 2141 2021 3.267548316398738 2.812670276531471
117 2142 2021 3.086887105159515 3.077595317963392
117 2143 2021 3.2219360639218078 2.787927470315541
117 2139 2022 3.714952489602051 1.995473357768626
117 2140 2022 2.941576448097234 2.914393588212009
117 2141 2022 2.346246363875755 4.116141919556063
117 2142 2022 2.0873121472362643 4.841845526932792
117 2143 2022 2.282295335840637 4.133475006812213
117 2139 2023 3.2601950861873976 2.2689934728767827
117 2140 2023 2.3411262247047495 3.6002872102713903
117 2141 2023 1.5273742174071736 6.033545398799508
117 2142 2023 1.088518258918994 8.670125339091149
117 2143 2023 1.427190246603409 6.283998557765149
117 2144 2023 2.2110793744232162 3.743055510191256
117 2139 2024 3.075202757543058 2.3684683251209995
117 2140 2024 2.075782262184618 3.9126860493111284
117 2141 2024 1.077437701215319 7.471036808929031
117 2142 2024 0.1134548368295174 23.68193726796846
117 2143 2024 0.9299849461146531 8.372079079917844
117 2139 2025 3.207003585903889 2.2430968302196455
117 2140 2025 2.2664668539381427 3.585370331815928
117 2141 2025 1.4102737322945944 6.179295594919511
117 2142 2025 0.9169907305965459 9.766066769206622
117 2143 2025 1.301104146484765 6.956118116662229
117 2140 2026 2.8222104811654707 2.8957045170225038
117 2141 2026 2.1947373419159066 4.230176942846806
117 2142 2026 1.9154299778378643 5.268777010190107
86 1432 1643 5.0145935029670925 1.003486488231011
86 1433 1643 4.7106419944631375 1.1692423731462054
86 1434 1643 4.608052517061791 1.2486273253264148
86 1431 1644 4.678263352997564 1.0627746647723648
86 1432 1644 4.114626106950652 1.3880814849093834
86 1433 1644 3.7382011716866907 1.7008395351086234
86 1434 1644 3.608067072547241 1.8577050262403447
86 1435 1644 3.749953066372896 1.753290241464583
86 1430 1645 4.756695071160253 0.9679857485113599
86 1431 1645 3.9585537763178253 1.372867198850043
86 1432 1645 3.2732473172676677 1.9341008660156889
86 1433 1645 2.785345220973489 2.5752030392295553
86 1434 1645 2.608092789760311 2.9351393037326527
86 1435 1645 2.801097641996721 2.656345979037994
86 1436 1645 3.300022424166154 2.0256743077819284
86 1430 1646 4.290704837203364 1.136669006854072
86 1431 1646 3.384397730763957 1.7089929571115716
86 1432 1646 2.5491465238389277 2.64879496258567
86 1433 1646 1.8820595102174529 4.069440801606531
86 1434 1646 1.608150490470288 5.126157828084835
86 1435 1646 1.9052947278570045 4.1802749397221515
86 1436 1646 2.5834372452218703 2.7347886656306577
86 1430 1647 4.02419532329141 1.2576795932761071
86 1431 1647 3.0394321838133393 1.9747121282657274
86 1432 1647 2.0693351589339497 3.341060608035465
86 1433 1647 1.1515849946921262 6.34255517054951
86 1434 1647 0.6083978961172802 11.23758606812211
86 1435 1647 1.1891795491008925 6.340981857331807
86 1436 1647 2.111432688957825 3.340388741848372
86 1430 1648 3.9972675667261206 1.2884629162061452
86 1431 1648 3.0036890651331456 2.0372298047171777
86 1432 1648 2.016469191433457 3.49739032945832
86 1433 1648 1.0536356106359397 6.945406927670505
86 1434 1648 0.3926168615839601 14.344629367843657
86 1435 1648 1.094599470125903 6.561670356567306
86 1436 1648 2.059647542663496 3.3509707071789188
86 1431 1649 3.287270600361421 1.8571791924666439
86 1432 1649 2.418707919530675 2.9514333736363234
86 1433 1649 1.7012195625492539 4.703599239572074
86 1434 1649 1.39217383971979 5.899191729742868
86 1435 1649 1.7268896895864578 4.4206156461009245
86 1431 1650 3.8197052242287812 1.5393984443821542
86 1432 1650 3.103892395042153 2.2029188526433536
86 1433 1650 2.5842112916710933 2.9509495720543133
86 1434 1650 2.3921011684291806 3.2724016937628644
54 1971 1157 6.163884895096621 0.7774640661478379
54 1972 1157 5.7284794666648144 0.9161353212872457
54 1973 1157 5.444031318793134 1.0220138901110236
54 1974 1157 5.3347424492660025 1.0615281626686826
54 1975 1157 5.411236180393603 1.019628823693296
54 1970 1158 5.958479420120543 0.7920657856128219
54 1971 1158 5.32216844904407 1.008987013174901
54 1972 1158 4.811182494979823 1.2422087417699088
54 1973 1158 4.468722076835881 1.4368947664578184
54 1974 1158 4.334913724631726 1.5157216090189303
54 1975 1158 4.428710534681695 1.4381884243479361
54 1976 1158 4.736610285847965 1.2441757106805338
54 1970 1159 5.275933756217938 0.9703344867241125
54 1971 1159 4.545049724700494 1.3009859444039136
54 1972 1159 3.934396650059594 1.7023408655261827
54 1973 1159 3.5073461477305417 2.086169241346556
54 1974 1159 3.335187700864884 2.26166360450219
54 1975 1159 3.4562229384113095 2.1010164679188312
54 1976 1159 3.84284751193703 1.7222465739962072
54 1977 1159 4.426000112968903 1.318845926918042
54 1969 1160 5.598703153409697 0.8243244909255804
54 1970 1160 4.708235019622513 1.153682181743138
54 1971 1160 3.8716245944047727 1.6388693455812395
54 1972 1160 3.1323277287027356 2.3275725311529123
54 1973 1160 2.575553726871205 3.1434449999655683
54 1974 1160 2.33569625593746 3.6048146176654443
54 1975 1160 2.5054893733561086 3.2082708819850794
54 1976 1160 3.016533938148302 2.39664022354965
54 1977 1160 3.731149554761993 1.6902200114005412
54 1969 1161 5.260938794549844 0.9036289683939778
54 1970 1161 4.3011018355765165 1.3067083466071636
54 1971 1161 3.3647402574344127 1.959138456728705
54 1972 1161 2.4786038408749222 3.059261371788281
54 1973 1161 1.722056038577152 4.860101496005696
54 1974 1161 1.3369655941721723 6.451375905354435
54 1975 1161 1.6153875695944508 5.127814221030936
54 1976 1161 2.330552938682231 3.2439607464827818
54 1977 1161 3.2021050888439775 2.0675641132497113
54 1969 1162 5.0999487252323865 0.9406743497796461
54 1970 1162 4.102618310298871 1.3835074476096572
54 1971 1162 3.107004505950978 2.1392121281987357
54 1972 1162 2.115532320717364 3.569011753364747
54 1973 1162 1.1390684790652024 6.813016011162893
54 1974 1162 0.34565445172893366 15.663739907985937
54 1975 1162 0.9702973770963962 7.743667627304805
54 1976 1162 1.9399682987101265 3.924407942791968
54 1977 1162 2.930098462509473 2.313240117135022
54 1969 1163 5.132394860101795 0.9251895344185833
54 1970 1163 4.142882692039378 1.3547188668245276
54 1971 1163 3.1599805379146813 2.078356786350753
54 1972 1163 2.1925959500098684 3.409579012484454
54 1973 1163 1.2765096944401924 6.174498338191263
54 1974 1163 0.6719203821881798 10.873749859355746
54 1975 1163 1.128484381814842 7.062224280855413
54 1976 1163 2.023728489694243 3.8136462117474874
54 1977 1163 2.9862144933008845 2.2847302853038287
54 1970 1164 4.415368274560948 1.231868492936321
54 1971 1164 3.5096263333864246 1.8133483152214585
54 1972 1164 2.671979977469808 2.7412551344706304
54 1973 1164 1.990345949828741 4.108915116347889
54 1974 1164 1.6683755572411716 5.2063308237673
54 1975 1164 1.8988093637856083 4.466901793619721
54 1976 1164 2.5352469307742043 3.0359437725656253
54 1971 1165 4.080377065909389 1.4724325280299488
54 1972 1165 3.386956893732106 2.035764408525058
54 1973 1165 2.879839752486161 2.672250427933526
54 1974 1165 2.6674851452256805 3.0525970557320408
54 1975 1165 2.817352835553223 2.8264234621529507
54 1976 1165 3.280164172720613 2.21640711643372
54 1972 1166 4.219416665843671 1.4834825007680141
54 1973 1166 3.8243269996169826 1.7994717005435268
54 1974 1166 3.667080173653086 1.965068190135297
54 1975 1166 3.7774961283897652 1.8763789817995264
93 1173 1763 12.91041351003131 0.30136509341879525
93 1170 1764 13.087428204196513 0.3480474133568583
93 1171 1764 12.639334515709226 0.36432353165091635
93 1172 1764 12.25662176131738 0.37190617956713273
93 1173 1764 11.945575624472811 0.36986171055271005
93 1174 1764 11.711907487681039 0.358446095368684
93 1175 1764 11.56031041970757 0.3390313240429904
93 1168 1765 13.354953275844808 0.3416452127261984
93 1169 1765 12.76035959524645 0.3799991182359302
93 1170 1765 12.218787869506468 0.41405896487916766
93 1171 1765 11.737579690890222 0.4402642016488706
93 1172 1765 11.32443274517531 0.45534603536266854
93 1173 1765 10.987027669028555 0.4572041242942167
93 1174 1765 10.732510284178591 0.4455683374376979
93 1175 1765 10.566871675193157 0.42208907822378466
93 1176 1765 10.494321178618446 0.3898038313259099
93 1177 1765 10.516785487971115 0.3522765906025066
93 1167 1766 13.262759026688142 0.33797922886104675
93 1168 1766 12.584624626900796 0.3894006440829088
93 1169 1766 11.951768781230593 0.44183100831077576
93 1170 1766 11.371753470771269 0.49126261311443253
93 1171 1766 10.85305380987299 0.5324829541409196
93 1172 1766 10.40484392002104 0.559978248688609
93 1173 1766 10.036571974533887 0.5694386380667572
93 1174 1766 9.757293528432935 0.559259256300472
93 1175 1766 9.574799057943695 0.5311643510238027
93 1176 1766 9.494670979028166 0.4895380999072693
93 1177 1766 9.519494576919506 0.43990746002707837
93 1178 1766 9.648459825277818 0.3874517893913385
93 1166 1767 13.320915021123646 0.3149689174131482
93 1167 1767 12.566573797181068 0.3734016598043106
93 1168 1767 11.848661401187817 0.43890714178865603
93 1169 1767 11.17420140323228 0.509166858641935
93 1170 1767 10.551529604753922 0.5796089476639394
93 1171 1767 9.990334178594761 0.6431399150243299
93 1172 1767 9.501514458232375 0.6909223416579834
93 1173 1767 9.096745407012284 0.7146310433888806
93 1174 1767 8.787649116800196 0.7095649816912989
93 1175 1767 8.584566209191905 0.6767613956045809
93 1176 1767 8.495103118856163 0.6225087988981817
93 1177 1767 8.522838552970478 0.5556473456937336
93 1178 1767 8.666647391004211 0.484591200019116
93 1179 1767 8.920917946041222 0.4155831414003753
93 1180 1767 9.276571403271822 0.35235422099083324
93 1166 1768 12.706879121168882 0.33676478320947606
93 1167 1768 11.913722214320673 0.4062652497040043
93 1168 1768 11.153868252763168 0.4875033536984408
93 1169 1768 10.43459520058149 0.5792496020358577
93 1170 1768 9.76487465357331 0.6772778139217612
93 1171 1768 9.155587201266705 0.773036219035306
93 1172 1768 8.619557819285099 0.8534119299168409
93 1173 1768 8.171216372119828 0.903245314971984
93 1174 1768 7.825648663209926 0.9110433140412224
93 1175 1768 7.5968925884205785 0.8748546655672829
93 1176 1768 7.495650538812473 0.8033826421073343
93 1177 1768 7.527069615726956 0.7112748880951065
93 1178 1768 7.689523847417351 0.6128181677381992
93 1179 1768 7.975009529774892 0.5182222882996307
93 1180 1768 8.37094839310341 0.43308445627056824
93 1181 1768 8.862549125392805 0.35950899315667106
93 1166 1769 12.144248721102418 0.3538904273601228
93 1167 1769 11.311709729302548 0.43404108376201295
93 1168 1769 10.508414580706173 0.5315508784331695
93 1169 1769 9.741600330541091 0.6474363555559884
93 1170 1769 9.020575203389111 0.7795673439882456
93 1171 1769 8.357199112142698 0.9197828421953407
93 1172 1769 7.766258880567846 1.0510318750699323
93 1173 1769 7.265450915118699 1.1478935824775949
93 1174 1769 6.87450194559572 1.1848533497552767
93 1175 1769 6.612924995794187 1.1505281525021507
93 1176 1769 6.496366445944976 1.0555206213837438
93 1177 1769 6.532593435994618 0.9250760563966847
93 1178 1769 6.719135137798626 0.7848276633179496
93 1179 1769 7.044059695942417 0.6521912911616808
93 1180 1769 7.489377610990154 0.5356211400629302
93 1181 1769 8.035096576893197 0.4374186240959259
93 1166 1770 11.640480101782646 0.36487342376850673
93 1167 1770 10.769065744065172 0.45415347965497166
93 1168 1770 9.921934136044149 0.5667835176060798
93 1169 1770 9.105864978133507 0.7072242162748333
93 1170 1770 8.329992617043459 0.8779069612793515
93 1171 1770 7.6066271763508135 1.0750573520501705
93 1172 1770 6.95217786021035 1.2816749479187137
93 1173 1770 6.387861692303549 1.46086888863626
93 1174 1770 5.939425645632697 1.5611412346149494
93 1175 1770 5.634605310046089 1.5446126060479
93 1176 1770 5.497342721715627 1.4180029018233402
93 1177 1770 5.540106226418406 1.2266135909637157
93 1178 1770 5.758886784787508 1.019811490603538
93 1179 1770 6.134881987455048 0.828839334478944
93 1180 1770 6.641443894214617 0.666321225082324
93 1181 1770 7.251260373204152 0.5337736146530211
93 1182 1770 7.940577875696518 0.4279199267875582
93 1166 1771 11.203516278383217 0.36867940196532
93 1167 1771 10.295182222767986 0.46447252252687166
93 1168 1771 9.40546527291437 0.5890712460909928
93 1169 1771 8.54018600500003 0.7511066574614386
93 1170 1771 7.707579191938191 0.9599221322245547
93 1171 1771 6.919449183280326 1.2218453930912578
93 1172 1771 6.192800416612744 1.5301305373010112
93 1173 1771 5.551826456221339 1.8454739464074503
93 1174 1771 5.029391315059845 2.079170341086856
93 1175 1771 4.665487863021359 2.1260616528249754
93 1176 1771 4.498752827173306 1.9605382510414533
93 1177 1771 4.550909469545623 1.6661514511996847
93 1178 1771 4.814849634204606 1.347385250638595
93 1179 1771 5.258780942385834 1.063761347891157
93 1180 1771 5.841812817953057 0.8329073754172107
93 1181 1771 6.526773858500143 0.6522542323306244
93 1182 1771 7.284969251822623 0.5130108850401398
93 1166 1772 10.841437958130728 0.36493310681568425
93 1167 1772 9.89993823213044 0.46381575142138703
93 1168 1772 8.971107902594762 0.5954524157660842
93 1169 1772 8.0593285700484 0.7724027205233849
93 1170 1772 7.1711070972339135 1.0117569742100503
93 1171 1772 6.3163895541676975 1.334603363618128
93 1172 1772 5.51078733031851 1.7591633762093413
93 1173 1772 4.779202548542928 2.274042738912722
93 1174 1772 4.160862530774049 2.773380755989277
93 1175 1772 3.7127856119091547 3.0139627846554804
93 1176 1772 3.5009680089940614 2.8189216485061097
93 1177 1772 3.567741162136072 2.3347712793666417
93 1178 1772 3.8988173847976335 1.813731038044421
93 1179 1772 4.435400432880944 1.3773443164708095
93 1180 1772 5.113196358443578 1.0436971640593635
93 1181 1772 5.883602382894418 0.7959977575980934
93 1182 1772 6.714817719045029 0.6129312286634264
93 1166 1773 10.561949488612308 0.35400397624006363
93 1167 1773 9.593058792689535 0.4522602718595356
93 1168 1773 8.631267404037382 0.5850275220675561
93 1169 1773 7.67924325698818 0.7674912039965286
93 1170 1773 6.741125796185577 1.0228309032248422
93 1171 1773 5.8236394977710315 1.386442807093895
93 1172 1773 4.938296973653877 1.9099527234014855
93 1173 1773 4.1059441058055395 2.653003065752542
93 1174 1773 3.366121952633246 3.6044296592751532
93 1175 1773 2.793345127262234 4.399857974162608
93 1176 1773 2.5049504985128697 4.294347750922287
93 1177 1773 2.5974558706549917 3.4112846065153413
93 1178 1773 3.036243896659207 2.488893883225336
93 1179 1773 3.7001049985102443 1.792325285201532
93 1180 1773 4.490298097008783 1.304808576501099
93 1181 1773 5.3511472601677585 0.9658354702951895
93 1182 1773 6.253541156816762 0.727041012024355
93 1183 1773 7.181836603543784 0.555790760385557
93 1166 1774 10.371729701452782 0.33692186869239027
93 1167 1774 9.38321783824707 0.43112170455868554
93 1168 1774 8.39742680825491 0.5592540869915796
93 1169 1774 7.41544179398628 0.737229832119653
93 1170 1774 6.439004348499748 0.9906902468384088
93 1171 1774 5.471085541279615 1.3626662411319423
93 1172 1774 4.517164708088369 1.9285604239035792
93 1173 1774 3.5884226339715446 2.824651759316805
93 1174 1774 2.7108627777885563 4.280989383246456
93 1175 1774 1.9546807923545202 6.3872365532986946
93 1176 1774 1.5141918636685054 7.213184987232149
93 1177 1774 1.6627618590766717 5.2783111854520675
93 1178 1774 2.288400533123587 3.4605167090098985
93 1179 1774 3.1158910443082766 2.320334415955764
93 1180 1774 4.02253365430306 1.612855366936295
93 1181 1774 4.965156291598578 1.1569213037242483
93 1182 1774 5.926615982160574 0.851524016161613
93 1183 1774 6.899041745054261 0.6401084592205498
93 1166 1775 10.27573729714797 0.3151567951778228
93 1167 1775 9.27700258704276 0.40261006818395434
93 1168 1775 8.27857336743465 0.5214742102337006
93 1169 1775 7.280575320673393 0.686606653836043
93 1170 1775 6.283213906910912 0.922266572915913
93 1171 1775 5.286849439883729 1.2702048867076303
93 1172 1775 4.292176254535582 1.8074158941867526
93 1173 1775 3.3007237085220127 2.6900479308564664
93 1174 1775 2.3166305272959513 4.282037060453844
93 1175 1775 1.3560151179097244 7.632163736993121
93 1176 1775 0.5574737661988508 14.818029378087711
93 1177 1775 0.8847468564511198 8.672662824445885
93 1178 1775 1.80410005265793 4.723815914724286
93 1179 1775 2.77970807819824 2.918432209664149
93 1180 1775 3.7681264575383824 1.9403675001251786
93 1181 1775 4.761383937470383 1.353690880952095
93 1182 1775 5.75697637653666 0.9775307069547192
93 1183 1775 6.753871260247813 0.7246491989213084
93 1184 1775 7.75156609982793 0.5484696985653436
93 1167 1776 9.27797267726081 0.36931911123263417
93 1168 1776 8.279660439897176 0.4759409973853249
93 1169 1776 7.281811381792205 0.622868082377201
93 1170 1776 6.284646131644861 0.8304480423823685
93 1171 1776 5.288551503010907 1.1330050543173735
93 1172 1776 4.294272581008236 1.5921678830199897
93 1173 1776 3.303449257972542 2.3283116820260967
93 1174 1776 2.3205122279357946 3.60654547586825
93 1175 1776 1.3626360482534405 6.126500408022883
93 1176 1776 0.5733907916944255 12.0561329233234
93 1177 1776 0.8948614417887093 11.057423863637803
93 1178 1776 1.8090818113066016 5.710543001052648
93 1179 1776 2.7829439448182534 3.4087162969443545
93 1180 1776 3.7705141559210182 2.218842321652138
93 1181 1776 4.763273769163494 1.5256930366493495
93 1182 1776 5.758539484973704 1.0900413720679252
93 1183 1776 6.755203697891087 0.8014015466779257
93 1184 1776 7.752727068587003 0.6025463715080353
93 1168 1777 8.400641463602547 0.42682270661434535
93 1169 1777 7.419081951292797 0.5533149548761729
93 1170 1777 6.443196178916078 0.728821819840265
93 1171 1777 5.476018352781422 0.9784265274171896
93 1172 1777 4.5231379594258625 1.3441039072514385
93 1173 1777 3.5959389594373494 1.8991352369507841
93 1174 1777 2.7208044766207613 2.7753666853720733
93 1175 1777 1.968445325631317 4.194843537652431
93 1176 1777 1.531919384301925 6.257972419046776
93 1177 1777 1.6789213799342113 7.17657968296095
93 1178 1777 2.3001689068414963 5.327753222159816
93 1179 1777 3.12454428677217 3.5032618604265897
93 1180 1777 4.029240250965536 2.348824390418766
93 1181 1777 4.9705912123208265 1.6316190968099202
93 1182 1777 5.931169952041606 1.169575905948308
93 1183 1777 6.902954222649998 0.8602963633448787
93 1184 1777 7.881800365398862 0.6463444121090469
93 1185 1777 8.865369535445314 0.4942233913217547
93 1169 1778 7.685100975263667 0.48381128161988846
93 1170 1778 6.7477979371050205 0.6280048102705953
93 1171 1778 5.831361504828781 0.8270411478929287
93 1172 1778 4.947401034886821 1.1067663817149582
93 1173 1778 4.116889238247659 1.506324020363309
93 1174 1778 3.3794640107566765 2.080700013986883
93 1175 1778 2.8094086566392957 2.882284998913071
93 1176 1778 2.522850966664503 3.84039644646038
93 1177 1778 2.6147231210971893 4.447306851768476
93 1178 1778 3.0510288428660313 4.068791040674438
93 1179 1778 3.712246893729004 3.1296169833502967
93 1180 1778 4.500308544977871 2.268770429696231
93 1181 1778 5.3595500744 1.6381827027060416
93 1182 1778 6.260732944312611 1.1984599324653886
93 1183 1778 7.188099679331212 0.8916028325711863
93 1184 1778 8.132698014804292 0.6742696977538105
93 1185 1778 9.089157111635924 0.5175623549959519
93 1170 1779 7.179886976826223 0.5345676646319518
93 1171 1779 6.326355744028232 0.6902142756734577
93 1172 1779 5.522207620146061 0.9001996681797553
93 1173 1779 4.792366534396073 1.183987665255358
93 1174 1779 4.1759761733036305 1.5622583600300766
93 1175 1779 3.7297154046924064 2.0409583214116154
93 1176 1779 3.5189170209028866 2.5639025644656024
93 1177 1779 3.5853559098087118 2.9426556582371424
93 1178 1779 3.9149427837454356 2.9326492637550396
93 1179 1779 4.449581665730012 2.541632449224955
93 1180 1779 5.125502609500933 2.0177869717763164
93 1181 1779 5.894300382573074 1.54310979307342
93 1182 1779 6.72419340887822 1.1694119569181896
93 1183 1779 7.595181169662874 0.8893870393368398
93 1184 1779 8.494632246307177 0.6822180446512565
93 1185 1779 9.414392014357693 0.5286182137642519
93 1186 1779 10.349047154207103 0.41380630552970904
93 1170 1780 7.7180811734523 0.45164068616747477
93 1171 1780 6.931145432033514 0.5722265322994188
93 1172 1780 6.205866337587303 0.728998331643126
93 1173 1780 5.566397129203005 0.9312013473721104
93 1174 1780 5.045470939367272 1.1856635466661223
93 1175 1780 4.682817207621911 1.4877269554087675
93 1176 1780 4.516721930781225 1.8029900611745513
93 1177 1780 4.568673439851034 2.0489680035248754
93 1178 1780 4.831643302231704 2.119677860119165
93 1179 1780 5.274161260333314 1.9770355772562254
93 1180 1780 5.855661960871794 1.694282059121671
93 1181 1780 6.539172501165657 1.376919313756399
93 1182 1780 7.296079563711002 1.0897534589878033
93 1183 1780 8.105848320811432 0.8540869770439165
93 1184 1780 8.954148591574842 0.668941699680934
93 1185 1780 9.831010985651575 0.5259897301836708
93 1186 1780 10.729435073665442 0.41609475992347783
93 1171 1781 7.619631027812243 0.47321919206273017
93 1172 1781 6.966403447977965 0.5905188510014601
93 1173 1781 6.403341081029456 0.7361400478618175
93 1174 1781 5.956070600656081 0.9116358756933298
93 1175 1781 5.652147998770016 1.1112153664409767
93 1176 1781 5.5153220214236 1.3144356042196363
93 1177 1781 5.557947192984143 1.4808454121816634
93 1178 1781 5.776052025389013 1.5593812605293262
93 1179 1781 6.150998049097457 1.5196114189024017
93 1180 1781 6.656333600414039 1.3774782015162614
93 1181 1781 7.264900343432189 1.181240247232973
93 1182 1781 7.95303570971496 0.9771767018580086
93 1183 1781 8.701883531741938 0.792311344481783
93 1184 1781 9.497093081569842 0.6365048615835719
93 1185 1781 10.327960931374692 0.510016403613208
93 1186 1781 11.18654446198656 0.4091899930298417
93 1171 1782 8.371187311247974 0.3913913314571841
93 1172 1782 7.781309465636186 0.4797120172914124
93 1173 1782 7.281536719676659 0.5860173634603374
93 1174 1782 6.891500344627411 0.710004097203323
93 1175 1782 6.630594015621822 0.8468942700606175
93 1176 1782 6.514351617774414 0.9843577307592053
93 1177 1782 6.550479142780347 1.100832801941911
93 1178 1782 6.736525588164907 1.1695569715852094
93 1179 1782 7.060649899265702 1.170647260970969
93 1180 1782 7.504983477663423 1.1037623230362177
93 1181 1782 8.04964452631302 0.9883432589776643
93 1182 1782 8.675758007229188 0.85115570637154
93 1183 1782 9.367004697340638 0.7140203218968394
93 1184 1782 10.110033481645933 0.5895399686728389
93 1185 1782 10.8942543113332 0.4826764137787722
93 1172 1783 8.635205672130764 0.39134085220292086
93 1173 1783 8.18772111151812 0.4700555844600057
93 1174 1783 7.842880657003506 0.5595892477776864
93 1175 1783 7.614642276561648 0.6563885866483146
93 1176 1783 7.513639397788542 0.7528229800016473
93 1177 1783 7.544983565257142 0.8366418009369673
93 1178 1783 7.70706020477332 0.89285920275773
93 1179 1783 7.991919481576424 0.9089196134766961
93 1180 1783 8.38706009278585 0.8808438645635553
93 1181 1783 8.87776869489182 0.8154722394839122
93 1182 1783 9.449168058617722 0.7266928155756436
93 1183 1783 10.087555551272152 0.6291176925111388
93 1184 1783 10.781037844289473 0.5337679968497738
93 1185 1783 11.51966913587374 0.4470258974974012
93 1173 1784 9.11354908913095 0.3798972435863301
93 1174 1784 8.80504270290609 0.44581968430270186
93 1175 1784 8.602370429131728 0.5160145250440409
93 1176 1784 8.513094443267981 0.5856292693953145
93 1177 1784 8.54077145227528 0.6473428958317794
93 1178 1784 8.684283332549704 0.6923089583801251
93 1179 1784 8.938052192731972 0.7125526092316631
93 1180 1784 9.293049929920802 0.7040368878938355
93 1181 1784 9.738212207587244 0.6684946409888292
93 1182 1784 10.261811584705764 0.6126205779199323
93 1183 1784 10.852500956000954 0.5452633067988615
93 1184 1784 11.499946825964102 0.47457373605162856
93 1175 1785 9.592641815475027 0.4106262406068856
93 1176 1785 9.5126640327513 0.46205616350432654
93 1177 1785 9.537440799292042 0.5083715164466328
93 1178 1785 9.66616661350303 0.5441209742439815
93 1179 1785 9.894785343806143 0.5641495102325345
