# %ECSV 0.9
# ---
# datatype:
# - name: sexcat_id
#   datatype: int32
# - name: x
#   datatype: int32
# - name: y
#   datatype: int32
# - name: sep
#   datatype: float64
# - name: weight
#   datatype: float64
# schema: astropy-2.0
sexcat_id x y sep weight
193 1467 1374 6.165332188941684 0.7638742789907368
193 1468 1374 5.507569427615104 0.9464840975402858
193 1469 1374 4.965412470278847 1.1300515091542371
193 1470 1374 4.580100544747986 1.2707485903002207
193 1471 1374 4.3930992476839075 1.3177434012101332
193 1472 1374 4.429596031242695 1.2503818791021046
193 1467 1375 5.500120089598066 0.9459366259711959
193 1468 1375 4.75113891609163 1.2362774621637933
193 1469 1375 4.110391830470723 1.5687726784298819
193 1470 1375 3.635563367622765 1.8656072170764262
193 1471 1375 3.396957609391188 1.9917868937927194
193 1472 1375 3.444026858199688 1.8683476996671673
193 1473 1375 3.7660750125297464 1.5726808445055644
193 1467 1376 4.948870679256028 1.1297735532190765
193 1468 1376 4.100404979998943 1.5696624797926433
193 1469 1376 3.3369628406681797 2.165002361621341
193 1470 1376 2.73080958691747 2.8321809351007845
193 1471 1376 2.4040218385032364 3.214514049396848
193 1472 1376 2.470085221202013 2.952702136613328
193 1473 1376 2.902295815384902 2.3053490992427137
193 1474 1376 3.570058963098625 1.6812690629953784
193 1467 1377 4.553166041338685 1.2725380292469348
193 1468 1377 3.612938001128709 1.8713429239348023
193 1469 1377 2.7157542230474445 2.842778604298743
193 1470 1377 1.9228419071780565 4.353564571862839
193 1471 1377 1.4210281489119987 5.786469328772284
193 1472 1377 1.5301375755141686 5.056599952064538
193 1473 1377 2.1594723892656034 3.388989525507118
193 1474 1377 2.9975525016253863 2.209551187264142
193 1467 1378 4.355607994298795 1.3236103570070508
193 1468 1378 3.360553674619659 2.0071850926297845
193 1469 1378 2.3696668542223 3.2528028793086006
193 1470 1378 1.3918767905241927 5.884568476178064
193 1471 1378 0.5092357018120818 12.671303873142303
193 1472 1378 0.7624440963114344 9.194043955391738
193 1473 1378 1.7039134367685105 4.569179609512029
193 1474 1378 2.6879957217228587 2.6589161629698888
193 1467 1379 4.383072096144365 1.260809278399818
193 1468 1379 3.3960743513650398 1.8930615031656868
193 1469 1379 2.419777055846177 3.013626061590268
193 1470 1379 1.4755748032545517 5.229079025423608
193 1471 1379 0.7066264925686166 9.7358703201987
193 1472 1379 0.9062676205183221 8.67663389448628
193 1473 1379 1.7729413413872606 4.64437829662734
193 1474 1379 2.7322739613735982 2.7303457043148254
193 1468 1380 3.7112425143069343 1.6006819823174843
193 1469 1380 2.845227758897234 2.363899070555858
193 1470 1380 2.101742372413777 3.50781745836473
193 1471 1380 1.655089423565871 4.751765889439064
193 1472 1380 1.7496631104300402 4.749397522734922
193 1473 1380 2.3201984828888755 3.5043123955885402
193 1469 1381 3.5121675643395993 1.7269116777231737
193 1470 1381 2.9423325780746254 2.282340811854852
193 1471 1381 2.641840456954089 2.7496339963422547
193 1472 1381 2.702095668180441 2.8010177611082896
292 1794 1858 17.4078589435921 0.2152230829932235
292 1793 1859 16.66563989170531 0.25968660635827945
292 1794 1859 16.42855906645496 0.25294747450501237
292 1795 1859 16.249663165739758 0.2436566588369796
292 1792 1860 16.014167259024102 0.3094017771940654
292 1793 1860 15.703743279868005 0.30599045357785504
292 1794 1860 15.451910982140673 0.2987169244218821
292 1795 1860 15.261571118335082 0.28802086456046944
292 1796 1860 15.135043871756682 0.2745065971836973
292 1788 1861 16.932263670283415 0.32468313749013034
292 1789 1861 16.39681533103302 0.3410753222766379
292 1790 1861 15.906274013734317 0.3536932730815145
292 1791 1861 15.464913611139234 0.3617295765583432
292 1792 1861 15.077053856771872 0.36463438360856065
292 1793 1861 14.746916728591085 0.36220200309525696
292 1794 1861 14.478451332929207 0.3546049259692389
292 1795 1861 14.275137582524366 0.3423652336988556
292 1796 1861 14.139786172357754 0.3262718552337176
292 1797 1861 14.07435799601529 0.3072667964900443
292 1798 1861 14.079827875368348 0.28632831105800116
292 1786 1862 17.356772539847366 0.3177962772349549
292 1787 1862 16.715608065517678 0.3449863839642749
292 1788 1862 16.111038234701066 0.37061076417398514
292 1789 1862 15.547332665122967 0.39335714401074573
292 1790 1862 15.029090225293068 0.4118530946870556
292 1791 1862 14.561165921724799 0.42483125104728675
292 1792 1862 14.148553035558075 0.43131802710666073
292 1793 1862 13.796215169386118 0.4308000440053203
292 1794 1862 13.508869419755289 0.42331895988421614
292 1795 1862 13.290731845914264 0.40946359797328497
292 1796 1862 13.145248304995977 0.39026203002491133
292 1785 1863 17.319571386151555 0.3188861312081034
292 1786 1863 16.616905638535705 0.35316291984925835
292 1787 1863 15.946019973648585 0.38789127455419464
292 1788 1863 15.311092482249581 0.42171668299669934
292 1789 1863 14.716777942199156 0.4529418675209632
292 1790 1863 14.168188063404568 0.47964257879610045
292 1791 1863 13.670828541094341 0.4998828534413974
292 1792 1863 13.230478184857857 0.512007106907616
292 1793 1863 12.852997821520068 0.5149429779164332
292 1794 1863 12.5440644529594 0.5084215093694818
292 1795 1863 12.308840440918862 0.4930352006181625
292 1784 1864 17.397630672019673 0.30854951664152613
292 1785 1864 16.638255707855908 0.34773772752198284
292 1786 1864 15.90551957654951 0.3897059479498663
292 1787 1864 15.203274417045812 0.4334969283888254
292 1788 1864 14.535940045280858 0.47761446692140647
292 1789 1864 13.908542446999961 0.5199802215735458
292 1790 1864 13.326723265679364 0.5580047640038576
292 1791 1864 12.796700863894555 0.5888256152662528
292 1792 1864 12.325159349882648 0.6097221586459098
292 1793 1864 11.91904161415672 0.6186349096772976
292 1794 1864 11.585229950242663 0.6146308118990755
292 1795 1864 11.33011707794759 0.5981331455700606
292 1796 1864 11.159101800772302 0.5708157942607793
292 1783 1865 17.589415936863844 0.2885012535024947
292 1784 1865 16.77920001072756 0.3296978832740996
292 1785 1865 15.99048320095424 0.3756985969900987
292 1786 1865 15.226606746087578 0.42625571040386107
292 1787 1865 14.491499335817522 0.4806130011714992
292 1788 1865 13.78976261579581 0.537307521101679
292 1789 1865 13.126749521492352 0.5939961329255719
292 1790 1865 12.508619148411213 0.6473955517998677
292 1791 1865 11.942342860594804 0.6934561367015587
292 1792 1865 11.435626480433841 0.7278683148742227
292 1793 1865 10.996706461481986 0.7468820817322678
292 1794 1865 10.633981051327845 0.7482209084438913
292 1795 1865 10.355460057380341 0.7317188623017526
292 1796 1865 10.16806535187494 0.69936935407833
292 1797 1865 10.076882107080525 0.6547601957683482
292 1798 1865 10.084520464553565 0.6021756514057632
292 1799 1865 10.190758215167293 0.5457441827631784
292 1800 1865 10.39257201081617 0.4888803444316852
292 1801 1865 10.684547393315247 0.4340664858367175
292 1802 1865 11.059545786333164 0.3828860999456047
292 1783 1866 17.03677061534843 0.30208995505710945
292 1784 1866 16.198936786098024 0.3485246749713326
292 1785 1866 15.380492612397035 0.4015119792086854
292 1786 1866 14.584702705231937 0.4612546825062301
292 1787 1866 13.815482365809734 0.5274477119889276
292 1788 1866 13.077520904208095 0.598968749253967
292 1789 1866 12.376411151864652 0.673516344093379
292 1790 1866 11.718769261317492 0.747293368688916
292 1791 1866 11.112315375294193 0.814931884045643
292 1792 1866 10.56586735672939 0.869925570158187
292 1793 1866 10.089179996411984 0.9057522417599712
292 1794 1866 9.692551418486245 0.9175236451892268
292 1795 1866 9.386136212521087 0.9035186039603177
292 1796 1866 9.178973417545107 0.8657783744588007
292 1797 1866 9.07786059597743 0.8094036796500829
292 1798 1866 9.086338811644637 0.7409768601221308
292 1799 1866 9.204105225387185 0.6669390025496084
292 1800 1866 9.427064919687341 0.5925282977693724
292 1801 1866 9.748002513335729 0.5214023464130465
292 1802 1866 10.157635207074513 0.45574473881588207
292 1783 1867 16.526208064767907 0.3127346653553558
292 1784 1867 15.661084030168531 0.3640329707756521
292 1785 1867 14.81295220406789 0.42377972766264477
292 1786 1867 13.984904468747715 0.4928159375904544
292 1787 1867 13.18072657329632 0.5715908034112587
292 1788 1867 12.405061587916432 0.6597667355052912
292 1789 1867 11.663599487293782 0.7556498946995194
292 1790 1867 10.96328203595984 0.8554925196835947
292 1791 1867 10.312494993938166 0.9528801129599818
292 1792 1867 9.721190924984436 1.0386705163496908
292 1793 1867 9.200845232912014 1.102115409293807
292 1794 1867 8.764105944133705 1.1334655653305035
292 1795 1867 8.423986763997183 1.1272977610430577
292 1796 1867 8.192530317307329 1.0847116610949814
292 1797 1867 8.079081197760035 1.0128655484200608
292 1798 1867 8.088606369455725 0.9221907949271342
292 1799 1867 8.220678378333488 0.8231327843109033
292 1800 1867 8.469566281693515 0.724005644596212
292 1801 1867 8.825392512517487 0.6303166154158161
292 1802 1867 9.275858612549014 0.545071842319502
292 1803 1867 9.807933166574887 0.46945455973823336
292 1783 1868 16.061741904289207 0.3198420006358614
292 1784 1868 15.170153361123276 0.37529917745936137
292 1785 1868 14.292919680737027 0.44110123012543695
292 1786 1868 13.432853494325018 0.5188804911102057
292 1787 1868 12.59347263466276 0.6101392196967907
292 1788 1868 11.779200015281164 0.7158500404166189
292 1789 1868 10.995615171512679 0.8357520529953294
292 1790 1868 10.249758680086073 0.9672505036129064
292 1791 1868 9.550473967296062 1.1039808006185907
292 1792 1868 8.908734646401799 1.2345322835844124
292 1793 1868 8.337838628805416 1.3425527962547665
292 1794 1868 7.853251110209057 1.4098465732872405
292 1795 1868 7.471783789698399 1.4227040715126258
292 1796 1868 7.209823368155407 1.378285749683323
292 1797 1868 7.08064636879994 1.2860985461860261
292 1798 1868 7.0915127441188295 1.1632562461205112
292 1799 1868 7.2417921124539175 1.0275255386369033
292 1800 1868 7.523134519600175 0.8926551109576368
292 1801 1868 7.921587782761721 0.7671249646636563
292 1802 1868 8.420543509774161 0.655008066227491
292 1803 1868 9.003307892102756 0.5574356278126049
292 1804 1868 9.654716619352417 0.4738707682633288
292 1783 1869 15.647477528343023 0.32298954510368744
292 1784 1869 14.730836805830139 0.3815922278601438
292 1785 1869 13.825756868974656 0.45225636897430527
292 1786 1869 12.934664781122079 0.5374759969518933
292 1787 1869 12.060661383191215 0.6400142012192774
292 1788 1869 11.207745223728091 0.76262830642209
292 1789 1869 10.38111520984137 0.9074282313608244
292 1790 1869 9.587572841965782 1.0745895884789427
292 1791 1869 8.83603717737764 1.2601075131933237
292 1792 1869 8.138154151894632 1.4525943690894294
292 1793 1869 7.508898254737496 1.6303655830011896
292 1794 1869 6.966889765167799 1.7624039176301365
292 1795 1869 6.533877332794044 1.8176659105514053
292 1796 1869 6.232620075056702 1.780919023340016
292 1797 1869 6.082725787013566 1.6624452088467698
292 1798 1869 6.095371440691683 1.4913622239081386
292 1799 1869 6.269573589966051 1.2997704905778589
292 1800 1869 6.592537675281029 1.1115775316316578
292 1801 1869 7.043830846918443 0.9401128957973083
292 1802 1869 7.60062846085768 0.7906199242726537
292 1803 1869 8.241574667501338 0.6635652378198815
292 1804 1869 8.948606204320301 0.5571050949243909
292 1805 1869 9.707293804145406 0.46854665813091945
292 1783 1870 15.287496623057677 0.3219834036120966
292 1784 1870 14.347876253996613 0.3824811873259742
292 1785 1870 13.416987478566114 0.45639671342003474
292 1786 1870 12.496781705703269 0.5470374799224917
292 1787 1870 11.589803837856785 0.6584573612248565
292 1788 1870 10.69941834867671 0.7954403574833661
292 1789 1870 9.830134943122594 0.9631973784261361
292 1790 1870 8.988078381945712 1.1663886971780963
292 1791 1870 8.181659550482399 1.4067394366253991
292 1792 1870 7.4225031492078095 1.6781677962076653
292 1793 1870 6.726630137000239 1.9588914545963623
292 1794 1870 6.11568091057732 2.203934090247024
292 1795 1870 5.617432954651069 2.3503206890385786
292 1796 1870 5.263986417155713 2.348006231676139
292 1797 1870 5.085622184157985 2.197860331179309
292 1798 1870 5.100740436446441 1.9509235414133392
292 1799 1870 5.307688103119834 1.6699551666221433
292 1800 1870 5.685556525090558 1.3992238080378068
292 1801 1870 6.203188937957623 1.1599259290285888
292 1802 1870 6.828876408311972 0.9578165101608763
292 1803 1870 7.535751654612817 0.7910305210729829
292 1804 1870 8.303105021616902 0.6548670217183521
292 1805 1870 9.115676222859157 0.5441183431169766
292 1806 1870 9.962406988273456 0.4540195635945883
292 1785 1871 13.07209061321103 0.4531945897402943
292 1786 1871 12.125739276431764 0.5467073776074794
292 1787 1871 11.188724368756247 0.6635955151425403
292 1788 1871 10.263603314625906 0.8105329121179013
292 1789 1871 9.353905761766038 0.9959735436439654
292 1790 1871 8.46460589750048 1.2300620733267495
292 1791 1871 7.602864789012092 1.5234011378620298
292 1792 1871 6.779200026551797 1.8827434759598032
292 1793 1871 6.009288893038833 2.2997577233889688
292 1794 1871 5.316535808211948 2.7289074033968896
292 1795 1871 4.7349290385390015 3.064911293192667
292 1796 1871 4.30970451423295 3.17120226685506
292 1797 1871 4.08993312903767 2.9931036148664356
292 1798 1871 4.108716709630863 2.6189907791697644
292 1799 1871 4.362975246319862 2.1854470194665017
292 1800 1871 4.8155532392446725 1.7812845327979139
292 1801 1871 5.416968986435113 1.4395104174094318
292 1802 1871 6.123524556985123 1.1627868284637148
292 1803 1871 6.903010430239827 0.9426225068830295
292 1804 1871 7.733405006851759 0.7682939175159961
292 1805 1871 8.59997401158863 0.6300527063471089
292 1806 1871 9.492815862535195 0.5199298761257466
292 1807 1871 10.405169532496807 0.43168427413795224
292 1785 1872 12.796231984455423 0.4429040299684547
292 1786 1872 11.82782959802854 0.5365159051403873
292 1787 1872 10.865153151244575 0.6548829809919179
292 1788 1872 9.909871492607758 0.8060394635859475
292 1789 1872 8.964349000345754 1.0010389584205108
292 1790 1872 8.03203293070938 1.2550364712468165
292 1791 1872 7.118114427290413 1.5883068772644477
292 1792 1872 6.230694423577513 2.025864805149805
292 1793 1872 5.382894481596301 2.590902258288827
292 1794 1872 4.5966893521315875 3.2778131203966687
292 1795 1872 3.909418498958625 3.9787276035993484
292 1796 1872 3.3819451503535514 4.399972780890042
292 1797 1872 3.097023248217537 4.248342497338554
292 1798 1872 3.121786828084182 3.6403929171743745
292 1799 1872 3.4495728721103855 2.9222536806610675
292 1800 1872 4.006688532940874 2.291605808447877
292 1801 1872 4.712489045080093 1.792433553794094
292 1802 1872 5.510131849602138 1.4103118173256284
292 1803 1872 6.365182872471134 1.1195455754614667
292 1804 1872 7.25737921015568 0.8972379949917506
292 1805 1872 8.174567450330315 0.725767046230306
292 1806 1872 9.109201556667843 0.5921724313803494
292 1807 1872 10.056418497656104 0.4870328026558488
292 1785 1873 12.593949062942887 0.42631335973508944
292 1786 1873 11.608684378515939 0.5173745146743394
292 1787 1873 10.626173017601396 0.6332388759103939
292 1788 1873 9.64725624206178 0.7825251360359069
292 1789 1873 8.673151272749712 0.9776265528364251
292 1790 1873 7.705683162445752 1.236725023518315
292 1791 1873 6.747707240240937 1.586997130224114
292 1792 1873 5.803925654244716 2.0695045882758483
292 1793 1873 4.882576471495346 2.7452072878108704
292 1794 1873 3.9991940438043194 3.6937682568291534
292 1795 1873 3.1855224061368554 4.954456402254446
292 1796 1873 2.510289425544381 6.216878399825709
292 1797 1873 2.1108180878512326 6.423542429634158
292 1798 1873 2.1469869585071844 5.31907834533191
292 1799 1873 2.6006831794741796 3.9991688381802692
292 1800 1873 3.3041720596845323 2.966384270397285
292 1801 1873 4.131773590118403 2.2265427897089722
292 1802 1873 5.02250465405458 1.6997585299998694
292 1803 1873 5.948071368099067 1.3191875554415204
292 1804 1873 6.894458136793632 1.03906558447776
292 1805 1873 7.854142410218948 0.8290920685713279
292 1806 1873 8.8227860112325 0.6690775045120636
292 1807 1873 9.797732033486112 0.5453319378522292
292 1808 1873 10.777270201679082 0.44838507487085755
292 1786 1874 11.472818006052394 0.4908849772427446
292 1787 1874 10.477573812672473 0.6008180256661984
292 1788 1874 9.483330269478122 0.7428177976385865
292 1789 1874 8.490438916805184 0.9291961802875467
292 1790 1874 7.499436845523802 1.1785156856043881
292 1791 1874 6.511186758187788 1.5197810997257426
292 1792 1874 5.527165005678769 2.000313487422122
292 1793 1874 4.5501157128143435 2.7014314110912307
292 1794 1874 3.585743019236038 3.771319807071262
292 1795 1874 2.6479337227355173 5.491234357470983
292 1796 1874 1.7792001011690535 8.290060010082405
292 1797 1874 1.1487179810553878 10.82927507115094
292 1798 1874 1.2138999135019175 8.38917944217947
292 1799 1874 1.9046136091081463 5.556002992864062
292 1800 1874 2.7895435110426146 3.810715240315271
292 1801 1874 3.733035360132549 2.7266239911355568
292 1802 1874 4.699952446567938 2.0172392217124218
292 1803 1874 5.67834069072999 1.531612348864602
292 1804 1874 6.663148880221719 1.1870495438175281
292 1805 1874 7.651898653275535 0.9355090786283102
292 1806 1874 8.643237414302579 0.7475855348891649
292 1807 1874 9.636366171955066 0.6044817069225936
292 1808 1874 10.63078327311774 0.4937419862488698
292 1809 1874 11.62615813585898 0.40686159282687023
292 1786 1875 11.423202396876283 0.4590348803499319
292 1787 1875 10.423221814774932 0.5605167231044964
292 1788 1875 9.423245353910723 0.6912146685244431
292 1789 1875 8.42327448205269 0.862230169994556
292 1790 1875 7.423311457833359 1.0902877543152374
292 1791 1875 6.4233599463209305 1.4015646718392847
292 1792 1875 5.42342631553154 1.8390660465970665
292 1793 1875 4.423522691249589 2.4780884801953436
292 1794 1875 3.423675364283245 3.4626357176039546
292 1795 1875 2.423954001213721 5.107124228556665
292 1796 1875 1.4246238099933621 8.273890216208947
292 1797 1875 0.42843085789891383 17.056763676377642
292 1798 1875 0.5809931152776217 14.093643685478543
292 1799 1875 1.5784653939823934 7.406130237042293
292 1800 1875 2.577897011131358 4.686929338888983
292 1801 1875 3.5776462933051367 3.2202460686284673
292 1802 1875 4.57750510649633 2.3244459844398606
292 1803 1875 5.577414544392409 1.735613730378212
292 1804 1875 6.577351518658554 1.3288730062968164
292 1805 1875 7.57730512781424 1.0375484959629493
292 1806 1875 8.577269553884847 0.8229939104278048
292 1807 1875 9.577241408672956 0.6614247273366055
292 1808 1875 10.577218585242528 0.5375141053811957
292 1809 1875 11.577199704591779 0.44101786291704004
292 1786 1876 11.460957769750314 0.4238788332446527
292 1787 1876 10.464585658304875 0.5154096103658548
292 1788 1876 9.468978455989857 0.6324519243617444
292 1789 1876 8.474405760877872 0.7842780930917215
292 1790 1876 7.481280171200653 0.9845786091938097
292 1791 1876 6.490266019201375 1.2542262567863272
292 1792 1876 5.502504248067424 1.6263078260563546
292 1793 1876 4.520127542448337 2.155849545766553
292 1794 1876 3.547612295615185 2.9399783069125465
292 1795 1876 2.596064906738666 4.162803978214179
292 1796 1876 1.7010446790134688 6.195046007238169
292 1797 1876 1.0235003663897888 9.612119464848364
292 1798 1876 1.0961537300944737 11.55066077474073
292 1799 1876 1.8318168576579987 7.914833456986028
292 1800 1876 2.7403563636870336 5.162429246302784
292 1801 1876 3.6964243533447316 3.551310790544137
292 1802 1876 4.6709263535191825 2.5535460114744324
292 1803 1876 5.6543393071162615 1.8978291328859478
292 1804 1876 6.642706752521898 1.4466076795753169
292 1805 1876 7.634104597135148 1.124912703196868
292 1806 1876 8.627488220797522 0.8890723814268198
292 1807 1876 9.6222426180179 0.7122308664405019
292 1808 1876 10.617982529652231 0.5771356720603557
292 1809 1876 11.614454485682916 0.47230104593099315
292 1810 1876 12.611484964111087 0.3898507546752773
292 1787 1877 10.600544938822726 0.4682938208537778
292 1788 1877 9.61902037631692 0.5708427712748296
292 1789 1877 8.641733217358661 0.7022333181270926
292 1790 1877 7.6703033186439304 0.8728982297248157
292 1791 1877 6.707276123733098 1.0980682071499264
292 1792 1877 5.756870069751451 1.4004822093095188
292 1793 1877 4.826546695102004 1.8147987353528716
292 1794 1877 3.9305919401535534 2.3943906589588773
292 1795 1877 3.0989599868343043 3.2189841899844653
292 1796 1877 2.3994901541786056 4.38458180281192
292 1797 1877 1.9777646472722847 5.861888321872639
292 1798 1877 2.0163216509277633 6.914502598218201
292 1799 1877 2.49390316572237 6.319175528008421
292 1800 1877 3.2208000558867442 4.840721886374447
292 1801 1877 4.065409327484756 3.5545099915675973
292 1802 1877 4.968053240455465 2.6295208314957916
292 1803 1877 5.902165111211312 1.9808354536122625
292 1804 1877 6.8548926322736845 1.5200640860818102
292 1805 1877 7.819434314578008 1.1860062068370931
292 1806 1877 8.791902695093937 0.9388175036956928
292 1807 1877 9.769931064239913 0.7524927104215378
292 1808 1877 10.752002278645593 0.609736759765252
292 1809 1877 11.737101558732464 0.4987878710367523
292 1810 1877 12.724525649312042 0.4114705249283534
292 1787 1878 10.827536792825972 0.4214238446360079
292 1788 1878 9.868614543085576 0.5097886701222681
292 1789 1878 8.918719246618323 0.6213822124296413
292 1790 1878 7.981074677009365 0.7637534961032235
292 1791 1878 7.060563221160201 0.9473558334584111
292 1792 1878 6.164864394291257 1.1867095655492028
292 1793 1878 5.306557547035565 1.5017720507830203
292 1794 1878 4.5070559126773775 1.9187377497069957
292 1795 1878 3.803623666978649 2.466998890336321
292 1796 1878 3.2590724140466873 3.160971702336802
292 1797 1878 2.962355988060871 3.937763602418505
292 1798 1878 2.988235767137542 4.5383550042333916
292 1799 1878 3.3291970503411314 4.568515749330549
292 1800 1878 3.9035308375879505 4.003348032708299
292 1801 1878 4.625100323236252 3.2279799909643554
292 1802 1878 5.435582121539521 2.5222663291713796
292 1803 1878 6.300758128987342 1.9612713603078464
292 1804 1878 7.200941119048265 1.5339220130866769
292 1805 1878 8.124503246352978 1.2110379176812058
292 1806 1878 9.064301021038526 0.9659169200758569
292 1807 1878 10.015765222887367 0.7780642972935337
292 1808 1878 10.975862289588004 0.6325370932772753
292 1809 1878 11.942510330747053 0.5185755816130914
292 1787 1879 11.139997890484548 0.37642902347935475
292 1788 1879 10.210462918007202 0.45164978030333086
292 1789 1879 9.295566308730209 0.5452036055126018
292 1790 1879 8.40009243996756 0.6623576934684111
292 1791 1879 7.5309729119151765 0.8099978319262086
292 1792 1879 6.698473930680043 0.9969728858571849
292 1793 1879 5.918070040139787 1.2341624426126918
292 1794 1879 5.21320947210067 1.5335150800670236
292 1795 1879 4.618609422759207 1.904114966708788
292 1796 1879 4.1815730293754445 2.341058892692593
292 1797 1879 3.954687471849088 2.801600593196846
292 1798 1879 3.9741103406926346 3.1761930735880273
292 1799 1879 4.236455239938234 3.310507875986756
292 1800 1879 4.701228881898873 3.1324734530154474
292 1801 1879 5.315595262997373 2.7356291665736125
292 1802 1879 6.034032896827801 2.273496698137526
292 1803 1879 6.82374918941194 1.8449142392507
292 1804 1879 7.662737957153443 1.485041483147216
292 1805 1879 8.536483643749346 1.1955699797406125
292 1806 1879 9.435335341152433 0.9665319981675404
292 1807 1879 10.352755816689587 0.7859943626011139
292 1808 1879 11.284216986570229 0.6433548701890602
292 1809 1879 12.226510254361221 0.5300699459370747
292 1788 1880 10.635673603491233 0.39784916807763876
292 1789 1880 9.760714779154249 0.4756205766275816
292 1790 1880 8.912101491791944 0.5712558392856675
292 1791 1880 8.098120337461046 0.6891697425418158
292 1792 1880 7.330317387398733 0.8345945731209434
292 1793 1880 6.624768146886363 1.0132392878124186
292 1794 1880 6.003461751356476 1.2301612953552739
292 1795 1880 5.49504804346606 1.4869688437391422
292 1796 1880 5.13318156702061 1.7760530434596824
292 1797 1880 4.9501063624936545 2.0713245416767347
292 1798 1880 4.965637219934633 2.3201968535095903
292 1799 1880 5.1779873503128755 2.4525352913461584
292 1800 1880 5.5646700710823955 2.4198152728985263
292 1801 1880 6.0925818008460215 2.2348111313811616
292 1802 1880 6.728562476487838 1.96030334587621
292 1803 1880 7.444968300805594 1.662711448695985
292 1804 1880 8.220800021895688 1.3841406964884764
292 1805 1880 9.040771703787247 1.1423746707596585
292 1806 1880 9.893914948088048 0.9405722323680951
292 1807 1880 10.77235132178672 0.7753156872139856
292 1808 1880 11.670370731043642 0.641084050172757
292 1789 1881 10.30221107335703 0.41341268432142214
292 1790 1881 9.502081508806384 0.491180932100963
292 1791 1881 8.743200386586151 0.5851636711517474
292 1792 1881 8.037260291915413 0.6983890707942141
292 1793 1881 7.399429234745083 0.8337463129791532
292 1794 1881 6.848762880988085 0.993108566682413
292 1795 1881 6.407772858021748 1.1756143902514022
292 1796 1881 6.1002912225565264 1.3747791853818503
292 1797 1881 5.947062552218549 1.5747270319920905
292 1798 1881 5.959996057045692 1.747775076696644
292 1799 1881 6.138041462877242 1.8584053358246917
292 1800 1881 6.467577057909723 1.8774411904509662
292 1801 1881 6.9270161685967055 1.799312285111978
292 1802 1881 7.492499783116458 1.6458393245145597
292 1803 1881 8.141962478420064 1.452279402268169
292 1804 1881 8.856949418394585 1.2503146122422426
292 1805 1881 9.622866153075194 1.0602570717804078
292 1806 1881 10.428497159226739 0.8917269278924997
292 1807 1881 11.265325250519851 0.7473249281803481
292 1808 1881 12.126893790249841 0.6259606544777201
292 1790 1882 10.156453761032946 0.4217921810677753
292 1791 1882 9.450267350715547 0.49678452143022594
292 1792 1882 8.80122451707717 0.5853091887421545
292 1793 1882 8.222867687127177 0.6887567903023096
292 1794 1882 7.731077091841747 0.807588879276015
292 1795 1882 7.343265826592432 0.9403319836325732
292 1796 1882 7.076549512297659 1.082122522873724
292 1797 1882 6.944894023669493 1.223093302220031
292 1798 1882 6.955972469755773 1.347615095085837
292 1799 1882 7.109117596439113 1.436193152365583
292 1800 1882 7.395508975046965 1.4712789535403086
292 1801 1882 7.80048415164086 1.4450058830646564
292 1802 1882 8.306717342007023 1.3633149559797368
292 1803 1882 8.896940653955168 1.2428034468006692
292 1804 1882 9.555603225333302 1.1031341685755207
292 1805 1882 10.269544926626505 0.9607096298533574
292 1806 1882 11.028034865741049 0.8262346849319876
292 1807 1882 11.822501977162034 0.7052098115724796
292 1808 1882 12.646167522217954 0.5995046092322532
292 1809 1882 13.493685671453896 0.508867014299281
292 1791 1883 10.206446639256988 0.42222313809893625
292 1792 1883 9.60861868324476 0.49184528645373776
292 1793 1883 9.081825422237552 0.5716749637924146
292 1794 1883 8.63907130425489 0.6615872100629174
292 1795 1883 8.293826197841396 0.7601402176243086
292 1796 1883 8.0586322040406 0.8638269672190866
292 1797 1883 7.943270925758498 0.9663501805938262
292 1798 1883 7.952958757594576 1.0583887208753913
292 1799 1883 8.087246317505128 1.1285606085078765
292 1800 1883 8.340117085509068 1.166048263988558
292 1801 1883 8.70123858999397 1.1642539825606977
292 1802 1883 9.15781376748841 1.123507046582169
292 1803 1883 9.69636803138166 1.0509206391988508
292 1804 1883 10.304055172600748 0.9575061975801571
292 1805 1883 10.969391642201506 0.8545444133593586
292 1806 1883 11.682531960153169 0.7511039731656848
292 1807 1883 12.435254440501016 0.6532129069152225
292 1808 1883 13.220800013614918 0.5641626362042135
292 1809 1883 14.033657862439153 0.48524940762924706
292 1792 1884 10.449380507953585 0.41466527715257795
292 1793 1884 9.967123607139639 0.4768806188828036
292 1794 1884 9.56543532726035 0.5458489518729003
292 1795 1884 9.25481242381499 0.6203477352782949
292 1796 1884 9.044642226202223 0.6978727486744581
292 1797 1884 8.94201056809934 0.774297996012949
292 1798 1884 8.950617464733943 0.8438139589142231
292 1799 1884 9.070146250199072 0.8994427312346285
292 1800 1884 9.296319325410476 0.9343189169684994
292 1801 1884 9.621619042552052 0.9435142120597619
292 1802 1884 10.036411360640827 0.9256456767761125
292 1803 1884 10.5301259726558 0.8833683720836188
292 1804 1884 11.09222939719515 0.8224452370649838
292 1805 1884 11.71287979106762 0.7499625066067724
292 1806 1884 12.383277151061437 0.6726218962005539
292 1807 1884 13.095783787158378 0.5957095733859358
292 1808 1884 13.84389948677757 0.522799708247364
292 1809 1884 14.62215965581009 0.4559376261595467
292 1793 1885 10.872329695148153 0.3998113572578626
292 1794 1885 10.50531070459129 0.45338467446310027
292 1795 1885 10.223284843923715 0.5105951672199043
292 1796 1885 10.033421799167037 0.5696507407829962
292 1797 1885 9.941003621365416 0.6277813013245318
292 1798 1885 9.948746302926832 0.6812324919466091
292 1799 1885 10.056418497656127 0.7255537527641016
292 1800 1885 10.260874865234461 0.7562635927982259
292 1801 1885 10.556493404535443 0.7698073393140831
292 1802 1885 10.93588373200814 0.7644952160761157
292 1803 1885 11.390678338009563 0.7409990588707142
292 1804 1885 11.912243827256068 0.7021510449705234
292 1805 1885 12.492219698676465 0.652150865944431
292 1806 1885 13.12286374995947 0.5955665312292171
292 1807 1885 13.797229903136364 0.536516229155557
292 1808 1885 14.509223032264694 0.47821712791023624
292 1809 1885 15.253575089138948 0.4228780151780857
292 1795 1886 11.197301148044575 0.4234866128605996
292 1796 1886 11.024225732449437 0.4691928753285477
292 1797 1886 10.940180665784288 0.5141574929542229
292 1798 1886 10.947216678224668 0.5558796395476447
292 1799 1886 11.045159709121473 0.591426289462357
292 1800 1886 11.231631804862566 0.6177960344050362
292 1801 1886 11.502328155638768 0.6324448146128672
292 1802 1886 11.851478937246622 0.6338374157420137
292 1803 1886 12.272389865058896 0.6218232522293046
292 1807 1886 14.533669632959196 0.47854657292699443
292 1797 1887 11.939495508605061 0.4248094588314026
292 1798 1887 11.945942951479402 0.45779872112530623
292 1799 1887 12.035761421696611 0.48651020717092114
292 1800 1887 12.207110755621102 0.5088870963265898
292 1801 1887 12.456626870866783 0.5231028037480937
292 1802 1887 12.77973211769325 0.5278909110178731
201 484 1389 4.70637227596809 0.15001643457114294
201 485 1389 4.702971401146409 0.19096496169989843
201 486 1389 4.9077428620498225 0.2324179719405348
201 487 1389 5.296597020729531 0.26521116356077795
201 488 1389 5.832832930917951 0.2789319157580943
201 489 1389 6.479964506075698 0.26835440475067135
201 482 1390 4.456224859676733 0.14458235066248495
201 483 1390 3.9781830023266744 0.20033929690808228
201 484 1390 3.7140193860561412 0.27298778099871973
201 485 1390 3.709708883457137 0.35827171457780926
201 486 1390 3.966098838909686 0.4392155214016607
201 487 1390 4.438236136124432 0.48576813745259895
201 488 1390 5.066156333947925 0.47397263529348516
201 489 1390 5.799477562677576 0.4103735212700415
201 481 1391 4.419721710696357 0.17202959041315422
201 482 1391 3.6744986052522446 0.2524648286486957
201 483 1391 3.0773267619803804 0.37165826062909435
201 484 1391 2.7272586969337205 0.5389151287833257
201 485 1391 2.721385676452453 0.7403937964147786
201 486 1391 3.061689076310744 0.9019591734528506
201 487 1391 3.6526620429490184 0.9110007639258408
201 488 1391 4.394307681535336 0.7597674780099071
201 489 1391 5.222828735465143 0.5576957280557785
201 480 1392 4.817669561105301 0.18924471346915453
201 481 1392 3.8958875753800326 0.2910149971765648
201 482 1392 3.0242255206912843 0.4599873223947715
201 483 1392 2.261402219862807 0.7448022220186502
201 484 1392 1.7555454992680743 1.207150350616481
201 485 1392 1.7464077416228874 1.7949884494749293
201 486 1392 2.2400758915716033 2.0117116771266543
201 487 1392 2.9976557507492876 1.5514128565673468
201 488 1392 3.8670324539626293 0.9884278367184334
201 479 1393 5.557512033275355 0.1899341106279558
201 480 1393 4.566611435189152 0.2990488902865852
201 481 1393 3.580773659420585 0.49221816485977876
201 482 1393 2.6057513311903437 0.8594699107209338
201 483 1393 1.6607046697110868 1.6276971088268566
201 484 1393 0.8520211264987334 3.404143028550268
201 485 1393 0.8330306116825069 5.973507366134007
201 486 1393 1.631545279788487 3.5685287745570657
201 487 1393 2.5748669868558363 1.6981954428835744
201 488 1393 3.5493576883712374 0.8914663227439056
201 478 1394 6.5239512567155336 0.17382165334636168
201 479 1394 5.525390483938683 0.27241934267052975
201 480 1394 4.527465074409752 0.44631912406056673
201 481 1394 3.5307138088494323 0.7769105161715143
201 482 1394 2.5365212398085744 1.4791025602523962
201 483 1394 1.5498193443108095 3.27138819116288
201 484 1394 0.608226931333979 9.199286870131408
201 485 1394 0.5813260702909423 5.595847482145255
201 486 1394 1.5185321860269774 2.2204735155718094
201 487 1394 2.504783423771371 1.0870094909669283
201 478 1395 6.6487547706318635 0.22405272014737523
201 479 1395 5.6722076830807175 0.3527974934030413
201 480 1395 4.705522287695584 0.5763890306597576
201 481 1395 3.7563200076670578 0.9786924782922856
201 482 1395 2.8421717048763617 1.6918416666114668
201 483 1395 2.0114522117116693 2.6266491474695957
201 484 1395 1.4191335384662456 2.6449046543453956
201 485 1395 1.4078139081567875 1.7144206493946843
201 478 1396 6.917365105298385 0.255990448407972
201 479 1396 5.984809103054141 0.3868898555915643
201 480 1396 5.077985821169617 0.5846927498618677
201 481 1396 4.213542452616281 0.8542740671739515
201 482 1396 3.42373188202575 1.1212729659223346
201 483 1396 2.7730741064745357 1.1945281006981878
201 484 1396 2.3786424699814606 1.0001704883814087
201 481 1397 4.837141717998285 0.5650518591144056
42 2077 675 11.398624829337962 0.5913856585143636
42 2078 675 12.04012657740773 0.5509893874916963
42 2069 676 8.042179306630727 0.7016476552048698
42 2070 676 7.982020295639415 0.7560545263152512
42 2071 676 8.046654460084612 0.8000124639743313
42 2072 676 8.233143263663013 0.8291573738227118
42 2073 676 8.533501508759445 0.8402234457157131
42 2074 676 8.936254696459796 0.8318898011457827
42 2075 676 9.42828977068481 0.8051553674177692
42 2076 676 9.996431763384367 0.7630536978481472
42 2077 676 10.628482864454359 0.7098520113995804
42 2078 676 11.313737136773154 0.6501015728001206
42 2067 677 7.592143834253894 0.7283408469955355
42 2068 677 7.257868006515376 0.8155934494151592
42 2069 677 7.0507196795787825 0.9005931754489314
42 2070 677 6.9820232024821856 0.9766140131225766
42 2071 677 7.055823693942448 1.0357944453394379
42 2072 677 7.267781504695893 1.070683320842079
42 2073 677 7.606355763438874 1.0763021804896602
42 2074 677 8.055597308704042 1.051807000113849
42 2075 677 8.598177016088927 1.0007909237696797
42 2076 677 9.217627026518265 0.930037252512106
42 2077 677 9.899527665500006 0.8474776688389319
42 2078 677 10.631869449913316 0.7603822713426264
42 2065 678 7.784898714819568 0.6977527481726148
42 2066 678 7.186142776204729 0.8069035818851069
42 2067 678 6.684059245697892 0.9265764168193484
42 2068 678 6.301797203972811 1.0523274825029652
42 2069 678 6.062066314384856 1.1760854200488402
42 2070 678 5.982027081182402 1.2858453789604714
42 2071 678 6.068001977586997 1.3670419498381243
42 2072 678 6.313212177647744 1.4062345768302276
42 2073 678 6.700197609026157 1.3960583448958228
42 2074 678 7.206153481573916 1.3384824155558
42 2075 678 7.807986168020531 1.2439033392599457
42 2076 678 8.48531955791884 1.126794388841878
42 2077 678 9.22153175996266 1.000994923429295
42 2078 678 10.003631740523046 0.8769604455184308
42 2064 679 7.784898714819568 0.7336351517182111
42 2065 679 7.045611967742719 0.8660319199375727
42 2066 679 6.377824707531517 1.0197051916673177
42 2067 679 5.80625938104728 1.193359729292426
42 2068 679 5.361776571249458 1.3809525865566012
42 2069 679 5.077858603781682 1.5689018435366267
42 2070 679 4.982032516955275 1.734370889828364
42 2071 679 5.084943264186904 1.8480057146307958
42 2072 679 5.375188182752287 1.8838675085846464
42 2073 679 5.824830297957177 1.8327062380168568
42 2074 679 6.4003631146990365 1.7075589246647171
42 2075 679 7.071113632236439 1.5359843479895487
42 2076 679 7.812595471416657 1.3466842744458631
42 2077 679 8.606546810422872 1.1608506222705754
42 2064 680 7.186142776204729 0.8953177318573466
42 2065 680 6.377824707531517 1.0777641183573987
42 2066 680 5.631398405369623 1.2976603718370017
42 2067 680 4.974801302564716 1.5567044574132767
42 2068 680 4.447993705031478 1.84848467755667
42 2069 680 4.101298331016619 2.15030035552711
42 2070 680 3.982040682865981 2.415192980636423
42 2071 680 4.1100666661259675 2.5767222923683493
42 2072 680 4.4641514311232635 2.580629145499838
42 2073 680 4.996463549351676 2.4254605653035877
42 2074 680 5.656911524851702 2.163807719531038
42 2075 680 6.405985326239834 1.8624612507264946
42 2076 680 7.216138025287496 1.5695549347023394
42 2077 680 8.068992997890144 1.3087681121246968
42 2063 681 7.592143834253894 0.8888718201273484
42 2064 681 6.684059245697892 1.0876074647826373
42 2065 681 5.80625938104728 1.3392529595504432
42 2066 681 4.974801302564716 1.6573284530673675
42 2067 681 4.217184842996528 2.0541120461010727
42 2068 681 3.580593246935445 2.5308514996345144
42 2069 681 3.1395299011157336 3.054041167170907
42 2070 681 2.9820543254608602 3.518070292832292
42 2071 681 3.15097572189947 3.7445688716124708
42 2072 681 3.6006454976850946 3.6110953900699667
42 2073 681 4.242717053964358 3.1928179890334545
42 2074 681 5.0036634579076225 2.671450192281059
42 2075 681 5.837178085342276 2.1764338521581883
42 2076 681 6.716297194139057 1.7571355057143314
42 2062 682 8.224393473077479 0.8480335335691411
42 2063 682 7.257868006515376 1.0468121044218908
42 2064 682 6.301797203972811 1.3060342111847256
42 2065 682 5.361776571249458 1.6486628534960666
42 2066 682 4.447993705031478 2.1070976251423112
42 2067 682 3.580593246935445 2.724274507616996
42 2068 682 2.8029712806234333 3.543893128097627
42 2069 682 2.2119330912122606 4.5534453050805075
42 2070 682 1.9820817339352799 5.499652119014792
42 2071 682 2.228149007584534 5.752427066211294
42 2072 682 2.828541673725173 5.065662395273729
42 2073 682 3.6106298619493056 4.02985412304735
42 2074 682 4.48025088583219 3.1053918085631405
42 2075 682 5.395243089982154 2.3916920161761133
42 2076 682 6.335980429262722 1.860091810249957
42 2058 683 12.022173181251352 0.43814381877766456
42 2059 683 11.02581733931772 0.5267246488406627
42 2060 683 10.030186837741327 0.6383336022886423
42 2061 683 9.035521457005093 0.7807267918127978
42 2062 683 8.042179306630727 0.9650500100293627
42 2063 683 7.0507196795787825 1.2077532319947517
42 2064 683 6.062066314384856 1.5338886167030326
42 2065 683 5.077858603781682 1.9830438677357018
42 2066 683 4.101298331016619 2.6204987739420758
42 2067 683 3.1395299011157336 3.5587998468075783
42 2068 683 2.2119330912122606 4.996372216543996
42 2069 683 1.3887577182503381 7.227673280444516
42 2070 683 0.9821649555955171 9.864225311785226
42 2071 683 1.4144426464158957 9.247597595749232
42 2072 683 2.244247758158635 6.519108922165453
42 2073 683 3.1737435309111097 4.533762259241629
42 2074 683 4.136260146557538 3.2605396895017487
42 2075 683 5.113183744009229 2.4205286988671415
42 2076 683 6.097593623717498 1.8437148543262885
42 2058 684 11.982013520272764 0.474607056058869
42 2059 684 10.982014751401465 0.5730344845683311
42 2060 684 9.982016229199361 0.6979897817126857
42 2061 684 8.982018036054008 0.8588758507186671
42 2062 684 7.982020295639415 1.069513573062799
42 2063 684 6.9820232024821856 1.35090991070078
42 2064 684 5.982027081182402 1.7363556451321014
42 2065 684 4.982032516955275 2.2815193960805944
42 2066 684 3.982040682865981 3.086452626167767
42 2067 684 2.9820543254608602 4.350495934183517
42 2068 684 1.9820817339352799 6.540875146672509
42 2069 684 0.9821649555955171 11.150191188631801
42 2070 684 0.02545584412275687 31.271084746450683
42 2071 684 1.018159123123719 10.800525184118465
42 2072 684 2.018080275905822 6.395132910114388
42 2073 684 3.0180536774550872 4.271181599305134
42 2074 684 4.018040318364195 3.0376613851689354
42 2075 684 5.018032283674578 2.2492331109289863
42 2076 684 6.018026919182096 1.71391102504399
42 2059 685 11.02908192008743 0.6102195421673572
42 2060 685 10.033775361248601 0.7446103820980304
42 2061 685 9.039504853696332 0.917916616655994
42 2062 685 8.046654460084612 1.145081917233072
42 2063 685 7.055823693942448 1.4486587935253068
42 2064 685 6.068001977586997 1.863889878484533
42 2065 685 5.084943264186904 2.448098789285281
42 2066 685 4.1100666661259675 3.2985403847424104
42 2067 685 3.15097572189947 4.584510126853075
42 2068 685 2.228149007584534 6.570282476029141
42 2069 685 1.4144426464158957 9.183709924623507
42 2070 685 1.018159123123719 9.554190099322472
42 2071 685 1.439669406495852 7.008636162042383
42 2072 685 2.260231846514905 4.874930779941316
42 2073 685 3.18506640433135 3.4869910074344093
42 2074 685 4.144954523272879 2.5748545652719335
42 2075 685 5.120219526543794 1.9523686183594486
42 2076 685 6.10349473662429 1.5123866537051096
42 2077 685 7.091448935161309 1.1921826426886315
42 2059 686 11.165869782511324 0.6340672476436814
42 2060 686 10.183940691107718 0.7719435563177841
42 2061 686 9.205902888907726 0.9483126919581888
42 2062 686 8.233143263663013 1.1767401867586105
42 2063 686 7.267781504695893 1.4764823866272132
42 2064 686 6.313212177647744 1.8747909936791265
42 2065 686 5.375188182752287 2.408867932386027
42 2066 686 4.4641514311232635 3.122611327026154
42 2067 686 3.6006454976850946 4.038022995342682
42 2068 686 2.828541673725173 5.040882726677546
42 2069 686 2.244247758158635 5.6661358863123175
42 2070 686 2.018080275905822 5.376846633382362
42 2071 686 2.260231846514905 4.446919570366762
42 2072 686 2.853882968868947 3.467611410563742
42 2073 686 3.630516216738371 2.671855238386715
42 2074 686 4.49629269509897 2.0707532108217026
42 2075 686 5.408571715342269 1.6229037788232175
42 2076 686 6.3473339285089185 1.287344344499478
42 2077 686 7.302372765067566 1.0329551362656115
42 2060 687 10.42826198366725 0.7758237351214649
42 2061 687 9.475476135793897 0.9444775426614805
42 2062 687 8.533501508759445 1.15733917481517
42 2063 687 7.606355763438874 1.426493664701628
42 2064 687 6.700197609026157 1.7650871111688466
42 2065 687 5.824830297957177 2.18264703878186
42 2066 687 4.996463549351676 2.671825307511378
42 2067 687 4.242717053964358 3.180059183292354
42 2068 687 3.6106298619493056 3.5770314295667127
42 2069 687 3.1737435309111097 3.6890546362756766
42 2070 687 3.0180536774550872 3.453795106660272
42 2071 687 3.18506640433135 2.9951525298941792
42 2072 687 3.630516216738371 2.483389241605164
42 2073 687 4.268096531242042 2.0179394115898197
42 2074 687 5.025201289500791 1.6302361259297515
42 2075 687 5.855650945881292 1.3189498165074847
42 2076 687 6.732358279236223 1.0722658745363407
42 2077 687 7.639414113660849 0.8771496473263406
42 2062 688 8.936254696459796 1.0913220592208164
42 2063 688 8.055597308704042 1.3125686168200534
42 2064 688 7.206153481573916 1.571804146767755
42 2065 688 6.4003631146990365 1.861250807714464
42 2066 688 5.656911524851702 2.1563172157877184
42 2067 688 5.0036634579076225 2.4086430015340814
42 2068 688 4.48025088583219 2.5531934356752406
42 2069 688 4.136260146557538 2.541151685511869
42 2070 688 4.018040318364195 2.376931833316611
42 2071 688 4.144954523272879 2.114467067726671
42 2072 688 4.49629269509897 1.8178006439894097
42 2073 688 5.025201289500791 1.5317343135798847
42 2074 688 5.682310093615137 1.277846822403004
42 2075 688 6.42842500150702 1.0621968161268671
42 2076 688 7.236065781901142 0.8831016278927586
42 2064 689 7.807986168020531 1.3452962878113968
42 2065 689 7.071113632236439 1.5312276237910118
42 2066 689 6.405985326239834 1.6980846207428262
42 2067 689 5.837178085342276 1.817667094650354
42 2068 689 5.395243089982154 1.863622458791115
42 2069 689 5.113183744009229 1.8243281272922334
42 2070 689 5.018032283674578 1.709775194257971
42 2071 689 5.120219526543794 1.545609356466356
42 2072 689 5.408571715342269 1.3603007389742745
42 2065 690 7.812595471416657 1.2380896047351668
42 2066 690 7.216138025287496 1.3295417068846627
42 2067 690 6.716297194139057 1.3839278221658398
42 2068 690 6.335980429262722 1.3914603894594573
42 2069 690 6.097593623717498 1.3506947599139616
42 2070 690 6.018026919182096 1.2691888185184497
42 2068 691 7.29250629070694 1.059810535804686
42 2058 718 36.06650312963542 0.013985312201431309
42 2059 718 35.74672919303249 0.013923106865738324
42 2058 719 37.01119625194519 0.012439509476215886
42 2059 719 36.69965460327933 0.012374418221662423
42 2060 719 36.41291869652859 0.01227874593214385
42 2061 719 36.1515787760369 0.012153471708089576
42 2059 720 37.65502155091671 0.011014006032871301
42 2060 720 37.37561568723653 0.010922192026821237
42 2061 720 37.12105397210593 0.010805358921249283
396 940 2010 5.004811484961311 0.49300203606137116
396 941 2010 4.640488982855228 0.5449571704630608
396 942 2010 4.47438688537333 0.561972901754056
396 938 2011 5.490185607062865 0.4766156127709818
396 939 2011 4.75690424541007 0.614854844449637
396 940 2011 4.136923736304604 0.7625349207745339
396 941 2011 3.687836493121753 0.8840932099852323
396 942 2011 3.476512332784202 0.9319741331524237
396 943 2011 3.5457210832214026 0.882479428218548
396 944 2011 3.8804816711332193 0.7600558523992419
396 937 2012 5.807076545043982 0.45621304446810795
396 938 2012 4.920176622845977 0.6357223362586677
396 939 2012 4.085846056816158 0.8838998313999676
396 940 2012 3.3436713355233123 1.1987624472589324
396 941 2012 2.7687791533454513 1.5154590369237222
396 942 2012 2.4803503784748755 1.6730874732847891
396 943 2012 2.5764584219429123 1.5504961539291526
396 944 2012 3.020618810773823 1.2443370172055308
396 945 2012 3.6891920524690454 0.9232860153124448
396 937 2013 5.457851042305913 0.5379629180173642
396 938 2013 4.502681201239973 0.7920614944339925
396 939 2013 3.572133536137745 1.196637964621687
396 940 2013 2.691865152640461 1.83919563648918
396 941 2013 1.931874219508133 2.7469404324883575
396 942 2013 1.489341465212146 3.4330835990133695
396 943 2013 1.644426343744336 3.014337122587463
396 944 2013 2.278187437416085 2.079691003639916
396 945 2013 3.1106491283975717 1.3538238364892166
396 946 2013 4.020216163342548 0.8901487116808611
396 937 2014 5.277701962028506 0.5785653708947642
396 938 2014 4.282538733041378 0.8804432414266447
396 939 2014 3.290309711866005 1.4091103366109121
396 940 2014 2.3048075841596534 2.4248148561957437
396 941 2014 1.3409466805208778 4.6599123922226635
396 942 2014 0.5330459642470479 9.461158755354878
396 943 2014 0.8775750680142234 6.492363422880783
396 944 2014 1.8044772096095514 3.184509345326658
396 945 2014 2.782469766232937 1.7724225524885182
396 938 2015 4.2902375225620615 0.8471672346676866
396 939 2015 3.3003239234959283 1.3467320214592036
396 940 2015 2.3190812836120385 2.2911474319012077
396 941 2015 1.3653343912755458 4.300512250331145
396 942 2015 0.5917245981027565 8.413920462007441
396 943 2015 0.914405818004223 6.556328517066882
396 944 2015 1.8226733113753755 3.2877651788201034
396 945 2015 2.7943045646457687 1.8300169068213508
396 939 2016 3.5997413795992848 1.067361610134989
396 940 2016 2.728394766158201 1.624265144659292
396 941 2016 1.9824575657500387 2.4304497309750555
396 942 2016 1.554393129166387 3.182623772136418
396 943 2016 1.7035662593511813 3.0450039001093296
396 944 2016 2.321236308521793 2.2095368355936267
396 940 2017 3.392659428825603 1.0421654147949848
396 941 2017 2.8277443307341934 1.3531578070201453
396 942 2017 2.5460043204989806 1.5768418357975154
396 943 2017 2.6397230915381216 1.5636387316206455
399 2531 2314 6.761851225810696 0.0564715042818058
399 2532 2314 6.304810227120073 0.07384540262427222
399 2533 2314 5.981524220464054 0.08702595359492817
399 2534 2314 5.814347082863076 0.08991045567287118
399 2535 2314 5.8167544214964595 0.08093000134982228
399 2530 2315 6.565564103715508 0.05439816384699546
399 2531 2315 5.927447342659224 0.08197662689813157
399 2532 2315 5.400243698204566 0.11589238107940147
399 2533 2315 5.019026997337071 0.14610959847980226
399 2534 2315 4.818571572571962 0.15621378442342945
399 2535 2315 4.821476122516721 0.13914965115914774
399 2529 2316 6.6701298338186525 0.04292575287947582
399 2530 2316 5.875255909319857 0.07085650886197531
399 2531 2316 5.152342379927614 0.11604420286265686
399 2532 2316 4.535926807169445 0.18173799607866475
399 2533 2316 4.074632744186725 0.25381825558185567
399 2534 2316 3.8250009150324247 0.28803450728506425
399 2535 2316 3.8286592953668697 0.25296254156513087
399 2529 2317 6.15651134978227 0.04987444969593221
399 2530 2317 5.28494389752608 0.08732257098207646
399 2531 2317 4.467508477887693 0.15607836366451341
399 2532 2317 3.7398705859960786 0.2774063513074751
399 2533 2317 3.164590336836492 0.45330310243015914
399 2534 2317 2.8359534551891272 0.5767001298087513
399 2535 2317 2.8408857773587792 0.49618595462985643
399 2529 2318 5.7718828816945145 0.05438885278376834
399 2530 2318 4.831421322964746 0.09973030793525753
399 2531 2318 3.920539758757545 0.19244500505586537
399 2532 2318 3.065718839032522 0.3908638015387372
399 2533 2318 2.3295132538792656 0.8003020639910636
399 2534 2318 1.858664036344226 1.303674721678426
399 2535 2318 1.8661811273291928 1.0860188339859302
399 2530 2319 4.555725189253483 0.10382184007703048
399 2531 2319 3.575280688281541 0.20969379608387714
399 2532 2319 2.609718758793594 0.46840607870076095
399 2533 2319 1.6848240264192058 1.2111740165164708
399 2534 2319 0.9309307170781679 3.4619572353942365
399 2535 2319 0.9458498823808772 2.7637931964147566
399 2530 2320 4.490727335298698 0.09796420368215247
399 2531 2320 3.492081327804264 0.19819522975763776
399 2532 2320 2.494520394785226 0.4471441036397526
399 2533 2320 1.500210651875158 1.2114814645131686
399 2534 2320 0.5278560409808092 4.960604880782381
399 2535 2320 0.5537436229882752 5.199921457213422
399 2530 2321 4.645280615850802 0.08446001133942206
399 2531 2321 3.688716850071235 0.16453409709630928
399 2532 2321 2.7630837844697544 0.3464138599135148
399 2533 2321 1.9138004075660418 0.8007370707937274
399 2534 2321 1.3002430542018655 1.8847428931641772
399 2535 2321 1.3109660560061969 2.246985268720174
399 2531 2322 4.125364468746939 0.12419476200692876
399 2532 2322 3.323647394053702 0.23621353285257876
399 2533 2322 2.659818038889166 0.4535759992868119
399 2534 2322 2.258900617557235 0.7828260356777761
399 2535 2322 2.2650898436928952 0.9116317891824643
399 2532 2323 4.056923957877474 0.15241763113861886
399 2533 2323 3.533642879522558 0.25396653525826324
399 2534 2323 3.2426273298053725 0.37482373975190253
399 2535 2323 3.246941945893238 0.427727801343628
399 2533 2324 4.460788271146786 0.1461899462630908
399 2534 2324 4.2339853566115435 0.1974343928321999
399 2535 2324 4.237290643796013 0.2220462605134166
420 777 2463 5.519971829638176 0.15980746300141768
420 778 2463 5.31696238467031 0.1888765214184963
420 779 2463 5.2981212707901415 0.2138606065840072
420 780 2463 5.4653535109816 0.22958849308611853
420 781 2463 5.802593299551404 0.23207742032027182
420 775 2464 5.595005719389331 0.15874982435453944
420 776 2464 5.010398087976571 0.2052879738699028
420 777 2464 4.572098970932195 0.2593812847529124
420 778 2464 4.324822424100114 0.3154069867505862
420 779 2464 4.301637943853381 0.36243009151544875
420 780 2464 4.506005881043554 0.38679916012661186
420 781 2464 4.909591530870878 0.37972403562158147
420 782 2464 5.468463129618687 0.34388075459625
420 783 2464 6.140365542864607 0.2912793157790276
420 774 2465 5.65137938914028 0.17783281487025893
420 775 2465 4.872174976332389 0.24338620621405974
420 776 2465 4.1878501644638 0.33081262969511893
420 777 2465 3.6521348551223336 0.44006122361903866
420 778 2465 3.337377563297174 0.5592311542870659
420 779 2465 3.307278186061665 0.6565313631484797
420 780 2465 3.569045950950939 0.6891486058077997
420 781 2465 4.066704931513872 0.639090330061456
420 782 2465 4.726318757764779 0.5332074619127047
420 783 2465 5.489816845760808 0.41425333109081874
420 773 2466 6.047486171956064 0.18119971313306382
420 774 2466 5.135376227697418 0.25901661060370423
420 775 2466 4.262873326759747 0.3749483378227139
420 776 2466 3.4600706640182466 0.5462467077236051
420 777 2466 2.7878466600585523 0.7876131971113972
420 778 2466 2.3605272716068284 1.0809992169192242
420 779 2466 2.3177767364436836 1.3144758228476996
420 780 2466 2.6780756150638254 1.313451243745555
420 781 2466 3.312414376251776 1.0788642947350708
420 782 2466 4.095374097686242 0.7856016850640883
420 783 2466 4.95702420813126 0.5447533770587802
420 772 2467 6.723547352402603 0.167450419626877
420 773 2467 5.745092601516533 0.24444885578770695
420 774 2467 4.775572112323293 0.3663157141596843
420 775 2467 3.821791333916585 0.5659314296512387
420 776 2467 2.899325611241322 0.904276249802321
420 777 2467 2.050875179039383 1.4863551075662689
420 778 2467 1.4163647129181718 2.3967651754772668
420 779 2467 1.343908106977456 3.131348884399394
420 780 2467 1.8989705105661026 2.604588640226296
420 781 2467 2.721413052074168 1.6491779871292598
420 782 2467 3.6340182993484764 1.0007009581273734
420 783 2467 4.583240011171087 0.621972019282284
420 772 2468 6.606064562203449 0.2069164340586279
420 773 2468 5.607146243857048 0.31038884287965274
420 774 2468 4.608697104388631 0.48311495278421074
420 775 2468 3.6111063401678036 0.7898527027184581
420 776 2468 2.61535638106933 1.384945388607484
420 777 2468 1.6248350685531185 2.7121963040873647
420 778 2468 0.6633920409531393 6.507290274343449
420 779 2468 0.4899887753815655 10.128654675944476
420 780 2468 1.4283168416005885 3.7963682142563075
420 781 2468 2.4166276088797454 1.8082662149169302
420 782 2468 3.4117574650024274 0.9910141437167346
420 783 2468 4.409091629803099 0.5904490062995373
420 772 2469 6.638831900266826 0.23685240882050146
420 773 2469 5.645714215225598 0.3579629895606252
420 774 2469 4.655543899481601 0.5617065398946746
420 775 2469 3.670706880152691 0.925421015496779
420 776 2469 2.697051909029609 1.6261966121012958
420 777 2469 1.7533080162938324 3.087051534893643
420 778 2469 0.9349272698986634 5.596864448334387
420 779 2469 0.8210292321227806 4.678240059473676
420 780 2469 1.5729237108010283 2.42604297500835
420 781 2469 2.504813166685298 1.3138797467944776
420 782 2469 3.474778985777367 0.7669943999063928
420 772 2470 6.819683936957829 0.24615041784584354
420 773 2470 5.8573107310437775 0.364228870928746
420 774 2470 4.909998879836995 0.550864395680459
420 775 2470 3.988494578158594 0.8475137846754882
420 776 2470 3.1157806405458737 1.2980523434254676
420 777 2470 2.3469318268753376 1.8467852405086933
420 778 2470 1.8188152737428738 2.110411021135542
420 779 2470 1.7629773112551164 1.769759850876099
420 780 2470 2.2154207275369333 1.2211673585867757
420 781 2470 2.950947136090416 0.7946262627974661
420 773 2471 6.224314339748659 0.32566399618991654
420 774 2471 5.342479667719919 0.45859034423673223
420 775 2471 4.510220504587409 0.6327603494732812
420 776 2471 3.760596894111446 0.8265782295873985
420 777 2471 3.1531078319652512 0.9702270418880539
420 778 2471 2.782460961091918 0.9755908646405546
420 779 2471 2.7462864016705386 0.8387479021115115
420 775 2472 5.174561720571211 0.42571851906591524
420 776 2472 4.536087410974446 0.4978363206316699
255 717 1684 8.206171945554217 0.23853830964145095
255 714 1685 8.491717023076141 0.24005540833740838
255 715 1685 7.969646039818899 0.2753643600644434
255 716 1685 7.544617816695622 0.3063675020193677
255 717 1685 7.233758221008009 0.3283605546672618
255 718 1685 7.052181081055768 0.3372795470355703
255 719 1685 7.009939942681453 0.33129719967814225
255 720 1685 7.109518830413266 0.3116507443513495
255 712 1686 9.07101196118719 0.2099375046860554
255 713 1686 8.348009223761139 0.2576279561149447
255 714 1686 7.687344014677696 0.3114951506621911
255 715 1686 7.106423713795916 0.3680889296898357
255 716 1686 6.626255201846733 0.4209442607967827
255 717 1686 6.270028548579411 0.4610464520495475
255 718 1686 6.059641738584946 0.47944974153618586
255 719 1686 6.010429102817929 0.47140327308352176
255 720 1686 6.126276030346713 0.4390354642005243
255 721 1686 6.398223034562068 0.39011277667295924
255 711 1687 9.266242927961743 0.19972368501371893
255 712 1687 8.442112176463954 0.25379350640399484
255 713 1687 7.659977676207738 0.3211359316868263
255 714 1687 6.934065041517917 0.4020917881070965
255 715 1687 6.283888764133306 0.49349168626764767
255 716 1687 5.735264422849287 0.5859165670190213
255 717 1687 5.319704691052006 0.6622938754548887
255 718 1687 5.070035305597059 0.7019517024057503
255 719 1687 5.011113449124916 0.6916017012257735
255 720 1687 5.149491042811955 0.6348867337418794
255 721 1687 5.470215535058971 0.5495966825423064
255 722 1687 5.943842023472735 0.45595119380507887
255 723 1687 6.537220969188697 0.36802743285669587
255 711 1688 8.766370856859803 0.2299991519449387
255 712 1688 7.890200124204761 0.3001589782718099
255 713 1688 7.047074428441975 0.3925407538525388
255 714 1688 6.25038062840982 0.5116936999960654
255 715 1688 5.520258870741543 0.6584930461479905
255 716 1688 4.8866407684625885 0.8231804203698202
255 717 1688 4.391498377547302 0.9760016091714306
255 718 1688 4.085493605428913 1.0674242481577867
255 719 1688 4.012138831097509 1.0563340650837536
255 720 1688 4.183689520028994 0.9482027385137463
255 721 1688 4.5726642124696175 0.7894148147243907
255 722 1688 5.129839958517257 0.6267182636871457
255 723 1688 5.807000774926785 0.48521888992977075
255 724 1688 6.567134687213308 0.3717602212638886
255 711 1689 8.356749248362114 0.25722850521605206
255 712 1689 7.4324462998396905 0.3441732368828756
255 713 1689 6.530486811869438 0.4650588714595631
255 714 1689 5.661559679099092 0.632912714753387
255 715 1689 4.843475818046433 0.8615093425447298
255 716 1689 4.106733251624765 1.1544553098236126
255 717 1689 3.503035540784658 1.4750787963671936
255 718 1689 3.110829149921354 1.7074907044865344
255 719 1689 3.0138443888164432 1.7069556043739624
255 720 1689 3.2387123984695383 1.4738698339898144
255 721 1689 3.727634370482204 1.1531849469168882
255 722 1689 4.393319701546908 0.8604644288015939
255 723 1689 5.1679065394026 0.6321307197847672
255 724 1689 6.009430755071574 0.4644929371070193
255 711 1690 8.05116500886677 0.2775308129724551
255 712 1690 7.087119160843889 0.37894220390128003
255 713 1690 6.134595178167874 0.5266158625021312
255 714 1690 5.1999286533567455 0.7459338665007819
255 715 1690 4.29479429076649 1.0764053533621356
255 716 1690 3.442565613027643 1.5710315525715635
255 717 1690 2.693929843184551 2.2542311847763505
255 718 1690 2.159457802319899 2.9281934410316657
255 719 1690 2.0172401939283873 3.009549239390402
255 720 1690 2.339926921935851 2.40013517558708
255 721 1690 2.9801439562544854 1.690431372158659
255 722 1690 3.7798489387805017 1.1581981378109365
255 723 1690 4.657602172792352 0.8000961773969594
255 724 1690 5.576670870689787 0.5627282476555245
255 711 1691 7.861759217885048 0.2873436071584315
255 712 1691 6.871190435434057 0.3973041962582297
255 713 1691 5.883813219333226 0.5623168977752856
255 714 1691 4.901556691501218 0.819063318950158
255 715 1691 3.9282639931654693 1.236894259161958
255 716 1691 2.9727525965004666 1.9550578021059317
255 717 1691 2.0599169886187685 3.2561096622962107
255 718 1691 1.284234402280271 5.4421266397313675
255 719 1691 1.027257513966247 6.241598910646843
255 720 1691 1.5688396986308266 4.019032288688737
255 721 1691 2.4222423495596 2.3754655988178315
255 722 1691 3.3575672740840146 1.4723388083619804
255 723 1691 4.321950716979535 0.9587839198964542
255 724 1691 5.299552622627674 0.6496039088782848
255 725 1691 6.284207030326087 0.4541493782606406
255 712 1692 6.797003604530481 0.3948289747302092
255 713 1692 5.7970042263224455 0.561400320845154
255 714 1692 4.797005107356073 0.824135106557949
255 715 1692 3.7970064524570133 1.2624709962980547
255 716 1692 2.7970087593713653 2.055583595228908
255 717 1692 1.7970136337824743 3.693072098974743
255 718 1692 0.797030739683258 8.141673672099083
255 719 1692 0.2031206537996334 17.72907524405523
255 720 1692 1.2030203655798763 5.672237285558136
255 721 1692 2.2030111211702694 2.8631014830067505
255 722 1692 3.20300764906983 1.6700729959232132
255 723 1692 4.203005829165574 1.0546923137447288
255 724 1692 5.203004708819678 0.7017067632357125
255 725 1692 6.2030039497004745 0.4847516022158713
255 712 1693 6.869152640610065 0.37214059376167763
255 713 1693 5.881433328704847 0.5241627175342475
255 714 1693 4.898699623369463 0.7589594221952823
255 715 1693 3.9246984597545924 1.1376528743969057
255 716 1693 2.968039420223394 1.7819836142702026
255 717 1693 2.0531093492554087 2.9432008886324224
255 718 1693 1.273286299305823 5.002076462551847
255 719 1693 1.0135373698092571 6.527871601015964
255 720 1693 1.5598903807639226 4.495415592781422
255 721 1693 2.416455668949829 2.63909694027132
255 722 1693 3.3533949961195613 1.6160682913609952
255 723 1693 4.318710224129383 1.0421400791193622
255 724 1693 5.296910231446216 0.7007648044090605
255 712 1694 7.0831672294249906 0.33457080327007993
255 713 1694 6.1300292005829835 0.4617499257873518
255 714 1694 5.194541173193259 0.6493336070035411
255 715 1694 4.288269814272412 0.9310269631639131
255 716 1694 3.434422513320092 1.356443144953773
255 717 1694 2.6835159772209005 1.974383278038413
255 718 1694 2.1464524220209946 2.7140610902426703
255 719 1694 2.0033117580645663 3.1085643966106167
255 720 1694 2.3279299817648496 2.7074208176858265
255 721 1694 2.9707335794378533 1.967494638830222
255 722 1694 3.772433962311281 1.351463485803816
255 723 1694 4.651586611039242 0.9277097412920059
255 724 1694 5.57164769166173 0.6471378933656102
255 713 1695 6.524052268337519 0.3890513772933447
255 714 1695 5.654136361991978 0.5277456034575744
255 715 1695 4.83479658310459 0.7196354911930919
255 716 1695 4.096493378488457 0.9768508292334214
255 717 1695 3.4910253508102347 1.2920437486689418
255 718 1695 3.0972985003063025 1.5992498654751544
255 719 1695 2.9998763307842573 1.75285300213293
255 720 1695 3.22571821459959 1.64519839482365
255 721 1695 3.716350091151198 1.35426687692889
255 722 1695 4.38374930852569 1.0329390008917476
255 723 1695 5.159773057024836 0.763075456428313
255 714 1696 6.241414743469605 0.4159081839959071
255 715 1696 5.510105080667673 0.541579822316174
255 716 1696 4.875167484302427 0.6944212650370893
255 717 1696 4.378727897460585 0.8613044158974839
255 718 1696 4.071763500008264 1.007407492977248
255 719 1696 3.9981568253383326 1.0809219532568763
255 720 1696 4.170282724228592 1.047343362974227
255 721 1696 4.560401078852538 0.9231629122555765
255 722 1696 5.118911798419596 0.7588830876013617
255 716 1697 5.7230462168323895 0.49618687057557465
255 717 1697 5.3065297511650185 0.5893080541667457
255 718 1697 5.0562098453287545 0.6662147228078354
255 719 1697 4.997124973422155 0.705991961588297
255 720 1697 5.1358794767789595 0.6952471150467309
255 721 1697 5.457403961591928 0.6377775459417846
255 722 1697 5.9320534387342825 0.5516575109912184
255 718 1698 6.0457636407652675 0.457003140893552
255 719 1698 5.996437108817139 0.4803522653297919
