# %ECSV 0.9
# ---
# datatype:
# - name: sexcat_id
#   datatype: int32
# - name: x
#   datatype: int32
# - name: y
#   datatype: int32
# - name: sep
#   datatype: float64
# - name: weight
#   datatype: float64
# schema: astropy-2.0
sexcat_id x y sep weight
32 2321 812 6.127422051727804 0.5417143151929377
32 2322 812 5.7134316308152435 0.6294905697785576
32 2323 812 5.453558562993534 0.6947254191022665
32 2324 812 5.370223552143807 0.7191391753699535
32 2325 812 5.47149897194544 0.6947350775013471
32 2320 813 5.891290266147155 0.5868763049903165
32 2321 813 5.273073202602081 0.7375030993262015
32 2322 813 4.785739336821441 0.8926486725929397
32 2323 813 4.47228140885612 1.0163030684815262
32 2324 813 4.3702747053246025 1.0640446450260612
32 2325 813 4.494140741009342 1.0146192824701292
32 2326 813 4.826520589410134 0.8899877339339041
32 2319 814 5.989098513132026 0.5660424113409578
32 2320 814 5.193005006737448 0.7581736219767264
32 2321 814 4.4794308790291835 1.0055491060798745
32 2322 814 3.894008346164671 1.2914244447275123
32 2323 814 3.501614056403143 1.546761924013707
32 2324 814 3.370356212627981 1.6518463113174437
32 2325 814 3.5294901898149518 1.5393522309483103
32 2326 814 3.9440209177944205 1.2809417574138813
32 2327 814 4.5445903005661465 0.9956583596045983
32 2319 815 5.489016396404755 0.6785245630601855
32 2320 815 4.6073095185802515 0.9533417329242282
32 2321 815 3.7848779372656325 1.3507778486938227
32 2322 815 3.069739565500648 1.8909240645375378
32 2323 815 2.5536838097149115 2.4774408805056356
32 2324 815 2.370506485964554 2.7551235910872793
32 2325 815 2.591775646154577 2.4490581617633542
32 2326 815 3.1329380779070517 1.8583401072681722
32 2327 815 3.8617743331271814 1.3253238925515718
32 2318 816 6.106660380273351 0.5444297503579011
32 2319 816 5.137051780934296 0.77564049919024
32 2320 816 4.1817820364050755 1.1378630275703705
32 2321 816 3.253505955119821 1.727090315827955
32 2322 816 2.3839674913891122 2.7081816507626653
32 2323 816 1.6677232983921686 4.202283313153148
32 2324 816 1.370875997309753 5.2092185692005675
32 2325 816 1.7254857287152412 4.083467426373201
32 2326 816 2.4648125689390508 2.618940425252474
32 2327 816 3.342648799978825 1.6732883949349744
32 2318 817 5.962491173997683 0.574319840118368
32 2319 817 4.964806239925202 0.8311187657876357
32 2320 817 3.968286909990276 1.2504361599230123
32 2321 817 2.9741050754807117 1.9861458591217322
32 2322 817 1.9857746599249595 3.426972819568235
32 2323 817 1.0204415710857946 6.833097620784585
32 2324 817 0.37323049178758316 13.703267942550195
32 2325 817 1.1123403256197977 6.359986634314569
32 2326 817 2.0821385640729857 3.2453953571941763
32 2327 817 3.071367936278535 1.8986231465375756
32 2319 818 4.990921858735139 0.8257165713979117
32 2320 818 4.000912520913219 1.2378679108173094
32 2321 818 3.0174991300744596 1.9526159917625159
32 2322 818 2.0501953565453412 3.3138241174621434
32 2323 818 1.1407458086708169 6.226986976001489
32 2324 818 0.6319026823807541 9.962054719765268
32 2325 818 1.2236425131548627 5.78364293802352
32 2326 818 2.143665319027181 3.1131954332405885
32 2327 818 3.1134066550966097 1.8518533672554267
32 2319 819 5.212417960985113 0.7614496032029868
32 2320 819 4.27402632186562 1.1067278046565394
32 2321 819 3.3712462087483486 1.6527893184754967
32 2322 819 2.542302303031658 2.5129858565182825
32 2323 819 1.8871409592290733 3.6812804029263764
32 2324 819 1.630736336750973 4.333886864292235
32 2325 819 1.9383758665439321 3.5299330777068176
32 2326 819 2.6182629738053236 2.3820962853669005
32 2327 819 3.457354624564835 1.5680064898695794
32 2320 820 4.7462933959038125 0.9161621506747433
32 2321 820 3.9528851488501537 1.2745013210465357
32 2322 820 3.2746451716178444 1.736113840542769
32 2323 820 2.7966588994727295 2.1982626898707016
32 2324 820 2.630456424273167 2.389240635810511
32 2325 820 2.831483886586666 2.1398829517402578
32 2326 820 3.333961757429123 1.6642895020148287
32 2322 821 4.121080076873058 1.1870440152937378
32 2323 821 3.752505962686803 1.3911272286413026
32 2324 821 3.6303307011896266 1.46444052045874
40 2340 1004 3.6257783991853656 1.124485284867637
40 2341 1004 3.0692456727996755 1.4123435498236885
40 2342 1004 2.7738545383635165 1.625602251139887
40 2343 1004 2.822812250221438 1.647125092295276
40 2339 1005 3.7910775513036987 1.189460096103771
40 2340 1005 2.9404538765298107 1.7137766502598444
40 2341 1005 2.2181679377359 2.412538435659906
40 2342 1005 1.7872518009502398 3.048499903802833
40 2343 1005 1.862328918317121 3.057288711287918
40 2344 1005 2.3963031945061877 2.4286457744560934
40 2339 1006 3.445615910109374 1.5248704421210273
40 2340 1006 2.4791669971986945 2.4420208222502056
40 2341 1006 1.5557213760823414 4.159118014012124
40 2342 1006 0.8332280600171096 6.944008344586429
40 2343 1006 0.9840066056689954 6.542871705546826
40 2344 1006 1.8006301674693113 3.8323323511648018
40 2339 1007 3.372279496127041 1.6661335769005772
40 2340 1007 2.3761879134443875 2.7726834838117385
40 2341 1007 1.385737709669306 5.193927198106274
40 2342 1007 0.440759571648621 12.229002068548654
40 2343 1007 0.6843018339886412 9.044444204935632
40 2341 1008 1.849396928730967 3.4746996683368088
40 2342 1008 1.3016408874954244 4.597431062540937
106 1561 1838 12.602796396038542 0.3643014111222356
106 1562 1838 12.450641630052733 0.37035531700240737
106 1563 1838 12.37766040089977 0.3683633851832379
106 1560 1839 11.87015067301177 0.4200996062932055
106 1561 1839 11.62275685885246 0.4393116953979556
106 1562 1839 11.45759473013433 0.44861858403364885
106 1563 1839 11.378245778677929 0.4469161892428976
106 1564 1839 11.386504160628151 0.43441046564229935
106 1565 1839 11.48218084686016 0.4125596385373755
106 1557 1840 12.189933428858474 0.3786496521732977
106 1558 1840 11.695404097336757 0.4244801991103459
106 1559 1840 11.268117722139822 0.4680704993754327
106 1560 1840 10.915973479264304 0.5057375876419379
106 1561 1840 10.646430246801119 0.5334938324385542
106 1562 1840 10.465872013358554 0.5478895694708151
106 1563 1840 10.37894392508226 0.5469566988373431
106 1564 1840 10.387996775124742 0.5308265462185473
106 1565 1840 10.492782138213016 0.5016869313913408
106 1566 1840 10.690485349131826 0.4631029048276089
106 1555 1841 12.588744059674934 0.3280939927360346
106 1556 1841 11.944223582971018 0.3811896337627766
106 1557 1841 11.351320495871885 0.4390810904418579
106 1558 1841 10.818524714581061 0.4995837160056089
106 1559 1841 10.355118396232914 0.5590082180045806
106 1560 1841 9.970781162978227 0.6121421514467267
106 1561 1841 9.6749406716528 0.6528386051128725
106 1562 1841 9.475889245870365 0.6753555525376348
106 1563 1841 9.37979088253047 0.676106896032442
106 1564 1841 9.389807080020432 0.6549677924699233
106 1565 1841 9.505602400689918 0.6153228231005287
106 1566 1841 9.723398428533207 0.5628248770598676
106 1567 1841 10.036557029180981 0.5036433426668222
106 1555 1842 11.863156283215725 0.3680188963612207
106 1556 1842 11.1768724158416 0.4337880017159233
106 1557 1842 10.540895455320717 0.5076930133924326
106 1558 1842 9.964862116457057 0.58759489822811
106 1559 1842 9.459729224454637 0.6690495967165997
106 1560 1842 9.037393263546809 0.7448543121775761
106 1561 1842 8.709906830730244 0.8055262505435518
106 1562 1842 8.488255238858068 0.8413211872257674
106 1563 1842 8.380839874380225 0.8455194199013373
106 1564 1842 8.392048438849818 0.8172835941870484
106 1565 1842 8.521412852338617 0.7620455055790649
106 1566 1842 8.76370224277399 0.6891166552011778
106 1567 1842 9.109910921628266 0.6083025096402234
106 1568 1842 9.548742168474446 0.5274818419863528
106 1554 1843 11.950082719378994 0.34166820774961293
106 1555 1843 11.180003443648868 0.40975547444284205
106 1556 1843 10.448946214810404 0.4904396163005547
106 1557 1843 9.765678522253369 0.5841230323733316
106 1558 1843 9.140923202828084 0.6893356614950836
106 1559 1843 8.58746045114625 0.8013244677812809
106 1560 1843 8.119881587806626 0.910618913720489
106 1561 1843 7.753739549404607 1.0027488570590732
106 1562 1843 7.503897453990243 1.0608927338592622
106 1563 1843 7.382172918592557 1.0720234623048284
106 1564 1843 7.394895333944995 1.0334219480953748
106 1565 1843 7.541384289372977 0.9542050307951875
106 1566 1843 7.814120359963856 0.8504262640037942
106 1567 1843 8.200516873953847 0.7381415913300984
106 1568 1843 8.685417491404882 0.6291156798117932
106 1569 1843 9.253349501667056 0.5300280147633749
106 1553 1844 12.201412909987111 0.3066241716019275
106 1554 1844 11.360566755228378 0.3718395112706648
106 1555 1844 10.547534166808864 0.4519060048523721
106 1556 1844 9.769261845195903 0.5495340963507388
106 1557 1844 9.034737240230097 0.6669039025191751
106 1558 1844 8.355505789597698 0.8043718765384926
106 1559 1844 7.746126580427198 0.9581521649135493
106 1560 1844 7.22429768212806 1.117028043586757
106 1561 1844 6.81017452052449 1.2596700755668988
106 1562 1844 6.524298966172616 1.3567486091313024
106 1563 1844 6.383923323474458 1.381989995170938
106 1564 1844 6.3986308691782865 1.3276572048005688
106 1565 1844 6.5673797666954945 1.2099320901164887
106 1566 1844 6.878842707897999 1.0580662597831578
106 1567 1844 7.3148121643690605 0.8991715452221705
106 1568 1844 7.854583184358141 0.7506616792067843
106 1569 1844 8.478353436841482 0.6205618477824061
106 1570 1844 9.16899541934676 0.5107620482670162
106 1553 1845 11.710357680276037 0.3264627931366946
106 1554 1845 10.831457750460004 0.4000782072629144
106 1555 1845 9.975393576195385 0.4925185577911751
106 1556 1845 9.148577867625123 0.6084707433005359
106 1557 1845 8.359693594863412 0.7529405937558642
106 1558 1845 7.620529968447107 0.9299492343861295
106 1559 1845 6.946976104752381 1.139408087905835
106 1560 1845 6.359911713223751 1.3710548414348083
106 1561 1845 5.885276289181398 1.5960641808195077
106 1562 1845 5.551979556878868 1.7637324485676034
106 1563 1845 5.386323142924213 1.8187452455272817
106 1564 1845 5.403746570667528 1.7393211306896186
106 1565 1845 5.602542012337005 1.556314239635195
106 1566 1845 5.964601998457338 1.3267773945566494
106 1567 1845 6.462544158456589 1.0977791887804793
106 1568 1845 7.067706629452123 0.894060507134992
106 1569 1845 7.755029142434062 0.7233562226972179
106 1570 1845 8.50461504125858 0.5846190510058068
106 1553 1846 11.286738988742487 0.3433690742459786
106 1554 1846 10.37200448322309 0.42478221447789544
106 1555 1846 9.474517243638326 0.5291478315214255
106 1556 1846 8.599678889353955 0.6635972744251625
106 1557 1846 7.755158089942472 0.8370662866830835
106 1558 1846 6.952012442451486 1.0596498151049374
106 1559 1846 6.206325563487656 1.3396524913996093
106 1560 1846 5.541342526861201 1.6750281544090562
106 1561 1846 4.989436541334159 2.0348489198308117
106 1562 1846 4.591565854912753 2.3361977083307055
106 1563 1846 4.38981514417188 2.4579749268038316
106 1564 1846 4.411176373712673 2.3357392137703052
106 1565 1846 4.652577457711047 2.03415691429955
106 1566 1846 5.082762733002701 1.6743222415453805
106 1567 1846 5.658840605636564 1.339039376814598
106 1568 1846 6.341173156443632 1.0591541019796333
106 1569 1846 7.099188474748462 0.8366775357220604
106 1570 1846 7.911161545563426 0.6632956545140969
106 1553 1847 10.938394626269414 0.35632497543398667
106 1554 1847 9.991820504792893 0.4442953133412314
106 1555 1847 9.056736553527424 0.5590721454843762
106 1556 1847 8.137104952008416 0.7104310691930513
106 1557 1847 7.238817375787289 0.9120073875307375
106 1558 1847 6.370908647908874 1.1822875784422857
106 1559 1847 5.547655090216063 1.5441250123565007
106 1560 1847 4.7921265634371855 2.017732372729765
106 1561 1847 4.14155490124185 2.5926998987826897
106 1562 1847 3.652461772558406 3.157359046684384
106 1563 1847 3.3953611000894433 3.4432819552107423
106 1564 1847 3.4229339754077492 3.24057418101983
106 1565 1847 3.728870740586324 2.7034715723591844
106 1566 1847 4.253525243841971 2.1174289136656927
106 1567 1847 4.927522399746246 1.6226060520086554
106 1568 1847 5.698111704766861 1.2413583838426916
106 1569 1847 6.531192616972891 0.9560094963974239
106 1570 1847 7.405705705738063 0.74331742463677
106 1554 1848 9.700230770450748 0.45713228010368245
106 1555 1848 8.733984027922173 0.5796788548882074
106 1556 1848 7.776276551152209 0.7442764272377774
106 1557 1848 6.830701062116523 0.9691900659217656
106 1558 1848 5.903090461783548 1.2822232977539645
106 1559 1848 5.003446512155397 1.7255931110497493
106 1560 1848 4.149997228914749 2.3597004251209373
106 1561 1848 3.377939756715653 3.2475610406959325
106 1562 1848 2.7565335114959706 4.334445890639433
106 1563 1848 2.405509717294945 5.080747689715521
106 1564 1848 2.4442743299393603 4.702253611345367
106 1565 1848 2.857004900240917 3.640215247593149
106 1566 1848 3.5143245439203126 2.6569025108771327
106 1567 1848 4.305633170626686 1.934532667174996
106 1568 1848 5.16976566200064 1.428459997115674
106 1569 1848 6.075728515988928 1.073002699257025
106 1570 1848 7.0073159626208605 0.8193358482940335
106 1554 1849 9.50539199612511 0.4622274436985377
106 1555 1849 8.517069742581624 0.588954411093284
106 1556 1849 7.531830919504202 0.7611950429725255
106 1557 1849 6.551066859680155 1.0006074254573263
106 1558 1849 5.577138782565815 1.3425284928327645
106 1559 1849 4.614377206080991 1.8472493796769158
106 1560 1849 3.671576909176752 2.6225104544855027
106 1561 1849 2.7692015094608076 3.8648756651237632
106 1562 1849 1.9637914858762668 5.867043952957833
106 1563 1849 1.429852090252771 8.138527375507227
106 1564 1849 1.494147583072141 7.264708290497123
106 1565 1849 2.1024930439838374 4.870231325563831
106 1566 1849 2.9340206202411943 3.2387620282803944
106 1567 1849 3.846618904960644 2.2355419384158943
106 1568 1849 4.794212865528681 1.5979942681178585
106 1569 1849 5.759555277970759 1.1752100823031517
106 1570 1849 6.7350187082146205 0.8843350745976211
106 1571 1849 7.7167659676836795 0.6780687740162067
106 1554 1850 9.413313816079814 0.45913784395075075
106 1555 1850 8.414183085718971 0.5859334042656859
106 1556 1850 7.415286710572918 0.7590384145437926
106 1557 1850 6.416734138173361 1.0012823549230045
106 1558 1850 5.418715438182699 1.350979317120829
106 1559 1850 4.421592134062076 1.8766901136299332
106 1560 1850 3.4261460856186097 2.7123633801511553
106 1561 1850 2.4344356635573314 4.155629822761684
106 1562 1850 1.454124135003586 7.020334776994959
106 1563 1850 0.5499790905116565 14.322740048515241
106 1564 1850 0.7003406314074107 11.655225740509657
106 1565 1850 1.6366053281106696 6.054815888602705
106 1566 1850 2.6203963440671214 3.697312268115578
106 1567 1850 3.6130979781899684 2.455969277897898
106 1568 1850 4.608956172497254 1.7189961055071652
106 1569 1850 5.606289057835017 1.2477595694379264
106 1570 1850 6.604428589969063 0.9306451462382138
106 1571 1850 7.603057082516272 0.7090438886935132
106 1554 1851 9.427007849789822 0.44813345076786376
106 1555 1851 8.429500400379553 0.5709343513902814
106 1556 1851 7.432662847190039 0.7380872343825291
106 1557 1851 6.436806428656934 0.9711032730183985
106 1558 1851 5.44246975186811 1.3057352228903845
106 1559 1851 4.450671522365971 1.8050581928686262
106 1560 1851 3.463593076560746 2.58953745253666
106 1561 1851 2.4868608726665102 3.915911621113111
106 1562 1851 1.540284713940815 6.420203193730053
106 1563 1851 0.748650118546601 11.657908241035729
106 1564 1851 0.8651456524770506 11.1811343183296
106 1565 1851 1.713615184339834 6.177272806870473
106 1566 1851 2.6691715943341197 3.7943378980745375
106 1567 1851 3.6486267279622133 2.5203695789359704
106 1568 1851 4.636860683695419 1.7621946885723394
106 1569 1851 5.629251904116607 1.277564466673161
106 1570 1851 6.62393214035293 0.9517775746377298
106 1571 1851 7.620005052491806 0.7243871875163329
106 1555 1852 8.562387342324502 0.5454804792256267
106 1556 1852 7.583038770835802 0.7009649375965255
106 1557 1852 6.609877230327281 0.9148677839670053
106 1558 1852 5.646102815216806 1.2162819685923683
106 1559 1852 4.697496886640718 1.6532005971691937
106 1560 1852 3.7755101642028914 2.3073146109598204
106 1561 1852 2.905594087273624 3.3171780317265163
106 1562 1852 2.1518543166300894 4.870894996032253
106 1563 1852 1.6788320344810108 6.7664279632823225
106 1564 1852 1.7339195483065966 6.931413358290751
106 1565 1852 2.2791395306123436 5.088542770742677
106 1566 1852 3.0630829241141933 3.4653146638234555
106 1567 1852 3.9459443736575985 2.4023064570100283
106 1568 1852 4.874266816660754 1.7155540632209587
106 1569 1852 5.826360527808099 1.2585946713688605
106 1570 1852 6.792236524150228 0.944471991831926
106 1571 1852 7.76675459893001 0.722226168709759
106 1555 1853 8.80752388586024 0.5119404654414382
106 1556 1853 7.858783430022662 0.6518723451656959
106 1557 1853 6.924483879683659 0.8405044933064283
106 1558 1853 6.011362324797846 1.0988144538917926
106 1559 1853 5.130738445876875 1.4577821519938061
106 1560 1853 4.30261281083938 1.9609290867392344
106 1561 1853 3.5637728603264347 2.657183533228824
106 1562 1853 2.9813548933327882 3.5448904015355893
106 1563 1853 2.660164844516118 4.374025871767467
106 1564 1853 2.6952693742925886 4.518353141210872
106 1565 1853 3.0744880874707685 3.824540727820242
106 1566 1853 3.6933016394548344 2.908595298083453
106 1567 1853 4.452917807460617 2.148680790336259
106 1568 1853 5.2930593233025425 1.5920322116945047
106 1569 1853 6.180977026328449 1.1947334180361164
106 1570 1853 7.098765878658077 0.9098772782183008
106 1571 1853 8.036197919414397 0.702830671886182
106 1555 1854 9.155898481306926 0.4730374615265037
106 1556 1854 8.247331507827155 0.5955319911989053
106 1557 1854 7.362504804752161 0.7566082537526442
106 1558 1854 6.511104130637043 0.969862816557286
106 1559 1854 5.708106253390774 1.2525421229745068
106 1560 1854 4.976994775966614 1.622751182052957
106 1561 1854 4.354133323636182 2.087067901124099
106 1562 1854 3.8918475047204986 2.604790913911364
106 1563 1854 3.651640316350896 3.0288331158760653
106 1564 1854 3.677292074339401 3.1301869872244894
106 1565 1854 3.963644408874171 2.837460263005621
106 1566 1854 4.460770897501863 2.338925773435647
106 1567 1854 5.107492241795349 1.838257626578248
106 1568 1854 5.854440793107381 1.4212584408473041
106 1569 1854 6.668018971178762 1.0979082914620413
106 1570 1854 7.526651114539585 0.8531242443097009
106 1571 1854 8.416559689089128 0.6685331746836223
106 1555 1855 9.596274120719889 0.43139645623072637
106 1556 1855 8.733640535309338 0.536280187275351
106 1557 1855 7.903447159309567 0.6705319062603343
106 1558 1855 7.117055360189252 0.8421256581274948
106 1559 1855 6.390655443692664 1.0592376681272972
106 1560 1855 5.747040716751428 1.3265936554585456
106 1561 1855 5.216941345271085 1.6364275762545644
106 1562 1855 4.837817379769412 1.952009045387534
106 1563 1855 4.646770599028866 2.193764699446846
106 1564 1855 4.666955860086871 2.264617260218218
106 1565 1855 4.8957611257085745 2.1294032301567456
106 1566 1855 5.306267709039885 1.85251316244153
106 1567 1855 5.860416111506033 1.5322096754212065
106 1568 1855 6.521692801719473 1.2339956622354291
106 1569 1855 7.260886791570275 0.983036686071025
106 1570 1855 8.056579733360788 0.7815673004052885
106 1571 1855 8.893620016618648 0.6230752881584402
106 1556 1856 9.302390929218046 0.4775418862529414
106 1557 1856 8.527747475154168 0.5875357689215496
106 1558 1856 7.8045164488261785 0.7234078522222345
106 1559 1856 7.148319872529382 0.8881345195912088
106 1560 1856 6.579245929435879 1.080614493840724
106 1561 1856 6.1216400580235595 1.2904916071451478
106 1562 1856 5.801937348851571 1.4916223306595207
106 1563 1856 5.64362268405666 1.6404993509336685
106 1564 1856 5.660254146237516 1.6910629452506483
106 1565 1856 5.850339904655036 1.6246986370873278
106 1566 1856 6.197941351771505 1.465519330128302
106 1567 1856 6.678508590995395 1.2608885309076174
106 1568 1856 7.265705540413773 1.0522939984577264
106 1569 1856 7.935897995816195 0.8633510585976442
106 1570 1856 8.669860264156487 0.7027273311900982
106 1571 1856 9.452749705773432 0.570699657456155
106 1556 1857 9.939440477209871 0.4216849872214471
106 1557 1857 9.218485613157842 0.5107955847502884
106 1558 1857 8.553857433929922 0.6174439329928322
106 1559 1857 7.959678197012634 0.7419640392940365
106 1560 1857 7.452816715846325 0.8812902680788433
106 1561 1857 7.0521257078981865 1.0263243257734476
106 1562 1857 6.77646493387213 1.1596598838534735
106 1563 1857 6.64142130872592 1.2567048536659269
106 1564 1857 6.655559856240406 1.2936190473482472
106 1565 1857 6.817952551902874 1.2599032902208596
106 1566 1857 7.118460297002366 1.1651791834693537
106 1567 1857 7.540588637500332 1.0329491351510633
106 1568 1857 8.065263603875525 0.888004795060606
106 1569 1857 8.673896298665285 0.7481538616564698
106 1570 1857 9.350105721327402 0.6228419215004489
106 1557 1858 9.961851083006508 0.44183706579538534
106 1558 1858 9.350212671378015 0.5252516932935796
106 1559 1858 8.809907888281133 0.6195360485249944
106 1560 1858 8.354787669354513 0.7213666545059728
106 1561 1858 7.999404790357738 0.8236903499486732
106 1562 1858 7.757478778572224 0.9151012970383928
106 1563 1858 7.639795612449231 0.9811698424465876
106 1564 1858 7.65208971458115 1.0086817936721244
106 1565 1858 7.7937460184431675 0.9913948474020098
106 1566 1858 8.057944961340878 0.9332835041201615
106 1567 1858 8.433177159291683 0.8464364481817351
106 1568 1858 8.905418406790275 0.7454814464414774
106 1569 1858 9.46015206008863 0.6427478196296571
106 1558 1859 10.182557488175444 0.44630547460356634
106 1559 1859 9.688780986274688 0.518043928913817
106 1560 1859 9.27687862376123 0.5933307638709349
106 1561 1859 8.958151427610394 0.6669633130671017
106 1562 1859 8.742795719905518 0.7314406614421834
106 1563 1859 8.63854600034047 0.7779873182940861
106 1564 1859 8.649420616434284 0.7988648245988589
106 1565 1859 8.774991566947431 0.7901965873541756
106 1566 1859 9.010464860372002 0.753623423050556
106 1567 1859 9.347538553009489 0.695584345686026
106 1561 1860 9.925042921821444 0.5445842365850704
106 1562 1860 9.731108724086791 0.5911774760527795
106 1563 1860 9.637555551071971 0.6248904372172177
106 1564 1860 9.64730413120672 0.6409828490827765
76 2268 1489 9.612821542086468 0.3541134895890091
76 2269 1489 9.600642582660877 0.38028317493003266
76 2270 1489 9.692179218318289 0.38991395160837716
76 2266 1490 8.982668757112346 0.3414951969691977
76 2267 1490 8.743817129835339 0.40046830808962036
76 2268 1490 8.615122634066303 0.45281173853122314
76 2269 1490 8.601531142767614 0.4885162325408403
76 2270 1490 8.703581906318844 0.49896631862846336
76 2271 1490 8.917305534745369 0.4813522393636323
76 2265 1491 8.410489759817944 0.3489198584039771
76 2266 1491 8.031334758307745 0.4285145779346797
76 2267 1491 7.763268512682125 0.5120571554219266
76 2268 1491 7.618027172437846 0.5872288684622065
76 2269 1491 7.602653352613217 0.6370809453312192
76 2270 1491 7.717923166241071 0.6469872805444422
76 2271 1491 7.958161722408023 0.6137019010608127
76 2272 1491 8.31254100741764 0.5476805692251339
76 2264 1492 8.048871846414423 0.3370683116992969
76 2265 1492 7.519995877658601 0.430474763288211
76 2266 1492 7.0934010178476425 0.5417744709259338
76 2267 1492 6.78839730717064 0.6629646983206477
76 2268 1492 6.621807759215093 0.7744071596150165
76 2269 1492 6.604115232186734 0.8460294459512401
76 2270 1492 6.736493004523975 0.8516647837927611
76 2271 1492 7.010444921686503 0.7890135376038055
76 2272 1492 7.410285959394529 0.6816582541131017
76 2264 1493 7.252471165058334 0.40576155623243365
76 2265 1493 6.660655973701254 0.5319899515056213
76 2266 1493 6.174976761090022 0.6898115065376733
76 2267 1493 5.82205616599509 0.8703748193881885
76 2268 1493 5.6269297134406315 1.042230537759711
76 2269 1493 5.606098286687515 1.1489449255379318
76 2270 1493 5.761452768182719 1.1405136938297356
76 2271 1493 6.079501459823818 1.0213303936255274
76 2272 1493 6.536538686491464 0.8454071462339527
76 2273 1493 7.105796084887265 0.6667023712621837
76 2263 1494 7.25577962730421 0.36136043544227786
76 2264 1494 6.512475566173161 0.4861264078455912
76 2265 1494 5.846224251600519 0.6567463612256023
76 2266 1494 5.286240440994117 0.8831097752903733
76 2267 1494 4.869326236760204 1.1601049813166873
76 2268 1494 4.634257006252557 1.4386839951854316
76 2269 1494 4.608941093136312 1.6055519355866061
76 2270 1494 4.796700741134489 1.5566741270415467
76 2271 1494 5.174392524731747 1.325486880427018
76 2272 1494 5.704413905038747 1.0373097316171593
76 2273 1494 6.348727274028947 0.779331666182366
76 2263 1495 6.667858576784804 0.4184275961100312
76 2264 1495 5.850328024991614 0.5772052374419105
76 2265 1495 5.098268137318977 0.8061631815495214
76 2266 1495 4.445035207959721 1.1324996413808253
76 2267 1495 3.9400936537094076 1.5700930501604013
76 2268 1495 3.6455915843660778 2.051711515657517
76 2269 1495 3.613355504237078 2.330896727444731
76 2270 1495 3.8499789609814767 2.16547602566244
76 2271 1495 4.311419487825284 1.7080202474217585
76 2272 1495 4.935011448821498 1.244859945368029
76 2273 1495 5.6674807454458 0.8869942961212394
76 2263 1496 6.186625736215382 0.47756431320457327
76 2264 1496 5.295312833063042 0.6752933385740703
76 2265 1496 4.450431215062396 0.9766831607682608
76 2266 1496 3.6840654174432594 1.443210626958535
76 2267 1496 3.0558694343837725 2.150078569494094
76 2268 1496 2.6653964057904447 3.0553267980835965
76 2269 1496 2.621132961144902 3.5725318726870245
76 2270 1496 2.938764706471048 3.0464471772269666
76 2271 1496 3.521695330377045 2.1415950513210484
76 2272 1496 4.262433342587202 1.437400802546668
76 2273 1496 5.092576754453361 0.9729317184388409
76 2262 1497 6.806051571947037 0.3799087439238492
76 2263 1497 5.838521901988753 0.534493460704951
76 2264 1497 4.884090294005833 0.7726144151927351
76 2265 1497 3.9522573296790284 1.1548909628932758
76 2266 1497 3.0637131066732124 1.7993090607302946
76 2267 1497 2.269876208078504 2.9350869878946955
76 2268 1497 1.7083143738786697 4.819051604623065
76 2269 1497 1.6383949462812966 5.951948348580359
76 2270 1497 2.1095824231348996 4.182479213098541
76 2271 1497 2.8664155316351705 2.5212246173151454
76 2272 1497 3.7392964578913714 1.5664818113853398
76 2273 1497 4.663511338036885 1.0189494331466553
76 2262 1498 6.643518495496388 0.4100434945992612
76 2263 1498 5.648215470394363 0.583352140571799
76 2264 1498 4.654926207793399 0.8568478560892189
76 2265 1498 3.6652882560586497 1.3130772890160045
76 2266 1498 2.6833445548421615 2.136542649080853
76 2267 1498 1.7223060122988307 3.815316786222862
76 2268 1498 0.855767491787531 7.972862137726136
76 2269 1498 0.7059305914889533 11.0787569139948
76 2270 1498 1.5047717434878838 5.029738099893834
76 2271 1498 2.4556746527174944 2.667412374566578
76 2272 1498 3.434579741394689 1.5869783657579368
76 2273 1498 4.422933189637668 1.01337848103508
76 2262 1499 6.629505109734997 0.43200555306940097
76 2263 1499 5.631726023165728 0.6175954162613616
76 2264 1499 4.634904314007106 0.9130706630034181
76 2265 1499 3.639826644223775 1.4123345168362547
76 2266 1499 2.6484595522682484 2.3324182553742934
76 2267 1499 1.6674345564370887 4.286377117775629
76 2268 1499 0.7391468054454221 9.731374992734075
76 2269 1499 0.5588720783862747 10.920088662060454
76 2270 1499 1.441644200210099 4.646465531847259
76 2271 1499 2.41750656669202 2.4855559719317712
76 2272 1499 3.4073946058533724 1.490709995690122
76 2273 1499 4.401856199377518 0.9577061699805068
76 2262 1500 6.764934441663296 0.44310663982998183
76 2263 1500 5.790538662335476 0.6317356812105078
76 2264 1500 4.826628015499178 0.928886369768407
76 2265 1500 3.8810228033343424 1.4203645394787112
76 2266 1500 2.9712519246945015 2.2826069835508687
76 2267 1500 2.1434406919717657 3.869784400041598
76 2268 1500 1.536339155264886 6.267487277764707
76 2269 1500 1.4581968317067642 5.874136428469047
76 2270 1500 1.972900909827776 3.516392310247387
76 2271 1500 2.7673702318263973 2.0911032029127457
76 2272 1500 3.6639238529203237 1.3136546173130497
76 2273 1500 4.603296427561246 0.865671768978042
76 2262 1501 7.0411886780572885 0.4418613235946932
76 2263 1501 6.1110013909343674 0.623279408218545
76 2264 1501 5.206758876691083 0.9004346477427368
76 2265 1501 4.344690783013333 1.3342691291341222
76 2266 1501 3.555606558662056 2.016126992656043
76 2267 1501 2.899713434117284 2.9963342931900447
76 2268 1501 2.4848215227657446 3.8468049286996524
76 2269 1501 2.437280861944207 3.5343703691191655
76 2270 1501 2.776029178520845 2.507268395054473
76 2271 1501 3.387083996596296 1.6599426716533126
76 2272 1501 4.151907754273734 1.1066952181537002
76 2262 1502 7.442602904898393 0.4284405572797294
76 2263 1502 6.5695005898471175 0.5937340920082713
76 2264 1502 5.737973335595177 0.8345404289679871
76 2265 1502 4.968937310934891 1.1828849508150272
76 2266 1502 4.29608403083558 1.6598768330134497
76 2267 1502 3.7712515164067355 2.197997698624367
76 2268 1502 3.462417941265861 2.5111675912022196
76 2269 1502 3.428460004141706 2.30951859250237
76 2270 1502 3.6770012238234253 1.7903607020096959
76 2271 1502 4.157684211192403 1.286107113172509
76 2272 1502 4.801285036320819 0.9073435758099411
76 2263 1503 7.139491438471054 0.5479904601854652
76 2264 1503 6.382659163702939 0.7450003210004883
76 2265 1503 5.701257580569457 1.005644379264247
76 2266 1503 5.125459784253539 1.316912168582211
76 2267 1503 4.694287805407755 1.6043249208001147
76 2268 1503 4.449981797715534 1.72421490043772
76 2269 1503 4.423611420547605 1.592476693730193
76 2270 1503 4.618910910593407 1.3007312593174192
76 2271 1503 5.010023752438549 0.9909318391512554
76 2263 1504 7.796559369362958 0.4925138170543277
76 2264 1504 7.110016736970522 0.646376934639509
76 2265 1504 6.505254645284884 0.8326247678658888
76 2266 1504 6.007024055220703 1.029517419499973
76 2267 1504 5.6436103692583 1.18421151067014
76 2268 1504 5.44208948842257 1.2293072718519207
76 2269 1504 5.420547758298883 1.1404511205434371
76 2270 1504 5.581069610746552 0.9635562717934306
76 2263 1505 8.520583196002558 0.4334639453839965
76 2264 1505 7.897236098788031 0.5497300124592223
76 2265 1505 7.357468178660402 0.679345856014284
76 2266 1505 6.92086251850158 0.8028048064064394
76 2267 1505 6.607899666308475 0.8875017414729287
76 2268 1505 6.436640272688794 0.9020483516849575
48 2322 1131 13.107647309872192 0.28596610833301184
48 2323 1131 12.639478549370605 0.3109395141421923
48 2324 1131 12.235293948246586 0.3314811331362038
48 2325 1131 11.901614092214528 0.3455819027173145
48 2326 1131 11.644501620936783 0.35168747252467414
48 2327 1131 11.469107114331058 0.34907921109655654
48 2321 1132 12.811339430364018 0.29985676623505014
48 2322 1132 12.250568068461142 0.33653026273481185
48 2323 1132 11.748294259167995 0.3712779645384866
48 2324 1132 11.312312672482122 0.401140006177022
48 2325 1132 10.950544187390848 0.42295536880626405
48 2326 1132 10.670539723931467 0.4340315296066516
48 2327 1132 10.478855758144556 0.43287238673074935
48 2328 1132 10.38038621632159 0.41963866381379816
48 2329 1132 10.377784831070606 0.39609663219074454
48 2321 1133 12.016506064576339 0.34615975297038426
48 2322 1133 11.416760398641982 0.3951324161775109
48 2323 1133 10.876047903535538 0.44345804194483707
48 2324 1133 10.403577173261112 0.4869886250431454
48 2325 1133 10.009016834834458 0.5208011172478562
48 2326 1133 9.701877034883482 0.5402310813482788
48 2327 1133 9.490648976755985 0.5422465475856384
48 2328 1133 9.381813150985225 0.526517871248981
48 2329 1133 9.37893480092485 0.4955418184202975
48 2330 1133 9.482110419099703 0.453739361198526
48 2321 1134 11.254439923870045 0.39698439358641063
48 2322 1134 10.611711360567622 0.4618882463460538
48 2323 1134 10.0276825837279 0.528877075644521
48 2324 1134 9.513170764787088 0.592423531128585
48 2325 1134 9.080000991189355 0.6450286890668422
48 2326 1134 8.740275624944536 0.6786387101355003
48 2327 1134 8.505199468560363 0.6871628227482989
48 2328 1134 8.383580261439585 0.6689338296852326
48 2329 1134 8.380359061519936 0.627456089663113
48 2330 1134 8.495670544459644 0.5698693749635049
48 2331 1134 8.724816215829371 0.5042709285458497
48 2320 1135 11.268647567476773 0.3763285818067498
48 2321 1135 10.532256073605508 0.45101345970837053
48 2322 1135 9.842480276840792 0.5359709333950826
48 2323 1135 9.209800106408386 0.6281131153657975
48 2324 1135 8.646757658220787 0.7207300007954612
48 2325 1135 8.167767014306893 0.802899165609659
48 2326 1135 7.788351430180822 0.8608936072760307
48 2327 1135 7.523590765053584 0.8824867145331562
48 2328 1135 7.385825478577156 0.8625535351125179
48 2329 1135 7.382168922477959 0.8058363250713196
48 2330 1135 7.5128169151124204 0.724377466217904
48 2331 1135 7.770998520138787 0.6319457998774344
48 2332 1135 8.144594403651979 0.5396245009506105
48 2333 1135 8.61860882045351 0.45429253069175357
48 2319 1136 11.458726718095704 0.3385160613439095
48 2320 1136 10.641823997792873 0.41408864671115775
48 2321 1136 9.858722939610391 0.5058898744811157
48 2322 1136 9.118136761422264 0.6150276190556033
48 2323 1136 8.43127617861021 0.7399543481287697
48 2324 1136 7.81232475003439 0.8739648367603562
48 2325 1136 7.278627480507559 1.0025192720091525
48 2326 1136 6.850139998569353 1.103015372291362
48 2327 1136 6.5475505343601315 1.1509505555252886
48 2328 1136 6.388772808607265 1.1323160576400664
48 2329 1136 6.384545246139264 1.0527430459893805
48 2330 1136 6.535167786675364 0.9336645011186312
48 2331 1136 6.830403941202841 0.7997777403821145
48 2332 1136 7.252614563038574 0.6695190970030926
48 2333 1136 7.781157882988825 0.5528458022995588
48 2334 1136 8.395976298203744 0.45327195094134626
48 2319 1137 10.934734473227982 0.3609245898820068
48 2320 1137 10.075436367721268 0.4482502183154174
48 2321 1137 9.244480407248439 0.5580740069219383
48 2322 1137 8.450231831139318 0.6945759018941103
48 2323 1137 7.704052050706827 0.8599782435425307
48 2324 1137 7.021283216051036 1.0506730327348657
48 2325 1137 6.422181716519698 1.250786053634323
48 2326 1137 5.932151211828624 1.426033120024081
48 2327 1137 5.580001612902968 1.5281185161849173
48 2328 1137 5.392811697064865 1.5198787546242438
48 2329 1137 5.387802706113091 1.404576628770109
48 2330 1137 5.565466557261796 1.2230452431822938
48 2331 1137 5.909350048863189 1.0226414291670594
48 2332 1137 6.392684725528023 0.8349183660740997
48 2333 1137 6.986588437857149 0.6735690598588446
48 2334 1137 7.665403968480664 0.5410424167381059
48 2319 1138 10.48019169672008 0.37810157735956457
48 2320 1138 9.58020970542923 0.47596508240793023
48 2321 1138 8.702092736807643 0.6030019111078377
48 2322 1138 7.853178846811031 0.7677138295492025
48 2323 1138 7.04403421343197 0.9789926265999102
48 2324 1138 6.290025278168607 1.2420223593020794
48 2325 1138 5.613414112641252 1.5477449983536635
48 2326 1138 5.045435362780886 1.8536596733598867
48 2327 1138 4.6262747432464275 2.0702814694091445
48 2328 1138 4.398683666734824 2.0992712131205327
48 2329 1138 4.392541177951508 1.9250353107133735
48 2330 1138 4.6087327976353265 1.6325509059392782
48 2331 1138 5.018607177295255 1.320701480121368
48 2332 1138 5.57964317855536 1.044366706486888
48 2333 1138 6.251273310294414 0.8194046309264895
48 2334 1138 7.001743925623043 0.6430478850587555
48 2335 1138 7.8083556527606435 0.5068043017816602
48 2319 1139 10.104475147181104 0.388536425056835
48 2320 1139 9.167683349680031 0.4944883703855527
48 2321 1139 8.245751512142505 0.6357161154528364
48 2322 1139 7.344277908685122 0.8256828114651327
48 2323 1139 6.471817210026889 1.0824147187076447
48 2324 1139 5.641845265513769 1.4271328904301555
48 2325 1139 4.8761068487062555 1.874521013878264
48 2326 1139 4.209800232790145 2.3988365007531924
48 2327 1139 3.697082363161507 2.8635270589810076
48 2328 1139 3.4079932511669955 3.013324497754598
48 2329 1139 3.40006147003252 2.734643021359483
48 2330 1139 3.6751078895727147 2.2262320291950948
48 2331 1139 4.177609124846355 1.7188516623504908
48 2332 1139 4.837191127090126 1.3048761146176486
48 2333 1139 5.598608577137658 0.9908754281510915
48 2334 1139 6.425762055974316 0.7579602181544938
48 2335 1139 7.296329077008464 0.5854883340978586
48 2319 1140 9.816639852821364 0.3912307620523715
48 2320 1140 8.84943037714861 0.5017572072207506
48 2321 1140 7.89040037006998 0.6519627732157469
48 2322 1140 6.942940155294469 0.8597171613191885
48 2323 1140 6.01252176711239 1.152422484956982
48 2324 1140 5.108465327277872 1.5717378116067597
48 2325 1140 4.2476367547143346 2.176154333020645
48 2326 1140 3.462429493866993 3.019233763612914
48 2327 1140 2.8168098977389215 4.009578395586687
48 2328 1140 2.424957319212003 4.57004877123087
48 2329 1140 2.413797423148798 4.087404852273133
48 2330 1140 2.7879056655489065 3.1023169760188765
48 2331 1140 3.423217492360017 2.23877907117041
48 2332 1140 4.202905899493768 1.6154431380942058
48 2333 1140 5.0606736705699005 1.1827420385650922
48 2334 1140 5.96292025772602 0.8810387242955581
48 2335 1140 6.8921997939699375 0.6672325063544764
48 2336 1140 7.838904132593992 0.512894066222408
48 2319 1141 9.624573652895007 0.3859166816500876
48 2320 1141 8.635879688833132 0.49691044531381956
48 2321 1141 7.650125358450053 0.6494174193837121
48 2322 1141 6.668614398808831 0.8638611708164744
48 2323 1141 5.693541779946853 1.1739101585957503
48 2324 1141 4.72889183636085 1.6376102384818596
48 2325 1141 3.7826469568280094 2.359691590995798
48 2326 1141 2.873050295417767 3.5322143764868077
48 2327 1141 2.049492132212278 5.434539708673799
48 2328 1141 1.4650658688263616 7.525646684514339
48 2329 1141 1.446519270524888 6.604006611631709
48 2330 1141 2.009581548482113 4.36874254420676
48 2331 1141 2.8256712476860573 2.8669644166156063
48 2332 1141 3.7323475186535875 1.9533510111941903
48 2333 1141 4.677223321587233 1.3791299192003412
48 2334 1141 5.6411362330650565 1.002493154558659
48 2335 1141 6.615770401094594 0.7461084180191208
48 2336 1141 7.5970005923390085 0.5661491399751989
48 2319 1142 9.534066183953245 0.37311857516721675
48 2320 1142 8.534894141112748 0.4805255603457596
48 2321 1142 7.535941746059389 0.6284537362356906
48 2322 1142 6.537309691302726 0.8373471026145558
48 2323 1142 5.539171237649226 1.1417144826537249
48 2324 1142 4.541851824971877 1.6036146054943532
48 2325 1142 3.5460425829366855 2.3447064556648716
48 2326 1142 2.5535109163659735 3.6353610016985924
48 2327 1142 1.570483365082262 6.2096394191267335
48 2328 1142 0.6421977888470327 12.794032958039455
48 2329 1142 0.598680215139878 11.807411691852032
48 2330 1142 1.518030961476031 5.862291800850262
48 2331 1142 2.500083598602206 3.4736580336680456
48 2332 1142 3.4923370398630866 2.2557594106127037
48 2333 1142 4.488030525742843 1.5497183578567302
48 2334 1142 5.4852910588226305 1.1069084107287037
48 2335 1142 6.48339556096953 0.8138206020568672
48 2336 1142 7.482006281740167 0.6119925537912747
48 2319 1143 9.548005969834795 0.3540333805622861
48 2320 1143 8.550463028397981 0.4544585316915573
48 2321 1143 7.553569884498369 0.5920154881558375
48 2322 1143 6.557622892481743 0.7849267067274673
48 2323 1143 5.563130233960062 1.063477553196985
48 2324 1143 4.571041238055116 1.480962600849891
48 2325 1143 3.5833528991714387 2.1385016185458974
48 2326 1143 2.6050754307697637 3.2487615766294486
48 2327 1143 1.6530027223208623 5.327124245250803
48 2328 1143 0.8236613381724884 9.733904492241406
48 2329 1143 0.7902012401913876 11.708692514182346
48 2330 1143 1.603252319505548 6.3562434524269085
48 2331 1143 2.5527275608650117 3.7552469763048237
48 2332 1143 3.530215007616355 2.421969215706215
48 2333 1143 4.51756770840235 1.6540453008981184
48 2334 1143 5.509484367887758 1.175711121138439
48 2335 1143 6.5038771513612925 0.8609749047478528
48 2336 1143 7.4997611961981425 0.6453102778846977
48 2320 1144 8.681959341070474 0.42136463332449126
48 2321 1144 7.702104777267106 0.5446681322708136
48 2322 1144 6.728180883418689 0.7149100109046611
48 2323 1144 5.7631951207642285 0.9554776033735976
48 2324 1144 4.812527194728412 1.3048334675906679
48 2325 1144 3.886697569917221 1.8283540162511118
48 2326 1144 3.0087236496561705 2.6383881840289543
48 2327 1144 2.2357142035600748 3.906848279724241
48 2328 1144 1.7159306512794072 5.66192913317817
48 2329 1144 1.7001229367313657 6.552989067248496
48 2330 1144 2.1991857584115073 5.15649476454559
48 2331 1144 2.9635144676549006 3.4976638812804017
48 2332 1144 3.8377621083125804 2.3753518936339018
48 2333 1144 4.7617662689384215 1.6599292735998605
48 2334 1144 5.711428717930361 1.1936576761651485
48 2335 1144 6.675808415465467 0.8796721326633393
48 2336 1144 7.649341017368717 0.6617174850258919
48 2320 1145 8.924260081373745 0.3841133328147974
48 2321 1145 7.974234634120121 0.4913552976820146
48 2322 1145 7.0380691954541605 0.6362920664930295
48 2323 1145 6.122125284572399 0.8352431118103459
48 2324 1145 5.237023773098667 1.1125345519546708
48 2325 1145 4.401410910151483 1.5034500313594952
48 2326 1145 3.6494407790784087 2.053116863176742
48 2327 1145 3.0437506468172346 2.790510069370101
48 2328 1145 2.6852221509588823 3.6107008064106414
48 2329 1145 2.675148220192698 4.061566168704632
48 2330 1145 3.0170213787774314 3.7047254322861374
48 2331 1145 3.612259403752724 2.8986292467724946
48 2332 1145 4.35825859719222 2.1390361943076006
48 2333 1145 5.190415975622745 1.5653747041608252
48 2334 1145 6.073418971222035 1.156353134171573
48 2335 1145 6.988019605009679 0.8664535711711342
48 2336 1145 7.923283284093757 0.6588376863635398
48 2321 1146 8.357895548521824 0.43640792137142587
48 2322 1146 7.469967737547522 0.5565699186026969
48 2323 1146 6.614107498370491 0.7163150845732017
48 2324 1146 5.804517034172669 0.9295552329414482
48 2325 1146 5.063439344951274 1.2128079570440535
48 2326 1146 4.42542856681706 1.5795167786079414
48 2327 1146 3.9408651334447375 2.0205326282359204
48 2328 1146 3.671024107793399 2.4598347164941043
48 2329 1146 3.6636618293723884 2.7197957568656657
48 2330 1146 3.920257389509029 2.636249903358023
48 2331 1146 4.394817174809444 2.2671028263118504
48 2332 1146 5.025974333400438 1.8110023945509717
48 2333 1146 5.762501019522676 1.4001069512220725
48 2334 1146 6.569050007421149 1.0727356674197652
48 2335 1146 7.422830861605275 0.8237840866378741
48 2336 1146 8.309297082184486 0.6370986196260028
48 2322 1147 8.004150048568613 0.4808630352885336
48 2323 1147 7.211963532908416 0.60681003342894
48 2324 1147 6.4775317830174135 0.7681976525874256
48 2325 1147 5.822750037568216 0.9716349416311464
48 2326 1147 5.2773495241456745 1.2183405995141803
48 2327 1147 4.87815723403833 1.4938318827303998
48 2328 1147 4.662876579966534 1.7527576498168238
48 2329 1147 4.657082563150488 1.9157545881121465
48 2330 1147 4.861524246571257 1.9111018284008858
48 2331 1147 5.251706198941458 1.7410993282131988
48 2332 1147 5.790200169251496 1.4796200581161039
48 2333 1147 6.439908229159788 1.2048218863350248
48 2334 1147 7.1706637070776 0.9601675233813141
48 2335 1147 7.960177008082156 0.7589836833786043
48 2323 1148 7.891667631115803 0.5103652577778784
48 2324 1148 7.2266463868104704 0.6318333179190666
48 2325 1148 6.646082906494677 0.7783673406123802
48 2326 1148 6.173849528454727 0.9473602785782052
48 2327 1148 5.836301739972032 1.1267875141953474
48 2328 1148 5.657598253676243 1.2902016085817554
48 2329 1148 5.652823896071802 1.398429732601452
48 2330 1148 5.822406547124677 1.416375220190142
48 2331 1148 6.151944245521103 1.337456852056188
48 2332 1148 6.617584000222447 1.188978873255207
48 2333 1148 7.1929422352748 1.0114202502346816
48 2334 1148 7.853942831470061 0.8366431159453849
48 2335 1148 8.580816860882177 0.6814022057856262
48 2324 1149 8.030592630684295 0.5192324693976699
48 2325 1149 7.512417586902422 0.6257092606409026
48 2326 1149 7.098057339864248 0.7438860766512402
48 2327 1149 6.806498218614373 0.865067001438035
48 2328 1149 6.653902463968085 0.9735692205858602
48 2329 1149 6.6498434568041125 1.0484962015388422
48 2330 1149 6.794587404692089 1.0711532807151432
48 2331 1149 7.079012501754767 1.0351509722062695
48 2332 1149 7.487216972947973 0.9504790173793154
48 2333 1149 8.000276120234858 0.8372689139642504
48 2334 1149 8.599442888931819 0.7156497558157545
48 2325 1150 8.408472988599112 0.5056001900578468
48 2326 1150 8.040423993795402 0.5899417952926609
48 2327 1150 7.784241645786744 0.6743430436175292
48 2328 1150 7.651171021484268 0.749249545953167
48 2329 1150 7.647641335732249 0.8028059179850998
48 2330 1150 7.773829043656701 0.8243828250524613
48 2331 1150 8.023616266995846 0.8091573101962272
48 2332 1150 8.385965537730302 0.7605656638994922
48 2333 1150 8.847057024796449 0.6885332524632835
48 2334 1150 9.392359554446374 0.6050161105678148
48 2326 1151 8.995244187902898 0.4723045491375169
48 2327 1151 8.767007357131668 0.5326394752148519
48 2328 1151 8.649070354668224 0.5859736222733181
48 2329 1151 8.645948068315043 0.6252375937064235
48 2330 1151 8.75776329892516 0.6440677787386101
48 2331 1151 8.980223716589718 0.6390432780854116
48 2332 1151 9.305397251058139 0.6111009006822117
53 2447 1154 7.888890733176693 0.31836805316884925
53 2448 1154 7.834321731968948 0.34206621656268904
53 2449 1154 7.906870240493438 0.35597562642606523
53 2444 1155 7.882930736724858 0.28731330223825174
53 2445 1155 7.435226761841318 0.33662960975075934
53 2446 1155 7.1010278833420415 0.38671174464429187
53 2447 1155 6.896854137938614 0.43263524751899335
53 2448 1155 6.834368807724735 0.4681175952455375
53 2449 1155 6.9174125943159295 0.48704346664288334
53 2450 1155 7.140910096059217 0.4856745422199037
53 2451 1155 7.492302516583289 0.46429265960305627
53 2452 1155 7.954658823607717 0.42706885384079274
53 2443 1156 7.637447021092949 0.3093259834737776
53 2444 1156 7.0336759237259 0.37564589168993684
53 2445 1156 6.527985677067713 0.4501150702369613
53 2446 1156 6.144639696516065 0.5280745284936735
53 2447 1156 5.907503449004568 0.6008204784271697
53 2448 1156 5.834432020342741 0.6561586429735791
53 2449 1156 5.931491970828294 0.6818780703517514
53 2450 1156 6.1906863109028825 0.6713780203872983
53 2451 1156 6.592920217930759 0.6274263068730785
53 2452 1156 7.113971956649815 0.5605274577229965
53 2453 1156 7.729851033493453 0.4834913448598246
53 2442 1157 7.649875619904001 0.3159979572338197
53 2443 1157 6.903810324741073 0.3961250711669822
53 2444 1157 6.22933359196642 0.4942020421138921
53 2445 1157 5.652132075597764 0.6095244571788642
53 2446 1157 5.204670690831546 0.7357098873155012
53 2447 1157 4.922458430500022 0.8570851944825559
53 2448 1157 4.834521382722448 0.9481970865105877
53 2449 1157 4.951221768412357 0.9822473126824594
53 2450 1157 5.258953983445778 0.9473810451102278
53 2451 1157 5.727005936787568 0.8557246040898374
53 2452 1157 6.31985735598517 0.7341527593853043
53 2453 1157 7.005897301559572 0.6080274008434072
53 2441 1158 7.919002273014049 0.30567158700699626
53 2442 1158 7.060637152552275 0.3923659591947581
53 2443 1158 6.244565397207505 0.5056736845670545
53 2444 1158 5.489680956121325 0.6519055046956268
53 2445 1158 4.8247898399827704 0.8347684866318468
53 2446 1158 4.291922296594009 1.0483850169527216
53 2447 1158 3.9449457537462567 1.2651247754283188
53 2448 1158 3.834657351055039 1.4269940352757664
53 2449 1158 3.9807784414609504 1.467002449324225
53 2450 1158 4.357590733421405 1.3651593453423856
53 2451 1158 4.912290402653321 1.169623738210746
53 2452 1158 5.5921907156319115 0.9489409890757435
53 2453 1158 6.35724759624789 0.7474587874008721
53 2454 1158 7.180292264246589 0.5812575722120656
53 2441 1159 7.486160364299014 0.36546426154826284
53 2442 1159 6.5714988396865275 0.480601342255511
53 2443 1159 5.685648335942102 0.6385944327431393
53 2444 1159 4.844439802495334 0.8557561254730645
53 2445 1159 4.075610015691007 1.15012751834712
53 2446 1159 3.4282060906545095 1.5292632935575587
53 2447 1159 2.982381095701973 1.9530348495344336
53 2448 1159 2.8348892394589824 2.275806446015022
53 2449 1159 3.0296199431612134 2.295057093753518
53 2450 1159 3.5100707970068035 1.9959606050473906
53 2451 1159 4.178827227823591 1.573816018364163
53 2452 1159 4.960302107734934 1.1866232776163619
53 2453 1159 5.8091821283206 0.8831675454738078
53 2454 1159 6.699895297689307 0.6586076124643694
53 2440 1160 8.138341170042063 0.3226187148785006
53 2441 1160 7.167607480882406 0.4273179034728844
53 2442 1160 6.20617410326211 0.5750853837270664
53 2443 1160 5.259144131890766 0.7880539389053434
53 2444 1160 4.335965521080732 1.101590697355123
53 2445 1160 3.45580627350561 1.5706708027263283
53 2446 1160 2.661690628153572 2.2667451619657983
53 2447 1160 2.055868916054811 3.1998803083362377
53 2448 1160 1.835373803888518 3.983717382821677
53 2449 1160 2.1238166116687274 3.7930720052061933
53 2450 1160 2.7663327710165055 2.871512694667123
53 2451 1160 3.5769535920947706 2.0050681928858762
53 2452 1160 4.465041657140447 1.3923968490840222
53 2453 1160 5.392457417541592 0.9827623981558957
53 2454 1160 6.3419710658437385 0.707835191584791
53 2440 1161 7.972740871243809 0.360511499551899
53 2441 1161 6.979011176377447 0.48418471358058485
53 2442 1161 5.987369789815987 0.6637960652242919
53 2443 1161 4.999059611567056 0.9333828271885201
53 2444 1161 4.016540426785318 1.3552458169645467
53 2445 1161 3.0454223024074363 2.0519197415627897
53 2446 1161 2.101570127309683 3.2834426641712398
53 2447 1161 1.248437823842366 5.581895642138405
53 2448 1161 0.8370167262367507 8.440081292300707
53 2449 1161 1.3574229259887698 6.300312857858849
53 2450 1161 2.232621105337791 3.6834384753243015
53 2451 1161 3.1822314497848145 2.269140575038174
53 2452 1161 4.155550144084341 1.4820333220693702
53 2453 1161 5.139124147167415 1.0121130285903526
53 2454 1161 6.128017379218098 0.7150845879361877
53 2439 1162 8.930542928624304 0.2931794468685851
53 2440 1162 7.93073748147052 0.389296204085913
53 2441 1162 6.930988169085357 0.5266190652341896
53 2442 1162 5.9313233767854046 0.7288045748182815
53 2443 1162 4.931794500990572 1.0381661821451273
53 2444 1162 3.9325051811791254 1.536534569645367
53 2445 1162 2.9337002232676213 2.4007712500549805
53 2446 1162 1.9361293861724007 4.085914215878354
53 2447 1162 0.9437144695299221 8.213676443012904
53 2448 1162 0.18054639292981645 18.731539798061416
53 2449 1162 1.0837882634536107 6.908700926746881
53 2450 1162 2.077642173233788 3.608363702127277
53 2451 1162 3.0754832140656276 2.1684428865229277
53 2452 1162 4.074383020777412 1.406767615040884
53 2453 1162 5.073716290846296 0.9593480513343563
53 2454 1162 6.073269053812693 0.6781098648594306
53 2439 1163 9.00480965928772 0.304496451422579
53 2440 1163 8.0142745772778 0.40399287355877345
53 2441 1163 7.026421350872795 0.5455377684112376
53 2442 1163 6.042565431999963 0.7523794544613609
53 2443 1163 5.065036722473068 1.064575517523726
53 2444 1163 4.098365161866441 1.5543833075729445
53 2445 1163 3.1525540439460147 2.35656594985865
53 2446 1163 2.254017967985215 3.704937749737903
53 2447 1163 1.4908376839884423 5.669504611370071
53 2448 1163 1.168159663744579 6.2201171646953854
53 2449 1163 1.583223610233145 4.337854286994413
53 2450 1163 2.376677723209333 2.744650339733802
53 2451 1163 3.2849044126122338 1.7857460872584838
53 2452 1163 4.234689717086619 1.2080589518516818
53 2453 1163 5.203325571209145 0.845205237718563
53 2440 1164 8.219525351259714 0.40171476311097626
53 2441 1164 7.259655432594646 0.5362959882534725
53 2442 1164 6.312257678517312 0.7270612053071202
53 2443 1164 5.3839202260063805 1.0014201879489688
53 2444 1164 4.486490499265592 1.3981701425910649
53 2445 1164 3.6428830615324794 1.9583354615243345
53 2446 1164 2.90044772405918 2.6627903815267424
53 2447 1164 2.356819254843252 3.247048354760048
53 2448 1164 2.1671633533261234 3.210818268165547
53 2449 1164 2.4163188945169374 2.593042387259552
53 2450 1164 2.9967644218388902 1.896753384248838
53 2451 1164 3.758004390630645 1.3533956795762643
53 2452 1164 4.611355223792571 0.9703728428064433
53 2440 1165 8.537716146605074 0.38292495039698726
53 2441 1165 7.618044171570602 0.5012097155852395
53 2442 1165 6.721353807083856 0.6608387092818221
53 2443 1165 5.8582076610513285 0.8743329853232472
53 2444 1165 5.04584948249552 1.150727512055214
53 2445 1165 4.3130728025388265 1.4795739792031513
53 2446 1165 3.707370631593226 1.7988261925015794
53 2447 1165 3.299484353652822 1.9781439550376287
53 2448 1165 3.166796014902066 1.9083613161789839
53 2449 1165 3.3422443058518976 1.6352186663975323
53 2450 1165 3.7831993074644186 1.2986159767598415
53 2451 1165 4.410736559804845 0.9944023342181251
53 2441 1166 8.08496116255364 0.44826386383883804
53 2442 1166 7.246281598171612 0.5716249513313268
53 2443 1166 6.453727372611921 0.7236277516055442
53 2444 1166 5.726482078903259 0.8994918943770739
53 2445 1166 5.092602183559993 1.0794083599370266
53 2446 1166 4.590925505821221 1.222764618816406
53 2447 1166 4.268324847056473 1.279555502998575
53 2448 1166 4.166604972876537 1.2251685087233886
53 2449 1166 4.301464518044908 1.0832314382751451
53 2450 1166 4.652375414774601 0.9036151467304556
53 2442 1167 7.863879258991736 0.47720062313586775
53 2443 1167 7.140209870865158 0.5795990450228018
53 2444 1167 6.490346446839341 0.6867913772158123
53 2445 1167 5.9385685985765875 0.7837783018214707
53 2446 1167 5.514399060641124 0.8496960782515877
53 2447 1167 5.248866258536175 0.8659285968426783
53 2448 1167 5.166487878626966 0.8273039853274875
53 2449 1167 5.275850357999096 0.745741876943395
53 2445 1168 6.826316503063696 0.5734356129864663
53 2446 1168 6.460696324700581 0.6043711763364445
54 2127 1166 5.031773643557338 0.6688367332816063
54 2128 1166 4.5966015707257775 0.7912498626458768
54 2129 1166 4.3518669556868455 0.8772565752698324
54 2130 1166 4.329982217053494 0.8957571087596948
54 2126 1167 4.887406878908082 0.7336957289678976
54 2127 1167 4.206750051999577 0.9594002885477196
54 2128 1167 3.6751525138419554 1.2016857023261438
54 2129 1167 3.364037157939734 1.3880850486175236
54 2130 1167 3.3356777422286528 1.4253696612926938
54 2131 1167 3.596768827711901 1.2906133779358646
54 2132 1167 4.092278827255108 1.059851423017669
54 2125 1168 5.143417735319367 0.6907215116489538
54 2126 1168 4.273727412926355 0.9729782913431219
54 2127 1168 3.4748735228780054 1.3725556056627513
54 2128 1168 2.8079789885251993 1.8833430133182016
54 2129 1168 2.3863666943702095 2.3527574578972206
54 2130 1168 2.3462195123218543 2.4425931421939198
54 2131 1168 2.7045787102615817 2.064398297787798
54 2132 1168 3.335377939604536 1.538797741299766
54 2125 1169 4.778362271741015 0.8206866829918621
54 2126 1169 3.8265841164148418 1.2221189353600095
54 2127 1169 2.9073606587416627 1.8830033860702706
54 2128 1169 2.0646418575625063 2.9724371712885196
54 2129 1169 1.4397034416849732 4.4279962390739795
54 2130 1169 1.3721319178562814 4.732396163471796
54 2131 1169 1.921651893554178 3.364382207600418
54 2132 1169 2.739114090358552 2.134597555250994
54 2125 1170 4.605512566479231 0.9004578145504563
54 2126 1170 3.608427081153021 1.3875215838659412
54 2127 1170 2.6135695896606452 2.2783091091914156
54 2128 1170 1.6250372303425276 4.1429059455727915
54 2129 1170 0.6713761985650916 9.123219661870966
54 2130 1170 0.5106329405748452 11.118759759870434
54 2131 1170 1.4390086865618683 4.793603386257467
54 2132 1170 2.425024948325463 2.557515671994513
54 2125 1171 4.646369120076264 0.8953382078268193
54 2126 1171 3.6604297561896564 1.370410713713381
54 2127 1171 2.684910799262998 2.218299582715345
54 2128 1171 1.7374538842799452 3.878778599905925
54 2129 1171 0.9103548758587882 7.192271111245864
54 2130 1171 0.7992158657085517 7.751801377048949
54 2131 1171 1.5648469573733625 4.2349657745821085
54 2132 1171 2.501748588487874 2.391613321342526
54 2126 1172 3.971995216512581 1.1824447384281302
54 2127 1172 3.09624708316362 1.7649040993040417
54 2128 1172 2.323089752893681 2.6179994018501325
54 2129 1172 1.790738953616642 3.511054065898647
54 2130 1172 1.7368782340741178 3.5577773689657044
54 2131 1172 2.1969856622201305 2.693223760254055
54 2128 1173 3.126459019401947 1.652002871401479
54 2129 1173 2.754041757127183 1.9439284561513912
55 2366 1188 8.486853009213828 0.6112386033681173
55 2367 1188 7.982021924299726 0.6721660494337308
55 2368 1188 7.576191259465484 0.7216716096209826
55 2369 1188 7.285923002612702 0.7533134346653823
55 2370 1188 7.125354306980151 0.7623310507660102
55 2371 1188 7.103286140935073 0.7472719977983112
55 2372 1188 7.220988436495379 0.7105377855604839
55 2365 1189 8.315688426101717 0.6675955710056642
55 2366 1189 7.670506762920019 0.765526906367588
55 2367 1189 7.107930359816524 0.8606697887765977
55 2368 1189 6.64896036986243 0.9422941149540288
55 2369 1189 6.316223080291009 0.9980017671483816
55 2370 1189 6.130307822613847 1.0174630684435406
55 2371 1189 6.104643642343116 0.99668986619905
55 2372 1189 6.241207735687054 0.9399319447324467
55 2373 1189 6.5298295536713375 0.8576608010083118
55 2374 1189 6.95159506875935 0.7622694684136245
55 2364 1190 8.38299910533231 0.681075686497033
55 2365 1190 7.613190789675641 0.8120617446390828
55 2366 1190 6.902657024653745 0.9575328809819548
55 2367 1190 6.271576675765146 1.1082142265007187
55 2368 1190 5.7461877797371965 1.2468200621741108
55 2369 1190 5.357674308877014 1.3491400258310864
55 2370 1190 5.137185416159366 1.3914185900391463
55 2371 1190 5.106532483006465 1.3622453903733984
55 2372 1190 5.269029701947017 1.269596949651678
55 2373 1190 5.607911732543546 1.1358300500061083
55 2374 1190 6.09382260982376 0.9858433685012435
55 2363 1191 8.683240984793786 0.647084285947147
55 2364 1191 7.815668493481684 0.7943594991023563
55 2365 1191 6.983600360845539 0.9743060292663187
55 2366 1191 6.201344531631962 1.1879274796318233
55 2367 1191 5.490234421224775 1.4277066591316248
55 2368 1191 4.881462280915529 1.669659768491798
55 2369 1191 4.417541624025826 1.867657175685089
55 2370 1191 4.147369527785102 1.9637256791681337
55 2371 1191 4.109339849659568 1.9222431544389333
55 2372 1191 4.309602533877087 1.7592252055798123
55 2373 1191 4.717909918597377 1.52848466887807
55 2374 1191 5.286272221518601 1.283698247524415
55 2375 1191 5.969143489647312 1.0577362839787892
55 2363 1192 8.258854278893805 0.7193307465890023
55 2364 1192 7.3412992038195934 0.9033816533769033
55 2365 1192 6.448307840046247 1.1409949118882672
55 2366 1192 5.591661112764398 1.4445334040250328
55 2367 1192 4.79089490596499 1.8198917373897388
55 2368 1192 4.079053076389297 2.2484945071792932
55 2369 1192 3.5106515064871755 2.6548967709194207
55 2370 1192 3.1639649176310995 2.892736733001123
55 2371 1192 3.1139482975797885 2.8348117451893904
55 2372 1192 3.373821868445303 2.5151688217675834
55 2373 1192 3.8818389971763967 2.086788961316075
55 2374 1192 4.555729798835654 1.67292756628392
55 2375 1192 5.332979842451952 1.3238590555747682
55 2376 1192 6.174680072683809 1.0459911531754609
55 2363 1193 7.938430197463631 0.7748203787311518
55 2364 1193 6.978873404784053 0.9920518089317933
55 2365 1193 6.032468317364116 1.2866351756573433
55 2366 1193 5.106532483006599 1.6905828162916354
55 2367 1193 4.21457874526046 2.2451872776554054
55 2368 1193 3.383588923022554 2.984716910589111
55 2369 1193 2.67108105455462 3.857841459713607
55 2370 1193 2.1956033339381493 4.533505329621436
55 2371 1193 2.122892837615693 4.468764776053135
55 2372 1193 2.4885083885733046 3.7276013924586064
55 2373 1193 3.1430357936236426 2.8627915101085577
55 2374 1193 3.94520899319657 2.151278201662932
55 2375 1193 4.821895270534065 1.6218858369390856
55 2376 1193 5.7390481789229195 1.2366833343297148
55 2363 1194 7.734899740785423 0.8039615428458
55 2364 1194 6.746456403179531 1.0424915082445152
55 2365 1194 5.7620026032623235 1.3771417997932975
55 2366 1194 4.7840018812706875 1.8608461707438317
55 2367 1194 3.8174171896717257 2.585241556949601
55 2368 1194 2.87379087617747 3.71215874350234
55 2369 1194 1.986120338751045 5.490105471197817
55 2370 1194 1.2769784649712228 7.78369833128768
55 2371 1194 1.147464160660347 7.916361203317535
55 2372 1194 1.7328225529463912 5.6482795529231415
55 2373 1194 2.586247087963434 3.8151462194943297
55 2374 1194 3.517765483939917 2.650381696927679
55 2375 1194 4.47891437739088 1.903508378411329
55 2376 1194 5.454051154875468 1.4061610179871902
55 2377 1194 6.436821731258224 1.0628845558520648
55 2363 1195 7.657589307347473 0.8009607947190412
55 2364 1195 6.657677823385722 1.0424213315196305
55 2365 1195 5.657797628052963 1.385010123941237
55 2366 1195 4.657968870656117 1.8895369416704337
55 2367 1195 3.658233726814229 2.671269014185269
55 2368 1195 2.658697801556397 3.976470693388576
55 2369 1195 1.659721060901654 6.445371753852446
55 2370 1195 0.6638328102769597 12.584325985455626
55 2371 1195 0.3559129106957211 16.725902823122365
55 2372 1195 1.346355822210308 7.624575948632552
55 2373 1195 2.3449251587202715 4.5301216389417585
55 2374 1195 3.344349563068876 2.982528934940241
55 2375 1195 4.3440389040613665 2.0824653435479616
55 2376 1195 5.343844496240359 1.5123351035185826
55 2377 1195 6.343711374266492 1.1302629814527765
55 2363 1196 7.710296622050431 0.7664395906788104
55 2364 1196 6.718234440684694 0.9918594780738098
55 2365 1196 5.728933059479896 1.3076039269894777
55 2366 1196 4.744119939462046 1.7637404097640679
55 2367 1196 3.7673165516055414 2.4486533202077903
55 2368 1196 2.806897575616318 3.527356327447201
55 2369 1196 1.8880344276523289 5.311344888051312
55 2370 1196 1.1183353700925995 8.12499331724521
55 2371 1196 0.9678191979909501 9.425617636740744
55 2372 1196 1.6194671963332694 6.6421005212481665
55 2373 1196 2.511707387415826 4.328966803487913
55 2374 1196 3.4633327879369213 2.938744545054124
55 2375 1196 4.436290567579926 2.0792937706533534
55 2376 1196 5.419102693250823 1.520179593982162
55 2377 1196 6.4072360655744545 1.1403483188220362
55 2364 1197 6.924209268934752 0.9031109709623224
55 2365 1197 5.969143489647541 1.1691440625135683
55 2366 1197 5.031567747730454 1.5361129559240778
55 2367 1197 4.123429882998014 2.048601428220141
55 2368 1197 3.2693537587726276 2.7624949522440336
55 2369 1197 2.524811676145451 3.705299910472798
55 2370 1197 2.0151114113120636 4.698000314683584
55 2371 1197 1.9356327130940392 5.087623584544628
55 2372 1197 2.3308097305441913 4.458533146641198
55 2373 1197 3.0197142248893654 3.436421418032515
55 2374 1197 3.84768423860364 2.5507817110988316
55 2375 1197 4.742433341650525 1.8955834352832732
55 2376 1197 5.672448677599319 1.4268221349115289
55 2377 1197 6.622890154607576 1.090321541703908
55 2365 1198 6.3592982317234945 1.003965609459429
55 2366 1198 5.488777095127954 1.2774505035470225
55 2367 1198 4.670404051043224 1.629508369589799
55 2368 1198 3.9368355312357988 2.065402381795152
55 2369 1198 3.34434956306908 2.5537392104696597
55 2370 1198 2.978367673743462 2.981151111952978
55 2371 1198 2.925179310743144 3.1546622862634646
55 2372 1198 3.2004177852273337 2.9662482919637707
55 2373 1198 3.732113878219571 2.5323734340589477
55 2374 1198 4.428845673536031 2.0447169340181492
55 2375 1198 5.225004688992969 1.61225905656181
55 2376 1198 6.081667041198343 1.2638946442475958
55 2366 1199 6.0775549359920396 1.035323267082124
55 2367 1199 5.350016261657614 1.269574500501294
55 2368 1199 4.723205902774152 1.5343235137131086
55 2369 1199 4.242012965562493 1.8016322754502392
55 2370 1199 3.959883079082006 2.0162473548847517
55 2371 1199 3.920034948823758 2.1093606934359803
55 2372 1199 4.129488346030216 2.043387630915755
55 2373 1199 4.553973429874078 1.8454644681112105
55 2374 1199 5.140493556070153 1.5827035395263727
55 2367 1200 6.118224742521384 0.9848010377348557
55 2368 1200 5.578411422618499 1.1493133380323628
55 2369 1200 5.177323053470803 1.304971775525752
55 2370 1200 4.948805310375417 1.4248516290697408
55 2371 1200 4.916978137026809 1.4804528266721215
55 2372 1200 5.085535763319271 1.456020495210222
55 2373 1200 5.43586920372437 1.3586840312259099
30 2480 781 9.143957622386472 0.2678930598035088
30 2481 781 9.227673650492804 0.2719146683314405
30 2477 782 8.585916433322712 0.2731527580054934
30 2478 782 8.322016642617374 0.30805705820085805
30 2479 782 8.172757245874864 0.3368573340000518
30 2480 782 8.144443566014788 0.3551047590934505
30 2481 782 8.238322705502572 0.3594970753389021
30 2482 782 8.450323129916322 0.34918150174968376
30 2483 782 8.771884689164485 0.32612498916383326
30 2475 783 8.565159718300757 0.2518927678257303
30 2476 783 8.056051203908865 0.3024178588357228
30 2477 783 7.6444725782751695 0.35632454557786586
30 2478 783 7.346833399499445 0.40872826057150147
30 2479 783 7.177322690251577 0.45239528178829813
30 2480 783 7.145065500049645 0.47922621052664854
30 2481 783 7.2518936147739534 0.483241368146083
30 2482 783 7.491859648978937 0.4634776482279132
30 2483 783 7.852767728641816 0.4245032212432239
30 2484 783 8.318891813216345 0.37409253200651604
30 2474 784 8.399045243359652 0.2547203828169671
30 2475 784 7.751255446700355 0.31652877536656937
30 2476 784 7.184703264575475 0.38924274365909306
30 2477 784 6.7199673362302175 0.4699438897823518
30 2478 784 6.379338602080987 0.5511631012018401
30 2479 784 6.183361626170683 0.620071341077524
30 2480 784 6.14588976471265 0.6610220810029845
30 2481 784 6.269765625603502 0.6624539351417794
30 2482 784 6.545835393591778 0.6239307318544333
30 2483 784 6.956001797009427 0.5564346290881599
30 2484 784 7.478232478333228 0.4755917372117919
30 2485 784 8.090856629553974 0.3945565900328436
30 2473 785 8.469118076872164 0.244150625564701
30 2474 785 7.698308970157174 0.3116798714705584
30 2475 785 6.985840035386007 0.3973531380191016
30 2476 785 6.351374733079565 0.5030240909836977
30 2477 785 5.820477729533983 0.626521738972971
30 2478 785 5.423648310869781 0.7571342473524743
30 2479 785 5.191720427758046 0.8715132212658246
30 2480 785 5.147034194562898 0.937151301437536
30 2481 785 5.294332913597264 0.9297088518948406
30 2482 785 5.6185372651606444 0.8521648550637537
30 2483 785 6.091466243852822 0.7322400987680637
30 2484 785 6.681613652404482 0.6016006029375816
30 2485 785 7.360839693947798 0.48105197589782583
30 2472 786 8.769718410530826 0.22266964839059428
30 2473 786 7.902275684889947 0.2892198579339217
30 2474 786 7.069933592333271 0.3780413604421122
30 2475 786 6.286649425568599 0.496068404927096
30 2476 786 5.573146418317174 0.6501856692782103
30 2477 786 4.959633151756398 0.8428807555728288
30 2478 786 4.487311110230786 1.0618867419162252
30 2479 786 4.2040410321499255 1.2646137004951148
30 2480 786 4.148730046652803 1.3771863293747304
30 2481 786 4.330122515587674 1.3421314624083474
30 2482 786 4.72101270915456 1.178674512086317
30 2483 786 5.275031848244941 0.9608352027398668
30 2484 786 5.946760546717683 0.7507008280015356
30 2485 786 6.700892552488627 0.5752526872776863
30 2472 787 8.34433706174453 0.2548402027755409
30 2473 787 7.427379147451872 0.33734607433938124
30 2474 787 6.534826776587307 0.4517269823348003
30 2475 787 5.678200507203141 0.6114961400595729
30 2476 787 4.876470137302347 0.8343697594880142
30 2477 787 4.161485431910236 1.1381524067962692
30 2478 787 3.5855210221111076 1.5216670410685498
30 2479 787 3.223966656155153 1.9137008856817352
30 2480 787 3.15150138822749 2.1271428155949836
30 2481 787 3.386733086618925 2.0024303892032997
30 2482 787 3.874010970557377 1.63795181781201
30 2483 787 4.532765270781012 1.2399439280319495
30 2484 787 5.299430252394876 0.9116782894966968
30 2485 787 6.133674347403649 0.6674171432275976
30 2472 788 8.021718082805165 0.28593824817821656
30 2473 788 7.0629994336685975 0.3850553800072722
30 2474 788 6.1175126481277085 0.5274314478720261
30 2475 788 5.192490828109573 0.7363404722553378
30 2476 788 4.3011580998611985 1.0490529188627953
30 2477 788 3.4695764871236308 1.5217721506852588
30 2478 788 2.752446366416739 2.2150567416632114
30 2479 788 2.2614068629948627 3.066267120924136
30 2480 788 2.156840513343493 3.543559941582871
30 2481 788 2.4879632232007327 3.083794235156083
30 2482 788 3.1189679382768483 2.2327607236492795
30 2483 788 3.907167900154598 1.534397404824739
30 2484 788 4.775349306595073 1.0574327295999715
30 2485 788 5.686999296641209 0.7418959642381515
30 2486 788 6.624195120918251 0.5311794096332568
30 2472 789 7.8145992219693134 0.31298804222878895
30 2473 789 6.826855864891463 0.4271499231621556
30 2474 789 5.843283409180366 0.5958313571297419
30 2475 789 4.866411511576273 0.8536887952211262
30 2476 789 3.9012768422660837 1.264835697914846
30 2477 789 2.9593852402147953 1.955128665146315
30 2478 789 2.0726700171519674 3.1781694898339836
30 2479 789 1.3542381622153075 5.287691162913194
30 2480 789 1.171307389202275 6.750607700003204
30 2481 789 1.7058607797822793 4.7018271809736225
30 2482 789 2.5392835603766195 2.8158349087189127
30 2483 789 3.46207466701666 1.753560114926159
30 2484 789 4.418592649249088 1.1470439648139146
30 2485 789 5.390914671926985 0.7810038447731168
30 2486 789 6.3718098684751405 0.5489074296735231
30 2472 790 7.732267519945454 0.3326751176521525
30 2473 790 6.732455792651221 0.4574377242961889
30 2474 790 5.732709743219392 0.6446406246645345
30 2475 790 4.733070990382681 0.9373646830658863
30 2476 790 3.7336257177175183 1.4212991339969654
30 2477 790 2.7345860747106148 2.2885911168253155
30 2478 790 1.736652239223721 4.0615646693546985
30 2479 790 0.7442855634770305 8.821639503150923
30 2480 790 0.30325072135095865 15.828721040592836
30 2481 790 1.2766992598100122 5.753245658715224
30 2482 790 2.2733149803753525 2.99829688234913
30 2483 790 3.2719964853279633 1.785934300119194
30 2484 790 4.271295002689243 1.1465438193806374
30 2485 790 5.270859607312421 0.7734893460803102
30 2486 790 6.270563052868316 0.5409166692273243
30 2472 791 7.778686328680664 0.3421359066254868
30 2473 791 6.785717427067164 0.4704577789374285
30 2474 791 5.795167038145023 0.6626157353377342
30 2475 791 4.808530024862288 0.9617625798729427
30 2476 791 3.8288328508831095 1.4514802965892715
30 2477 791 2.8632081656773116 2.3083708571974992
30 2478 791 1.9328634199034322 3.9383973803157786
30 2479 791 1.1286988083631293 7.052791535523311
30 2480 791 0.9010887858584768 7.88189954884825
30 2481 791 1.532958251225212 4.520680143473827
30 2482 791 2.4265121058834667 2.601651126279834
30 2483 791 3.3802309092721123 1.6115459242698436
30 2484 791 4.354763024551179 1.0561416948431817
30 2485 791 5.338722787333848 0.7216236212809024
30 2486 791 6.327713726141318 0.5090361727747776
30 2472 792 7.9516011595152 0.3398535269477026
30 2473 792 6.98326291929518 0.4635908226551
30 2474 792 6.025276840113041 0.6450639335315458
30 2475 792 5.0834988934789935 0.9182441976953
30 2476 792 4.168928039676591 1.3400134191081667
30 2477 792 3.3042337992341375 1.9988307815784885
30 2478 792 2.5408583195449563 2.9733574508903775
30 2479 792 1.9984896797332667 3.990798513147435
30 2480 792 1.879351217840862 3.97319092839477
30 2481 792 2.2516573895687344 2.9461140677495137
30 2482 792 2.9339326849808676 1.9789592637036482
30 2483 792 3.761111670769508 1.3272186888612372
30 2484 792 4.65660402009857 0.9100347190286804
30 2485 792 5.587661496547344 0.6396757926886912
30 2472 793 8.243055319479756 0.3262024375015599
30 2473 793 7.313409669914784 0.4382390554110929
30 2474 793 6.4049950039014565 0.5965709490397317
30 2475 793 5.528287347814166 0.8218404787384653
30 2476 793 4.701059561418227 1.1396535887938883
30 2477 793 3.954486186598872 1.5666044157329992
30 2478 793 3.343046664346887 2.056399661638131
30 2479 793 2.95194190322242 2.403376661973006
30 2480 793 2.872622669269314 2.337295438136126
30 2481 793 3.1288913371990907 1.9180683115578696
30 2482 793 3.6507480055461334 1.4338165884697907
30 2483 793 4.343496402669009 1.0377871544861386
30 2484 793 5.138478471298502 0.749072075861634
30 2485 793 5.995161465715309 0.5454447436348249
30 2472 794 8.64106249254127 0.3033097256301704
30 2473 794 7.759250028192357 0.39918189938252324
30 2474 794 6.9097005000218825 0.528332844037055
30 2475 794 6.1058955936047745 0.699945492152374
30 2476 794 5.368422580237305 0.9192047334138226
30 2477 794 4.728420560821691 1.174510512348826
30 2478 794 4.2303618048579334 1.4153945075172287
30 2479 794 3.928608023206239 1.5468757801776145
30 2480 794 3.8693618336878224 1.4946214656877919
30 2481 794 4.063245131665027 1.2901760922910432
30 2482 794 4.477494946954056 1.032036350442954
30 2483 794 5.058256715509668 0.7932735949289288
30 2484 794 5.755341953350662 0.60017538686134
30 2473 795 8.302166042666403 0.35260689092087943
30 2474 795 7.514250528163316 0.45265313517206934
30 2475 795 6.782474548422739 0.5765676671803336
30 2476 795 6.126986290175766 0.7208303160343877
30 2477 795 5.574761071113393 0.8699772778736925
30 2478 795 5.159065903824151 0.9917914595788057
30 2479 795 4.914667944022308 1.0454556064634755
30 2480 795 4.867438854264121 1.008415012778793
30 2481 795 5.022943459765356 0.8965473429380814
30 2482 795 5.363577257763621 0.7496228320369085
30 2483 795 5.857129074896564 0.602753552666699
30 2473 796 8.924458583017973 0.3041518850585903
30 2474 796 8.19658227555868 0.3789031341202615
30 2475 796 7.5313983429375355 0.46558007866052337
30 2476 796 6.946938966192363 0.5586683852508645
30 2477 796 6.465134260013582 0.6461867699622846
30 2478 796 6.110315949277985 0.7101499061792484
30 2479 796 5.90541793609906 0.7327836381870788
30 2480 796 5.866170897612857 0.7067952625162324
30 2481 796 5.995828633308293 0.640512772194969
30 2474 797 8.93890155444184 0.3124344962527067
30 2475 797 8.333184325334601 0.3721105066338988
30 2476 797 7.808966705013016 0.4319991743743112
30 2477 797 7.3836279023256175 0.484171821046928
30 2478 797 7.075023745543258 0.5189466702389212
95 1332 1680 7.56711206471794 0.475315346478025
95 1333 1680 7.2282214271561775 0.5439001614733525
95 1334 1680 7.0166363023887435 0.5987932668332872
95 1335 1680 6.94400352822487 0.6286260664648822
95 1336 1680 7.014640760580639 0.6260591801185845
95 1337 1680 7.224346683264806 0.5917574273148075
95 1331 1681 7.168485544381046 0.5079489015186657
95 1332 1681 6.661320064371617 0.614334219225273
95 1333 1681 6.273689903079349 0.7208475154746199
95 1334 1681 6.028696791181296 0.8089875317144547
95 1335 1681 5.94400412180203 0.8565520169590657
95 1336 1681 6.026374117161945 0.8487086386757031
95 1337 1681 6.269225231238648 0.7880469545001635
95 1338 1681 6.655012021025894 0.6926910754607427
95 1330 1682 7.036560594495028 0.5031619319754925
95 1331 1682 6.363896997909386 0.6389104897932858
95 1332 1682 5.786638488794679 0.7991657571381697
95 1333 1682 5.335839671504369 0.9699738517538645
95 1334 1682 5.045511371506334 1.1188445818618649
95 1335 1682 4.944004955499095 1.1994403987274862
95 1336 1682 5.042735864587742 1.1787630298074472
95 1337 1682 5.330589554636463 1.065836398737962
95 1338 1682 5.779375831350582 0.9032314511372276
95 1329 1683 7.186040982349073 0.4626606937343582
95 1330 1683 6.373788904568483 0.6075164529727232
95 1331 1683 5.622382502107108 0.7988337418739498
95 1332 1683 4.959554919546719 1.0421799827074723
95 1333 1683 4.425289256082582 1.3250724003110577
95 1334 1683 4.0705263787377435 1.5928656868094455
95 1335 1683 3.9440062119626136 1.7414288436278127
95 1336 1683 4.067085565856657 1.6872398888337632
95 1337 1683 4.41895745623325 1.4630173999236291
95 1338 1683 4.95107917529091 1.1771395907798683
95 1339 1683 5.612413473720481 0.9109863083440197
95 1329 1684 6.689632650602013 0.5329143892270848
95 1330 1684 5.808371975003011 0.7200173463635069
95 1331 1684 4.972241446269505 0.9836747652155754
95 1332 1684 4.208228249513105 1.3504222205291443
95 1333 1684 3.5630303114062913 1.8306318753674156
95 1334 1684 3.1114602681056187 2.3509741960669674
95 1335 1684 2.9440083219990676 2.6609566674868574
95 1336 1684 3.1069575149975326 2.5074719097255023
95 1337 1684 3.5551631467486153 2.025996374316387
95 1338 1684 4.198235939058141 1.5145414077673178
95 1339 1684 4.9609661357440515 1.1050701193423873
95 1340 1684 5.796307876571011 0.80652922283456
95 1328 1685 7.271670028267283 0.4398295923563009
95 1329 1685 6.313729880189728 0.5977905286526753
95 1330 1685 5.371143732949292 0.828963010632909
95 1331 1685 4.453670957760614 1.17591187813482
95 1332 1685 3.580668233724009 1.7077355701170227
95 1333 1685 2.794134034007691 2.519220800050393
95 1334 1685 2.1893343737309676 3.6186040115730442
95 1335 1685 1.9440126028397668 4.407496229390481
95 1336 1685 2.182930369938474 3.8896315663039602
95 1337 1685 2.7840950055627767 2.7707367892277586
95 1338 1685 3.5689193042151395 1.8786159849418378
95 1339 1685 4.4410792607202305 1.2868053745135724
95 1340 1685 5.358095277241645 0.9018163942808535
95 1328 1686 7.070303034524107 0.47048052612334
95 1329 1686 6.080722407740767 0.6479922623390182
95 1330 1686 5.095211968112862 0.9159904842144869
95 1331 1686 4.11669588383699 1.3383472774229328
95 1332 1686 3.1516955754006917 2.04217652532314
95 1333 1686 2.217923578485105 3.3018559596591834
95 1334 1686 1.3802843909861653 5.691512332283019
95 1335 1686 0.9440259530330325 8.555674493407095
95 1336 1686 1.370104010650214 6.107651607307264
95 1337 1686 2.2052630228613723 3.5272963404201105
95 1338 1686 3.138341122312798 2.163227106111659
95 1339 1686 4.10307019194157 1.408515549547902
95 1340 1686 5.081455008164424 0.9593377523262606
95 1328 1687 7.007223772650684 0.486906579162623
95 1329 1687 6.007261023128656 0.6742874890499729
95 1330 1687 5.007313151781165 0.9607208368584259
95 1331 1687 4.007391296092821 1.4211697224156847
95 1332 1687 3.0075214047451726 2.216281607166526
95 1333 1687 2.0077811135679737 3.7535967280865874
95 1334 1687 1.0085558983021858 7.452443975836051
95 1335 1687 0.056435804238137224 27.127637935600887
95 1336 1687 0.9945777998728312 7.49752355558467
95 1337 1687 1.9937865984101102 3.769660224003317
95 1338 1687 2.9935238432321922 2.224024701964261
95 1339 1687 3.993392667895246 1.425469086972773
95 1340 1687 4.99331402978016 0.9633200959133019
95 1329 1688 6.099113460167866 0.6710806507924416
95 1330 1688 5.1171461773141385 0.9505180909735879
95 1331 1688 4.143812857743527 1.3916460383782256
95 1332 1688 3.187033887488562 2.126671259338478
95 1333 1688 2.267859122608883 3.431707295542141
95 1334 1688 1.4591727108194592 5.786621531921503
95 1335 1688 1.0560232005027566 7.8419785096611845
95 1336 1688 1.4495464808001024 5.460484972725965
95 1337 1688 2.2554788848490332 3.24196598372485
95 1338 1688 3.1738281301922626 2.022341609501891
95 1339 1688 4.130276625118419 1.3305526317625749
95 1329 1689 6.34910899260683 0.6390830544166637
95 1330 1689 5.412687410150413 0.8883990658137126
95 1331 1689 4.503685712835728 1.2620424707815174
95 1332 1689 3.642689253834389 1.8294341827991354
95 1333 1689 2.873183774143313 2.6669148179140074
95 1334 1689 2.2893634486468697 3.682837738040045
95 1335 1689 2.05601191630792 4.144287654589965
95 1336 1689 2.2832400224242835 3.4552739143283233
95 1337 1689 2.863421903946381 2.4464435978350014
95 1338 1689 3.631141005248873 1.675661364668209
95 1330 1690 5.865934281936754 0.7910301731987538
95 1331 1690 5.039363551084675 1.07850380749132
95 1332 1690 4.287328422222937 1.4680399419155061
95 1333 1690 3.656116108659638 1.9465307325951462
95 1334 1690 3.2176365549888275 2.388873719504386
95 1335 1690 3.0560080170052313 2.5304865435987316
95 1336 1690 3.2132825895025356 2.252139854585485
95 1337 1690 3.6484496707505776 1.7719792712875109
95 1338 1690 4.277520894162865 1.3184810404956564
95 1331 1691 5.701507256857683 0.8867124251478027
95 1332 1691 5.0490776385396074 1.1393473008416735
95 1333 1691 4.525393353068943 1.4075789728287187
95 1334 1691 4.179136872609038 1.6160269500424103
95 1335 1691 4.056006040429467 1.6672374059986954
95 1336 1691 4.175785554838778 1.5315012539991066
95 1337 1691 4.519201810054523 1.282492872420897
95 1331 1692 6.451293281195709 0.7134655974240172
95 1332 1692 5.882617189652984 0.8743970821178307
95 1333 1692 5.439778028559681 1.0276810548988289
95 1334 1692 5.155306489434021 1.133680210640378
95 1335 1692 5.056004845725566 1.1536304599957734
95 1336 1692 5.1525901253641635 1.079115341857877
95 1333 1693 6.37990477985375 0.7615051082893188
95 1334 1693 6.139151814379622 0.8188840480046139
