# %ECSV 0.9
# ---
# datatype:
# - name: sexcat_id
#   datatype: int32
# - name: x
#   datatype: int32
# - name: y
#   datatype: int32
# - name: sep
#   datatype: float64
# - name: weight
#   datatype: float64
# schema: astropy-2.0
sexcat_id x y sep weight
97 2434 972 14.904910767931444 0.20676415752053293
97 2435 972 14.831060818430986 0.2213599429924286
97 2436 972 14.824451591880182 0.23340080635485771
97 2437 972 14.885172656035904 0.2420095822298452
97 2438 972 15.012407035515626 0.24649546565121083
97 2439 972 15.204485029095826 0.24647695761408903
97 2440 972 15.458989779413116 0.2419556627905479
97 2441 972 15.77289970170353 0.23331597062938741
97 2432 973 14.279718659693495 0.203896637484947
97 2433 973 14.0610940186032 0.22513626857165067
97 2434 973 13.91108784387471 0.24549048668861068
97 2435 973 13.831932800588602 0.2637658446069851
97 2436 973 13.82484593042537 0.2786676440651792
97 2437 973 13.889937544855954 0.28897595761285144
97 2438 973 14.026202800473088 0.29375724737526093
97 2439 973 14.23159741561007 0.2925529930061769
97 2440 973 14.503184650275928 0.2854802220172469
97 2441 973 14.837330116971833 0.2732053733376729
97 2442 973 15.229916775872397 0.25680175485176404
97 2429 974 14.417363316501337 0.16552500197023393
97 2430 974 13.988007899625968 0.18885762375686252
97 2431 974 13.618677064972156 0.21406289416479066
97 2432 974 13.314366864406233 0.2405467487072543
97 2433 974 13.07961639345737 0.2673583619535582
97 2434 974 12.918218336906945 0.2931626391068891
97 2435 974 12.83294062169692 0.3162914379856241
97 2436 974 12.825301750836081 0.3349074055458875
97 2437 974 12.895439697815624 0.3472831392159799
97 2438 974 13.042099715919948 0.3521423298286533
97 2439 974 13.262743494465965 0.3489551590873222
97 2440 974 13.553758334867837 0.3380709820424424
97 2441 974 13.910728413710027 0.3206301931045566
97 2442 974 14.328725170091007 0.29829422090852803
97 2443 974 14.802579673827115 0.27290378580060165
97 2428 975 14.050564579403861 0.1655535648361915
97 2429 975 13.535965610180845 0.1913337487099839
97 2430 975 13.077704882738354 0.22011862775547442
97 2431 975 12.681891223315183 0.2515958385870054
97 2432 975 12.354528117253153 0.28504967970257095
97 2433 975 12.10117205067339 0.3192404595810499
97 2434 975 11.926540361731012 0.3523359952091879
97 2435 975 11.834118682859279 0.381966216810366
97 2436 975 11.825834642848644 0.40547029416565655
97 2437 975 11.90186392965401 0.4203514290711688
97 2438 975 12.060612132060266 0.4248437377673464
97 2439 975 12.298876574711992 0.4183851319882792
97 2440 975 12.612151481805135 0.40177946036378714
97 2441 975 12.995013081947995 0.37696631816348913
97 2442 975 13.441516469505947 0.3465133285560748
97 2443 975 13.945550007081101 0.31305678298363976
97 2444 975 14.501115991536645 0.2788811855724859
97 2427 976 13.819419850340983 0.16252068008242107
97 2428 976 13.22045252629419 0.18995377678655445
97 2429 976 12.672188642850868 0.2214684315888015
97 2430 976 12.18147630626102 0.2571508098338144
97 2431 976 11.755524871310456 0.2967277545187486
97 2432 976 11.401594844581998 0.3393663034938294
97 2433 976 11.126561238765502 0.3834581869233545
97 2434 976 10.936378056742505 0.4264660146633679
97 2435 976 10.835514062562932 0.46496141084876047
97 2436 976 10.826465951546663 0.49500041456307475
97 2437 976 10.909462177394413 0.5128873261862722
97 2438 976 11.082434976123222 0.5161502724594347
97 2439 976 11.341268227142827 0.5043158442683067
97 2440 976 11.680255348236164 0.4790678282570888
97 2441 976 12.09265748295219 0.443697611020202
97 2442 976 12.571251528785815 0.4021559966983985
97 2443 976 13.108789608503134 0.35816112091449565
97 2444 976 13.69833438780058 0.31465256421039095
97 2445 976 14.333470096246755 0.27362461358281737
97 2426 977 13.730781660196858 0.15668060902422015
97 2427 977 13.051374065591656 0.18484586463446562
97 2428 977 12.41540837024697 0.21797483197303605
97 2429 977 11.829892856657604 0.25660028246613686
97 2430 977 11.30267070209509 0.3010327349839888
97 2431 977 10.842249074799877 0.35113412078447775
97 2432 977 10.457454996317168 0.4059977725956521
97 2433 977 10.156887564603586 0.4635650475595632
97 2434 977 9.948184005133754 0.5202957046401088
97 2435 977 9.83719294311132 0.5711321379078186
97 2436 977 9.827225702099208 0.6100690889359449
97 2437 977 9.918586844908873 0.6314819828754906
97 2438 977 10.108529319342129 0.6318758108219554
97 2439 977 10.391648810463117 0.6111835397502513
97 2440 977 10.760593152795973 0.572792488279039
97 2441 977 11.206889175859628 0.5222807820976912
97 2442 977 11.72170486746701 0.4656674164384032
97 2443 977 12.296437085595153 0.4080589419583392
97 2444 977 12.92309425021732 0.35305284658001107
97 2445 977 13.594497600132197 0.302756748317484
97 2426 978 13.034429983700802 0.17646799207570224
97 2427 978 12.316670207487029 0.2099900632411307
97 2428 978 11.640634218117096 0.2500061160988784
97 2429 978 11.014007672051019 0.2974329537490382
97 2430 978 10.445686430292593 0.352979505817588
97 2431 978 9.945670666174246 0.4168269576140182
97 2432 978 9.524723880512179 0.488125657858623
97 2433 978 9.193713341191309 0.5643171274452193
97 2434 978 8.962609274089726 0.640443521362396
97 2435 978 8.839251382328666 0.7088837317909139
97 2436 978 8.828157508789664 0.7602013593076893
97 2437 978 8.929746077016938 0.7855489169132344
97 2438 978 9.1402606636791 0.7799579645095106
97 2439 978 9.452426408071082 0.7445594520276755
97 2440 978 9.856589927556065 0.6860564117070611
97 2441 978 10.341971040377157 0.6138678299006118
97 2442 978 10.897722927290813 0.5369800797731443
97 2443 978 11.51365993070839 0.4620935909353601
97 2444 978 12.180655360037079 0.3932497158590856
97 2445 978 12.890786050509105 0.3323161886377083
97 2446 978 13.63731516831668 0.27970704933200075
97 2426 979 12.379756257697425 0.19827578404329585
97 2427 979 11.62163349103725 0.23808759492409418
97 2428 979 10.902585243876734 0.286374116974527
97 2429 979 10.230853581202245 0.344646335919156
97 2430 979 9.61635923829798 0.41429437722305573
97 2431 979 9.07074225187768 0.4961583619330788
97 2432 979 8.60711130403221 0.5897595848530163
97 2433 979 8.23931823635907 0.692115804586656
97 2434 979 7.980624349009245 0.796312331863848
97 2435 979 7.841834287971107 0.8906061491633096
97 2436 979 7.829327238019842 0.9596057369508585
97 2437 979 7.943699704797475 0.9888282859560711
97 2438 979 8.17963110415131 0.9712571887611481
97 2439 979 8.527037293222053 0.9111762304166171
97 2440 979 8.972979716905625 0.8217812305672453
97 2441 979 9.50359747674531 0.7187993216133084
97 2442 979 10.105561092784503 0.615134735875246
97 2443 979 10.766910652550248 0.5188950405805347
97 2444 979 11.47738493734527 0.4339276354408694
97 2445 979 12.228424469243787 0.3612192110376365
97 2446 979 13.01300753092844 0.3001758484798498
97 2426 980 11.773715004194667 0.22204494860237722
97 2427 980 10.97380357943401 0.26915379852953847
97 2428 980 10.20922940284911 0.3272678559252122
97 2429 980 9.488538612452334 0.3987950381432658
97 2430 980 8.822491994895714 0.48625256106452164
97 2431 980 8.22437626814332 0.5917440972391164
97 2432 980 7.710017185454202 0.7158452013087981
97 2433 980 7.297147730449153 0.8555843457908215
97 2434 980 7.003739358371306 1.00151829094817
97 2435 980 6.845170925550319 1.135151259006619
97 2436 980 6.830839260295875 1.2302289144831529
97 2437 980 6.961635224571852 1.2618521864787973
97 2438 980 7.229686369407712 1.2204960824292752
97 2439 980 7.620522619873243 1.1184891208229275
97 2440 980 8.116425629548997 0.9817370870545097
97 2441 980 8.69944624674467 0.8357753432299424
97 2442 980 9.353307703694988 0.6977989519288295
97 2443 980 10.064212090372505 0.5761785443946605
97 2444 980 10.82092255771199 0.47324241465538863
97 2445 980 11.614489442071928 0.38810930484555645
97 2446 980 12.43786014553952 0.31856965120448455
97 2425 981 12.090424516947229 0.20329687493816256
97 2426 981 11.224186607500728 0.247582520074882
97 2427 981 10.382021238660553 0.3030177969040744
97 2428 981 9.570285523431307 0.37262972866650873
97 2429 981 8.797406720164696 0.46014019027986525
97 2430 981 8.074550451882695 0.5698684261577395
97 2431 981 7.416357933649045 0.7062155970122421
97 2432 981 6.841517740969413 0.8722080941603018
97 2433 981 6.372626224720802 1.0662306457650048
97 2434 981 6.03443162195077 1.2761570039214303
97 2435 981 5.849646570520264 1.4723340157015752
97 2436 981 5.832869362500721 1.607470834232545
97 2437 981 5.985512927059773 1.6360322462539474
97 2438 981 6.295265284322793 1.5469152239626764
97 2439 981 6.740501835916954 1.3730275108853065
97 2440 981 7.29646249904705 1.16464694972528
97 2441 981 7.939922228838265 0.9606823423722392
97 2442 981 8.651379369788385 0.7807871349711142
97 2443 981 9.415432278976901 0.630648281202003
97 2444 981 10.220291825579164 0.5088732347464359
97 2445 981 11.057050465653143 0.4114412704700091
97 2446 981 11.918991777830893 0.33388892475612825
97 2425 982 11.642180422927602 0.2235819690246195
97 2426 982 10.73984939372982 0.2745162270837188
97 2427 982 9.85638701553459 0.3392400380513427
97 2428 982 8.997353221920264 0.4220077473711069
97 2429 982 8.17045684157251 0.5283927608561789
97 2430 982 7.386498832329098 0.6654782919647549
97 2431 982 6.660658000528117 0.8416369984634184
97 2432 982 6.014014050532248 1.065037885728385
97 2433 982 5.4747022750099745 1.3389202200974677
97 2434 982 5.077042938561725 1.6503471584432123
97 2435 982 4.855961799684957 1.951633464569034
97 2436 982 4.8357383097102815 2.1516844028080597
97 2437 982 5.018801151669564 2.160289844446962
97 2438 982 5.384455868516318 1.9729856636902054
97 2439 982 5.898844378350722 1.6760208784112998
97 2440 982 6.526895510118114 1.363040709409709
97 2441 982 7.239085922960169 1.085313305016896
97 2442 982 8.013012230116722 0.8578334580797276
97 2443 982 8.832460868863233 0.6781390872385017
97 2444 982 9.685884833096063 0.5382204614687492
97 2445 982 10.565053951589668 0.42963914808394765
97 2446 982 11.464046624120147 0.34519017205411634
97 2425 983 11.26509498406466 0.2442597812936522
97 2426 983 10.32987729839996 0.3022502060935347
97 2427 983 9.407994738518882 0.3770227993968537
97 2428 983 8.503785333602856 0.47437607586575486
97 2429 983 7.623540188127765 0.6023592900636192
97 2430 983 6.7766042381121245 0.7720666224031401
97 2431 983 5.977153586783536 0.9983322339165787
97 2432 983 5.246938631240066 1.2992711546327897
97 2433 983 4.6189138333594695 1.6911670676405102
97 2434 983 4.1398508427236305 2.1692979990561994
97 2435 983 3.8655355385767236 2.6603422679923194
97 2436 983 3.8400996080830674 2.973608920251749
97 2437 983 4.068213981589442 2.910253600007083
97 2438 983 4.511581208401319 2.515765622819935
97 2439 983 5.114524904622129 2.0140338065713137
97 2440 983 5.827723826675392 1.5593179620994067
97 2441 983 6.61561523971884 1.1967540550129316
97 2442 983 7.454553306536901 0.9210109349063849
97 2443 983 8.329127505327333 0.7141182517377089
97 2444 983 9.229212588298118 0.5587634385648013
97 2445 983 10.148022713809844 0.44131426360969556
97 2446 983 11.080900911027072 0.35171025721476185
97 2424 984 11.935676143394591 0.214256832151734
97 2425 984 10.966511067791746 0.26473903785548303
97 2426 984 10.00341766597791 0.3299328393551102
97 2427 984 9.048334929698338 0.4151325916713252
97 2428 984 8.10409556952527 0.5279530935289766
97 2429 984 7.174981881510169 0.6795220308551129
97 2430 984 6.267724068591348 0.8863157411190795
97 2431 984 5.393363051009952 1.1728303463792102
97 2432 984 4.5708166666362215 1.5746717026261912
97 2433 984 3.8335838323948974 2.138213234341507
97 2434 984 3.2404266694371646 2.897779154649518
97 2435 984 2.8817295154125278 3.7650440820773303
97 2436 984 2.8475190956339187 4.298202458779944
97 2437 984 3.1483908588356524 3.990078429205226
97 2438 984 3.7035611241074426 3.156641185895279
97 2439 984 4.418185713615949 2.344347954680449
97 2440 984 5.227271276679656 1.7237606149835758
97 2441 984 6.093304932464831 1.2787812950940582
97 2442 984 6.995167260330544 0.9621316397183283
97 2443 984 7.920629078551805 0.7345494106443297
97 2444 984 8.862300209313636 0.5685227548162362
97 2445 984 9.815516542699147 0.4454993086724422
97 2446 984 10.777215085540453 0.35298229733479797
97 2424 985 11.739777042175838 0.22890920024634775
97 2425 985 10.752970054826664 0.28427998472640503
97 2426 985 9.768846656591505 0.35645277847022155
97 2427 985 8.788308426540292 0.4518668537098102
97 2428 985 7.812705357300964 0.5800810647286364
97 2429 985 6.84414823042278 0.7556711679522025
97 2430 985 5.88611629174954 1.0015458059463316
97 2431 985 4.944731034141236 1.3549090934895325
97 2432 985 4.031670249412709 1.8780500788563814
97 2433 985 3.1714925508346425 2.67611796022131
97 2434 985 2.4212321243531596 3.9076664988723206
97 2435 985 1.9147754437530795 5.614977032791206
97 2436 985 1.8628915695766861 6.654129912658919
97 2437 985 2.296598571801345 5.450765303211041
97 2438 985 3.0130325255463246 3.7711632985180055
97 2439 985 3.857766841062346 2.5867542385652738
97 2440 985 4.7630205752232735 1.8200914139670115
97 2441 985 5.700032017453966 1.3162697296427202
97 2442 985 6.655401190011044 0.9749814135327092
97 2443 985 7.622228348718011 0.7368967696749965
97 2444 985 8.596648474841842 0.5664938213808085
97 2445 985 9.576344030996415 0.44183266929180043
97 2446 985 10.559846826540657 0.3489129027521895
97 2424 986 11.626881138121217 0.2422506982921904
97 2425 986 10.629598534281481 0.3020246107841833
97 2426 986 9.632879372233367 0.38048169759090733
97 2427 986 8.636918721395912 0.48510781074623777
97 2428 986 7.642013150996226 0.6272687449061043
97 2429 986 6.648636326345377 0.8248304241460099
97 2430 986 5.657593569707835 1.1071002875517526
97 2431 986 4.670370970276294 1.5248078467816941
97 2432 986 3.690035907684317 2.1720788083639397
97 2433 986 2.724034691408997 3.24031887031291
97 2434 986 1.7956516922832766 5.166231369409355
97 2435 986 1.0140833299092744 8.951840400563109
97 2436 986 0.912340397001015 11.477165237268023
97 2437 986 1.623688701691324 6.802272451167929
97 2438 986 2.5377874221455476 4.081866901944627
97 2439 986 3.4991949074037345 2.652188322049777
97 2440 986 4.4775400612390195 1.8215668680967174
97 2441 986 5.463731783314442 1.3013335907761585
97 2442 986 6.45417423068207 0.9574682632111169
97 2443 986 7.447171610752674 0.720857354476203
97 2444 986 8.441822374345522 0.5528889514367854
97 2445 986 9.437603774263929 0.43063159536496587
97 2446 986 10.434192110556564 0.3397981848926254
97 2424 987 11.59941226959362 0.25368257208446343
97 2425 987 10.599545509124393 0.3170578162910989
97 2426 987 9.599706505930229 0.4005782426478963
97 2427 987 8.599904941335065 0.5125027851081945
97 2428 987 7.6001555905125615 0.6655077233150971
97 2429 987 6.60048217935625 0.8798028662273184
97 2430 987 5.600925369972316 1.189185063596949
97 2431 987 4.601561148132188 1.6537994319349525
97 2432 987 3.6025497914671076 2.3901770033102707
97 2433 987 2.604297410051277 3.654106043456787
97 2434 987 1.6082179578651257 6.135614055015072
97 2435 987 0.6247919653772463 12.705750905669492
97 2436 987 0.44086846110835554 14.382129898289024
97 2437 987 1.4136353843902383 6.615607145330975
97 2438 987 2.40880987211532 3.8745919073858848
97 2439 987 3.406811559214908 2.5116537351400074
97 2440 987 4.405719578003167 1.7277436366590693
97 2441 987 5.40503145226746 1.237190397122532
97 2442 987 6.4045581424482805 0.9124254590604342
97 2443 987 7.404212652267671 0.6884534388038454
97 2444 987 8.403949369195459 0.5290850028026919
97 2445 987 9.403742074302167 0.41282788527454983
97 2446 987 10.40357462606007 0.3262736355461128
97 2423 988 12.653235357014387 0.21196064474429002
97 2424 988 11.657974309458702 0.2626279077273046
97 2425 988 10.6636000018755 0.32849824320317667
97 2426 988 9.670385979887218 0.41535351942151344
97 2427 988 8.678730609945175 0.5317801470082655
97 2428 988 7.689236958242309 0.690909766983005
97 2429 988 6.70286244823803 0.9135431281168137
97 2430 988 5.721220586553153 1.2340595268034757
97 2431 988 4.747248150244486 1.7123012861517215
97 2432 988 3.78686743892624 2.459092837171586
97 2433 988 2.8538333868675423 3.6931871652269086
97 2434 988 1.9870493199716899 5.838400359602432
97 2435 988 1.3237692397091128 8.91837555327399
97 2436 988 1.2475435864129676 8.151246282946767
97 2437 988 1.8331298371910858 5.1472138391193845
97 2438 988 2.6766331463239976 3.298099089673594
97 2439 988 3.601161618144955 2.2247568086475193
97 2440 988 4.557671006117102 1.5647867772208177
97 2441 988 5.529589948630962 1.1365332695022778
97 2442 988 6.5100203532708445 0.8465332495458513
97 2443 988 7.495623056157556 0.6434354526506371
97 2444 988 8.484595747588735 0.4972994961575664
97 2445 988 9.475883336132886 0.3897892810706297
97 2446 988 10.46882825343892 0.30921296526867176
97 2423 989 12.785396552316987 0.216924051252853
97 2424 989 11.80128658240275 0.26859281517931455
97 2425 989 10.820090803685488 0.33560747827235354
97 2426 989 9.842680783201258 0.42367509982865087
97 2427 989 8.870308055529945 0.5411518307501619
97 2428 989 7.904831750265119 0.7005557689762961
97 2429 989 6.949126923578213 0.9211032452207413
97 2430 989 6.007858603529188 1.2329983282324637
97 2431 989 5.0890436233146765 1.6844473077002828
97 2432 989 4.207417854218886 2.35090901285787
97 2433 989 3.39210332979406 3.331665937315147
97 2434 989 2.703768666139919 4.629624466339747
97 2435 989 2.2614961861564398 5.596492298339471
97 2436 989 2.2177387131941875 5.067116870386274
97 2437 989 2.592752398514038 3.751286065151106
97 2438 989 3.2444360064578843 2.647046769890453
97 2439 989 4.0410846316305316 1.8840501299554582
97 2440 989 4.912673915496586 1.3689660035853755
97 2441 989 5.825664339798564 1.0158167057107372
97 2442 989 6.763310210244739 0.768071555773006
97 2443 989 7.716629121578983 0.5903037992102008
97 2444 989 8.680458801238615 0.4601287926445248
97 2445 989 9.651650895054225 0.36308653334557983
97 2446 989 10.628187286644938 0.2896040192600466
97 2423 990 12.993396976926364 0.2195396976347505
97 2424 990 12.026319678105985 0.2712267300264993
97 2425 990 11.065096700887857 0.33789637229336156
97 2426 990 10.111397776766545 0.4248623891389795
97 2427 990 9.167571379596644 0.5396900511084887
97 2428 990 8.237011897526893 0.6932642639565346
97 2429 990 7.3247774710225615 0.9013067618425993
97 2430 990 6.438661739833812 1.1862181447786941
97 2431 990 5.5910969406727205 1.577990467613997
97 2432 990 4.802537350193118 2.1083911074950077
97 2433 990 4.107111515408369 2.7777693397255834
97 2434 990 3.5598265407179768 3.4512127807706277
97 2435 990 3.2367213349314152 3.754416321514306
97 2436 990 3.2063008280572003 3.4235636132698604
97 2437 990 3.4762573264935925 2.743472608396623
97 2438 990 3.986021199140876 2.079396423908792
97 2439 990 4.657506307027458 1.5561817052692644
97 2440 990 5.4310556064176545 1.1703242756291583
97 2441 990 6.269000319030198 0.8897423358588523
97 2442 990 7.1487317056944315 0.6847739953901057
97 2443 990 8.056572782517446 0.533379067665502
97 2444 990 8.984006066338168 0.4201099891757773
97 2445 990 9.925541043187575 0.334272591921751
97 2423 991 13.273671873298634 0.21966954951505033
97 2424 991 12.328599474392837 0.2703693613658016
97 2425 991 11.39290853996465 0.3352024154747786
97 2426 991 10.469114814538978 0.418815726554842
97 2427 991 9.560667602212703 0.5275420831893296
97 2428 991 8.672390962128015 0.66993209055039
97 2429 991 7.8111692466621 0.8571812276490918
97 2430 991 6.987014026034286 1.1027734632071327
97 2431 991 6.214689453222898 1.4192974444626176
97 2432 991 5.516009880339231 1.8072968782976284
97 2433 991 4.92243486498299 2.2278078030541137
97 2434 991 4.475976429786042 2.5650792582657553
97 2435 991 4.22354886321921 2.653720838140069
97 2436 991 4.2002815381829315 2.438023031639647
97 2437 991 4.409803283594457 2.0444349356248743
97 2438 991 4.821863229084847 1.6291849270468062
97 2439 991 5.390210107222225 1.2709932050951198
97 2440 991 6.07110904201207 0.9868117988765959
97 2441 991 6.830985653622822 0.7685817830095818
97 2442 991 7.646330165510831 0.6025885855894874
97 2443 991 8.501197856772949 0.47620174474158
97 2444 991 9.384794350437366 0.3794155264319879
97 2445 991 10.289721327616272 0.30471992932572267
97 2423 992 13.62176071585459 0.21730666324879858
97 2424 992 12.702612526563165 0.2660732576257283
97 2425 992 11.796625152983353 0.3277166206252327
97 2426 992 10.907078664793776 0.4060359988273693
97 2427 992 10.038344734068446 0.5058953168377557
97 2428 992 9.196323450162012 0.6332742798189644
97 2429 992 8.38906222411062 0.7948715287450552
97 2430 992 7.627605456498122 0.996507382073025
97 2431 992 6.927074779443341 1.238809121581385
97 2432 992 6.307801915088971 1.5081052224277949
97 2433 992 5.795892079740632 1.7633210610881747
97 2434 992 5.421841476841634 1.932641473179447
97 2435 992 5.215396916822378 1.9472516302750826
97 2436 992 5.19657242805298 1.8003481518414342
97 2437 992 5.367342452275664 1.5540362350092134
97 2438 992 5.710723684437956 1.283304069754559
97 2439 992 6.198093658537334 1.0348777158858664
97 2440 992 6.798556096701769 0.826140479599177
97 2441 992 7.484942551549803 0.6580932394101736
97 2442 992 8.235797775564974 0.5253869156994109
97 2443 992 9.035063087770945 0.42130884030325855
97 2444 992 9.87098601964369 0.3397091914632959
97 2423 993 14.03261789546054 0.2125760430737168
97 2424 993 13.142235920877372 0.2585963340986964
97 2425 993 12.268755641873367 0.31595198460268364
97 2426 993 11.416057331671022 0.38752788714170705
97 2427 993 10.58916262033971 0.47670731563923013
97 2428 993 9.794608976370615 0.5870961535028506
97 2429 993 9.040927220147275 0.7217116164667122
97 2430 993 8.339206497023563 0.8811231594760631
97 2431 993 7.703659195473285 1.0599245632053071
97 2432 993 7.151948335943163 1.2416364684190286
97 2433 993 6.704801637632561 1.395131836978408
97 2434 993 6.38422783114766 1.4804664195630717
97 2435 993 6.209860304386923 1.4693021404536895
97 2436 993 6.1940588469920534 1.3656105828362364
97 2437 993 6.3380095455908405 1.2025075517275778
97 2438 993 6.631316988351613 1.01927709041846
97 2439 993 7.0553784448462284 0.8438227012313025
97 2440 993 7.58830448782868 0.6897183698927262
97 2441 993 8.208919843682295 0.5606450536708683
97 2442 993 8.898896841743984 0.455253902398645
97 2443 993 9.643358595427276 0.3702837963841524
97 2444 993 10.430645473795053 0.3021333750732793
97 2423 994 14.500909109431708 0.20571944242582238
97 2424 994 13.641127702649792 0.24836625926551922
97 2425 994 12.801732890511333 0.3006628085107185
97 2426 994 11.987008175520685 0.3646198970158272
97 2427 994 11.202337479294213 0.4423087109662564
97 2428 994 10.45449018364836 0.5354346409277564
97 2429 994 9.751941601547868 0.6444659277782566
97 2430 994 9.105183413858288 0.7671024042406684
97 2431 994 8.52692001838883 0.8960868142384353
97 2432 994 8.031958976488877 1.0171802826193286
97 2433 994 7.63651523929602 1.1096351160924234
97 2434 994 7.356654470613693 1.1520885024786967
97 2435 994 7.205856298872503 1.1329809193490652
97 2436 994 7.192243391321001 1.0576564947497344
97 2437 994 7.316581510514367 0.9449641370879618
97 2438 994 7.572077984278872 0.8169333827334436
97 2439 994 7.946091177428111 0.6906262083745734
97 2440 994 8.422847796321678 0.5758323550554478
97 2441 994 8.98600940351172 0.4764898668053598
97 2442 994 9.620413972381913 0.39298025209153536
97 2443 994 10.312922233780357 0.3239420254840044
97 2444 994 11.052618015655899 0.2673756713658278
97 2424 995 14.193039315100894 0.23592540749520535
97 2425 995 13.388292086745036 0.2827371758729117
97 2426 995 12.61151715694824 0.3387570571750412
97 2427 995 11.868208162987365 0.40501510533253
97 2428 995 11.16505105227916 0.48188011357431715
97 2429 995 10.510107753967134 0.5683348514512852
97 2430 995 9.912939271477464 0.6609551008157257
97 2431 995 9.384581237327549 0.7528419088172784
97 2432 995 8.937245940444983 0.8332571836499104
97 2433 995 8.583610254432596 0.8891563725555733
97 2434 995 8.335608256150268 0.9092513151821386
97 2435 995 8.20282664695534 0.8890103516351388
97 2436 995 8.190870832823618 0.8329971350052873
97 2437 995 8.300262947642127 0.7525159482362502
97 2438 995 8.526333620026891 0.6606088750468007
97 2439 995 8.860156037000756 0.5680011101156288
97 2440 995 9.290121904474722 0.48157732725202673
97 2441 995 9.803589393686433 0.4047507618133329
97 2442 995 10.388183912503726 0.3385317990122108
97 2443 995 11.032604633539684 0.2825480665513651
97 2424 996 14.792037216015911 0.22186863716369934
97 2425 996 14.02171048766875 0.26308857008948267
97 2426 996 13.282031659350912 0.31131908244541084
97 2427 996 12.578408683136352 0.3668453232765758
97 2428 996 11.917229753596263 0.42921514304239444
97 2429 996 11.305943790767763 0.49672925829547276
97 2430 996 10.75306305198664 0.5658728938583705
97 2431 996 10.268026343947522 0.6309518751573373
97 2432 996 9.860850115481952 0.684404138331481
97 2433 996 9.541507480477103 0.7182449479417513
97 2434 996 9.319032406854298 0.726526984533219
97 2435 996 9.200454608333258 0.707684635686707
97 2436 996 9.189796787742413 0.6652163596290825
97 2437 996 9.287430484262096 0.6061964819689958
97 2438 996 9.49001396205511 0.5386944260868377
97 2439 996 9.791034929975535 0.4696377621248487
97 2440 996 10.181766300598394 0.4038476452795229
97 2441 996 10.652340822561078 0.3440587467938664
97 2442 996 11.19269248215108 0.2914097868234103
97 2425 997 14.695930218941566 0.24256719358314474
97 2426 997 13.991939286603555 0.2834954329181242
97 2427 997 13.325853255983276 0.32937756324421286
97 2428 997 12.7036358968604 0.37933966162609994
97 2429 997 12.13203878167228 0.431515391608668
97 2430 997 11.618535406840241 0.4827924545221447
97 2431 997 11.171139825460981 0.5288076581336669
97 2432 997 10.798072281662153 0.5644267122066446
97 2433 997 10.507252971162377 0.584817028928842
97 2434 997 10.305647238286427 0.5868553628247156
97 2435 997 10.198547200459522 0.5702147708265618
97 2436 997 10.18893345743316 0.5374858577500174
97 2437 997 10.277079594904427 0.49325457408296136
97 2438 997 10.460514566693218 0.4426993478697214
97 2439 997 10.73435442865574 0.390409125812705
97 2440 997 11.091905381853977 0.3397766148014735
97 2441 997 11.525379169467756 0.2929185171480382
97 2425 998 15.405595249778568 0.2219013994774255
97 2426 998 14.735547665424589 0.25622375970703337
97 2427 998 14.104622114753736 0.29372318607421105
97 2428 998 13.518297414985373 0.33337522969995675
97 2429 998 12.982617802277025 0.37342821957471245
97 2430 998 12.504093929589637 0.41133488786314176
97 2431 998 12.089514671813772 0.4438916366723072
97 2432 998 11.745653025694253 0.4676797006008794
97 2433 998 11.478866015421586 0.47978593019719495
97 2434 998 11.294616638027195 0.47858730623939033
97 2435 998 11.196980173243178 0.4642488362402736
97 2436 998 11.18822438995576 0.4386710483092187
97 2437 998 11.268556473657174 0.4049161718176371
97 2438 998 11.436099203836992 0.36641103735868613
97 2439 998 11.687102506609634 0.3262658942927933
97 2427 999 14.909807678169434 0.26057574896474367
97 2428 999 14.356405016577106 0.2918431033899449
97 2429 999 13.853171658504792 0.3224699145401998
97 2430 999 13.405758650669513 0.35046690421560667
97 2431 999 13.019921850763952 0.3735405249525468
97 2432 999 12.701274148682906 0.38943670235507594
97 2433 999 12.454973504588468 0.3964016368386423
97 2434 999 12.285371992740018 0.39361359152694025
97 2435 999 12.19566992829836 0.38140545719413227
97 2436 999 12.187631640314743 0.36117308624252253
97 2432 1000 13.663248698607545 0.325890671480969
2 2127 565 5.740343195315081 0.4205200117947229
2 2128 565 5.1772135362567395 0.47737061117756235
2 2129 565 4.759783608526744 0.5101043607135904
2 2126 566 5.75461032564329 0.4849176916436824
2 2127 566 4.996752945663837 0.614942717456151
2 2128 566 4.338149375021576 0.744206085373521
2 2129 566 3.830344632014194 0.8367905327508623
2 2130 566 3.538861398811744 0.8548201642234474
2 2131 566 3.5178885712881347 0.7896561185619804
2 2132 566 3.7719411448217928 0.6705551247581286
2 2126 567 5.208794486251156 0.6337056092247484
2 2127 567 4.357010442952863 0.8728490309630258
2 2128 567 3.582672187069334 1.1655420881184648
2 2129 567 2.9474633161415302 1.4410500796873225
2 2130 567 2.5572524318103382 1.5543679327144537
2 2131 567 2.528149520894631 1.4210206735375357
2 2132 567 2.871156561387695 1.1388729872965149
2 2133 567 3.477864287173879 0.8492821066989494
2 2125 568 5.7702287649625 0.5154123221192547
2 2126 568 4.81118904222236 0.7556108076297412
2 2127 568 3.8729239600075265 1.1344091563441716
2 2128 568 2.975153777538271 1.7278823949024467
2 2129 568 2.1687646253109403 2.55516019856366
2 2130 568 1.5986056424271637 3.2042032132626668
2 2131 568 1.5516249546845484 2.8923815045872017
2 2132 568 2.063865305682444 2.044229420754643
2 2133 568 2.8480765439151297 1.3462451130432198
2 2134 568 3.7367820380642236 0.8894907475934104
2 2126 569 4.600384766516883 0.7870773587726438
2 2127 569 3.6077056420944955 1.2429059900781143
2 2128 569 2.620599168129365 2.094741816117823
2 2129 569 1.6491027863660226 3.8868237987545435
2 2130 569 0.7560026454980444 7.911000536885556
2 2131 569 0.6507995082972202 7.423699970369384
2 2132 569 1.5084893105354658 3.643733214456624
2 2133 569 2.4753868384556843 1.9852682797541847
2 2134 569 3.4611472086577724 1.1866603336411372
2 2126 570 4.602123422943008 0.7074493699556789
2 2127 570 3.6099224368399567 1.1023573335706847
2 2128 570 2.623650129114093 1.822237722943376
2 2129 570 1.653946794791252 3.2825028925970643
2 2130 570 0.7665115785166706 6.583407754743254
2 2131 570 0.6629781293526807 8.462876912880422
2 2132 570 1.5137833398474967 4.2879028826251915
2 2133 570 2.478616549609823 2.277712815082472
2 2134 570 3.4634578097617363 1.3366455869148703
2 2127 571 3.8791158786507793 0.833602859091487
2 2128 571 2.9832096808639634 1.2562838966634042
2 2129 571 2.1798027433693012 1.90708145182801
2 2130 571 1.6135488836723213 2.741999114803917
2 2131 571 1.5670162730488972 3.184481615382157
2 2132 571 2.0754613944855533 2.6572318977636518
2 2133 571 2.856490854177513 1.8274446356562373
2 2129 572 2.9610032083738798 1.0845141929082112
2 2130 572 2.5728466724622887 1.3708518145787048
2 2131 572 2.5439221686207567 1.5335993731679407
390 1689 2325 20.906368646898088 0.1522993415634217
390 1690 2325 20.285518233459143 0.15230315514675963
390 1691 2325 19.695894242201934 0.15101843313535734
390 1688 2326 20.817498648973256 0.1771786685275437
390 1689 2326 20.144335432076264 0.18015924160621313
390 1690 2326 19.49923716456629 0.18150430384073643
390 1691 2326 18.88508008984879 0.18115589529590162
390 1692 2326 18.304978830908354 0.17912911436475248
390 1693 2326 17.762270406679516 0.17551061302463147
390 1694 2326 17.26048232234554 0.17045012486430228
390 1695 2326 16.803280929628084 0.1641464974700098
390 1696 2326 16.394396908700323 0.1568305096927137
390 1686 2327 21.56928951078369 0.19110166154840874
390 1687 2327 20.824510798575876 0.19986387983896217
390 1688 2327 20.101896676682106 0.20716313556200974
390 1689 2327 19.40392357230885 0.21269106659683934
390 1690 2327 18.73334593712514 0.21619802284554127
390 1691 2327 18.093210052392664 0.21751829771721368
390 1692 2327 17.486859352096445 0.2165880175919994
390 1693 2327 16.917926882452317 0.21345227365172195
390 1694 2327 16.390309637099683 0.20826007372060476
390 1695 2327 15.908118996286225 0.2012481243599764
390 1696 2327 15.475601765359647 0.19271657273150566
390 1697 2327 15.09702785319026 0.18300102830657455
390 1685 2328 21.714655189525878 0.20337939084715617
390 1686 2328 20.92730871373582 0.21703069957069654
390 1687 2328 20.158825610635233 0.22970074697736156
390 1688 2328 19.41144636548248 0.24090315774676074
390 1689 2328 18.687703176153107 0.2501530029929238
390 1690 2328 17.990448854878604 0.2570097296311793
390 1691 2328 17.32288226595109 0.26112270027106893
390 1692 2328 16.688566445324255 0.26227156727236506
390 1693 2328 16.091434056665136 0.26039342384170283
390 1694 2328 15.535773234699409 0.2555908001260126
390 1695 2328 15.026185477359267 0.2481186859507499
390 1696 2328 14.567506650075794 0.23835351531775484
390 1697 2328 14.164683194480645 0.22675077520857795
390 1698 2328 13.822599249055957 0.21379944143510882
390 1684 2329 21.950358766999756 0.20725426743492312
390 1685 2329 21.124494076782124 0.22555052804596745
390 1686 2329 20.31428684448467 0.2438070271467089
390 1687 2329 19.52168665868815 0.261475693598969
390 1688 2329 18.7489266359438 0.27791350753224914
390 1689 2329 17.99856244259532 0.29241740122635057
390 1690 2329 17.27351296059961 0.30427913771199755
390 1691 2329 16.57710016860617 0.3128558444486505
390 1692 2329 15.91308423907831 0.31764591531741626
390 1693 2329 15.285687750310828 0.3183554858114725
390 1694 2329 14.699600334703064 0.31494017886347475
390 1695 2329 14.159952330428318 0.30761158390182775
390 1696 2329 13.672243780740684 0.29680677544323086
390 1697 2329 13.242214693924964 0.2831287048263183
390 1698 2329 12.875645614880916 0.26727172762686363
390 1699 2329 12.578086102424411 0.24994779211963236
390 1683 2330 22.273532499359032 0.20195042746983993
390 1684 2330 21.413459552347046 0.2236667021272995
390 1685 2330 20.566046046822002 0.2465377949509104
390 1686 2330 19.732922996859912 0.2701501818851697
390 1687 2330 18.91597869527249 0.293918405687444
390 1688 2330 18.117401855674633 0.31707779727933866
390 1689 2330 17.339730390060932 0.3387019260285152
390 1690 2330 16.58590516070807 0.3577538022361389
390 1691 2330 15.859326908794158 0.3731745018493054
390 1692 2330 15.163912753639886 0.3840026742649078
390 1693 2330 14.504145959000907 0.3895055632127886
390 1694 2330 13.885108930073335 0.3892920988751077
390 1695 2330 13.312484741775377 0.38337768885947515
390 1696 2330 12.792507572794403 0.3721816086472266
390 1697 2330 12.331838873420383 0.3564577825858244
390 1698 2330 11.937346857656522 0.33717926802067943
390 1699 2330 11.61577591037301 0.3154071613678201
390 1700 2330 11.373313061724884 0.2921728663713952
390 1701 2330 11.215090280510532 0.26839216041791863
390 1682 2331 22.680437606007583 0.18852247175183273
390 1683 2331 21.79055414623508 0.2117794984733905
390 1684 2331 20.910625289550833 0.23728077609691883
390 1685 2331 20.04196222928291 0.26490540599285683
390 1686 2331 19.18609522544915 0.2943630724823787
390 1687 2331 18.344815343851312 0.3251422656969652
390 1688 2331 17.520224028248112 0.35646358503319964
390 1689 2331 16.71479135376815 0.3872528862576088
390 1690 2331 15.931423351351956 0.41615423481946645
390 1691 2331 15.173537820824857 0.4416033394477352
390 1692 2331 14.445146243634996 0.46197350479977933
390 1693 2331 13.750936331755819 0.4757853207378675
390 1694 2331 13.09634490993583 0.4819422868116412
390 1695 2331 12.487603853422083 0.47993063982999323
390 1696 2331 11.931732900128212 0.46991995324048924
390 1697 2331 11.436443940316497 0.4527294530875322
390 1698 2331 11.009915985147291 0.42967200197007854
390 1699 2331 10.660405714605883 0.4023282220679259
390 1700 2331 10.395684200667203 0.3723170167758819
390 1701 2331 10.222340729989469 0.34111425772026216
390 1702 2331 10.145060374389182 0.30994283248566806
390 1703 2331 10.166034133328566 0.27973114957680956
390 1704 2331 10.28466090836258 0.25112238421524075
390 1705 2331 10.497630685064195 0.22451327478675825
390 1682 2332 22.251297714964913 0.19226001671426385
390 1683 2332 21.343529464453688 0.21805561333630655
390 1684 2332 20.4443696405637 0.24697968411884624
390 1685 2332 19.555005753003567 0.27913537848373854
390 1686 2332 18.67683725902227 0.31447385372459896
390 1687 2332 17.81152014848824 0.35271584135542616
390 1688 2332 16.96102149046461 0.3932586916471239
390 1689 2332 16.127685822832806 0.43508096797922613
390 1690 2332 15.314315198532459 0.4766695488103956
390 1691 2332 14.524264181017989 0.51600872773565
390 1692 2332 13.76154969471106 0.5506789595356719
390 1693 2332 13.030972718872603 0.5781012629432466
390 1694 2332 12.33824339199069 0.5959201070865205
390 1695 2332 11.690091958577653 0.6024482151122343
390 1696 2332 11.094334139550776 0.5970356291430988
390 1697 2332 10.55984138138456 0.5802224634312773
390 1698 2332 10.096348349774868 0.5536115617890296
390 1699 2332 9.71402336830634 0.5195144437465877
390 1700 2332 9.42275172123311 0.48050714220353863
390 1701 2332 9.23115648226166 0.4390370501132107
390 1702 2332 9.14550436006683 0.39716421775989985
390 1703 2332 9.168764911371724 0.35645000306616803
390 1704 2332 9.300120966955284 0.3179596868375911
390 1705 2332 9.5351061871382 0.28233142402064676
390 1706 2332 9.866318969098918 0.2498708230954598
390 1707 2332 10.284466442164177 0.2206448182646745
390 1682 2333 21.859511659687247 0.19255911957691757
390 1683 2333 20.93476176124301 0.22023368590563203
390 1684 2333 20.017248811962208 0.2518773403845111
390 1685 2333 19.108015333885476 0.28787560906349907
390 1686 2333 18.20830167808086 0.32852575796231903
390 1687 2333 17.319591507885 0.3739497331147688
390 1688 2333 16.44366899447937 0.4239700551573311
390 1689 2333 15.582690717587967 0.4779469786485063
390 1690 2333 14.739275762397625 0.534589153178272
390 1691 2333 13.91661776438521 0.5917763089205341
390 1692 2333 13.118622259978444 0.6464700969308087
390 1693 2333 12.350070849999277 0.6948233120084955
390 1694 2333 11.616808942218245 0.7325924374680751
390 1695 2333 10.925943895151656 0.755869320609591
390 1696 2333 10.28602206880783 0.7619712970659296
390 1697 2333 9.707123672849832 0.7501593856231107
390 1698 2333 9.20077442392767 0.7218505159945746
390 1699 2333 8.779535864725508 0.6802159818977986
390 1700 2333 8.456136824815538 0.62936678981855
390 1701 2333 8.242102280365206 0.573484767055381
390 1702 2333 8.146057328548656 0.5161857307425656
390 1703 2333 8.172163116335918 0.4602125966081316
390 1704 2333 8.31926979968802 0.40740299875023667
390 1705 2333 8.581156681939857 0.35881756769838846
390 1706 2333 8.947751114106884 0.31492746321105636
390 1707 2333 9.406819334929365 0.27579785258195655
390 1708 2333 9.945564337934819 0.24123873434014462
390 1682 2334 21.507120913781147 0.18939475168162012
390 1683 2334 20.56653227940973 0.21811668454492633
390 1684 2334 19.631817287250875 0.25149696344822975
390 1685 2334 18.703856554197646 0.2902166941017469
390 1686 2334 17.783707431241726 0.33497152111082523
390 1687 2334 16.872647984237748 0.3864044290550568
390 1688 2334 15.972233719802691 0.4449894308014124
390 1689 2334 15.084371050859298 0.5108454345122371
390 1690 2334 14.211412667289693 0.5834616754687497
390 1691 2334 13.35628129383332 0.6613335524101656
390 1692 2334 12.522629516199935 0.7415553990503493
390 1693 2334 11.71504374725087 0.8195069558074812
390 1694 2334 10.939298423573682 0.8888863328970067
390 1695 2334 10.202658967151729 0.9423954531415644
390 1696 2334 9.514213052060665 0.973212160911838
390 1697 2334 8.885170229095301 0.9769034101067117
390 1698 2334 8.329000540281012 0.9529125895277091
390 1699 2334 7.861186297245557 0.9047589661936247
390 1700 2334 7.4982831368254725 0.8388239589864128
390 1701 2334 7.256049200494797 0.7624522032959345
390 1702 2334 7.146765002432996 0.6823056693195894
390 1703 2334 7.176506810419749 0.6034703199340489
390 1704 2334 7.343585636458594 0.5292799897789464
390 1705 2334 7.638995352793514 0.4615678820230225
390 1706 2334 8.048617893775354 0.4010670905890778
390 1707 2334 8.556065100266638 0.3477934441396019
390 1708 2334 9.145066976244662 0.30134473676734974
390 1709 2334 9.800931078219081 0.2611085936410669
390 1682 2335 21.196090441399857 0.18302767831687566
390 1683 2335 20.24105357929775 0.21189617184596723
390 1684 2335 19.290574123130764 0.24587629647679968
390 1685 2335 18.3453604488983 0.28590463816277195
390 1686 2335 17.40627042189113 0.3330503033286921
390 1687 2335 16.474351277061018 0.3884932519137958
390 1688 2335 15.550892257359445 0.4534618303558946
390 1689 2335 14.63749466268056 0.5290982537297265
390 1690 2335 13.736165767782573 0.6162052195809347
390 1691 2335 12.849445513328646 0.714812907390875
390 1692 2335 11.980578032799654 0.8235108105267545
390 1693 2335 11.133743754910187 0.9385541090684251
390 1694 2335 10.314371042385545 1.0529456286004233
390 1695 2335 9.529546159183104 1.156048024914033
390 1696 2335 8.788529456058129 1.2346253366785456
390 1697 2335 8.103348073481806 1.275977742888415
390 1698 2335 7.489342427743655 1.272438228246515
390 1699 2335 6.965360722891613 1.2246906552235215
390 1700 2335 6.553033648624208 1.1414566815439577
390 1701 2335 6.274412323078635 1.0357988678072945
390 1702 2335 6.147702823006408 0.9207040315442716
390 1703 2335 6.182252825629253 0.8062709902463668
390 1704 2335 6.375441161206087 0.6989495523628054
390 1705 2335 6.71358696972049 0.6020625140078333
390 1706 2335 7.176228117890393 0.5167455947073172
390 1707 2335 7.741075506672223 0.4428127945158014
390 1708 2335 8.387505588671791 0.3793863410557853
390 1709 2335 9.098145415412993 0.32529793285645947
390 1710 2335 9.859120143298814 0.2793201703246771
390 1684 2336 18.995900873609603 0.23555905367407126
390 1685 2336 18.03525020619348 0.2754038477840974
390 1686 2336 17.079117365953135 0.32299228727146584
390 1687 2336 16.128305862675155 0.3799385396135839
390 1688 2336 15.183815396665022 0.44814451905924296
390 1689 2336 14.246903172268762 0.5297790282664357
390 1690 2336 13.31916851759154 0.6271699148226373
390 1691 2336 12.402671083278857 0.7425227395701812
390 1692 2336 11.50009782567094 0.8773213582430365
390 1693 2336 10.6150011775789 1.0312037131067897
390 1694 2336 9.75214079061625 1.20011646972265
390 1695 2336 8.917973424495123 1.3738502100106367
390 1696 2336 8.121345331901681 1.5340007837086316
390 1697 2336 7.374432181531073 1.654977053383557
390 1698 2336 6.693896473654271 1.7110671320869293
390 1699 2336 6.101987381173531 1.6882932889716067
390 1700 2336 5.6267441740318125 1.5924946024065136
390 1701 2336 5.299646214607243 1.4458214619996133
390 1702 2336 5.149004758203357 1.2751782921605719
390 1703 2336 5.190207124961463 1.1024893120614128
390 1704 2336 5.4188790353725995 0.9413411779037667
390 1705 2336 5.812938155528631 0.7981196729214829
390 1706 2336 6.34162833978786 0.6745043209523806
390 1707 2336 6.9743996157375765 0.5696291169383951
390 1708 2336 7.6855871603931725 0.4815002647521852
390 1709 2336 8.455427251180174 0.40779354512380983
390 1710 2336 9.269317666365753 0.34625088527888503
390 1685 2337 17.776058336988033 0.25978312018962496
390 1686 2337 16.805185211713727 0.30595549074138034
390 1687 2337 15.837937050007545 0.3618563270640929
390 1688 2337 14.87502100838858 0.42982370658780794
390 1689 2337 13.91733631123433 0.5127739126249773
390 1690 2337 12.96604218719041 0.6142937981063409
390 1691 2337 12.022655696642127 0.7386697857289648
390 1692 2337 11.089195191717087 0.8907315270382042
390 1693 2337 10.168394661892371 1.075247419336968
390 1694 2337 9.264029900642658 1.2953557928372335
390 1695 2337 8.381422910222412 1.5491766342604312
390 1696 2337 7.5282302037066495 1.8237319073141058
390 1697 2337 6.715671969356529 2.08711763780229
390 1698 2337 5.960390087905399 2.2859560608282745
390 1699 2337 5.286988745968811 2.361904730179756
390 1700 2337 4.730565505307034 2.2880511461750523
390 1701 2337 4.3363867447450675 2.090601144781459
390 1702 2337 4.1509336299199795 1.8277240446961007
390 1703 2337 4.201934078492973 1.5530487525665102
390 1704 2337 4.481322349485754 1.298799506572595
390 1705 2337 4.9505807740103025 1.0781723107313668
390 1706 2337 5.561856704374931 0.8931572994389871
390 1707 2337 6.273774780783919 0.7406589184679359
390 1708 2337 7.055937216273983 0.6159179630506899
390 1709 2337 7.887474247184594 0.5140998087536846
390 1710 2337 8.754327501299006 0.4309083913966152
390 1711 2337 9.646981393161283 0.3627466966384914
390 1686 2338 16.587110960019576 0.2837250326205046
390 1687 2338 15.60635287310913 0.3364246521613525
390 1688 2338 14.628200504505038 0.40104802871120093
390 1689 2338 13.653213907355346 0.4808253478405012
390 1690 2338 12.682123244946066 0.5799894237713618
390 1691 2338 11.715897319454504 0.7040921674481929
390 1692 2338 10.755847246962983 0.8603737987564485
390 1693 2338 9.803787533397545 1.0580944266200678
390 1694 2338 8.862293721153742 1.30852433968084
390 1695 2338 7.935127598218001 1.623726781029761
390 1696 2338 7.027962009003813 2.011931404408542
390 1697 2338 6.149654461837741 2.464866500249154
390 1698 2338 5.3145319643408655 2.9317356628789057
390 1699 2338 4.546454662701555 3.2916769587720722
390 1700 2338 3.8853892983844793 3.3888965214416946
390 1701 2338 3.3944439898163834 3.170491417074761
390 1702 2338 3.1540846532711355 2.748659659274914
390 1703 2338 3.220908256998394 2.277136943997308
390 1704 2338 3.5777437023912655 1.8472235701350768
390 1705 2338 4.150451782637679 1.48868447201704
390 1706 2338 4.863357893472392 1.2008606865997051
390 1707 2338 5.663766414674969 0.9730501623257546
390 1708 2338 6.51952835717432 0.7932164824679954
390 1709 2338 7.411494451188641 0.6508480150346735
390 1710 2338 8.328039985494783 0.5375245892309357
390 1711 2338 9.261870761352691 0.44672932344652316
390 1712 2338 10.208244217298086 0.3734821686047844
390 1713 2338 11.163971067680162 0.313987017060173
390 1714 2338 12.126840066563082 0.26534273031683714
390 1715 2338 13.09527586574638 0.2253206623876224
390 1716 2338 14.068128873450071 0.1921977584139501
390 1686 2339 16.42711934576484 0.25830916046875496
390 1687 2339 15.436199337919986 0.30630581008539465
390 1688 2339 14.446530725402598 0.3653349524592008
390 1689 2339 13.458389576765908 0.4385297285106227
390 1690 2339 12.472138950476825 0.5301116150208378
390 1691 2339 11.488265752497245 0.6458424391532531
390 1692 2339 10.507437841833804 0.7936902650023833
390 1693 2339 9.530595469329342 0.9848101061996296
390 1694 2339 8.559103340888045 1.2349591247959595
390 1695 2339 7.595014812362174 1.5663901666999513
390 1696 2339 6.641554787849059 2.0097534534339334
390 1697 2339 5.7040555747643875 2.6032515622024945
390 1698 2339 4.791894197496499 3.3775384661018673
390 1699 2339 3.922785999771152 4.28885211449499
390 1700 2339 3.1327703394919464 5.050734246522699
390 1701 2339 2.4980492389063143 5.130020101442205
390 1702 2339 2.160150457722875 4.453437510986182
390 1703 2339 2.2566014269250734 3.537579762928845
390 1704 2339 2.7419427419259157 2.7307324069521743
390 1705 2339 3.4560454279421933 2.1057187267673423
390 1706 2339 4.286052962808564 1.6379286750748054
390 1707 2339 5.176509441699107 1.2886177068299804
390 1708 2339 6.101004015733798 1.0255158528957982
390 1709 2339 7.046151431810124 0.824958979992199
390 1710 2339 8.00463927981766 0.6701575824170988
390 1711 2339 8.972193154407663 0.5492366466138787
390 1712 2339 9.946167603655171 0.453730675065779
390 1713 2339 10.924845536665476 0.3775324991497042
390 1714 2339 11.907067229171066 0.31617834897165986
390 1715 2339 12.892022727252673 0.26636292971397546
390 1716 2339 13.879130015962794 0.2256081901648721
390 1717 2339 14.867960519183502 0.19203455370810327
390 1686 2340 16.326917957777617 0.231581748937052
390 1687 2340 15.329522171287703 0.27407863296326995
390 1688 2340 14.332489316235375 0.3262683881490328
390 1689 2340 13.335900794472082 0.39091294752110745
390 1690 2340 12.33986426181427 0.47175826203225885
390 1691 2340 11.344525111259657 0.5739713771038433
390 1692 2340 10.350084540717573 0.7048180891719532
390 1693 2340 9.356829056897471 0.8747437690369952
390 1694 2340 8.365180810956852 1.0991528449482577
390 1695 2340 7.375788093485379 1.4014428752690793
390 1696 2340 6.389698740942378 1.818369233538838
390 1697 2340 5.408719811563596 2.409823459168893
390 1698 2340 4.436242779650419 3.276576342934729
390 1699 2340 3.4794036845414187 4.586668312410116
390 1700 2340 2.5558266764396076 6.547663829448327
390 1701 2340 1.7199563947961771 8.701141461347541
390 1702 2340 1.1765415419780954 8.299051630908508
390 1703 2340 1.3454553132676408 6.027887156382803
390 1704 2340 2.058215246275291 4.22946727770225
390 1705 2340 2.9431700596465684 3.0421248770274167
390 1706 2340 3.884359664088782 2.2517412039110636
390 1707 2340 4.849149409948084 1.7081492104593738
390 1708 2340 5.825826121675773 1.3222698772379555
390 1709 2340 6.80927676042028 1.0408367364664992
390 1710 2340 7.796938501745389 0.8308779338507815
390 1711 2340 8.787391535603701 0.6712313014000529
390 1712 2340 9.779787830009376 0.5478626434121021
390 1713 2340 10.773590395035418 0.45119565378478016
390 1714 2340 11.768442972628085 0.3745327024938324
390 1715 2340 12.76410004661509 0.3130882146802449
390 1716 2340 13.760386985837252 0.26337841446841775
390 1717 2340 14.75717622040203 0.2228252992003816
390 1687 2341 15.287650244560185 0.24186024294208572
390 1688 2341 14.2876957554394 0.2868483495913882
390 1689 2341 13.287748116215965 0.34229608562627123
390 1690 2341 12.287808999166648 0.4112656524603398
390 1691 2341 11.287880669107057 0.49795263575976373
390 1692 2341 10.287966271328884 0.6082171524700005
390 1693 2341 9.288070305504833 0.7504303621328153
390 1694 2341 8.288199442581035 0.9368738955247309
390 1695 2341 7.288364013960919 1.1861576251096966
390 1696 2341 6.2885809210028025 1.5276296292538938
390 1697 2341 5.28887984359641 2.0099908620594613
390 1698 2341 4.289318127628251 2.719706581667863
390 1699 2341 3.290022796273644 3.825549185173275
390 1700 2341 2.2913424013010757 5.708207147452362
390 1701 2341 1.294700737622448 9.47658240229625
390 1702 2341 0.31976553910645433 20.85102510654476
390 1703 2341 0.7268080902136218 11.875631137476862
390 1704 2341 1.718793181275718 6.708189222787371
390 1705 2341 2.7166615541873878 4.365701093953303
390 1706 2341 3.715676250697814 3.0495336001322713
390 1707 2341 4.715108694399282 2.2267535357947943
390 1708 2341 5.714739714107688 1.6773673041273487
390 1709 2341 6.714480620271352 1.2934336683836556
390 1710 2341 7.714288690475583 1.0159137887419127
390 1711 2341 8.714140806757682 0.8099831656722157
390 1712 2341 9.714023368306222 0.6539181684437145
390 1713 2341 10.71392785116641 0.5335673663852846
390 1714 2341 11.713848641671927 0.4393867812846123
390 1715 2341 12.713781892104299 0.36475395100623287
390 1716 2341 13.713724876925273 0.3049627844684734
390 1717 2341 14.713675611484678 0.2566004727533478
390 1688 2342 14.312800215192025 0.24921255888299154
390 1689 2342 13.314738074780172 0.29576649658925025
390 1690 2342 12.316990297958375 0.3531852961549376
390 1691 2342 11.319640011943871 0.4246569867185133
390 1692 2342 10.322802429573114 0.514548462398299
390 1693 2342 9.326641946595812 0.6289543486433136
390 1694 2342 8.331401442734617 0.7765666687095342
390 1695 2342 7.3374552809540425 0.9700996920409003
390 1696 2342 6.34541172817023 1.2287171906244676
390 1697 2342 5.356328033270576 1.5823600545797947
390 1698 2342 4.372213398268681 2.079879986398607
390 1699 2342 3.397388703107152 2.8052391066400286
390 1700 2342 2.4430002046663906 3.911380437100993
390 1701 2342 1.5473364210797722 5.687193416277374
390 1702 2342 0.905676542701581 8.550890567898914
390 1703 2342 1.1163556780882244 10.92099337896777
390 1704 2342 1.9163115613072292 8.33035772616069
390 1705 2342 2.8457424338825326 5.542207606109008
390 1706 2342 3.811069403723791 3.8228333730411874
390 1707 2342 4.790641919409083 2.748431862973113
390 1708 2342 5.777218188713273 2.0416078010243734
390 1709 2342 6.767735958206363 1.5555410826660978
390 1710 2342 7.760686181002253 1.2093288913701425
390 1711 2342 8.755241287366058 0.9557271265853094
390 1712 2342 9.75091021392358 0.7656906091479618
390 1713 2342 10.747383402484491 0.620581308390803
390 1714 2342 11.744456138961867 0.5080074780971597
390 1715 2342 12.741987678537404 0.4194824626991602
390 1716 2342 13.739878092617813 0.34904660462021336
390 1717 2342 14.738054484903998 0.2924241431344728
390 1718 2342 15.736462436011431 0.2464900397872512
390 1689 2343 13.416417181945434 0.2531631104600393
390 1690 2343 12.426835880464527 0.30018558097014425
390 1691 2343 11.439066832569887 0.35804106854766726
390 1692 2343 10.453623773601212 0.42982883612482964
390 1693 2343 9.471232760311635 0.5197429848908712
390 1694 2343 8.49295296113197 0.6335432541320267
390 1695 2343 7.520388952707181 0.7792654714322187
390 1696 2343 6.556084959791183 0.9683074607847558
390 1697 2343 5.604306379918936 1.217096399049484
390 1698 2343 4.672713344514086 1.5496035361324256
390 1699 2343 3.776274619251087 2.0008232385712494
390 1700 2343 2.9472444757773104 2.61998515138702
390 1701 2343 2.2610285270203483 3.465164565808542
390 1702 2343 1.8810236574800796 4.550139701921199
390 1703 2343 1.991042440532011 5.627360398102253
390 1704 2343 2.527894380704937 5.937524242466043
390 1705 2343 3.28880677450037 5.147245717725111
390 1706 2343 4.152378836281615 4.00317270011523
390 1707 2343 5.06638431230788 3.026952905631056
390 1708 2343 6.007849032723718 2.297369411720049
390 1709 2343 6.965647852138324 1.7660947826849676
390 1710 2343 7.93386727895036 1.3772257408360435
390 1711 2343 8.90911050554426 1.0886060859495477
390 1712 2343 9.889299772986915 0.871027205568593
390 1713 2343 10.873097534741376 0.704525955247725
390 1714 2343 11.859605811324377 0.5753507780185344
390 1715 2343 12.848200263071822 0.4738883673563967
390 1716 2343 13.838433798663734 0.3933067632472601
390 1717 2343 14.829978084946678 0.3286711144785663
390 1718 2343 15.822586703823072 0.27636193632982614
390 1719 2343 16.81607118205672 0.23368675220016624
390 1720 2343 17.81028494999444 0.19861661668395875
390 1689 2344 13.591109226255247 0.21532999069952316
390 1690 2344 12.615238800752065 0.2534435176414328
390 1691 2344 11.64346383169546 0.299768373443831
390 1692 2344 10.67690264074747 0.35644368745870375
390 1693 2344 9.717111196235237 0.4262700383591839
390 1694 2344 8.766313364236995 0.5129427288382995
390 1695 2344 7.8277870436030685 0.6213701373351116
390 1696 2344 6.906536758752537 0.7580980028894188
390 1697 2344 6.010511625477479 0.9318412927608183
390 1698 2344 5.152887540010926 1.1540460199652973
390 1699 2344 4.356403333025971 1.43914468063534
390 1700 2344 3.661181503285479 1.803405011471702
390 1701 2344 3.135322949872892 2.2592301111403557
390 1702 2344 2.873369102638849 2.7974440384801147
390 1703 2344 2.9465657976701474 3.347479354511907
390 1704 2344 3.3329041390354215 3.7354329909676838
390 1705 2344 3.9413512911182345 3.7570408537113726
390 1706 2344 4.686176479817988 3.398678193613465
390 1707 2344 5.512372447503818 2.855486549160794
390 1708 2344 6.388446603048284 2.311279197962775
390 1709 2344 7.296454618511589 1.8459280625409185
390 1710 2344 8.225828225777574 1.472663724199541
390 1711 2344 9.170073609301015 1.1801825936762926
390 1712 2344 10.125030864150434 0.9522267463387356
390 1713 2344 11.087932629665406 0.7740804387985035
390 1714 2344 12.056875631771225 0.6339914814633842
390 1715 2344 13.030512269285452 0.5229889948299518
390 1716 2344 14.007863862844992 0.43433036475448666
390 1717 2344 14.988203694906156 0.36296040203621993
390 1718 2344 15.970981497703843 0.30507543498278167
390 1719 2344 16.95577335304994 0.25779492919306163
390 1720 2344 17.942247629547374 0.2189205094016813
390 1721 2344 18.93014130956233 0.18676062924337977
390 1690 2345 12.87875188052011 0.2131486439477729
390 1691 2345 11.928463857513263 0.25003438629134095
390 1692 2345 10.987003686173956 0.2945471811352292
390 1693 2345 10.05685089876548 0.3485326442867305
390 1694 2345 9.141457761210734 0.41433385490481417
390 1695 2345 8.245741325071986 0.49492178118846913
390 1696 2345 7.376872643607171 0.5940393927047595
390 1697 2345 6.545551924780658 0.7163278833286418
390 1698 2345 5.768036927759713 0.8673485812048118
390 1699 2345 5.06914687102274 1.0532904211036807
390 1700 2345 4.48578309774331 1.2798938148401926
390 1701 2345 4.067954031205306 1.5496533875748424
390 1702 2345 3.8696576075926186 1.8558140411672075
390 1703 2345 3.924315226889828 2.172223119671974
390 1704 2345 4.222114399207972 2.4434685580279947
390 1705 2345 4.717229059522043 2.5925416371106245
390 1706 2345 5.3552077457367755 2.563441599396269
390 1707 2345 6.0913257998566355 2.3679207737394568
390 1708 2345 6.89421859241488 2.074758431623526
390 1709 2345 7.743142127069537 1.7570890598981723
390 1710 2345 8.624514479088019 1.4606672144627526
390 1711 2345 9.529336283288506 1.2042955653799334
390 1712 2345 10.451519028351752 0.9909295292342881
390 1713 2345 11.386845480641188 0.8165965779590452
390 1714 2345 12.332325409264817 0.6752211008677576
390 1715 2345 13.285791282418918 0.5607452072459465
390 1716 2345 14.245639683776874 0.46788525228917077
390 1717 2345 15.210662378739409 0.3922912335375895
390 1718 2345 16.179933559814092 0.33047738068288823
390 1719 2345 17.152733018385096 0.2796845405009236
390 1720 2345 18.128492766912483 0.23773844841786856
390 1721 2345 19.106759275188406 0.2029259593136287
390 1691 2346 12.288460033706421 0.20824291870564854
390 1692 2346 11.37682952320197 0.24316840468252035
390 1693 2346 10.481328637152824 0.28491805100558043
390 1694 2346 9.606469174467788 0.3349783259548376
390 1695 2346 8.758438787820564 0.39515629356676896
390 1696 2346 7.945832240866887 0.4676163941734382
390 1697 2346 7.1806859003858134 0.5548813322370814
390 1698 2346 6.479834102814635 0.6597453089168064
390 1699 2346 5.866365996083051 0.7849997142012849
390 1700 2346 5.370311909004859 0.9327929404839488
390 1701 2346 5.0265544859276465 1.103345524228815
390 1702 2346 4.867468541243927 1.2927018062708284
390 1703 2346 4.911033496118634 1.4895032217247925
390 1704 2346 5.152111217743571 1.6719883589625197
390 1705 2346 5.565092092679066 1.8087838803378513
390 1706 2346 6.115247337597965 1.8680666479724983
390 1707 2346 6.769213395956648 1.833594494856973
390 1708 2346 7.499883332425836 1.7149998320634317
390 1709 2346 8.28699282007646 1.5415266974463475
390 1710 2346 9.115933852326854 1.3459838189138789
390 1711 2346 9.976284378464692 1.1530950196307765
390 1712 2346 10.860582396906649 0.9768127294052865
390 1713 2346 11.76342849682857 0.8227510573086257
390 1714 2346 12.68086156378968 0.6915526758811836
390 1715 2346 13.609932035098426 0.581429565445682
390 1716 2346 14.548410566106469 0.48968018910051087
390 1717 2346 15.494587764764775 0.41347272865648027
390 1718 2346 16.44713500887003 0.3501968461715387
390 1719 2346 17.405006463658612 0.2975887049012306
390 1720 2346 18.3673691638187 0.2537471752745235
390 1721 2346 19.33355244128709 0.2171034697743322
390 1695 2347 9.350307481575117 0.31685160745168506
390 1696 2347 8.593849544877985 0.3704086528712065
390 1697 2347 7.891783702053641 0.4336517290991702
390 1698 2347 7.259907024197996 0.5080390213607865
390 1699 2347 6.718054033721322 0.5948938298927351
390 1700 2347 6.289534958961534 0.6950532122606108
390 1701 2347 5.998687356413834 0.8082632688436979
390 1702 2347 5.866025059612269 0.9322501911420386
390 1703 2347 5.902224157044449 1.0615169929626083
390 1704 2347 6.104281284475592 1.1862478402508103
390 1705 2347 6.456643865043117 1.2922576090036326
390 1706 2347 6.93644361326457 1.3632791073683261
390 1707 2347 7.519325102693644 1.3860009924769146
390 1708 2347 8.183290902809132 1.355727910056279
390 1709 2347 8.910232881356055 1.2786678184111706
390 1710 2347 9.685982139153394 1.1689388956602964
390 1711 2347 10.499726186905946 1.042762481444575
390 1712 2347 11.34329096867388 0.9137634680941711
390 1713 2347 12.210497532860746 0.7910892901717881
390 1714 2347 13.09665033510471 0.6796915154988264
390 1715 2347 13.998151663701828 0.5814807892448114
390 1716 2347 14.912218144863566 0.496503206571711
390 1717 2347 15.836674208936612 0.4238206632622698
390 1718 2347 16.76980172810633 0.3620733480436454
390 1719 2347 17.710230094496172 0.3098017978749089
390 1720 2347 18.65685530843818 0.26561303392817914
390 1721 2347 19.608779921249507 0.2282545335866387
390 1696 2348 9.304420992195022 0.29543581122506146
390 1697 2348 8.660153000957854 0.3419780280501927
390 1698 2348 8.088525823659046 0.3957995622449132
390 1699 2348 7.605935182474222 0.45755700488829526
390 1700 2348 7.230231669870552 0.5275815937292203
390 1701 2348 6.97869973562404 0.6055817396070398
390 1702 2348 6.865001820829982 0.6902250689667156
390 1703 2348 6.895958961594747 0.7786325000331741
390 1704 2348 7.0696711380373864 0.8659209008804027
390 1705 2348 7.376059245965881 0.9450882571494219
390 1706 2348 7.799503189306271 1.0076537462895794
390 1707 2348 8.322154168242657 1.045324886185912
390 1708 2348 8.926603497411463 1.0523791171072856
390 1709 2348 9.597408504382757 1.0276812589432833
390 1710 2348 10.321639889087315 0.9751172424961619
390 1711 2348 11.08883447437098 0.9021547561829338
390 1712 2348 11.890679122741403 0.8174559279949352
390 1713 2348 12.720623019333534 0.7288095038191866
390 1714 2348 13.5735128098808 0.6420494010121636
390 1715 2348 14.445284697782807 0.5608896758272314
390 1716 2348 15.332718284766013 0.48727750968434613
390 1717 2348 16.23324520852186 0.4219031159352432
390 1718 2348 17.144802419392235 0.3646649515343491
390 1719 2348 18.06572030116701 0.31501999639724626
390 1720 2348 18.994637401119235 0.27221874283277864
390 1697 2349 9.471866236386532 0.27203691165491944
390 1698 2349 8.952220394963424 0.31167688625833456
390 1699 2349 8.518700018195208 0.3565459212347801
390 1700 2349 8.185001527183667 0.4067724591653242
390 1701 2349 7.963683193095949 0.46212070529775323
390 1702 2349 7.864238678982144 0.5217885521926097
390 1703 2349 7.891276829512367 0.5841740502358957
390 1704 2349 8.043522238422586 0.6466642427893003
390 1705 2349 8.314099470177068 0.7055515490384914
390 1706 2349 8.691964680093825 0.7562251095209309
390 1707 2349 9.163855629591644 0.7937628936765841
390 1708 2349 9.716082029295471 0.8139052615480743
390 1709 2349 10.335775249104362 0.8141397993403102
390 1710 2349 11.01155075364039 0.794436294585522
390 1711 2349 11.733722768158373 0.757255982632096
390 1712 2349 12.494248676891225 0.7068300651567986
390 1713 2349 13.286543944909 0.6480774177298344
390 1714 2349 14.105256112527627 0.5856243958889976
390 1715 2349 14.946044627258342 0.5232028949611837
390 1716 2349 15.805386739969315 0.4634508999560463
390 1717 2349 16.68041516269897 0.4079915190374163
390 1718 2349 17.568786241513603 0.35764260354665195
390 1719 2349 18.46857466075814 0.31265054438658596
390 1698 2350 9.841760513241468 0.2478352267080941
390 1699 2350 9.449140172523576 0.2810453750350461
390 1700 2350 9.149439873565965 0.31785022372789884
390 1701 2350 8.95199698391363 0.3580763656602745
390 1702 2350 8.863647668990383 0.4012276367873189
390 1703 2350 8.887645920039715 0.4463689886385709
390 1704 2350 9.023095366890374 0.49202101946972504
390 1705 2350 9.26510928160043 0.536106902844533
390 1706 2350 9.605636366217409 0.576009736518931
390 1707 2350 10.034652460349504 0.6087965701037474
390 1708 2350 10.54135902054371 0.6316263931671267
390 1709 2350 11.115136076539873 0.6422783323789103
390 1710 2350 11.746158946651374 0.6396454908326181
390 1711 2350 12.42570923529108 0.6240057142449552
390 1712 2350 13.146263727766835 0.596952133718804
390 1713 2350 13.901447766329875 0.5610143581909001
390 1714 2350 14.685920127795802 0.5191284290081533
390 1715 2350 15.49523313796852 0.4741419791441862
390 1716 2350 16.32569294088302 0.4284761830848724
390 1717 2350 17.174232151685782 0.3839724510603055
390 1718 2350 18.038299531829423 0.3418859095228577
390 1719 2350 18.91576723265534 0.3029652756836096
390 1700 2351 10.120783072470166 0.2512603499005054
390 1701 2351 9.94264803762049 0.2810829524595952
390 1702 2351 9.86317646602749 0.3129505226724517
390 1703 2351 9.884748352891865 0.346295632994459
390 1704 2351 10.006710248628087 0.38024205356694607
390 1705 2351 10.225470649314794 0.4135719250662039
390 1706 2351 10.535001186520969 0.44474094697115824
390 1707 2351 10.92759122588314 0.4719673864729232
390 1708 2351 11.394658836489933 0.49340955337131914
390 1709 2351 11.92745781799282 0.507419282707873
390 1710 2351 12.517597612960643 0.5128216967064126
390 1711 2351 13.157364857751642 0.5091425099627526
390 1712 2351 13.83987897345919 0.49670601931718966
390 1713 2351 14.559129438259616 0.4765677226769212
390 1714 2351 15.309939581853277 0.45030653611509464
390 1715 2351 16.08789140937984 0.41974848363721823
390 1716 2351 16.889234736955892 0.38670319630961475
390 1717 2351 17.710794730897806 0.3527698662333507
390 1718 2351 18.549885444390146 0.31923185150148764
390 1706 2352 11.476247208909282 0.34759958497019056
390 1707 2352 11.837662353691206 0.3697338179103296
390 1708 2352 12.270136511057974 0.38845543502377455
390 1709 2352 12.766450172228687 0.4026102343871314
390 1710 2352 13.319468833252992 0.411233324973297
390 1711 2352 13.922436927492173 0.4136967737171831
390 1712 2352 14.569154059175764 0.40981551299204305
390 1713 2352 15.254056837444837 0.39987997403793646
390 1714 2352 15.972233719802547 0.3846051601150033
390 1715 2352 16.719397417371162 0.36501209886275326
390 1716 2352 17.491833808952034 0.34227618964956996
390 1717 2352 18.286340530570826 0.3175803640796526
390 1707 2353 12.761200962291827 0.2924949570790583
390 1708 2353 13.163367730182037 0.3083000056774615
390 1709 2353 13.627187897728486 0.3212717009016905
390 1710 2353 14.146598531095652 0.3306841268418662
390 1711 2353 14.715714389726296 0.33596686191114294
390 1712 2353 15.329000293561139 0.33678329338614943
390 1713 2353 15.981371968638907 0.3330803296303696
390 1714 2353 16.668240759000255 0.3250964710721305
390 1715 2353 17.385518398943336 0.313326043268483
390 1716 2353 18.12959596902251 0.29844915985438786
390 1708 2354 14.070971892516795 0.24661626479745177
390 1709 2354 14.505800563912272 0.25796810338777587
161 1434 1283 4.060216004106217 1.308154943640218
161 1435 1283 3.5540616201749295 1.6679067450005285
161 1436 1283 3.282888057793112 1.9614008382371877
161 1437 1283 3.305049772696444 2.02705011388072
161 1438 1283 3.6151561515377177 1.8184968911691726
161 1433 1284 4.102359564933315 1.270103849896147
161 1434 1284 3.3129071825211227 1.8005769493283579
161 1435 1284 2.6685865172409584 2.5059956087476185
161 1436 1284 2.295071676440719 3.1837300472316965
161 1437 1284 2.3266615568235527 3.2914137694216
161 1438 1284 2.749427940499766 2.7084614747146283
161 1433 1285 3.6495690156509766 1.5614105075457188
161 1434 1285 2.7322800002927634 2.3949048591438076
161 1435 1285 1.9003562823849662 3.8030870263206413
161 1436 1285 1.3256522922698073 5.747635343226398
161 1437 1285 1.3796209624387346 5.883568057424442
161 1438 1285 2.012300673358871 3.955925565803131
161 1433 1286 3.43647406508465 1.7701826044809137
161 1434 1286 2.440359399760536 2.8735093525184325
161 1435 1286 1.449604773722752 5.205468442745887
161 1436 1286 0.4973469613860895 11.90703437500822
161 1437 1286 0.6271794001720417 10.78234653198799
161 1433 1287 3.5070434841899525 1.7894202813533933
161 1434 1287 2.5387701747104616 2.868032240015318
161 1435 1287 1.6097683063098158 4.974023059363457
161 1436 1287 0.8586931931719024 8.807769825309355
161 1437 1287 0.9398691398274249 7.644480473542535
161 1435 1288 2.254185884083066 3.487600478302725
161 1436 1288 1.7964837878476778 4.443670604018916
161 1437 1288 1.8366692679956633 4.093167981972167
366 1270 2293 5.485332533219683 0.7781651905101227
366 1271 2293 5.36515358587228 0.8610891035074748
366 1272 2293 5.429629177024716 0.8890529439282515
366 1273 2293 5.672466218497736 0.8519838938427178
366 1268 2294 5.3824597536812835 0.7250203135679524
366 1269 2294 4.864861046319689 0.9140561335821139
366 1270 2294 4.5125240165564335 1.1060207269821434
366 1271 2294 4.365646916551833 1.2497122715022846
366 1272 2294 4.444645430177578 1.2861867339950264
366 1273 2294 4.738235219994713 1.1974077695988803
366 1274 2294 5.2102661160441945 1.0250633369763447
366 1267 2295 5.343114541164097 0.713940258988449
366 1268 2295 4.609216093870966 0.9595532194652355
366 1269 2295 3.9926022842250437 1.2737394538676496
366 1270 2295 3.5548379709909352 1.6238338491058286
366 1271 2295 3.3664332757384132 1.8977531897492177
366 1272 2295 3.468266569916271 1.9373970854391622
366 1273 2295 3.837300222812738 1.7142476113347938
366 1274 2295 4.406911957368629 1.370089362634718
366 1266 2296 5.668057250945834 0.6377451893501909
366 1267 2296 4.777329065492512 0.888524477344225
366 1268 2296 3.9394000812305756 1.2569450587038338
366 1269 2296 3.1960714948197544 1.7882728894731121
366 1270 2296 2.628853932800241 2.4780635573343814
366 1271 2296 2.367883654236248 3.0823699664156217
366 1272 2296 2.510552329667541 3.077587840358522
366 1273 2296 2.99981216078591 2.46907003736874
366 1274 2296 3.7006584549237913 1.7805360648262751
366 1266 2297 5.329246944925707 0.740519533398805
366 1267 2297 4.369996910754045 1.0680133149772466
366 1268 2297 3.434075275820233 1.592837458295655
366 1269 2297 2.5473266378695376 2.467445674671624
366 1270 2297 1.7846212483324395 3.9170074137895754
366 1271 2297 1.3714492334751394 5.621751410705238
366 1272 2297 1.6052641527173837 5.192644136145817
366 1273 2297 2.296273720617682 3.4092679745093215
366 1274 2297 3.1573522134851038 2.1536829269033877
366 1266 2298 5.164772308630877 0.8212448143382719
366 1267 2298 4.167837928710789 1.2124243057066306
366 1268 2298 3.1728335916023314 1.8793461035752894
366 1269 2298 2.182400742301941 3.1329084297515553
366 1270 2298 1.2078381514093586 5.912333260996789
366 1271 2298 0.3935390704871489 13.551379334415266
366 1272 2298 0.9224277749503219 8.140065555592855
366 1273 2298 1.8833143656861207 3.9830570355973336
366 1274 2298 2.871040403756037 2.2914009539019067
366 1266 2299 5.191230393654347 0.8591238457878749
366 1267 2299 4.2005800789891605 1.2717255544262114
366 1268 2299 3.2157227803404465 1.9759076845931074
366 1269 2299 2.2442978857541185 3.292013379058304
366 1270 2299 1.3163863414667893 6.077398972207523
366 1271 2299 0.6548839591868403 10.620215860298392
366 1272 2299 1.0606003017160346 6.588961853163933
366 1273 2299 1.9547053486395478 3.5212325584684185
366 1274 2299 2.9183682084342903 2.0915834412478684
366 1267 2300 4.463056463904633 1.2202432649807144
366 1268 2300 3.551742248531111 1.819716384599944
366 1269 2300 2.703862607456368 2.7746758178605506
366 1270 2300 2.001717512537836 4.102139903762645
366 1271 2300 1.64404166613884 4.839589361746959
366 1272 2300 1.8436032653476413 3.8703500380047395
366 1273 2300 2.468779658049782 2.582093366659391
366 1267 2301 4.918625112773006 1.0804430744141882
366 1268 2301 4.109607402173737 1.5083670495145978
366 1269 2301 3.403655828664392 2.0597312679843167
366 1270 2301 2.877650604225781 2.5906890518328813
366 1271 2301 2.6413771029523434 2.7430663741904615
366 1272 2301 2.7699951263496527 2.369163551462658
366 1269 2302 4.225975981948008 1.4709306704682081
366 1270 2302 3.815084926971003 1.6907790983572393
366 1271 2302 3.6401748584376077 1.7193943074068636
313 1294 2138 6.435914309560223 0.45262070032530793
313 1295 2138 6.0029153750492 0.495376907551196
313 1296 2138 5.713929733554843 0.5194801007177151
313 1293 2139 6.215383576256708 0.541525605274518
313 1294 2139 5.5897220861149854 0.6377089522107392
313 1295 2139 5.085173841669692 0.7215431842005516
313 1296 2139 4.7405688477229955 0.7742399008221731
313 1297 2139 4.592057599813156 0.7807749259770596
313 1298 2139 4.658432461676545 0.7391026739239774
313 1292 2140 6.311972195756348 0.5744818768259529
313 1293 2140 5.518604261948962 0.7288481676225329
313 1294 2140 4.80301915465692 0.9044859872358186
313 1295 2140 4.205115099495056 1.0770657561106933
313 1296 2140 3.7811364693702005 1.2014849846468874
313 1297 2140 3.5931870254693643 1.229923565583383
313 1298 2140 3.6776341579881775 1.1494928257807633
313 1299 2140 4.017336555480688 0.9947302624610395
313 1300 2140 4.555545302156645 0.8162159456207019
313 1292 2141 5.802154168927332 0.7112998426386539
313 1293 2141 4.927371814669648 0.9538936442115016
313 1294 2141 4.110108636033955 1.269652573051567
313 1295 2141 3.392195896466023 1.6381050926610337
313 1296 2141 2.8497356017709707 1.9634720394840723
313 1297 2141 2.595186505822075 2.0759452440732438
313 1298 2141 2.7109026172109214 1.895666485414351
313 1299 2141 3.15642091616455 1.5452437624755662
313 1300 2141 3.8179828443827626 1.1846799158643755
313 1301 2141 4.603367571680662 0.8869871801952788
313 1291 2142 6.393355378828899 0.5974113371304639
313 1292 2142 5.430376874582504 0.8284776520748582
313 1293 2142 4.483636135995034 1.172942288661783
313 1294 2142 3.566089314641532 1.6927115341222787
313 1295 2142 2.7075806543851173 2.4568982686031453
313 1296 2142 1.9862006444467217 3.402620249259678
313 1297 2142 1.599685281547782 3.930281601778429
313 1298 2142 1.7812897013121247 3.399789051790584
313 1299 2142 2.4056169686799 2.454088247171413
313 1300 2142 3.2250570537590035 1.6907218854785797
313 1301 2142 4.124923393228138 1.1716217462901577
313 1291 2143 6.220851469051485 0.6243832648554047
313 1292 2143 5.226183406655382 0.8844535373921566
313 1293 2143 4.234027987625978 1.2959638655087673
313 1294 2143 3.246689544751719 1.9867093981908115
313 1295 2143 2.270460966411921 3.243746507113258
313 1296 2143 1.3300349619465601 5.76208008132446
313 1297 2143 0.6188642823755629 9.585639957493312
313 1298 2143 0.9984953680414612 6.6872777622196296
313 1299 2143 1.9002612978220355 3.6968610619777658
313 1300 2143 2.8679248595457167 2.222078148690934
313 1301 2143 3.8521413525467043 1.4303428315950169
313 1291 2144 6.2066893751822025 0.6035071179196367
313 1292 2144 5.209317901606665 0.8535239993990155
313 1293 2144 4.213192732358645 1.2488119626559349
313 1294 2144 3.2194709192660427 1.9132423285203588
313 1295 2144 2.2313657252901797 3.133904493350166
313 1296 2144 1.2621382650089499 5.705093109664608
313 1297 2144 0.45496483380568525 11.39645119254613
313 1298 2144 0.9060866404488411 8.048478569895101
313 1299 2144 1.8533734108376274 4.126542055822718
313 1300 2144 2.837074725839969 2.408291163079581
313 1301 2144 3.8292287735260695 1.5268029265321728
313 1292 2145 5.381541879424454 0.7503759184752962
313 1293 2145 4.424363570051552 1.0620031130884482
313 1294 2145 3.4912738362951927 1.5405817248820741
313 1295 2145 2.6082547804996703 2.2819622499744012
313 1296 2145 1.848511022417615 3.3539851965257017
313 1297 2145 1.4251291169572844 4.371757970193654
313 1298 2145 1.6263434446633593 4.169049890428428
313 1299 2145 2.2932494412949316 3.0394590729324427
313 1300 2145 3.1421319195730066 2.051369578722916
313 1301 2145 4.0604178356419895 1.3910617130390752
313 1293 2146 4.837250562044407 0.8311958728609888
313 1294 2146 4.001623795410929 1.126269710511155
313 1295 2146 3.2599069005109635 1.5093429975700876
313 1296 2146 2.6909093258597605 1.9379307875536875
313 1297 2146 2.4197092800580533 2.2553525153927114
313 1298 2146 2.5434215144169667 2.2510663576093095
313 1299 2146 3.0138004247128123 1.928497016946016
313 1300 2146 3.7009448793516446 1.4997154789203448
313 1297 2147 3.4174541694072036 1.319308121385186
313 1298 2147 3.5061364776629436 1.3339916940895216
379 1389 2378 6.211166718097505 0.7767266366439644
379 1390 2378 5.781573488247131 0.8770268210753711
379 1391 2378 5.502235182178426 0.9472549264290214
379 1392 2378 5.3965351847275125 0.969947076036056
379 1393 2378 5.474540346001842 0.9386990273358007
379 1387 2379 6.714952866551027 0.6916713427682127
379 1388 2379 5.994880482545237 0.8544628524893697
379 1389 2379 5.365313783927438 1.0351782973380828
379 1390 2379 4.8615421421604195 1.2114949120034437
379 1391 2379 4.525769768779857 1.344417579586581
379 1392 2379 4.396656911791235 1.3912472209892701
379 1393 2379 4.492058770764425 1.3339364883343219
379 1394 2379 4.798603130078747 1.1943511793265382
379 1387 2380 6.107257322235693 0.8433923869074615
379 1388 2380 5.305336181619544 1.0856362541803353
379 1389 2380 4.581985595787201 1.3814399515960123
379 1390 2380 3.980275367358564 1.7043143854531373
379 1391 2380 3.562385717465377 1.977374153671541
379 1392 2380 3.396850305798191 2.085184580658633
379 1393 2380 3.5194590493428417 1.9675665003306961
379 1394 2380 3.9031515471476603 1.689746943723953
379 1395 2380 4.4813605077031164 1.366880230422252
379 1386 2381 6.531354530264083 0.7492427249906692
379 1387 2381 5.61307331147573 0.9976673229371961
379 1388 2381 4.728064297363253 1.3432035541314524
379 1389 2381 3.8990501407395395 1.8166355796427178
379 1390 2381 3.170266865738747 2.4220523588231906
379 1391 2381 2.6265170854195743 3.042237969735354
379 1392 2381 2.397205039207304 3.3365712175623554
379 1393 2381 2.567993769463012 3.0487221260012123
379 1394 2381 3.07288008226823 2.4300541348133784
379 1395 2381 3.780289935970621 1.823342266121353
379 1396 2381 4.5976724546231775 1.3481950806702248
379 1386 2382 6.234307660037382 0.8227062344371028
379 1387 2382 5.264465025052473 1.1255166285298945
379 1388 2382 4.308432661653272 1.5781822436365305
379 1389 2382 3.3779567788828575 2.2753759698299225
379 1390 2382 2.501717809826002 3.362631462308419
379 1391 2382 1.7625526942479095 4.904316285872391
379 1392 2382 1.3980672372960183 5.981224085736732
379 1393 2382 1.6740943820467464 5.018681328155887
379 1394 2382 2.377097389675155 3.4580543759320603
379 1395 2382 3.2401530828034018 2.3374017356989176
379 1396 2382 4.164924008910648 1.6179661356228654
379 1387 2383 5.091423376620763 1.1906176536622346
379 1388 2383 4.095191326421798 1.7088599254369945
379 1389 2383 3.101385496838515 2.568810278626522
379 1390 2383 2.113431333164207 4.138231804037007
379 1391 2383 1.1465565838632623 7.484889270075668
379 1392 2383 0.40322698322427564 14.34161373171007
379 1393 2383 1.0052820499740889 8.178585024437725
379 1394 2383 1.9643299111911072 4.4315949666307715
379 1395 2383 2.9506934778116176 2.719255783436143
379 1396 2383 3.943931033879773 1.795755329083893
379 1387 2384 5.111809073116874 1.1696886079591828
379 1388 2384 4.120508706458458 1.671978275864131
379 1389 2384 3.1347395426095463 2.4957362087179247
379 1390 2384 2.1620804795381385 3.9621006088319835
379 1391 2384 1.2339335476433984 6.865114566425545
379 1392 2384 0.6087626795392267 11.321916664776838
379 1393 2384 1.1038985460628779 7.6816226749140935
379 1394 2384 2.0165792818532307 4.359224282775451
379 1395 2384 2.9857314011812326 2.7066503342799177
379 1396 2384 3.970213092517781 1.7954883867442386
379 1387 2385 5.323400417026661 1.0705833120482307
379 1388 2385 4.380250221163123 1.486762078807648
379 1389 2385 3.4690909472078615 2.1125527986763637
379 1390 2385 2.6234694585604568 3.0512169500105353
379 1391 2385 1.9314740484923558 4.309451416092343
379 1392 2385 1.6057994893508367 5.211264987315474
379 1393 2385 1.851105615571236 4.617097145274906
379 1394 2385 2.504913571363156 3.3378009617889735
379 1395 2385 3.3350550220347603 2.3100454813668487
379 1388 2386 4.836795633474627 1.233706353831933
379 1389 2386 4.0302099200909085 1.647593498292648
379 1390 2386 3.330254044363451 2.1671934027300654
379 1391 2386 2.81755070939266 2.7016496208015073
379 1392 2386 2.605108826901294 2.9985419287088724
379 1393 2386 2.7630765461707703 2.831807994213268
379 1394 2386 3.237683122234007 2.3363762341009644
379 1389 2387 4.738205567511692 1.2426447600384416
379 1390 2387 4.159157607015963 1.5270795331359048
379 1391 2387 3.7611955546074323 1.7785938330366227
379 1392 2387 3.604801242786995 1.9051532497804733
414 751 2449 8.641408507876367 0.3568885672165027
414 752 2449 8.022838712076796 0.3888575193978543
414 753 2449 7.487185118587497 0.40787925957761373
414 754 2449 7.053363807432457 0.41034650773495895
414 750 2450 8.655168455899535 0.39651769665718123
414 751 2450 7.912265225584791 0.4645131534431266
414 752 2450 7.23159325460153 0.5268104056691482
414 753 2450 6.632340537095359 0.5725949625382619
414 754 2450 6.138398895477417 0.5915991264033201
414 755 2450 5.77684524632592 0.5789475294915611
414 756 2450 5.573503476270414 0.5379268130926593
414 757 2450 5.545803909263146 0.47808777449283846
414 750 2451 8.052449378915625 0.4797657181590677
414 751 2451 7.248030146184454 0.5898333012212685
414 752 2451 6.498149044150853 0.7052144038715157
414 753 2451 5.823911142865991 0.8073683120105626
414 754 2451 5.254516247952676 0.8707956903078266
414 755 2451 4.827208406522208 0.8748668100257629
414 756 2451 4.581914556165215 0.81812479734998
414 757 2451 4.548179965656447 0.7194266324803608
414 758 2451 4.730532845251018 0.6044935165992421
414 759 2451 5.105873186830897 0.49306668479445304
414 749 2452 8.430892064307248 0.4244932667937276
414 750 2452 7.534715721246484 0.5522279164100607
414 751 2452 6.668128748007115 0.7153603923323943
414 752 2452 5.844308427863723 0.9123917273716454
414 753 2452 5.084087037020407 1.124026301658778
414 754 2452 4.4204005474616155 1.3010871434729445
414 755 2452 3.902811935002628 1.3746215465487897
414 756 2452 3.594988317087966 1.30764440698202
414 757 2452 3.551892594096698 1.1340489421538924
414 758 2452 3.7825839052159806 0.9226960090287277
414 759 2452 4.2426337338967866 0.724293946329322
414 760 2452 4.867436799795041 0.5593731999833166
414 749 2453 8.062874239376377 0.4418802399816697
414 750 2453 7.120529544914424 0.5942481791469836
414 751 2453 6.196284451185179 0.8070516776453753
414 752 2453 5.299617061637495 1.1007884339747203
414 753 2453 4.447239705705016 1.4864105864811938
414 754 2453 3.670141822872686 1.923518462555494
414 755 2453 3.0268698353248116 2.2508598066997854
414 756 2453 2.618003246751092 2.2452138606559795
414 757 2453 2.5585036642536325 1.911236359185143
414 758 2453 2.8701813531551057 1.474060419658677
414 759 2453 3.4539746669596867 1.0909492760155093
414 760 2453 4.197849568529021 0.7998243647592086
414 761 2453 5.031296155067727 0.5890647427743154
414 749 2454 7.806403845561636 0.43113967784583024
414 750 2454 6.828758379090559 0.5912308527788739
414 751 2454 5.858663755499159 0.8280409106569324
414 752 2454 4.900606186993556 1.187546829020382
414 753 2454 3.963324488355644 1.7445198523077918
414 754 2454 3.0659323214969265 2.596583401987483
414 755 2454 2.2565329600959836 3.7070126405870583
414 756 2454 1.668514608866086 4.312281270006357
414 757 2454 1.5735123132659483 3.5892299055205297
414 758 2454 2.0415535750990133 2.4891392047861887
414 759 2454 2.803558631453883 1.6724213865122208
414 760 2454 3.681296103276613 1.1411898152032751
414 761 2454 4.60911499097165 0.7978149328002572
414 750 2455 6.675473091848981 0.5443055205046228
414 751 2455 5.67925532090254 0.7683611421769074
414 752 2455 4.6846495066333205 1.120290150030755
414 753 2455 3.692958299250049 1.7053061466814514
414 754 2455 2.7073863780406047 2.7582814094270254
414 755 2455 1.7383730899895546 4.882056482783451
414 756 2455 0.8449502943959719 9.363525182877497
414 757 2455 0.6371349935452038 8.363758153827474
414 758 2455 1.448427077902044 4.355045320658
414 759 2455 2.406229623290317 2.508804228919521
414 760 2455 3.3885012911315036 1.5714438788327825
414 761 2455 4.378805887453779 1.0417281238738256
414 762 2455 5.372703323281482 0.7192512330063238
414 751 2456 5.67308919372859 0.6548407927198518
414 752 2456 4.677172329517067 0.9404290086637812
414 753 2456 3.6834686098839104 1.4029568777590853
414 754 2456 2.694427768562393 2.2061384993416864
414 755 2456 1.7181213577626357 3.7522500711115225
414 756 2456 0.802459344764662 7.204257810640824
414 757 2456 0.5796041752783858 11.434119697761444
414 758 2456 1.4240579342148074 5.984410290265721
414 759 2456 2.391639814018857 3.230860061435773
414 760 2456 3.3781564498998797 1.946008102415177
414 761 2456 4.3708055321645425 1.2571967159841138
414 762 2456 5.366184957677119 0.8521659466124053
414 751 2457 5.840714083055289 0.5261451620749129
414 752 2457 4.879133222202525 0.7320099099208514
414 753 2457 3.936742435059779 1.042864549503094
414 754 2457 3.031491547077182 1.525036582674863
414 755 2457 2.2095114844690023 2.2817807287972958
414 756 2457 1.604350647458473 3.3928447474222727
414 757 2457 1.5053042881757923 4.44365365683085
414 758 2457 1.9894574637323705 4.168759178843961
414 759 2457 2.765852671419872 2.97838295189097
414 760 2457 3.6526621798354757 1.9850511792212338
414 761 2457 4.5862774665299595 1.335508310995497
414 762 2457 5.543098501740743 0.9215334438794048
414 752 2458 5.266492286142712 0.548478096082167
414 753 2458 4.407713806498863 0.7450069063565197
414 754 2458 3.6221459109208585 1.0198160987935236
414 755 2458 2.9684913676816893 1.3921652162449223
414 756 2458 2.5502825333677666 1.8470845127702775
414 757 2458 2.4891647193387425 2.26032621451649
414 758 2458 2.8085478454177575 2.380643930315429
414 759 2458 3.402931236449061 2.1068916952133607
414 760 2458 4.1559524780729555 1.6505754477980585
414 761 2458 4.9963927988100325 1.2236058261796012
414 762 2458 5.886929675136332 0.8935214658640753
414 763 2458 6.8079322117659755 0.65437567149582
414 753 2459 5.035666887315024 0.5283821240131434
414 754 2459 4.364623809677186 0.6878391816874785
414 755 2459 3.8395235381491015 0.8850389833240158
414 756 2459 3.5261793771731185 1.1061835269549951
414 757 2459 3.482232186400127 1.3075182295844445
414 758 2459 3.7172491172910402 1.4163676289239178
414 759 2459 4.184488140740875 1.3784729095303325
414 760 2459 4.816839316398362 1.213980100720861
414 761 2459 5.558231823161125 0.9950417952692898
414 762 2459 6.370709615105765 0.7825365434900888
414 759 2460 5.043802236408691 0.9045109208096326
414 760 2460 5.579600433722949 0.8534436837662335
414 761 2460 6.230886052561171 0.7547667880459454
414 762 2460 6.965338541664815 0.6358925406865784
