# %ECSV 0.9
# ---
# datatype:
# - name: sexcat_id
#   datatype: int32
# - name: x
#   datatype: int32
# - name: y
#   datatype: int32
# - name: sep
#   datatype: float64
# - name: weight
#   datatype: float64
# schema: astropy-2.0
sexcat_id x y sep weight
260 2264 1632 24.992114296313456 0.06846245072171588
260 2265 1632 24.168032129240387 0.07267007236557423
260 2266 1632 23.357692030677946 0.0763949320096889
260 2267 1632 22.562574697937208 0.07948034180327489
260 2268 1632 21.784347063889626 0.08178465359710757
260 2263 1633 25.303671215853146 0.07114369486913696
260 2264 1633 24.449208105785253 0.07739672744794858
260 2265 1633 23.606180906703134 0.08349973540699675
260 2266 1633 22.77585952274899 0.08924241235980689
260 2267 1633 21.959685266414823 0.09439357849828947
260 2268 1633 21.159295285996567 0.09871760025388733
260 2269 1633 20.376549683398235 0.10199553378327544
260 2270 1633 19.61356104841742 0.10404828810251976
260 2271 1633 18.872725743781615 0.10475786837013831
260 2272 1633 18.15675568486831 0.10408243145271202
260 2273 1633 17.468708509789668 0.1020618195460556
260 2274 1633 16.812012877701413 0.09881228888069667
260 2264 1634 23.93578444505204 0.08557914859313534
260 2265 1634 23.074006522491832 0.0939320490035897
260 2266 1634 22.22381103681355 0.10221266765770864
260 2267 1634 21.386579366509178 0.11012557305010054
260 2268 1634 20.56389498611575 0.1173318920700394
260 2269 1634 19.757575180168153 0.12347314849835317
260 2270 1634 18.969706824302715 0.12820516191876324
260 2271 1634 18.20268598311791 0.13123784003935404
260 2272 1634 17.459260494075846 0.13237366504236436
260 2273 1634 16.742573786607537 0.13153630141135683
260 2274 1634 16.056206806092096 0.12878215100152432
260 2275 1634 15.404212962692979 0.12429178896806235
260 2276 1634 14.791138461930464 0.11834356207033639
260 2277 1634 14.22201733229147 0.11127605187410625
260 2264 1635 23.45377958879965 0.0922168609470696
260 2265 1635 22.573607974800915 0.10301146744377485
260 2266 1635 21.703819410417047 0.1142232905860752
260 2267 1635 20.845713636141028 0.1255399406865384
260 2268 1635 20.00079440922276 0.1365501179801935
260 2269 1635 19.170805329980183 0.1467562378153506
260 2270 1635 18.357771569555954 0.1556072389893982
260 2271 1635 17.56404785349884 0.16255248328995506
260 2272 1635 16.79237258400365 0.16711105788670008
260 2273 1635 16.045927115626498 0.16894341072458938
260 2274 1635 15.328397731008874 0.16790763891516783
260 2275 1635 14.644035543524138 0.16408433967299862
260 2276 1635 13.997706133506254 0.157762401576775
260 2277 1635 13.394916087829698 0.1493901306800366
260 2278 1635 12.841798043887746 0.13950605679763867
260 2279 1635 12.345030457637577 0.12866738021051086
260 2264 1636 23.00516848449485 0.09654380298753557
260 2265 1636 22.107143121624635 0.10970133321927125
260 2266 1636 21.218241609520703 0.12395258652481278
260 2267 1636 20.339660198734784 0.13905764499827317
260 2268 1636 19.47279581878258 0.15462533239476983
260 2269 1636 18.619285082945492 0.17009429997498118
260 2270 1636 17.781051065670916 0.1847370803386529
260 2271 1636 16.96035898794589 0.1976999600372752
260 2272 1636 16.15988171367592 0.2080863257870855
260 2273 1636 15.382775334769654 0.21507835264917663
260 2274 1636 14.632763819593274 0.21807411759662393
260 2275 1636 13.914229299533561 0.2168028220737126
260 2276 1636 13.23230051805046 0.21138033647418053
260 2277 1636 12.592925672773534 0.2022851593052444
260 2278 1636 12.002907022884042 0.19026353145814956
260 2279 1636 11.469863861441397 0.17619628669751336
260 2280 1636 11.002080575963785 0.16096711252646984
260 2281 1636 10.608193861350758 0.145362029579734
260 2282 1636 10.296687671285373 0.13001220591118484
260 2283 1636 10.075206052483516 0.11537675314461343
260 2284 1636 9.949762660485964 0.10175390310122955
260 2264 1637 22.591940531968365 0.09799977365344743
260 2265 1637 21.676802739333937 0.11311143157038879
260 2266 1637 20.769491495941722 0.13009440253151847
260 2267 1637 19.87107890880603 0.14889218261436454
260 2268 1637 18.982828477336987 0.16928171606160597
260 2269 1637 18.106235859504217 0.19081117488017652
260 2270 1637 17.243079104382623 0.21274421684395678
260 2271 1637 16.39548038332506 0.23403336329523233
260 2272 1637 15.565981401761896 0.2533528156378837
260 2273 1637 14.75763453267486 0.2692183988199467
260 2274 1637 13.974110955620677 0.28020038255064456
260 2275 1637 13.219825150129562 0.28519313989669914
260 2276 1637 12.500071079797841 0.2836618009466134
260 2277 1637 11.82115802279957 0.27577258295678586
260 2278 1637 11.190521748336803 0.2623515461304661
260 2279 1637 10.616768670362902 0.24468965698224626
260 2280 1637 10.109588369463888 0.22427352828967043
260 2281 1637 9.679451275769706 0.2025346631516961
260 2282 1637 9.337011138474672 0.1806783183736256
260 2283 1637 9.09218219131141 0.15960673080204016
260 2284 1637 8.952975873976243 0.13991795790032457
260 2285 1637 8.924336221815096 0.12194950073959411
260 2265 1638 21.28477805850921 0.1127457572043668
260 2266 1638 20.360004346757776 0.13171212185685194
260 2267 1638 19.442679264957178 0.15349744510467514
260 2268 1638 18.5339088429828 0.17819712547179917
260 2269 1638 17.635015650687592 0.20569893005377493
260 2270 1638 16.74759018485933 0.23556617441227157
260 2271 1638 15.873555902821424 0.2669072792748752
260 2272 1638 15.015251479745425 0.2982671232499657
260 2273 1638 14.175534452005591 0.32760345419066256
260 2274 1638 13.35791065249344 0.3524282218796504
260 2275 1638 12.566693160891532 0.3701681459590128
260 2276 1638 11.807191749099287 0.37870701158725656
260 2277 1638 11.085926979734197 0.3769407778301595
260 2278 1638 10.410849004764158 0.36510244189304275
260 2279 1638 9.791515561954602 0.34469155721138917
260 2280 1638 9.239143737381697 0.31804545746569646
260 2281 1638 8.766400458569054 0.2877624313775159
260 2282 1638 8.386762009261977 0.2562086028952783
260 2283 1638 8.113308634583076 0.22523338482317026
260 2284 1638 7.956995475680539 0.19609260056041586
260 2285 1638 7.924757220256079 0.16950951732732994
260 2286 1638 8.01809060811869 0.14579656409570987
260 2287 1638 8.23272597624878 0.1249838231617677
260 2266 1639 19.992192901230105 0.12854434040598967
260 2267 1639 19.057171274876964 0.1520760582788484
260 2268 1639 18.12908649105067 0.1797416422288324
260 2269 1639 17.20906089825927 0.21194165885261798
260 2270 1639 16.298459344367384 0.24886161022722347
260 2271 1639 15.398953763161858 0.29027687111467854
260 2272 1639 14.512607518981454 0.3352890710907713
260 2273 1639 13.641985815855305 0.3820308724009484
260 2274 1639 12.790300113757988 0.42744812072380944
260 2275 1639 11.961595921949458 0.4673557460573607
260 2276 1639 11.160993548963202 0.49698783989783585
260 2277 1639 10.394988071181153 0.5120967336002731
260 2278 1639 9.671803192786689 0.5102722411829219
260 2279 1639 9.001765215778462 0.49181438057885446
260 2280 1639 8.39760543250273 0.4596201395173751
260 2281 1639 7.8745016985203335 0.41815785687357293
260 2282 1639 7.449548778281803 0.37214576641880565
260 2283 1639 7.140292501011439 0.32555652916101013
260 2284 1639 6.962167550411328 0.28118547823259815
260 2285 1639 6.925299776905023 0.24067210150798807
260 2286 1639 7.031911333343236 0.20474785411396934
260 2287 1639 7.275697698502964 0.17353086560031716
260 2288 1639 7.6435447928301965 0.14677637753701775
260 2289 1639 8.118606838614731 0.12405677361543976
260 2290 1639 8.683304497712964 0.10487722821922231
260 2267 1640 18.71720537366611 0.1448791817749608
260 2268 1640 17.77137521409066 0.1736158164471234
260 2269 1640 16.831808488691763 0.20822711449484146
260 2270 1640 15.899615624284644 0.24965283131044425
260 2271 1640 14.976173643491073 0.2987042298544749
260 2272 1640 14.063206497808277 0.35578757862127924
260 2273 1640 13.16289394472193 0.42044652843441443
260 2274 1640 12.278020076543186 0.4907072121801181
260 2275 1640 11.41217669859689 0.5623418387873625
260 2276 1640 10.570041485254356 0.6284375316212155
260 2277 1640 9.75775471099773 0.6799617065196542
260 2278 1640 8.983416777596299 0.707916318350955
260 2279 1640 8.257710154758337 0.706650233368665
260 2280 1640 7.594588665622335 0.6764315069382513
260 2281 1640 7.011831215880736 0.6233175422309193
260 2282 1640 6.530985913321189 0.5564296847648607
260 2283 1640 6.175902929936649 0.4846820106748601
260 2284 1640 5.969068352766651 0.4147647080741997
260 2285 1640 5.926025396503179 0.3506916842829666
260 2286 1640 6.050270820384897 0.29428064943970894
260 2287 1640 6.331964702997106 0.2458929036676065
260 2288 1640 6.751427774922983 0.20507341621220226
260 2289 1640 7.284900617029844 0.17099166486869272
260 2290 1640 7.909347444638026 0.1427052432200024
260 2291 1640 8.604985589761458 0.11929968723987998
260 2268 1641 17.463670204169446 0.160977539617702
260 2269 1641 16.506597983836524 0.19534559415330618
260 2270 1641 15.554927740108479 0.23775195223231033
260 2271 1641 14.609715158071925 0.28998596669124016
260 2272 1641 13.672299623691577 0.3539844440407827
260 2273 1641 12.744401790590139 0.43154239721154863
260 2274 1641 11.828261791150778 0.5236796317612495
260 2275 1641 10.926837465616376 0.6294568141953452
260 2276 1641 10.044091646336069 0.7441298133858087
260 2277 1641 9.185411095862737 0.8570639441492849
260 2278 1641 8.358216137430198 0.9510675437995633
260 2279 1641 7.5728315047938874 1.0059450530404488
260 2280 1641 6.843666926436377 1.0071730695121677
260 2281 1641 6.190620082027277 0.9544023341794594
260 2282 1641 5.640192993151892 0.8616824400010037
260 2283 1641 5.224918851044482 0.7491707522248461
260 2284 1641 4.978732469213451 0.6343034800651791
260 2285 1641 4.927045463561358 0.528006065711764
260 2286 1641 5.075803089167352 0.43523715519767203
260 2287 1641 5.408491194409132 0.3570584505421946
260 2288 1641 5.8940458939510645 0.2925058883907315
260 2289 1641 6.498290313613396 0.2398017370432953
260 2290 1641 7.1913682286475895 0.19700751280356368
260 2291 1641 7.950080314059869 0.16232438890036158
260 2292 1641 8.75738414139762 0.13420245777273826
260 2293 1641 9.601029996828611 0.11135729753925451
260 2269 1642 16.236556808633903 0.17582349282052714
260 2270 1642 15.268063957162225 0.21585810331109695
260 2271 1642 14.303907752778485 0.2663992036461953
260 2272 1642 13.345028175316706 0.33041736225722873
260 2273 1642 12.39265012013157 0.4115989060442956
260 2274 1642 11.448396263232564 0.5142570067525235
260 2275 1642 10.514455620715587 0.6428061943582515
260 2276 1642 9.59384057611955 0.8002364324551556
260 2277 1642 8.69078690338212 0.984652004717808
260 2278 1642 7.811387648811092 1.1830885573815937
260 2279 1642 6.964608890669939 1.364510924807204
260 2280 1642 6.163909230350415 1.48122627294651
260 2281 1642 5.42971242332403 1.4912176267992587
260 2282 1642 4.792679521937556 1.3904432573159786
260 2283 1642 4.2962515056732755 1.2164348466762498
260 2284 1642 3.993216372800273 1.0181390138432957
260 2285 1642 3.9285846051727655 0.8299898836742167
260 2286 1642 4.113608756311268 0.6676055010042906
260 2287 1642 4.517718118696763 0.5342593941941702
260 2288 1642 5.088985851817758 0.4274808603859836
260 2289 1642 5.778042661663341 0.3429507717660422
260 2290 1642 6.547807037474598 0.2762829638459827
260 2291 1642 7.3730439439896305 0.22367038807474035
260 2292 1642 8.237097607774382 0.18202303652296678
260 2293 1642 9.128952678155514 0.14891131696343324
260 2294 1642 10.041203961677255 0.12245306681690966
260 2270 1643 15.042332831047055 0.18824267445262152
260 2271 1643 14.062708736228464 0.2334155817996304
260 2272 1643 13.086167391562613 0.2915935053979234
260 2273 1643 12.113454379325368 0.36715405203883367
260 2274 1643 11.145572080427153 0.4660767153905829
260 2275 1643 10.183897927610897 0.5964274383186682
260 2276 1643 9.23037252769344 0.7686863213102606
260 2277 1643 8.287808938434699 0.9951732719730486
260 2278 1643 7.360419621189975 1.286417741908543
260 2279 1643 6.454748407180458 1.6394010413120303
260 2280 1643 5.581377697307264 2.0109076780145387
260 2281 1643 4.758127467817483 2.288160346776541
260 2282 1643 4.015940363102956 2.3299555697278294
260 2283 1643 3.408192629532519 2.110289737084977
260 2284 1643 3.0172465925078233 1.7518349123296006
260 2285 1643 2.931173314561996 1.3860367725060838
260 2286 1643 3.1748664538844213 1.0749195457827827
260 2287 1643 3.6834463481909063 0.8299531136295828
260 2288 1643 4.365292315527244 0.6428527277026358
260 2289 1643 5.152065314027132 0.5012155763536124
260 2290 1643 6.002647499229134 0.39387533546720316
260 2291 1643 6.8934590011112755 0.31206185419114607
260 2292 1643 7.810747531446804 0.24922410011139157
260 2293 1643 8.746186426094669 0.20055575397940462
260 2294 1643 9.694523041388003 0.16254360317028269
260 2295 1643 10.652313222957876 0.13261175147009582
260 2271 1644 13.889484403677347 0.1970688286402063
260 2272 1644 12.899836316790868 0.24619500114654583
260 2273 1644 11.911917435912526 0.3104412985067495
260 2274 1644 10.926196822316406 0.3955414720652536
260 2275 1644 9.943328265726592 0.509866366415453
260 2276 1644 8.964249940736687 0.6658305017816134
260 2277 1644 7.990355248673115 0.8820530696976354
260 2278 1644 7.02380075172967 1.186383337998208
260 2279 1644 6.068095005848092 1.6186538670170012
260 2280 1644 5.129305703504017 2.225582412250837
260 2281 1644 4.218741162953603 3.0141695090804155
260 2282 1644 3.359431053020646 3.7793522559444943
260 2283 1644 2.6026480745578513 3.962071736977354
260 2284 1644 2.0644071788288216 3.3688039415966435
260 2285 1644 1.9364340938953377 2.5428338343198607
260 2286 1644 2.2886190159134268 1.8531176235815916
260 2287 1644 2.9539426196188754 1.3519003513082861
260 2288 1644 3.770116311203291 0.9987229481870916
260 2289 1644 4.658516609394174 0.7490787175781647
260 2290 1644 5.5847808372398715 0.5702148124315218
260 2291 1644 6.532823049800291 0.43999481432362314
260 2292 1644 7.494383029976667 0.34368103500195113
260 2293 1644 8.464855403372377 0.2713923075569487
260 2294 1644 9.441492307893006 0.21640717539544121
260 2295 1644 10.422560961683223 0.17407732502436726
260 2296 1644 11.406917944826436 0.1411346413674393
260 2297 1644 12.393779770514064 0.1152450863516323
260 2272 1645 12.789205487441214 0.20136739105544224
260 2273 1645 11.792021752015078 0.25266540104123353
260 2274 1645 10.795359049146862 0.32036967624971785
260 2275 1645 9.799376357707532 0.41113290914794376
260 2276 1645 8.804304458615547 0.5350490713831383
260 2277 1645 7.81049146981148 0.7079290035423972
260 2278 1645 6.818487882221262 0.9554935081118944
260 2279 1645 5.829217528965484 1.3215124970140093
260 2280 1645 4.84435516864719 1.8844654640747516
260 2281 1645 3.8672699673023896 2.792604984656223
260 2282 1645 2.9058177850648703 4.325819652247625
260 2283 1645 1.9828708984700927 6.761806028704355
260 2284 1645 1.1915439563859471 7.942041942806385
260 2285 1645 0.9527733203654265 5.576234678193497
260 2286 1645 1.5478297710021098 3.5380032256355003
260 2287 1645 2.425649809844926 2.329731777162136
260 2288 1645 3.3722065476481435 1.601071889320059
260 2289 1645 4.342784475426025 1.1392346956267092
260 2290 1645 5.324263047596501 0.8332900380141747
260 2291 1645 6.311558999169846 0.6232061703958233
260 2292 1645 7.302313126674462 0.4746847917702192
260 2293 1645 8.295286432667798 0.36714133527961235
260 2294 1645 9.289767327549313 0.2876956263503728
260 2295 1645 10.285318517187642 0.2280011782272978
260 2296 1645 11.28165666026064 0.18248717375223134
260 2297 1645 12.278590187802651 0.14734055033966106
260 2298 1645 13.275984972875039 0.11989412659785054
260 2272 1646 12.756244627632238 0.16128876449996646
260 2273 1646 11.756265435928054 0.20065058878315636
260 2274 1646 10.756290113231278 0.25198396641493875
260 2275 1646 9.756319849205294 0.3198770104951954
260 2276 1646 8.756356376941124 0.411153940270239
260 2277 1646 7.756402323242251 0.5362722679242148
260 2278 1646 6.756461869943327 0.7118490649203758
260 2279 1646 5.756542104423311 0.965510231163468
260 2280 1646 4.75665607333541 1.3459382905787283
260 2281 1646 3.756830712182667 1.9459227392318867
260 2282 1646 2.757132024404927 2.963422460933909
260 2283 1646 1.7577761518462736 4.903907066482602
260 2284 1646 0.7601164384485957 9.602518290444241
260 2285 1646 0.2564702711817911 20.36297920884793
260 2286 1646 1.2465059165524828 7.518965432939192
260 2287 1646 2.245390166541358 4.123298416021067
260 2288 1646 3.244961787140322 2.572094170040532
260 2289 1646 4.244735209645143 1.721278891323054
260 2290 1646 5.244595027263924 1.206068092424222
260 2291 1646 6.244499739771135 0.8734819178524358
260 2292 1646 7.2444307574855085 0.6488003774106119
260 2293 1646 8.244378509020697 0.491710256641072
260 2294 1646 9.244337564152588 0.3788634932083259
260 2295 1646 10.244304612808177 0.2959947074402491
260 2296 1646 11.244277522366795 0.2340140443856384
260 2297 1646 12.244254856870771 0.18692923899358238
260 2298 1646 13.244235614032384 0.15067725345605856
260 2273 1647 11.805413038093862 0.15709186193697308
260 2274 1647 10.80998506011904 0.19500126171590992
260 2275 1647 9.8154865900778 0.24424163514552563
260 2276 1647 8.822231973825977 0.30904024384168055
260 2277 1647 7.830694541354407 0.395600659740965
260 2278 1647 6.841620933667546 0.5132605849266869
260 2279 1647 5.856259642467901 0.6764953414058383
260 2280 1647 4.876861388228964 0.9085259467819707
260 2281 1647 3.907912102389053 1.2480932146967298
260 2282 1647 2.9596920447909967 1.7626109505176726
260 2283 1647 2.0610135855931166 2.5732696960347963
260 2284 1647 1.3174888993838543 3.888244610787904
260 2285 1647 1.1062445480091476 5.8612334432909865
260 2286 1647 1.6467474001801998 7.073904497277059
260 2287 1647 2.489935139717605 5.448724969691239
260 2288 1647 3.4187390950467123 3.5834542668539013
260 2289 1647 4.379015528632103 2.3857175224035414
260 2290 1647 5.353856273752722 1.6452566355242004
260 2291 1647 6.3365429849407375 1.171721754817761
260 2292 1647 7.323918145364676 0.8569644250894146
260 2293 1647 8.314311577034038 0.6405855490796661
260 2294 1647 9.306759747624438 0.4875953867444085
260 2295 1647 10.30066876469692 0.3768548026518333
260 2296 1647 11.295653013438535 0.2950938494597116
260 2297 1647 12.291451378905721 0.23370065870638587
260 2298 1647 13.287880831795702 0.18692415504765347
260 2299 1647 14.284809309192893 0.15082783745148456
260 2274 1648 10.955079963195008 0.14979234833278013
260 2275 1648 9.975057744193615 0.1850512982370885
260 2276 1648 8.999432037634225 0.2304357036928828
260 2277 1648 8.029805539363803 0.2894877350061967
260 2278 1648 7.068647466099712 0.36724131714335484
260 2279 1648 6.119949101095382 0.4709553444729186
260 2280 1648 5.190546888334451 0.6112341497080697
260 2281 1648 4.292991614247427 0.8036898993087004
260 2282 1648 3.4522133479840167 1.0711518906594888
260 2283 1648 2.7213557283088328 1.4454433642311593
260 2284 1648 2.2121882831259145 1.9632970299005337
260 2285 1648 2.0932694523161284 2.6347325680833227
260 2286 1648 2.4227622665049386 3.3306167319684845
260 2287 1648 3.059048381441593 3.6474181823829195
260 2288 1648 3.85302180113229 3.2911461379233278
260 2289 1648 4.725862566770324 2.5874396616946207
260 2290 1648 5.641079417983874 1.9245534866858918
260 2291 1648 6.581016410859464 1.4170085829131747
260 2292 1648 7.536429990386818 1.0508242985547018
260 2293 1648 8.502104268944374 0.7891300458465222
260 2294 1648 9.474902479709352 0.6006863092751477
260 2295 1648 10.452835835312955 0.4632059721950833
260 2296 1648 11.434586874916075 0.36146660082869997
260 2297 1648 12.419250259174394 0.2851263891600492
260 2298 1648 13.406184281890338 0.22710085973988045
260 2299 1648 14.394921917120767 0.18247248400096125
260 2300 1648 15.385115436681133 0.1477776666827582
260 2276 1649 9.281582677539278 0.17182440478514344
260 2277 1649 8.344805390181218 0.2121836633194472
260 2278 1649 7.424538840897648 0.2638540870353174
260 2279 1649 6.527769680373081 0.3305201988894713
260 2280 1649 5.665666509776087 0.41716407697760743
260 2281 1649 4.85672492529674 0.5304435134996321
260 2282 1649 4.132284719135277 0.6789632764917248
260 2283 1649 3.544541860381846 0.8729394312332686
260 2284 1649 3.1704537530138306 1.1218586633531007
260 2285 1649 3.088652942627217 1.4268585198142165
260 2286 1649 3.320809690421908 1.7627930451815537
260 2287 1649 3.8099576113127998 2.0530255814132965
260 2288 1649 4.47255821650212 2.1774394203331315
260 2289 1649 5.243260149944965 2.0668158094275375
260 2290 1649 6.081099982733485 1.7832495584601837
260 2291 1649 6.961880277626259 1.4472869946275482
260 2292 1649 7.8711992097774885 1.1392286158798455
260 2293 1649 8.800214599656194 0.8867078761189857
260 2294 1649 9.743293950199918 0.6895665775646797
260 2295 1649 10.696718048074493 0.538534281191469
260 2296 1649 11.657949090642097 0.4233390704688886
260 2297 1649 12.625204037955314 0.3352554688188057
260 2298 1649 13.5971973950518 0.2675101161433635
260 2299 1649 14.572981060853806 0.21502801365339685
260 2300 1649 15.551841595129627 0.17405457584077796
260 2301 1649 16.533232503052883 0.1418175758012136
260 2277 1650 8.763205863152903 0.15651021558509237
260 2278 1650 7.8918804476498305 0.19131830743126454
260 2279 1650 7.054769804890729 0.2350263436520222
260 2280 1650 6.265602684498774 0.29009300069974875
260 2281 1650 5.54488746504368 0.35957530317093545
260 2282 1650 4.922781429232748 0.4470993424865266
260 2283 1650 4.440920737864965 0.5565531793266605
260 2284 1650 4.148466825225843 0.691136748013801
260 2285 1650 4.086291350356661 0.8511286406693621
260 2286 1650 4.264478514425879 1.0296266398987184
260 2287 1650 4.655510390923882 1.206640448687303
260 2288 1650 5.211696173032395 1.346154913353294
260 2289 1650 5.886406119186885 1.4062434733628022
260 2290 1650 6.643626795659212 1.3647546502950443
260 2291 1650 7.458269035104686 1.2372570629195814
260 2292 1650 8.313469612622738 1.06414741963001
260 2293 1650 9.197922428461872 0.8839031414053213
260 2294 1650 10.103948584588217 0.7195632686406661
260 2295 1650 11.026231314461098 0.5800434746504826
260 2296 1650 11.961010701441696 0.46602845672792936
260 2297 1650 12.90557154875378 0.3746475456269125
260 2298 1650 13.857913876193752 0.3020416104409428
260 2299 1650 14.816537281024997 0.2444983269592941
260 2300 1650 15.780297113806315 0.1988454721111677
260 2301 1650 16.748306690528576 0.16251496590157932
260 2278 1651 8.452205451833125 0.14025178457579243
260 2279 1651 7.676442991385911 0.1695292876488031
260 2280 1651 6.9581446521323596 0.20552837293669812
260 2281 1651 6.316943643883365 0.24975575117919846
260 2282 1651 5.7785618453036145 0.30389485724022886
260 2283 1651 5.373990788976011 0.36963749820704883
260 2284 1651 5.134956377614058 0.44829297351371566
260 2285 1651 5.084857618458905 0.540020619252892
260 2286 1651 5.229127747531117 0.6425374914866483
260 2287 1651 5.552636941129875 0.7493743342350647
260 2288 1651 6.0265891680120705 0.8484464812326924
260 2289 1651 6.618744367325324 0.922815377932686
260 2290 1651 7.300395674208419 0.9556661032424282
260 2291 1651 8.048836996734453 0.9383600442437012
260 2292 1651 8.847133829664925 0.8755435364801327
260 2293 1651 9.68296323446505 0.7823248592312043
260 2294 1651 10.547406174031705 0.6763608218443578
260 2295 1651 11.433974680748703 0.5715273785607794
260 2296 1651 12.337900023910175 0.47597401017015506
260 2297 1651 13.255631897423939 0.3931108806769784
260 2298 1651 14.184490720501856 0.3233854374382814
260 2299 1651 15.122426293422743 0.2657468868318228
260 2300 1651 16.067849171560077 0.21856783190280185
260 2301 1651 17.019511655743948 0.18013599774792127
260 2302 1651 17.976422808779404 0.14887915128458812
260 2279 1652 8.37172485214354 0.12400144011952796
260 2280 1652 7.718405081362215 0.14814763487843835
260 2281 1652 7.1457523746627505 0.1772099118055303
260 2282 1652 6.674561933190719 0.21203550971974844
260 2283 1652 6.327541149609295 0.2534420523874805
260 2284 1652 6.125828678635993 0.3020471398506097
260 2285 1652 6.083894887323373 0.35796995867195547
260 2286 1652 6.204980016083836 0.4203679317807464
260 2287 1652 6.479951928834044 0.486826284610332
260 2288 1652 6.890411961559361 0.5527669522218086
260 2289 1652 7.413890813870988 0.6112931570889721
260 2290 1652 8.028310968067997 0.6540737041015647
260 2291 1652 8.71445792921173 0.6735800935725061
260 2292 1652 9.456731835047533 0.6659519227615814
260 2293 1652 10.242937908627667 0.6327315403395086
260 2294 1652 11.06371443051573 0.5801507822139488
260 2295 1652 11.911917435912756 0.5165299456148277
260 2296 1652 12.78208813144404 0.44959344908795473
260 2297 1652 13.670032077504532 0.38497733995251626
260 2298 1652 14.572500711957545 0.32599710430067824
260 2299 1652 15.486955059016715 0.274112934263689
260 2300 1652 16.41139168382754 0.2295652361630753
260 2301 1652 17.344214510896826 0.19191166021842962
260 2302 1652 18.284140039936368 0.16039582877180122
260 2283 1653 7.293543514643538 0.1782796764886941
260 2284 1653 7.119253963723945 0.20961030807947081
260 2285 1653 7.083203865483428 0.2452933009563471
260 2286 1653 7.18747361734286 0.28499821856955065
260 2287 1653 7.426154927013033 0.3277313158114718
260 2288 1653 7.786897777677592 0.37158216893147983
260 2289 1653 8.253712922073346 0.4135685762470283
260 2290 1653 8.809754650386173 0.4497572396886924
260 2291 1653 9.439267821181952 0.47583391085668736
260 2292 1653 10.128562435015215 0.48812234340824834
260 2293 1653 10.866267850554838 0.4847178237586381
260 2294 1653 11.64318586126675 0.4661593318724541
260 2295 1653 12.451978838722871 0.4352337668950262
260 2296 1653 13.28682719839475 0.3960348418310522
260 2297 1653 14.143117654887934 0.35281564974951896
260 2298 1653 15.017182725132002 0.30914249625241585
260 2299 1653 15.906092449121605 0.2675322544213039
260 2300 1653 16.807491692694768 0.22947428930538488
260 2301 1653 17.71947451252446 0.19564598256969978
260 2302 1653 18.640487574095378 0.16617042401483628
260 2285 1654 8.08268377458869 0.17255236263541288
260 2286 1654 8.174214151831327 0.1987200315060572
260 2287 1654 8.384854023774048 0.22702846418460448
260 2288 1654 8.70596215245622 0.2566191758362359
260 2289 1654 9.12588499817965 0.28612096451211905
260 2290 1654 9.631706858080799 0.3136379058049582
260 2291 1654 10.210669762557252 0.33688550166824516
260 2292 1654 10.851072619792076 0.3535183462720083
260 2293 1654 11.54269366309275 0.3616124607428108
260 2294 1654 12.276879774600785 0.3601547475295952
260 2295 1654 13.046446910941006 0.34933143484368956
260 2296 1654 13.845496632479543 0.3304735356064573
260 2297 1654 14.669211873853437 0.30568711249459807
260 2298 1654 15.513664202889109 0.2773448112636626
260 2299 1654 16.375645849858966 0.24763957159589406
260 2300 1654 17.252529582643916 0.21831551065369897
260 2301 1654 18.14215469562543 0.19058312689096177
260 2288 1655 9.641150190718948 0.18133084599827715
260 2289 1655 10.021964727537226 0.20208698523005494
260 2290 1655 10.484644819925975 0.22232055795731112
260 2291 1655 11.01888274735696 0.2408277123838209
260 2292 1655 11.614808521882793 0.2562488846496293
260 2293 1655 12.26343251296314 0.267252412094748
260 2294 1655 12.956842863907925 0.2727730421492581
260 2295 1655 13.688234984832851 0.2722392177789012
260 2296 1655 14.451843377230542 0.2657073036816499
260 2297 1655 15.242827067181553 0.25384798326227287
260 2298 1655 16.057140997076747 0.23779056828762296
260 2299 1655 16.89141133831046 0.21888782858396397
260 2300 1655 17.742823253360875 0.19848323500760043
260 2291 1656 11.856381277607463 0.17427726402584473
260 2292 1656 12.412162462681556 0.18701395886162087
260 2293 1656 13.02112810013024 0.1975256114328325
260 2294 1656 13.676175525343393 0.20502674321952655
261 2206 1626 14.127356511392968 0.05308581640310058
261 2207 1626 14.771059609926334 0.05608123534093849
261 2208 1626 15.45270856516737 0.05865616136187347
261 2200 1627 10.43399262027716 0.046167388914081176
261 2201 1627 10.74570621225046 0.051087248984602394
261 2202 1627 11.13877021937332 0.056174242294329754
261 2203 1627 11.604921456002959 0.061316208801774665
261 2204 1627 12.135740686089074 0.06637026935657124
261 2205 1627 12.723136484373558 0.07116608873547055
261 2206 1627 13.359648273813102 0.07551378036704176
261 2207 1627 14.038596867208534 0.07921677644327137
261 2208 1627 14.75412491474832 0.0820889173497733
261 2209 1627 15.501167762462188 0.08397372031699704
261 2210 1627 16.275386385582273 0.08476267491127965
261 2211 1627 17.073084138491108 0.08440897845874365
261 2212 1627 17.89112075863322 0.08293371427293958
261 2213 1627 18.726831072020605 0.08042304992429376
261 2214 1627 19.57795193578726 0.07701710620204068
261 2195 1628 9.314300939952448 0.03683104355668995
261 2196 1628 9.13007130311691 0.041837514466959644
261 2197 1628 9.053187394503595 0.04739091677275264
261 2198 1628 9.086374524528397 0.0534888184242073
261 2199 1628 9.228445264506828 0.060100693241337204
261 2200 1628 9.47450273101435 0.06715855648665954
261 2201 1628 9.816730718523262 0.07454756700554635
261 2202 1628 10.245496669268801 0.08209829406371164
261 2203 1628 10.75045124634301 0.08958309011087896
261 2204 1628 11.321404594837066 0.09671950102745855
261 2205 1628 11.948899614608774 0.10318345544883181
261 2206 1628 12.624507990412836 0.1086336627386811
261 2207 1628 13.34092208207504 0.11274604338508358
261 2208 1628 14.091919741468772 0.1152535613945102
261 2209 1628 14.872262840603549 0.11598373200874523
261 2210 1628 15.677570028547057 0.11488493953909275
261 2211 1628 16.504187408048807 0.11203461879110041
261 2212 1628 17.349069196933787 0.1076270333850195
261 2213 1628 18.209673308436827 0.10194401893482968
261 2214 1628 19.08387282497964 0.09531628390863159
261 2215 1628 19.969882373213824 0.08808412992102904
261 2193 1629 9.080209358819843 0.04012280024159323
261 2194 1629 8.663267397466116 0.046136797926137466
261 2195 1629 8.345909297374325 0.05296532890204925
261 2196 1629 8.139791274965168 0.06066102794130102
261 2197 1629 8.05345900840123 0.06925073942199188
261 2198 1629 8.090747925871797 0.07872040652952728
261 2199 1629 8.249981939374088 0.08899652967537036
261 2200 1629 8.524330002997216 0.09992550399900808
261 2201 1629 8.903156855857274 0.11125385626481032
261 2202 1629 9.373804030381596 0.12261458151336828
261 2203 1629 9.923215305534699 0.1335268181447285
261 2204 1629 10.539079751097718 0.14341675466530004
261 2205 1629 11.21045057078429 0.1516652723532573
261 2206 1629 11.927958836280316 0.15768123131016945
261 2207 1629 12.683777118823775 0.1609893368643286
261 2208 1629 13.471458792573186 0.1613120359460619
261 2209 1629 14.285734212843149 0.15862163201782692
261 2210 1629 15.122308091028867 0.15314565234047375
261 2211 1629 15.977678241847187 0.14532364952208845
261 2212 1629 16.84898222445489 0.1357296997112358
261 2213 1629 17.733871602106426 0.12498384294131025
261 2214 1629 18.63041067716964 0.11367441781144041
261 2215 1629 19.53699572605769 0.1023045890577351
261 2216 1629 20.45229087412939 0.0912660758440576
261 2191 1630 9.388514365968659 0.0426767416015258
261 2192 1630 8.760490967976608 0.04963816374088522
261 2193 1630 8.206595030827316 0.05771723532175876
261 2194 1630 7.742751578088985 0.06705053373443395
261 2195 1630 7.385946249465896 0.07776423114765799
261 2196 1630 7.152216579494723 0.08995617781204379
261 2197 1630 7.053807624255077 0.10366967647928123
261 2198 1630 7.0963513159932345 0.11885774444281655
261 2199 1630 7.277376038105958 0.13533849697241562
261 2200 1630 7.5869758138535435 0.15274602773505322
261 2201 1630 8.01025605083873 0.17048716556446838
261 2202 1630 8.53031077980154 0.18772188528560188
261 2203 1630 9.130618927542548 0.20339064307082583
261 2204 1630 9.796438230295646 0.2163093589533926
261 2205 1630 10.515331758912694 0.22533576195882843
261 2206 1630 11.277153984937769 0.22957934959465717
261 2207 1630 12.073781594844164 0.22859455672947784
261 2208 1630 12.898767460497826 0.22248633478009397
261 2209 1630 13.747007019711505 0.2118847660118976
261 2210 1630 14.614451820030654 0.1977994111675958
261 2211 1630 15.497877338525981 0.18141139333315137
261 2212 1630 16.394700424222364 0.16387417482054545
261 2213 1630 17.302837975314826 0.14617251872985362
261 2214 1630 18.220598288749922 0.12905446511655957
261 2215 1630 19.146597661203323 0.11302432979394339
261 2216 1630 20.07969626264293 0.09837365089465665
261 2190 1631 9.404265096220978 0.05196989131977237
261 2191 1631 8.662690228791517 0.061127376027980844
261 2192 1631 7.977731632488014 0.07194628297569973
261 2193 1631 7.365202101775601 0.08469021319361347
261 2194 1631 6.844574639815071 0.09963113460895798
261 2195 1631 6.43818312880268 0.11702483748276798
261 2196 1631 6.168646691130829 0.13706919518275176
261 2197 1631 6.054271384733194 0.15983906810092
261 2198 1631 6.103785874356919 0.18519331423408286
261 2199 1631 6.313335251671569 0.21265589143011293
261 2200 1631 6.667848378600009 0.24128782415343616
261 2201 1631 7.1457821125471375 0.2695914018416279
261 2202 1631 7.724260611864316 0.2955160829999909
261 2203 1631 8.382493781685636 0.31664577813479905
261 2204 1631 9.1031973503818 0.3306057090696975
261 2205 1631 9.872699833378816 0.33561737552438825
261 2206 1631 10.680458885272579 0.33100040735003905
261 2207 1631 11.518428799102672 0.3173824024590442
261 2208 1631 12.380476646720743 0.29650502187153593
261 2209 1631 13.261907932118875 0.27072980911477873
261 2210 1631 14.15910314956415 0.24248068387117058
261 2211 1631 15.069246895581653 0.21382856512372983
261 2212 1631 15.990128267152741 0.18629520442762978
261 2213 1631 16.91999414893507 0.16084127924089917
261 2214 1631 17.85744108208107 0.13795953011734513
261 2215 1631 18.801335112166814 0.1178024789504544
261 2216 1631 19.750751935052918 0.10030217665718547
261 2188 1632 10.494484360844062 0.052856490989195766
261 2189 1632 9.629963759018018 0.06277038787219798
261 2190 1632 8.794214120659122 0.0747071841316649
261 2191 1632 7.996261751593688 0.0890841864025622
261 2192 1632 7.248600002759154 0.10638685407397405
261 2193 1632 6.568424620866093 0.12716239908768684
261 2194 1632 5.978812758399425 0.15199605452540185
261 2195 1632 5.508920220878099 0.18145665947940473
261 2196 1632 5.191358396412202 0.21599208631265643
261 2197 1632 5.054918594794512 0.2557502435440008
261 2198 1632 5.114117910255803 0.30030502060818837
261 2199 1632 5.36248095567705 0.34829344222423747
261 2200 1632 5.77565598005966 0.3970415751001631
261 2201 1632 6.321408229184283 0.44237986992762623
261 2202 1632 6.968658550969378 0.4789650150903577
261 2203 1632 7.691826961132088 0.5013620082728483
261 2204 1632 8.471493492885322 0.505716733656506
261 2205 1632 9.293449413430851 0.4912317044185189
261 2206 1632 10.147423416808726 0.4604985768738928
261 2207 1632 11.025978505329945 0.4184509705008203
261 2208 1632 11.923682401003385 0.3706550445722563
261 2209 1632 12.83651829741997 0.32189851630253946
261 2210 1632 13.761475284285385 0.27553714394332346
261 2211 1632 14.69626489962662 0.23349066100928736
261 2212 1632 15.639124080331266 0.19656390623188313
261 2213 1632 16.58867692132188 0.16483080832840627
261 2214 1632 17.543836581546152 0.13795274619720993
261 2215 1632 18.503734812193912 0.11539920313680141
261 2186 1633 11.909164622256299 0.052187287898509946
261 2187 1633 10.974069527755 0.06242537198598419
261 2188 1633 10.051477602820428 0.07493413276935543
261 2189 1633 9.145173699826625 0.09026535285113321
261 2190 1633 8.260520685767965 0.10910714181503674
261 2191 1633 7.4052820337918455 0.13231035272533198
261 2192 1633 6.590918145448338 0.16091093263155457
261 2193 1633 5.834569564243794 0.19613633618126938
261 2194 1633 5.161802204656808 0.2393718804222804
261 2195 1633 4.609360259298436 0.29204166914040464
261 2196 1633 4.224713244706628 0.35532628023618507
261 2197 1633 4.055884860298609 0.4296025564717775
261 2198 1633 4.129431195697457 0.5134867456672804
261 2199 1633 4.433305989890523 0.6024966808412883
261 2200 1633 4.925058578331739 0.6878020066874186
261 2201 1633 5.555015931570216 0.756333439428652
261 2202 1633 6.281735588195254 0.7938989753731858
261 2203 1633 7.0754647903864685 0.7912024634019887
261 2204 1633 7.916072384711909 0.7489484556505944
261 2205 1633 8.790119566877253 0.6774266259335653
261 2206 1633 9.688560367773853 0.5909828205208469
261 2207 1633 10.60519693357922 0.5022382972651581
261 2208 1633 11.535692523641481 0.41942226962180074
261 2209 1633 12.47694682203935 0.34653609509165284
261 2210 1633 13.426697360110477 0.28466728540252445
261 2211 1633 14.38326117401744 0.23329074686883972
261 2212 1633 15.345364185968263 0.19117016437610854
261 2213 1633 16.31202629963541 0.15687501665687173
261 2214 1633 17.282482518434588 0.1290360868969902
261 2185 1634 12.574744609732686 0.06013958143525918
261 2186 1634 11.607161668556234 0.07259310451872149
261 2187 1634 10.645571943301167 0.08803973708300497
261 2188 1634 9.6917594893807 0.10730277312147786
261 2189 1634 8.748268514397619 0.13145655029251022
261 2190 1634 7.8188363584359895 0.161905034260542
261 2191 1634 6.9091390201674505 0.20047951089431829
261 2192 1634 6.02811761663625 0.24955034512826466
261 2193 1634 5.190395168000232 0.31213040825834715
261 2194 1634 4.420656286118614 0.39190529657046436
261 2195 1634 3.760877823062042 0.4930295825870369
261 2196 1634 3.2781400214145435 0.6193331956787222
261 2197 1634 3.057482951710378 0.7722592160575839
261 2198 1634 3.154394078107469 0.9465991767476999
261 2199 1634 3.5429086920211943 1.123953031723037
261 2200 1634 4.141763151122864 1.2682070300345951
261 2201 1634 4.874033442642659 1.3344589930575546
261 2202 1634 5.688427023351791 1.2968674927727593
261 2203 1634 6.55440325277586 1.1705155401504095
261 2204 1634 7.45400576871246 0.9982003585393271
261 2205 1634 8.376407463823528 0.8203725150486517
261 2206 1634 9.314837733422863 0.6603559744412676
261 2207 1634 10.26490146080313 0.5264066580105817
261 2208 1634 11.223644773423565 0.4184297741667942
261 2209 1634 12.18901973088886 0.3329882664978128
261 2210 1634 13.159566938163193 0.2658998390132252
261 2211 1634 14.134220954831493 0.2133073046933683
261 2212 1634 15.112187201063833 0.1720026749257598
261 2213 1634 16.092861833744717 0.1394411569067353
261 2184 1635 13.357402516956714 0.06802617443011925
261 2185 1635 12.370214306955292 0.0827689515394787
261 2186 1635 11.385262491484387 0.10130082159417883
261 2187 1635 10.403182301584508 0.12477416348223146
261 2188 1635 9.424871458009441 0.15475226316227556
261 2189 1635 8.451639012641326 0.19337754858650125
261 2190 1635 7.485466050955058 0.24361535703338416
261 2191 1635 6.5294871161524295 0.30960594287148807
261 2192 1635 5.588935676853012 0.3971632212116088
261 2193 1635 4.673136206018427 0.514443245360314
261 2194 1635 3.800026578854437 0.6727057087372336
261 2195 1635 3.0070254405308945 0.8867060681179921
261 2196 1635 2.3757529332823903 1.172991889398741
261 2197 1635 2.0606314566170596 1.5408653448716663
261 2198 1635 2.2018633018422387 1.964499157373385
261 2199 1635 2.729505816077238 2.332335590586096
261 2200 1635 3.471628148289982 2.4520487630633703
261 2201 1635 4.319051053182769 2.2390779958741214
261 2202 1635 5.220747264520574 1.8361716031674602
261 2203 1635 6.152901916981849 1.4224680612331113
261 2204 1635 7.1035344723594305 1.0787572866714656
261 2205 1635 8.066114430132927 0.8157454328629382
261 2206 1635 9.036824774222332 0.6201761114474771
261 2207 1635 10.013301253832243 0.47558440706751176
261 2208 1635 10.994007549569822 0.36823571093172097
261 2209 1635 11.977904741648185 0.2878746838801964
261 2210 1635 12.964266350241264 0.22712629478642493
261 2211 1635 13.952569727473065 0.18074051908526118
261 2212 1635 14.942429588256312 0.14497403963453911
261 2183 1636 14.237844008135566 0.07524380853596413
261 2184 1636 13.240777998290044 0.09211675686434041
261 2185 1636 12.244190540823903 0.11354584548488325
261 2186 1636 11.248208835188 0.14102006369191786
261 2187 1636 10.253009411875192 0.17661863304404646
261 2188 1636 9.258844528341598 0.223294542513482
261 2189 1636 8.26608746626849 0.285322429451088
261 2190 1636 7.275314563646087 0.36902468962839297
261 2191 1636 6.28746387663585 0.48398226737598987
261 2192 1636 5.304168360827225 0.6451134801727496
261 2193 1636 4.328533469894905 0.8763394506186363
261 2194 1636 3.3672246732287254 1.217128750039284
261 2195 1636 2.437252961840473 1.7336893404372613
261 2196 1636 1.5944284242323392 2.5326329478916363
261 2197 1636 1.0696737820475373 3.73196385708736
261 2198 1636 1.3214393667511741 5.08898550610215
261 2199 1636 2.085234279403541 5.199369050423573
261 2200 1636 2.9916888207163974 3.894499040176875
261 2201 1636 3.9436280250550166 2.6488417878417123
261 2202 1636 4.914692462402829 1.8088149779479867
261 2203 1636 5.895439084580473 1.2660284092225582
261 2204 1636 6.881729579110103 0.9090289076219413
261 2205 1636 7.8714802928038115 0.667585895101165
261 2206 1636 8.863532140179707 0.4998254821834568
261 2207 1636 9.857190370485826 0.3804420307914521
261 2208 1636 10.852013730179223 0.2937078267334488
261 2209 1636 11.847708723630836 0.22955530812899064
261 2210 1636 12.844072640716343 0.18136073673336434
261 2211 1636 13.840961021547526 0.1446575849096774
261 2181 1637 16.199080282534627 0.06643650373175247
261 2182 1637 15.199085564599013 0.08109262766280667
261 2183 1637 14.199091590661777 0.09964168678075344
261 2184 1637 13.19909852982399 0.12333748114988952
261 2185 1637 12.199106606633196 0.15392604870319226
261 2186 1637 11.199116125837858 0.1938821660079549
261 2187 1637 10.199127511704196 0.24678536466212703
261 2188 1637 9.199141372976136 0.3179368684423513
261 2189 1637 8.199158615370308 0.4154100975191424
261 2190 1637 7.19918064782382 0.5519209796974898
261 2191 1637 6.199209788352129 0.748344972224758
261 2192 1637 5.199250138241159 1.0408024197070922
261 2193 1637 4.1993097051778125 1.4962772739945578
261 2194 1637 3.1994065074636007 2.2515803319941035
261 2195 1637 2.1995913256785444 3.630147314811447
261 2196 1637 1.2000841637152615 6.62100525422578
261 2197 1637 0.20543125370795082 17.132059789991697
261 2198 1637 0.8026219533503194 10.088025371573336
261 2199 1637 1.8017219541315868 4.884702789435208
261 2200 1637 2.8014642599896944 2.868677832787304
261 2201 1637 3.801342131405626 1.8454134509424782
261 2202 1637 4.801270873425007 1.255527178773737
261 2203 1637 5.8012241811534215 0.8880927726906392
261 2204 1637 6.8011912191908745 0.64671868301287
261 2205 1637 7.801166707614888 0.481801579971696
261 2206 1637 8.801147766058628 0.3656357019140909
261 2207 1637 9.801132689643511 0.2817806654318687
261 2208 1637 10.801120404846829 0.2200133635713926
261 2209 1637 11.801110202010587 0.1737341864923803
261 2210 1637 12.80110159322229 0.13854967410949826
261 2179 1638 18.22372634781379 0.057257394824001266
261 2180 1638 17.225161886031795 0.06951163774027337
261 2181 1638 16.22677423273037 0.08489843548108751
261 2182 1638 15.228598162667575 0.10437898378364287
261 2183 1638 14.230678198877316 0.12926943490952741
261 2184 1638 13.233072281220336 0.16139872097063754
261 2185 1638 12.235857223750276 0.20335072677442195
261 2186 1638 11.239137066519017 0.25884479649350156
261 2187 1638 10.243056282184607 0.3333496549128453
261 2188 1638 9.247821473190397 0.43510366962317876
261 2189 1638 8.253738668021981 0.5768665310939134
261 2190 1638 7.261281016459914 0.7790320343758487
261 2191 1638 6.271220136464752 1.075339271093505
261 2192 1638 5.284903215764774 1.5235012586921393
261 2193 1638 4.304904412411582 2.223686181618124
261 2194 1638 3.3367951690208035 3.3345265191474827
261 2195 1638 2.3950369516983314 4.929765316430212
261 2196 1638 1.5291180464569427 5.961342494108871
261 2197 1638 0.9696401394332635 4.83624575289267
261 2198 1638 1.2418542587598678 3.2592607584713305
261 2199 1638 2.0357313182244563 2.1758247929281156
261 2200 1638 2.9573978426988385 1.4932417703378165
261 2201 1638 3.9176781388980393 1.0556217431641945
261 2202 1638 4.893894359301135 0.7657557255525091
261 2203 1638 5.878112111894373 0.5676623925515828
261 2204 1638 6.86689172770324 0.4285612161488475
261 2205 1638 7.858511436652558 0.32859913820991526
261 2206 1638 8.852016832338206 0.25533195333040626
261 2207 1638 9.846837157178888 0.2007118483158472
261 2208 1638 10.842610479031267 0.1593889377817504
261 2209 1638 11.839096333757848 0.12772014369226242
261 2178 1639 19.297673486718622 0.05835344944865187
261 2179 1639 18.303065371680304 0.07071251465242445
261 2180 1639 17.309078600549558 0.0861698071354762
261 2181 1639 16.31582673357383 0.1056441956546241
261 2182 1639 15.323452678818908 0.13037511845946992
261 2183 1639 14.332138779679823 0.16205239044587758
261 2184 1639 13.342121345573279 0.2030053729224548
261 2185 1639 12.353712073704889 0.2564803183750406
261 2186 1639 11.367330469375904 0.32704680256945684
261 2187 1639 10.383554401071036 0.42118474076636114
261 2188 1639 9.403201688786726 0.5480927815717236
261 2189 1639 8.427467116518546 0.7206530928923064
261 2190 1639 7.458163446854813 0.9560344526951158
261 2191 1639 6.49816912676187 1.2738242378432787
261 2192 1639 5.552315012677234 1.684870084516844
261 2193 1639 4.629276617356198 2.1551247237671576
261 2194 1639 3.7459580883935035 2.5407601093660874
261 2195 1639 2.938401265994924 2.6124957552402353
261 2196 1639 2.288274896073554 2.315233388048399
261 2197 1639 1.9591329714953747 1.8515131128616273
261 2198 1639 2.1071786825042054 1.4110167989830578
261 2199 1639 2.6537147548295428 1.0597710533581932
261 2200 1639 3.412360180285763 0.796978538946829
261 2201 1639 4.271557327251941 0.6040362691362119
261 2202 1639 5.181525065074915 0.46242839753616327
261 2203 1639 6.119657016532828 0.35774586977936085
261 2204 1639 7.074758087736946 0.2795780672782413
261 2205 1639 8.040783668275076 0.22057294028290392
261 2206 1639 9.014222207156815 0.17555313187579308
261 2207 1639 9.992907584882337 0.1408519474731016
261 2176 1640 21.403135331067812 0.048224505706409966
261 2177 1640 20.413137975333512 0.057925045029212974
261 2178 1640 19.424165413216677 0.06989150313054672
261 2179 1640 18.43638256274812 0.08473317880968097
261 2180 1640 17.449991461316042 0.10324428160794483
261 2181 1640 16.46524223933564 0.12646463314848283
261 2182 1640 15.48244819141994 0.1557596730888205
261 2183 1640 14.502006826643075 0.19292314916581516
261 2184 1640 13.524429821622878 0.24030177663845223
261 2185 1640 12.550386527912282 0.30092830886071564
261 2186 1640 11.580768627340845 0.3786154629916548
261 2187 1640 10.616788685850436 0.47788113116416014
261 2188 1640 9.660134678150284 0.6033944103693479
261 2189 1640 8.713219955906172 0.7582879283245711
261 2190 1640 7.779601660753679 0.9402382609800605
261 2191 1640 6.864706985735172 1.1344571380454782
261 2192 1640 5.977139951515367 1.306274384827653
261 2193 1640 5.13110144121133 1.4049567356692692
261 2194 1640 4.350885197290415 1.391611921429184
261 2195 1640 3.6786141412223046 1.2719416600827975
261 2196 1640 3.1834261417536567 1.0909407102797017
261 2197 1640 2.9557066836884265 0.8972484299153166
261 2198 1640 3.055847182043025 0.7207000727573447
261 2199 1640 3.455459737864147 0.5725261367659585
261 2200 1640 4.067210592039712 0.45331489946974496
261 2201 1640 4.8108421300225475 0.359343950602123
261 2202 1640 5.6343768067107245 0.28588571745562197
261 2203 1640 6.507549615638716 0.22855765541649728
261 2204 1640 7.412840346317966 0.1837259836495782
261 2205 1640 8.339796280485473 0.1485238314056944
261 2174 1641 23.532704944396084 0.03940718636168685
261 2175 1641 22.547509884685795 0.04690314887924359
261 2176 1641 21.563677840294392 0.05602037384213932
261 2177 1641 20.581404276676636 0.06715002849006955
261 2178 1641 19.600923498651873 0.08078432739556571
261 2179 1641 18.622518680350492 0.09754172333249432
261 2180 1641 17.646535127327486 0.1181958354986768
261 2181 1641 16.673398033994232 0.14370557283973415
261 2182 1641 15.70363658519907 0.17523971007692687
261 2183 1641 14.737917152705213 0.21418076824497037
261 2184 1641 13.777089750742077 0.26207721168847614
261 2185 1641 12.822254169996874 0.3204854461304773
261 2186 1641 11.874855872809661 0.3906016724812163
261 2187 1641 10.936827785057327 0.4725401326411413
261 2188 1641 10.010804263394716 0.5641265156897772
261 2189 1641 9.100450648182303 0.6592987341592127
261 2190 1641 8.210980574815748 0.7468725224861438
261 2191 1641 7.349979727863295 0.8114303659419372
261 2192 1641 6.528721314315788 0.838077683698281
261 2193 1641 5.764217379662318 0.8197281628273623
261 2194 1641 5.082145413110588 0.7613218706921053
261 2195 1641 4.519978097292159 0.6768373342437772
261 2196 1641 4.127008844187363 0.5820824538100761
261 2197 1641 3.9540108750483443 0.48921003332530566
261 2198 1641 4.029417079429782 0.40518910249949364
261 2199 1641 4.34029975923326 0.33280029843111514
261 2200 1641 4.841508236076869 0.27225333899979415
261 2201 1641 5.481076719039793 0.22248762506073347
261 2202 1641 6.216446090814259 0.1819780073906115
261 2203 1641 7.017563822296149 0.14915771118453708
261 2174 1642 23.721007609290208 0.044572613246106244
261 2175 1642 22.743970673565418 0.05284610794675197
261 2176 1642 21.7690193164507 0.06281137050771485
261 2177 1642 20.796446859980755 0.07483044014229912
261 2178 1642 19.826603390394517 0.08933575808575782
261 2179 1642 18.859909914949306 0.10683484312677514
261 2180 1642 17.896876878383082 0.12790672706333617
261 2181 1642 16.938128645160386 0.15318179180662772
261 2182 1642 15.984436242795764 0.18329127130209938
261 2183 1642 15.036761685948296 0.2187656508159405
261 2184 1642 14.096318739302205 0.25985459690075086
261 2185 1642 13.164657306591858 0.30624175876025567
261 2186 1642 12.243782177088999 0.3566515165574329
261 2187 1642 11.336322243126387 0.40841664292982965
261 2188 1642 10.44577436095582 0.4572122405124497
261 2189 1642 9.576857626591398 0.4973114711291806
261 2190 1642 8.736028960574803 0.5226933022688895
261 2191 1642 7.9322255389015215 0.528891141545074
261 2192 1642 7.177896767159681 0.5147340951618951
261 2193 1642 6.490316016959518 0.4828501048252429
261 2194 1642 5.892894195554602 0.43856311002324777
261 2195 1642 5.415551864768815 0.38796833941311787
261 2196 1642 5.092170656998923 0.3363172864109312
261 2197 1642 4.952999293357582 0.287269984007417
261 2198 1642 5.013402238001712 0.24289422686107845
261 2199 1642 5.266517065385854 0.2040328923704568
261 2200 1642 5.686668796404473 0.1707363888999517
261 2201 1642 6.240208490106733 0.1426159149705831
261 2202 1642 6.895085351175866 0.11908452678745825
261 2173 1643 24.919514481626727 0.04145050974189793
261 2174 1643 23.949617992778176 0.04871938561025571
261 2175 1643 22.982301929963498 0.057339287299393145
261 2176 1643 22.017906394569028 0.06755172397052064
261 2177 1643 21.056832667806514 0.07962613570010595
261 2178 1643 20.099557258805564 0.09385155396716975
261 2179 1643 19.146649889732753 0.11051860109997641
261 2180 1643 18.198796718464745 0.12988645968584817
261 2181 1643 17.256830589653564 0.1521280842937112
261 2182 1643 16.32177079853785 0.17724686143881907
261 2183 1643 15.394875835809875 0.20496142849644217
261 2184 1643 14.477713977006267 0.23456606718935838
261 2185 1643 13.572258544546022 0.264795742654527
261 2186 1643 12.681017388206767 0.2937567233482141
261 2187 1643 11.80720974659137 0.31901178810185576
261 2188 1643 10.955008078500084 0.33789974065085215
261 2189 1643 10.12986683031924 0.34808454423026725
261 2190 1643 9.33896150543527 0.3481787713230857
261 2191 1643 8.591751975004962 0.33816915922152313
261 2192 1643 7.900645669817217 0.3194208650403096
261 2193 1643 7.281634569243461 0.2942580601709021
261 2194 1643 6.7545689721847735 0.2653414872357964
261 2195 1643 6.342412947766893 0.23511608863611377
261 2196 1643 6.068624391079166 0.20548687718997177
261 2197 1643 5.952327443950042 0.17773004689134053
261 2198 1643 6.0026829001706155 0.15256038637721345
261 2199 1643 6.215641720691482 0.13026569521340303
261 2173 1644 25.17697761845143 0.04400226929682957
261 2174 1644 24.217394616267132 0.05123664666038021
261 2175 1644 23.26121669216819 0.05964504589840954
261 2176 1644 22.308881684208284 0.0693736538098227
261 2177 1644 21.36090358575694 0.08055824538003917
261 2178 1644 20.417889264074375 0.09330499857930526
261 2179 1644 19.480559591551867 0.10766218811029232
261 2180 1644 18.549776332883457 0.12358134787433435
261 2181 1644 17.626576581968582 0.14086850775231385
261 2182 1644 16.71221714794309 0.15913029474153173
261 2183 1644 15.80823209596832 0.17772648161602617
261 2184 1644 14.916507701201471 0.1957489914788674
261 2185 1644 14.039380399433682 0.212053587232443
261 2186 1644 13.179764868919419 0.22536731175622163
261 2187 1644 12.341320917956974 0.23447477417029133
261 2188 1644 11.528668700244719 0.23845002294133544
261 2189 1644 10.74766030352663 0.23686423377163232
261 2190 1644 10.00570847066823 0.2298902865828841
261 2191 1644 9.312153456639438 0.21825998687055628
261 2192 1644 8.678605994052367 0.20309235877877066
261 2193 1644 8.119125691846477 0.1856622080600277
261 2194 1644 7.649980522851114 0.16718758875452577
261 2195 1644 7.2886351260027595 0.14868675513866253
261 2196 1644 7.051680792548761 0.13091577946705996
261 2173 1645 25.471124867190387 0.04495918609610242
261 2174 1645 24.523054499796807 0.05170502719052191
261 2175 1645 23.579274840418737 0.0593421693026755
261 2176 1645 22.64032248003557 0.06791301418395304
261 2177 1645 21.70682385794854 0.07742365335685403
261 2178 1645 20.77951399816665 0.08782526878697099
261 2179 1645 19.85925985529178 0.09899238459651856
261 2180 1645 18.947089539029562 0.11070042231202588
261 2181 1645 18.044229049754474 0.12260728300336748
261 2182 1645 17.152148611762993 0.13424616403480677
261 2183 1645 16.272621239370228 0.14503839554656242
261 2184 1645 15.407796792533412 0.15433396559618912
261 2185 1645 14.560295395355233 0.1614818507448176
261 2186 1645 13.733324506469753 0.1659221519320248
261 2187 1645 12.930823716995082 0.167280474387456
261 2188 1645 12.157639655788552 0.16543816029503455
261 2189 1645 11.419728630751356 0.16055567784056984
261 2190 1645 10.724374200856762 0.15304111837550288
261 2173 1646 25.800701579608347 0.04416561863668533
261 2174 1646 24.86520062255691 0.05004241083707296
261 2175 1646 23.934915959743922 0.056487651246211835
261 2176 1646 23.01048026443612 0.06346309952963615
261 2177 1646 22.092627774893685 0.07088874679243934
261 2178 1646 21.182214284630486 0.07863282501512807
261 2179 1646 20.280241665226864 0.08650403766359863
261 2180 1646 19.387888023196428 0.09424882692666638
261 2173 1647 26.16436893945667 0.04175104436598732
261 2174 1647 25.24234937560299 0.0465344768836957
261 2175 1647 24.326491773373416 0.0515939354031793
261 2176 1647 23.417519125646173 0.056850013405349994
261 2177 1647 22.516265276461905 0.0621915567543977
9 1918 594 5.576150374586352 0.3566790731534525
9 1919 594 5.360919044343022 0.3755043327578355
9 1916 595 5.671459512330065 0.3679025268283917
9 1917 595 5.080497318176574 0.46321721613325084
9 1918 595 4.63221901468395 0.5480271384018527
9 1919 595 4.37074970685805 0.5932713541873676
9 1920 595 4.330063856342065 0.5785172161271591
9 1921 595 4.516132526841977 0.5108174383987066
9 1915 596 5.734409559841277 0.3628959797398337
9 1916 596 4.952721776962563 0.5043925978545465
9 1917 596 4.26326787804841 0.683033357442533
9 1918 596 3.717721479616188 0.8691954668425935
9 1919 596 3.3863627980474518 0.9886023868989198
9 1920 596 3.3336845981586127 0.966947034923748
9 1921 596 3.572037653776922 0.8193195053327188
9 1922 596 4.050364551494139 0.6296465806826783
9 1915 597 5.219909290399504 0.4465397516882222
9 1916 597 4.346659982101112 0.6645102036820871
9 1917 597 3.541109007076657 0.9891030414797938
9 1918 597 2.8610230687639717 1.4144893713936975
9 1919 597 2.4148401603418392 1.7753192940358276
9 1920 597 2.3403959066790354 1.7541288477697823
9 1921 597 2.6689797676266056 1.3741643249261497
9 1922 597 3.2816844759970993 0.954672923354309
9 1915 598 4.859161758986738 0.5112908337164881
9 1916 598 3.906078980256195 0.8082392195988879
9 1917 598 2.9838654460279304 1.331120249210073
9 1918 598 2.1329446781385695 2.25770789139332
9 1919 598 1.4817061112109349 3.5466207168113244
9 1920 598 1.3570014738385572 3.6515225640513345
9 1921 598 1.8674723558864805 2.379860229309197
9 1922 598 2.670852485630831 1.4029568061732827
9 1923 598 3.5748360801581622 0.8484034331907615
9 1915 599 4.68779831050773 0.5324762437170584
9 1916 599 3.690725267477831 0.8675013652334345
9 1917 599 2.6958213961610094 1.5172921077973496
9 1918 599 1.706884003088575 2.972902711203535
9 1919 599 0.7479659083139177 7.214863584295423
9 1920 599 0.45326923566468696 9.8772504777648
9 1921 599 1.360681079459928 3.743601610614478
9 1922 599 2.344664794805522 1.8209476224674472
9 1923 599 3.3381810915527943 1.013051890668346
9 1915 600 4.726463053912424 0.5003592304183434
9 1916 600 3.7397129568991443 0.8045625334419874
9 1917 600 2.762508461525417 1.3752461428238434
9 1918 600 1.8103737183243993 2.5623693240095875
9 1919 600 0.9609646195359622 5.258054995743666
9 1920 600 0.7546210969752186 7.047502078628829
9 1921 600 1.4884397871597856 3.601629453219627
9 1922 600 2.4210437831647025 1.836280763208616
9 1923 600 3.3922636984763788 1.0341238700232644
9 1916 601 4.043445684066916 0.6593081303912188
9 1917 601 3.1615586345977453 1.0408622508300898
9 1918 601 2.375174309392838 1.6628101790196
9 1919 601 1.813133475505852 2.49354946423563
9 1920 601 1.712732611939212 2.860343158390907
9 1921 601 2.139965653930058 2.224300905908148
9 1922 601 2.8680050557836343 1.4310075615471425
9 1917 602 3.7893868897223455 0.7234061188638156
9 1918 602 3.163139737665691 1.0193542462208507
9 1919 602 2.766125991346013 1.3200925181680547
9 1920 602 2.7013798326040988 1.4463284905721472
9 1921 602 2.990560649777953 1.2859883227177373
332 1278 1911 24.38841249446127 0.19170930715313564
332 1279 1911 24.908927395614498 0.18944610293391576
332 1280 1911 25.458096236757264 0.1830947908627634
332 1277 1912 23.022829191912862 0.21749140864982242
332 1278 1912 23.531057434802943 0.2169146808085888
332 1279 1912 24.070119733810937 0.21116833673079893
332 1280 1912 24.637992288333773 0.20087927072389947
332 1272 1913 20.06655585794423 0.18761357522091593
332 1273 1913 20.40408449306157 0.2072433351599788
332 1274 1913 20.78428887405089 0.22460165970598314
332 1275 1913 21.204873590757277 0.2381127296378084
332 1276 1913 21.66348688461752 0.24634742445222274
332 1277 1913 22.1577675770822 0.24834463439412982
332 1278 1913 22.68538436967721 0.24386076265896459
332 1279 1913 23.24406728608388 0.2334369476666586
332 1280 1913 23.83163158493339 0.218251883924123
332 1270 1914 18.554316586713625 0.17597396038150595
332 1271 1914 18.81283242895647 0.2001160731597768
332 1272 1914 19.12021610756521 0.224201042469604
332 1273 1914 19.47415374284582 0.24658713367214247
332 1274 1914 19.87215801064383 0.26530116085277483
332 1275 1914 20.31163863404417 0.27834194837221504
332 1276 1914 20.78996546413667 0.284116613893972
332 1277 1914 21.304522149064862 0.28186615685688593
332 1278 1914 21.85274957528217 0.2718903355922188
332 1279 1914 22.432179207557947 0.25545722043525687
332 1280 1914 23.04045711352088 0.2344445564445369
332 1281 1914 23.675359849429846 0.21088540491480373
332 1282 1914 24.334803553758032 0.1865944782501529
332 1269 1915 17.36429278721125 0.1837381941326251
332 1270 1915 17.583477016790408 0.21173259604636868
332 1271 1915 17.856053987373482 0.2407107695612216
332 1272 1915 18.179622218296952 0.26892323396555406
332 1273 1915 18.551513792679994 0.29402853872566553
332 1274 1915 18.96888673591563 0.3133717562339282
332 1275 1915 19.428810153995425 0.3245175357649586
332 1276 1915 19.92833821471313 0.3259018857081174
332 1277 1915 20.4645709459054 0.31732215816351317
332 1278 1915 21.034701424075298 0.3000043384551444
332 1279 1915 21.63605010162426 0.27620916334235024
332 1280 1915 22.266087756945428 0.2485934529035478
332 1281 1915 22.922448909311477 0.21962349797804764
332 1282 1915 23.602937613780085 0.1912235193384061
332 1266 1916 16.045393856181818 0.13640198345049112
332 1267 1916 16.097038982371792 0.16150257168456364
332 1268 1916 16.21032584496675 0.19015534397242312
332 1269 1916 16.3839758300602 0.2220283663988394
332 1270 1916 16.61609653318121 0.25620064506683504
332 1271 1916 16.90427945817261 0.2909571291648174
332 1272 1916 17.245714366183744 0.32369329531121294
332 1273 1916 17.63730886501669 0.35108508896065327
332 1274 1916 18.075803273990235 0.36965029920202847
332 1275 1916 18.55787336954307 0.37664445484645603
332 1276 1916 19.080216560615757 0.3709501772024857
332 1277 1916 19.63961975191973 0.3534806772302103
332 1278 1916 20.233009267036763 0.3268482646332175
332 1279 1916 20.85748460385373 0.2945038222154008
332 1280 1916 21.510338537549686 0.2598210716641832
332 1281 1916 22.18906631654417 0.2254932046870574
332 1282 1916 22.89136658218541 0.19332640359907358
332 1265 1917 15.056914159282359 0.1370846116076651
332 1266 1917 15.045619428923404 0.16379583912343793
332 1267 1917 15.100684222908486 0.1949594346134875
332 1268 1917 15.221388372944077 0.23056958916131445
332 1269 1917 15.40618914592434 0.27003824717261105
332 1270 1917 15.652816487776148 0.31187892790449623
332 1271 1917 15.95840418086961 0.35342605233018287
332 1272 1917 16.319640437215416 0.3907893550808149
332 1273 1917 16.732921561998563 0.4193056960317611
332 1274 1917 17.194495165604494 0.4346162923772248
332 1275 1917 17.700583719188362 0.43408022912840083
332 1276 1917 18.24748377174223 0.4177936120388572
332 1277 1917 18.831639971069855 0.38855048619337107
332 1278 1917 19.449695730267752 0.35077262483863914
332 1279 1917 20.098523925900516 0.3090989553998585
332 1280 1917 20.775241611109976 0.2673463319984618
332 1281 1917 21.477212668314184 0.2280974062448257
332 1282 1917 22.20204188807856 0.19276971585715102
332 1265 1918 14.05797510312199 0.16462675851546202
332 1266 1918 14.045877117503114 0.1979384511004248
332 1267 1918 14.104845408582026 0.23696071706486072
332 1268 1918 14.23399676830079 0.281576445236578
332 1269 1918 14.431447051491308 0.3307572108955965
332 1270 1918 14.694443303507521 0.3820801105851006
332 1271 1918 15.01954273604882 0.43136224729756767
332 1272 1918 15.402813509226057 0.47279566982500437
332 1273 1918 15.840033585822871 0.5000015891224382
332 1274 1918 16.326869387607548 0.507994118888587
332 1275 1918 16.85902322200181 0.4951832484714333
332 1276 1918 17.43234533847916 0.46408972885778327
332 1277 1918 18.04291173840841 0.42022821996847887
332 1278 1918 18.68707210881351 0.369993557624112
332 1279 1918 19.361473704240485 0.3188668400422747
332 1280 1918 20.06306716332265 0.27060245502196656
332 1281 1918 20.78909964380361 0.2272527444940042
332 1282 1918 21.537099711892388 0.18958906787304042
332 1264 1919 13.14848523595011 0.16396058375421713
332 1265 1919 13.059198444008649 0.19895528888773134
332 1266 1919 13.046174305136267 0.2408840648507448
332 1267 1919 13.109640117104574 0.29021402515572897
332 1268 1919 13.248496669433761 0.34660800203456615
332 1269 1919 13.46041098926765 0.40826866389171396
332 1270 1919 13.742003638479986 0.47119459896240634
332 1271 1919 14.089097345110403 0.5287622605716059
332 1272 1919 14.49698810098142 0.5723702616686214
332 1273 1919 14.960703994130649 0.5937257781133716
332 1274 1919 15.475227429669543 0.5881729385976274
332 1275 1919 16.03566849245757 0.5569610417900924
332 1276 1919 16.637387535307226 0.5066099758221595
332 1277 1919 17.276072007258946 0.44591395230610736
332 1278 1919 17.947776018214512 0.3828514336337744
332 1279 1919 18.64893198014288 0.3229825408778176
332 1280 1919 19.376342895396842 0.26933322600125625
332 1281 1919 20.127162343460032 0.2230191772540176
332 1263 1920 12.334450291764053 0.16182520027897973
332 1264 1920 12.157247385818806 0.19796215289690627
332 1265 1920 12.060624527776248 0.24213523594611597
332 1266 1920 12.046520825532902 0.29546309165291273
332 1267 1920 12.115224471713175 0.35849489751208213
332 1268 1920 12.265344022896285 0.43046530814021644
332 1269 1920 12.493945093524202 0.5082065035628079
332 1270 1920 12.796822418084785 0.5850045512678748
332 1271 1920 13.168852038047858 0.6503050924841134
332 1272 1920 13.60436194755186 0.6916605512565188
332 1273 1920 14.097470127650453 0.6993840940296178
332 1274 1920 14.642358553183866 0.6715038166873589
332 1275 1920 15.233471830150755 0.614894425035231
332 1276 1920 15.86564414072106 0.5415078026020774
332 1277 1920 16.534166565025174 0.4631128640201576
332 1278 1920 17.234809659523258 0.3881186002239863
332 1279 1920 17.96381540764645 0.32108122856664806
332 1280 1920 18.717870177987557 0.26363931167174376
332 1281 1920 19.494067405238848 0.21569020268339312
332 1262 1921 11.635921278523618 0.15830845036496924
332 1263 1921 11.360222885137357 0.1950057299285763
332 1264 1921 11.167571983202006 0.24064753033271527
332 1265 1921 11.062308258225237 0.2970109740933611
332 1266 1921 11.046930071291214 0.3656471196196053
332 1267 1921 11.12181028430165 0.44717112925732516
332 1268 1921 11.285152369374453 0.5399818261380139
332 1269 1921 11.533198342177146 0.6384046887953362
332 1270 1921 11.860635058882705 0.7309740219155338
332 1271 1921 12.26110370235883 0.8008864339343884
332 1272 1921 12.727712441754694 0.8310822756887284
332 1273 1921 13.253477430470731 0.8129384377248012
332 1274 1921 13.831654420205737 0.7517297889065805
332 1275 1921 14.455956004360168 0.6632106144596724
332 1276 1921 15.120670090971386 0.5649434024969675
332 1277 1921 15.82070365059647 0.46995101072867373
332 1278 1921 16.55157587663472 0.38526423915286445
332 1279 1921 17.309380809260514 0.31333272412287466
332 1280 1921 18.090734202900556 0.2539598588040279
332 1261 1922 11.07477602482321 0.15354991318377054
332 1262 1922 10.69161652885095 0.19022213530213847
332 1263 1922 10.390893320595621 0.23650017494806388
332 1264 1922 10.179914734416913 0.2947631040312982
332 1265 1922 10.06432630631571 0.3675718138677873
332 1266 1922 10.047420763559087 0.4571279615506697
332 1267 1922 10.12969219670559 0.5640467736724006
332 1268 1922 10.308766366544447 0.6850664005759178
332 1269 1922 10.579728919022351 0.8097822681778455
332 1270 1922 10.935751643119813 0.9182705904757452
332 1271 1922 11.368846203551069 0.9842384071865838
332 1272 1922 11.870579766801509 0.9871365646376195
332 1273 1922 12.432645092658168 0.9259785587434725
332 1274 1922 13.047247372530235 0.8200839070834098
332 1275 1922 13.707321547260682 0.6958432563246539
332 1276 1922 14.406618756668644 0.5739713497741469
332 1277 1922 15.139704884838299 0.4656365384298353
332 1278 1922 15.901907558528835 0.3745780446439892
332 1279 1922 16.68923796942198 0.30040642985143284
332 1260 1923 10.672706498353607 0.14772850134049761
332 1261 1923 10.17677080414014 0.18382261007290926
332 1262 1923 9.758415035240047 0.22990856196871734
332 1263 1923 9.427972422530672 0.28885646070871507
332 1264 1923 9.194925992089264 0.36413255978245795
332 1265 1923 9.066789067801157 0.45953100949382336
332 1266 1923 9.048019893877248 0.578267566703757
332 1267 1923 9.139292313959452 0.7207666817521905
332 1268 1923 9.337379932293542 0.8803642692317177
332 1269 1923 9.635697380054959 1.037401705326986
332 1270 1923 10.02530119248284 1.1568251142576627
332 1271 1923 10.496030868856938 1.1997230539135455
332 1272 1923 11.037511676097903 1.1492812194031505
332 1273 1923 11.639873882478168 1.025111334469124
332 1274 1923 12.294171952595963 0.8667032473534289
332 1275 1923 12.992561872086549 0.7080023503647701
332 1276 1923 13.728316138550895 0.567375340887607
332 1277 1923 14.495746410585307 0.45067219827582805
332 1278 1923 15.290083845420753 0.3571020585460692
332 1259 1924 10.448093797434995 0.14104779234932038
332 1260 1924 9.839850811877154 0.17607262841088317
332 1261 1924 9.299605583034118 0.22119864319948154
332 1262 1924 8.839833935091722 0.2796401669744624
332 1263 1924 8.473645260453086 0.35557199322654864
332 1264 1924 8.213565851687006 0.45417977509768664
332 1265 1924 8.069861461016462 0.5812733676218422
332 1266 1924 8.048767856013653 0.7417197401174731
332 1267 1924 8.151236961345097 0.9352446783968195
332 1268 1924 8.372733364917236 1.147899522143378
332 1269 1924 8.704175090150597 1.3411940159700035
332 1270 1924 9.13360082333348 1.4537002581683587
332 1271 1924 9.647935737762658 1.436272463476844
332 1272 1924 10.23438635190199 1.297210136605284
332 1273 1924 10.881298819534255 1.093799753022797
332 1274 1924 11.578543258976815 0.8834794807934233
332 1275 1924 12.317575410769656 0.6977536372091783
332 1276 1924 13.09132017788875 0.5460485652008426
332 1277 1924 13.893979415559711 0.4267192411407012
332 1278 1924 14.720824161710405 0.33439892877763205
332 1259 1925 9.699415652501948 0.167267998108256
332 1260 1925 9.04094375604669 0.21077086068764095
332 1261 1925 8.44977301470279 0.26762814475263375
332 1262 1925 7.940948557949444 0.3424718354609622
332 1263 1925 7.531179456101096 0.4415173957796986
332 1264 1925 7.237310550197432 0.5727637237611326
332 1265 1925 7.073801241199735 0.745467526009623
332 1266 1925 7.049727938012841 0.9673359343295302
332 1267 1925 7.166495935950751 1.2360467870299632
332 1268 1925 7.417456706985116 1.5211010547922676
332 1269 1925 7.789651083328337 1.7442714110747302
332 1270 1925 8.266720268643315 1.8032508364713757
332 1271 1925 8.831685229897975 1.6642796048234483
332 1272 1925 9.468825903986085 1.4023154070390598
332 1273 1925 10.16457888945714 1.117647862619852
332 1274 1925 10.907734136840594 0.8672050154138073
332 1275 1925 11.689254210598614 0.6667329359352714
332 1276 1925 12.501946408459656 0.5127124113261233
332 1277 1925 13.340114842084274 0.3961773742377575
332 1258 1926 9.763947152663215 0.1577115375148815
332 1259 1926 8.999703550673209 0.19906049501034734
332 1260 1926 8.285811004361602 0.25343515102591146
332 1261 1926 7.636403865694877 0.3256620769245335
332 1262 1926 7.0692760591166275 0.4225446182853292
332 1263 1926 6.605653941889431 0.5535795096651003
332 1264 1926 6.268545604843219 0.7315514133115266
332 1265 1926 6.079034791806927 0.9719401655736749
332 1266 1926 6.051005205748789 1.2876935693230382
332 1267 1926 6.186652083316048 1.6706833062656659
332 1268 1926 6.475697954660845 2.049806128731593
332 1269 1926 6.898888606145087 2.2618992231857082
332 1270 1926 7.4333481016294645 2.167329653972248
332 1271 1926 8.056963696082924 1.8328968315634517
332 1272 1926 8.75069505810813 1.4375282209573574
332 1273 1926 9.499192807812562 1.0910552613666455
332 1274 1926 10.290513301094254 0.8209937732250518
332 1275 1926 11.11551456298797 0.619539251755722
332 1276 1926 11.967232929963279 0.4711281235186646
332 1277 1926 12.840352954650324 0.361663949779303
332 1257 1927 10.029489717827145 0.14769315113461298
332 1258 1927 9.178816045656449 0.1865008604041359
332 1259 1927 8.36125971370344 0.2377098039425751
332 1260 1927 7.587533459563785 0.3061042153190322
332 1261 1927 6.872456911469132 0.39863813217429245
332 1262 1927 6.236237968519137 0.525507570239899
332 1263 1927 5.705318921848238 0.7016452125262803
332 1264 1927 5.311371197722806 0.948348567657377
332 1265 1927 5.086321263939121 1.2931011522342992
332 1266 1927 5.0527877453935375 1.759450857796759
332 1267 1927 5.214466799203823 2.321975882726275
332 1268 1927 5.554337404227332 2.8001251951123707
332 1269 1927 6.042405481263126 2.8634715045272223
332 1270 1927 6.646101413610729 2.45467750643015
332 1271 1927 7.336938326032077 1.8875552377808589
332 1272 1927 8.09263022755879 1.3924153903635221
332 1273 1927 8.896665892344057 1.020246493862823
332 1274 1927 9.73707676872263 0.7529005463296833
332 1275 1927 10.60521871533057 0.562196348783681
332 1276 1927 11.49481030726465 0.4251916220543378
332 1277 1927 12.40123638997328 0.32557601718151474
332 1257 1928 9.565911561372527 0.1734938944255465
332 1258 1928 8.669871048637368 0.2210762466339703
332 1259 1928 7.799145081353487 0.28477627400570943
332 1260 1928 6.963236603764097 0.3713308110034177
332 1261 1928 6.176298567912662 0.49089948345742423
332 1262 1928 5.459547966636053 0.6590813007950108
332 1263 1928 4.844240291315008 0.9001002655440192
332 1264 1928 4.373404166092995 1.2511848759570103
332 1265 1928 4.0971531579865825 1.764942250783375
332 1266 1928 4.055448680479051 2.4891655114095266
332 1267 1928 4.255192592586043 3.3403327531758342
332 1268 1928 4.665475752803672 3.813553640874802
332 1269 1928 5.237047259668261 3.3930826304705066
332 1270 1928 5.923399699496793 2.545571850059547
332 1271 1928 6.689294731135604 1.8071183031195233
332 1272 1928 7.510437004595564 1.2802167888709786
332 1273 1928 8.370583253274425 0.9199185677349564
332 1274 1928 9.258869477425314 0.6727857999941568
332 1275 1928 10.167923288459544 0.5005509145114457
332 1276 1928 11.092640082505058 0.37825534183763515
332 1277 1928 12.029408298000266 0.2898312032949644
332 1256 1929 10.137192116163178 0.16039026492886735
332 1257 1929 9.18818066866345 0.2040915092303419
332 1258 1929 8.251221970108464 0.2625806844649767
332 1259 1929 7.330938821187942 0.3421119322851369
332 1260 1929 6.434490189595468 0.4522449815353646
332 1261 1929 5.573388915193355 0.6080057834001614
332 1262 1929 4.766829554326442 0.8337352151136493
332 1263 1929 4.0475503702856965 1.1700284281516282
332 1264 1929 3.470254169365658 1.6856539267348043
332 1265 1929 3.114909950544251 2.491470492451525
332 1266 1929 3.059847055001188 3.7009963875958873
332 1267 1929 3.320039758797972 4.989512314272277
332 1268 1929 3.8317964455329765 4.892779542608072
332 1269 1929 4.510284248248552 3.560308316519683
332 1270 1929 5.2917543404809395 2.392114095642327
332 1271 1929 6.136991445325528 1.6220874467924375
332 1272 1929 7.023009611270553 1.1290233140618329
332 1273 1929 7.93616179270549 0.8065423610279682
332 1274 1929 8.86806991402291 0.5894481993805621
332 1275 1929 9.813392074099461 0.43924992057012036
332 1276 1929 10.768596194490625 0.3328061139588856
332 1256 1930 9.883251691624627 0.18722059521635384
332 1257 1930 8.907225381677558 0.24028499100044712
332 1258 1930 7.937169772658311 0.3122846180677546
332 1259 1930 6.975576248597719 0.41182417855138287
332 1260 1930 6.026496826515425 0.5525270952377075
332 1261 1930 5.09692691727087 0.7568044956179284
332 1262 1930 4.199840949369415 1.063250228944335
332 1263 1930 3.3613485389051885 1.542001233265811
332 1264 1930 2.637927974755926 2.3279725951792143
332 1265 1930 2.149107721823119 3.6858100932180435
332 1266 1930 2.0684931713688615 5.957040030773296
332 1267 1930 2.4369374222575892 7.438704684867754
332 1268 1930 3.098171073391416 5.254426332497499
332 1269 1930 3.906233991967093 3.238329067089601
332 1270 1930 4.787344148899161 2.0722766562842243
332 1271 1930 5.707772244930493 1.3889556783234918
332 1272 1930 6.651215227309874 0.9667430621803895
332 1273 1930 7.609117162982746 0.6932519812856026
332 1274 1930 8.57663477128404 0.5091868185231893
332 1275 1930 9.550846245228655 0.3814152295612892
332 1255 1931 10.720758555251647 0.1708274546234663
332 1256 1931 9.725978819635648 0.21849505634584707
332 1257 1931 8.732391654065975 0.2828909046302624
332 1258 1931 7.740456317298157 0.37149902912631977
332 1259 1931 6.750900976906771 0.49612353527748276
332 1260 1931 5.764951344113899 0.6761429893748119
332 1261 1931 4.784836883322201 0.9450044021299455
332 1262 1931 3.8150575356081275 1.3642852020359397
332 1263 1931 2.8661235144355195 2.0575675512763625
332 1264 1931 1.9684166225675064 3.3043961776497883
332 1265 1931 1.2388155633507045 5.846107330988465
332 1266 1931 1.0930068618264834 11.177464338425647
332 1267 1931 1.6895750945133017 8.484815128449139
332 1268 1931 2.552383983651262 4.478135032353962
332 1269 1931 3.489221116524337 2.6558384761491243
332 1270 1931 4.453612466301845 1.7055250370750343
332 1271 1931 5.430899004768828 1.1549181736728817
332 1272 1931 6.4151900985082975 0.8123905659295223
332 1273 1931 7.4036925922136145 0.5881846580846471
332 1274 1931 8.39491893945371 0.4356874188358665
332 1275 1931 9.388006391135365 0.3287923108346714
332 1255 1932 10.67008266134811 0.19765402316332925
332 1256 1932 9.67009120949753 0.25469471360848744
332 1257 1932 8.670101729507056 0.3326408761993948
332 1258 1932 7.670114992619153 0.4413818905513479
332 1259 1932 6.670132232572377 0.5969399720790447
332 1260 1932 5.670155553421865 0.8265397906882199
332 1261 1932 4.670188861277526 1.1793839050792763
332 1262 1932 3.6702403191072555 1.7521588054590573
332 1263 1932 2.67033031664631 2.759464077840946
332 1264 1932 1.6705280602253396 4.782354420429958
332 1265 1932 0.6713151271944425 10.203913615830979
332 1266 1932 0.33266199061501595 16.061001396522855
332 1267 1932 1.3306629926468232 6.1877444883134
332 1268 1932 2.330378510027857 3.368108967401177
332 1269 1932 3.3302648543320856 2.073509375582293
332 1270 1932 4.330203690359077 1.3681789516829999
332 1271 1932 5.3301654758552495 0.9453462723430398
332 1272 1932 6.330139334959308 0.6754319910029909
332 1273 1932 7.330120326433866 0.49517595915556545
332 1274 1932 8.330105881679943 0.3705868486600964
332 1253 1933 12.70616637699987 0.1404503097921482
332 1254 1933 11.709255484444851 0.17805805095180766
332 1255 1933 10.712920423488718 0.22820397092933803
332 1256 1933 9.717338318696203 0.29615536589663827
332 1257 1933 8.722766992187823 0.3899967559841166
332 1258 1933 7.729596625956705 0.5225665754912115
332 1259 1933 6.738446705287586 0.7151224876157385
332 1260 1933 5.75036207555672 1.0047641773662617
332 1261 1933 4.76724910194557 1.4608286170858713
332 1262 1933 3.7929756128929557 2.2255118475521556
332 1263 1933 2.836664238150252 3.631457851842208
332 1264 1933 1.9252698512157727 6.609794513582135
332 1265 1933 1.169044053917669 12.456718652490846
332 1266 1933 1.0132442943338553 7.685935767774033
332 1267 1933 1.6391046336338528 4.095223615495091
332 1268 1933 2.5192586211026096 2.4608732230618227
332 1269 1933 3.465063347184244 1.5949107740694688
332 1270 1933 4.434711264558216 1.0872071298168893
332 1271 1933 5.415409864451571 0.7686225208330597
332 1272 1933 6.402082786093853 0.5587125760987838
332 1273 1933 7.392338195726647 0.41519792732790944
332 1274 1933 8.384906916597163 0.3141764710784161
332 1253 1934 12.820400305762771 0.15988055814599839
332 1254 1934 11.83311725624326 0.20371305880161494
332 1255 1934 10.848164084304859 0.2625593158163309
332 1256 1934 9.86623859431758 0.34291416009140485
332 1257 1934 8.888344277760712 0.45484853703118044
332 1258 1934 7.915975239981581 0.6145270239909385
332 1259 1934 6.95145049611959 0.8489913428738117
332 1260 1934 5.998555159369725 1.2057907124106553
332 1261 1934 5.063858607820819 1.7735818213341177
332 1262 1934 4.159647100416196 2.7277178310149686
332 1263 1934 3.310991392317521 4.411033711865478
332 1264 1934 2.5734537104833595 7.010593744125499
332 1265 1934 2.0694598329033655 7.130081464931166
332 1266 1934 1.9856142626402238 4.522201992404998
332 1267 1934 2.3669947190477916 2.7905286156328675
332 1268 1934 3.0434625018225523 1.809934701533818
332 1269 1934 3.8629864095023483 1.2280719331108647
332 1270 1934 4.7521220523046015 0.8633406210463701
332 1271 1934 5.678262410280063 0.6241417253763437
332 1272 1934 6.6259085414756065 0.4614993149397665
332 1273 1934 7.587006260706476 0.3476359670080458
332 1253 1935 13.010713431630194 0.18135130176705141
332 1254 1935 12.03904747062666 0.23207388939795104
332 1255 1935 11.072428098660296 0.3005222915340973
332 1256 1935 10.112302606231772 0.394488699080597
332 1257 1935 9.16071307268172 0.5260721274496976
332 1258 1935 8.220624307192343 0.7146323386636526
332 1259 1935 7.296482988399374 0.9921481562716996
332 1260 1935 6.395206329744281 1.412928876315833
332 1261 1935 5.527989146154429 2.0692786061860815
332 1262 1935 4.71366778634229 3.097936398585869
332 1263 1935 3.9848041357136843 4.5166881101571725
332 1264 1935 3.3968609038347064 5.339851313349372
332 1265 1935 3.032929936546605 4.341788930867292
332 1266 1935 2.9763507857778535 2.950622942102317
332 1267 1935 3.2432489882832463 1.9739023017066082
332 1268 1935 3.7654566788107067 1.3523219873492363
332 1269 1935 4.454061517312037 0.9526679806097458
332 1270 1935 5.243916856701664 0.6881206275613053
332 1271 1935 6.0957906788208955 0.5077616899332467
332 1272 1935 6.9870354228384715 0.38152921750991015
332 1252 1936 14.231467387448234 0.1611286728206266
332 1253 1936 13.273833809416272 0.2047125007247436
332 1254 1936 12.322932443213439 0.26283150500774294
332 1255 1936 11.380450957673084 0.34146555098888437
332 1256 1936 10.448668049086548 0.4495957805472316
332 1257 1936 9.530722113250492 0.6009781858902022
332 1258 1936 8.631029139100491 0.8170201238060517
332 1259 1936 7.755943785252806 1.1311103355374656
332 1260 1936 6.914814820369486 1.5931170801497812
332 1261 1936 6.121655331689407 2.2623995520542723
332 1262 1936 5.397653564281538 3.1304002642632565
332 1263 1936 4.77437577071611 3.8408643799108835
332 1264 1936 4.295889197826325 3.695802418634548
332 1265 1936 4.014307412244453 2.868631674663622
332 1266 1936 3.9717331229578625 2.04468397699068
332 1267 1936 4.175483684556852 1.4405413583374707
332 1268 1936 4.592892770357296 1.0274902035799924
332 1269 1936 5.172491082640953 0.7461338674389622
332 1270 1936 5.866401281876311 0.5516228215339444
332 1271 1936 6.638875205936611 0.4145594081679012
332 1252 1937 14.541343266700048 0.18035360413531787
332 1253 1937 13.605537990098101 0.2296191720518388
332 1254 1937 12.679537215529693 0.2953413351290846
332 1255 1937 11.765656122800902 0.3841663301461827
332 1256 1937 10.86695283876774 0.5058605337917864
332 1257 1937 9.98752541924185 0.6748109199125388
332 1258 1937 9.132943884641028 0.9118288797308356
332 1259 1937 8.310876247424323 1.2447978588628998
332 1260 1937 7.531976101927147 1.7014783218850857
332 1261 1937 6.811069225899962 2.2717825189942324
332 1262 1937 6.1685220271959285 2.8030940122145886
332 1263 1937 5.631222247434496 2.9523108374793843
332 1264 1937 5.231698003516743 2.58328452201334
332 1265 1937 5.003065460295411 2.00045884546396
332 1266 1937 4.968970114621418 1.475309713870871
332 1267 1937 5.133289783365112 1.0779944708059612
332 1268 1937 5.478198974115534 0.7929002952839954
332 1269 1937 5.972492277098426 0.5901985741513959
332 1270 1937 6.582603132500105 0.4451044081731884
332 1252 1938 14.911963787509778 0.2005352075848758
332 1253 1938 14.000952253329158 0.25547382092233906
332 1254 1938 13.102925780145542 0.32853276884955884
332 1255 1938 12.220747276660399 0.42667007622054876
332 1256 1938 11.358110054053993 0.5596397205355654
332 1257 1938 10.51982243196159 0.740653135181824
332 1258 1938 9.712191513762592 0.9858661682350737
332 1259 1938 8.943526373864056 1.309119381379602
332 1260 1938 8.224759206201833 1.7027036158905138
332 1261 1938 7.570116511653019 2.0929250342248555
332 1262 1938 6.997618452016481 2.308431254920741
332 1263 1938 6.528909863063005 2.204213718074225
332 1264 1938 6.187621837184399 1.8551292005307156
332 1265 1938 5.995553685857637 1.4488644781155693
332 1266 1938 5.967131974407885 1.0963298884210018
332 1267 1938 6.10464282329448 0.8232650663902296
332 1268 1938 6.3973950948804665 0.6203891449415899
332 1269 1938 6.825442403243947 0.4713246068564728
332 1270 1938 7.365233465410337 0.36157359677130557
332 1251 1939 16.23646094443008 0.1751734688811164
332 1252 1939 15.33892642918673 0.22114983289161927
332 1253 1939 14.454849151755372 0.28138182300319103
332 1254 1939 13.586856295700004 0.3608572366821449
332 1255 1939 12.73823629864051 0.46626456075133604
332 1256 1939 11.913129899401019 0.6061597768621677
332 1257 1939 11.11677399248552 0.7902293241214052
332 1258 1939 10.355803397129664 1.0257670534645067
332 1259 1939 9.638602803311388 1.3074073518550053
332 1260 1939 8.975670671320444 1.5963553514751077
332 1261 1939 8.379896419407691 1.802697838378878
332 1262 1939 7.866553502011011 1.8242165095443013
332 1263 1939 7.452695082988539 1.6482523211643878
332 1264 1939 7.155603678237176 1.367157488444282
332 1265 1939 6.99018340245814 1.079387490733594
332 1266 1939 6.965821128912306 0.8334231630700578
332 1267 1939 7.083972331961847 0.6393753148125879
332 1268 1939 7.337756060268072 0.4913632479572169
332 1269 1939 7.713796989809926 0.3797542666375378
332 1251 1940 16.689477643114042 0.19166301863456098
332 1252 1940 15.81766936056015 0.24147027484690917
332 1253 1940 14.961907097693233 0.3061420542576492
332 1254 1940 14.125107574811706 0.3903230036888138
332 1255 1940 13.310847606369883 0.49966695023917573
332 1256 1940 12.523524424059017 0.6401696543162528
332 1257 1940 11.768545534602081 0.8158674027969819
332 1258 1940 11.052541065293648 1.023119303546454
332 1259 1940 10.383576647764599 1.2401354025324658
332 1260 1940 9.771318437140515 1.417219810532256
332 1261 1940 9.22706150407604 1.4888722447881932
332 1262 1940 8.763484695028676 1.4214394056529875
332 1263 1940 8.393965927974792 1.2467111549671168
332 1264 1940 8.131338389219918 1.0300449739695465
332 1265 1940 7.986154518915936 0.8220178668121889
332 1266 1940 7.964839232527 0.6451983653208027
332 1267 1940 8.068374309611642 0.5036192017416142
332 1268 1940 8.292084418287176 0.3933761585172486
332 1251 1941 17.188794722143946 0.20768336368967563
332 1252 1941 16.34364292316751 0.26057560680866687
332 1253 1941 15.516915415120472 0.32829948148237964
332 1254 1941 14.71171859437242 0.41466498674415636
332 1255 1941 13.931786102291516 0.5234939886723589
332 1256 1941 13.18160324088094 0.6571203401724472
332 1257 1941 12.466541781905788 0.8130819321530153
332 1258 1941 11.792992156361446 0.9785084679027997
332 1259 1941 11.168467397096276 1.1246173883173618
332 1260 1941 10.60163496824911 1.2102515139203183
332 1261 1941 10.10221084713649 1.2034976291239012
332 1262 1941 9.68063345034828 1.1070945832272037
332 1263 1941 9.347441575105023 0.9560118465391056
332 1264 1941 9.11233581470754 0.790569538486521
332 1265 1941 8.983020872735496 0.6372279486428277
332 1266 1941 8.964076304896196 0.5070324422476941
332 1251 1942 17.730500951749892 0.22253237136533327
332 1252 1942 16.912441101154016 0.2774031183624672
332 1253 1942 16.114920539673893 0.34628044607458736
332 1254 1942 15.341142851821807 0.4316669795587713
332 1255 1942 14.594884857373943 0.5349674690583477
332 1256 1942 13.880585866598105 0.6545089591362059
332 1257 1942 13.203433795797324 0.782377871404483
332 1258 1942 12.569433718350352 0.9012176269654621
332 1259 1942 11.98543549479962 0.9850057536755225
332 1260 1942 11.459086525548294 1.008866258535394
332 1261 1942 10.99866646462208 0.9646510290001051
332 1262 1942 10.612759490349445 0.8670791379341457
332 1263 1942 10.309736369083453 0.7429964063127149
332 1264 1942 10.097062146981266 0.6163233266131102
332 1265 1942 9.980514215209643 0.5012965987466332
332 1266 1942 9.963466465041252 0.4035229795754238
332 1251 1943 18.310834606866067 0.23543172095546472
332 1252 1943 17.51989337867111 0.29084992161117706
332 1253 1943 16.751318276482113 0.35860897617601145
332 1254 1943 16.008331081034136 0.4395864759952512
332 1255 1943 15.294661290790437 0.5326367483024063
332 1256 1943 14.614604476344997 0.6327315608510247
332 1257 1943 13.973069240507007 0.7290374273268515
332 1258 1943 13.375599575346255 0.8048430651041555
332 1259 1943 12.828353908432788 0.8420577690011184
332 1260 1943 12.338017020575172 0.8300700256503561
332 1261 1943 11.911618865628741 0.7724270432719788
332 1262 1943 11.556239180633222 0.6844928226956956
332 1263 1943 11.278593174682834 0.5846148406181698
332 1264 1943 11.084523625307588 0.4869237214506148
332 1265 1943 10.978463644791193 0.39929623455707264
332 1266 1943 10.96296784634534 0.3246453124706472
332 1251 1944 18.926242733305628 0.24560101262773973
332 1252 1944 18.162121682226555 0.2999172098866038
332 1253 1944 17.421901847961486 0.36416579730246695
332 1254 1944 16.708760097625547 0.4375553708056536
332 1255 1944 16.026311615590267 0.5168025595417736
332 1256 1944 15.378643113096922 0.5949431059466729
332 1257 1944 14.770330531169682 0.6610449292427863
332 1258 1944 14.206430375009871 0.7022887848038107
332 1259 1944 13.692430901779382 0.7088649743065161
332 1260 1944 13.234147649168904 0.6790743802489196
332 1261 1944 12.83754898724841 0.6203150940020246
332 1262 1944 12.508503667505659 0.5450040331441436
332 1263 1944 12.252455427382806 0.4651368639788241
332 1264 1944 12.074049196520702 0.3891366877771792
332 1265 1944 11.976755153212496 0.3214689895559796
332 1251 1945 19.57341727956578 0.2523540574192473
332 1252 1945 18.83556911802784 0.3038705366275761
332 1253 1945 18.122876813574713 0.3624171145411717
332 1254 1945 17.438424928874852 0.42579977766193305
332 1255 1945 16.785668410879673 0.4894266392973163
332 1256 1945 16.16844655494162 0.5460107475813516
332 1257 1945 15.590980212930917 0.5865330887912333
332 1258 1945 15.057843935969162 0.6029289240927168
332 1259 1945 14.5739035265094 0.5915323755110524
332 1260 1945 14.144209557271235 0.5549166633653041
332 1261 1945 13.77383984225179 0.5005855122968006
332 1262 1945 13.467689631113522 0.43763056005506623
332 1263 1945 13.23021783645313 0.37377865349692846
332 1264 1945 13.06516988025806 0.31411937583328464
332 1265 1945 12.975309784355911 0.2612343913789283
332 1251 1946 20.24931267969371 0.2551996304073496
332 1252 1946 19.537007549775996 0.30237397707660596
332 1253 1946 18.8508531371926 0.35353289518231845
332 1254 1946 18.193808397364307 0.4055815254711072
332 1255 1946 17.56913953499157 0.45357473372986534
332 1256 1946 16.980420018362434 0.49115591449417306
332 1257 1946 16.43151435504359 0.5120329405032334
332 1258 1946 15.926539611604381 0.5121803418837868
332 1259 1946 15.469798447297343 0.49156830868424256
332 1260 1946 15.06567834516598 0.45417634432010734
332 1261 1946 14.718514327200385 0.4062809841696313
332 1262 1946 14.432417122575236 0.35425038708251433
332 1263 1946 14.211075399138613 0.3030541652082474
332 1251 1947 20.95114946727278 0.2539220886110151
332 1252 1947 20.26353039329535 0.29555583032246646
332 1253 1947 19.60282285794585 0.33834858177607724
332 1254 1947 18.97183870899192 0.3788879670484319
332 1255 1947 18.3736404667122 0.41266622832197797
332 1256 1947 17.81153177017642 0.4348950209480463
332 1257 1947 17.289033055668664 0.441877958490128
332 1258 1947 16.809838309751928 0.43236107909060806
332 1259 1947 16.377749051686056 0.40804228384659175
332 1260 1947 15.996582885104035 0.3728875651257523
332 1261 1947 15.670056285795631 0.331721840220802
332 1262 1947 15.401644847223396 0.2889182927166827
332 1251 1948 21.676408005017915 0.24861888594244447
332 1252 1948 21.012535877423378 0.28398321229195655
332 1253 1948 20.376129760089487 0.31818545661342645
332 1254 1948 19.769842285663394 0.348002558180678
332 1255 1948 19.196527394297235 0.3698313537054468
332 1256 1948 18.65922463555236 0.3805347393137019
332 1257 1948 18.161130581547063 0.37841362315855087
332 1258 1948 17.70555460865329 0.36381329453881156
332 1259 1948 17.295856844921087 0.33899591328654355
332 1260 1948 16.935367253177695 0.3073598151333333
332 1251 1949 22.42281570186949 0.23968346215953912
332 1252 1949 21.781704800129965 0.2685544355899124
332 1253 1949 21.168435558633156 0.2945970047071087
332 1254 1949 20.585496447742145 0.3151102531239818
332 1255 1949 20.035535031538448 0.32753777513206894
332 1256 1949 19.521338683604775 0.33013850017802404
332 1257 1949 19.04580436736669 0.32252923547749823
332 1258 1949 18.611895765880593 0.30581267280559266
332 1259 1949 18.22258664405259 0.2822172777607646
332 1254 1950 21.41678463261945 0.2820354218241947
332 1255 1950 20.88872097568457 0.2874855571642199
332 1256 1950 20.396045302950384 0.2847499484500732
304 2087 1762 5.66475136259295 0.47831513293139183
304 2088 1762 5.102294385862021 0.6132074067753651
304 2089 1762 4.688006825933545 0.7469391404725709
304 2090 1762 4.463340453068747 0.8386424276090363
304 2091 1762 4.4570627099021545 0.8471007425259006
304 2092 1762 4.670054389404983 0.7679380611339737
304 2086 1763 5.681672993053915 0.45689411080842823
304 2087 1763 4.921931328248968 0.6329210528424276
304 2088 1763 4.26255885589854 0.8627314482553358
304 2089 1763 3.7567816013177397 1.1206329506981767
304 2090 1763 3.4723778596229837 1.317680530131419
304 2091 1763 3.4643048364715696 1.3340519773058783
304 2092 1763 3.7343550982734253 1.1576265567566
304 2093 1763 4.2295872139017465 0.901458844417898
304 2086 1764 5.139786766004812 0.557379769175111
304 2087 1764 4.2850213535055595 0.8166221901045766
304 2088 1764 3.5079064981836434 1.2034393814349553
304 2089 1764 2.8721782674478002 1.724962577341282
304 2090 1764 2.4886558621070654 2.2103308121235443
304 2091 1764 2.477379260428301 2.247316564981759
304 2092 1764 2.842781736257761 1.7940208784177323
304 2093 1764 3.46776700486078 1.2616660719111703
304 2086 1765 4.749042850933035 0.6475652879810202
304 2087 1765 3.8075461914464785 0.9997813219584709
304 2088 1765 2.9054101259545098 1.6057661042161728
304 2089 1765 2.094136576252708 2.655689237907613
304 2090 1765 1.5262398238808434 4.09151223059449
304 2091 1765 1.5077824776804654 4.202224059451579
304 2092 1765 2.0536328785838665 2.7858271102120646
304 2093 1765 2.8568178100818877 1.6838964592776335
304 2086 1766 4.548561091158184 0.7027738518662171
304 2087 1766 3.5543505735926715 1.1210629122627453
304 2088 1766 2.5646457845088406 1.9162521594568613
304 2089 1766 1.587894203024679 3.6565526181916423
304 2090 1766 0.6822081793703408 8.415638864758145
304 2091 1766 0.6398499824179179 8.958292140878461
304 2092 1766 1.534082136002054 3.843178592742586
304 2093 1766 2.5094636877231435 1.9941437472745207
304 2086 1767 4.563486386524901 0.7030841571042984
304 2087 1767 3.5734308444404683 1.1195778526943094
304 2088 1767 2.5910245077958898 1.9060114153843093
304 2089 1767 1.6301558207727713 3.5932415612573307
304 2090 1767 0.7755049967600225 7.753518060416001
304 2091 1767 0.7385174337821533 7.9937624306907304
304 2092 1767 1.5777857902771821 3.6964209951316316
304 2093 1767 2.5364163696051576 1.9506804567580243
304 2087 1768 3.860752258303877 0.9961757272478934
304 2088 1768 2.9747954551529925 1.5842259701861847
304 2089 1768 2.189385301859706 2.562913392899235
304 2090 1768 1.6545114082410342 3.777507038884889
304 2091 1768 1.637500534351102 3.7888632667128492
304 2092 1768 2.150676172742089 2.5775480530073045
304 2088 1769 3.603527160990863 1.1827366554729841
304 2089 1769 2.9882115052317304 1.6606119670605932
304 2090 1769 2.621718520360204 2.0694502162984527
304 2091 1769 2.6110166602302853 2.0654086723208587
304 2089 1770 3.881418297478288 1.0807598108358212
304 2090 1770 3.606855694368665 1.2450644914446691
149 1730 1157 5.400323138479781 2.427231372889046
149 1731 1157 4.968046899939667 2.612723044840753
149 1732 1157 4.711633474709187 2.691839724929849
149 1729 1158 5.228717816061605 2.687540660890471
149 1730 1158 4.567000109481065 3.1100860553755125
149 1731 1158 4.046664058208946 3.464890384687469
149 1732 1158 3.7273972152160177 3.6468976061862444
149 1733 1158 3.662170121662858 3.584927948377906
149 1734 1158 3.863869821823735 3.3046377704477745
149 1728 1159 5.432816028543574 2.643303218852322
149 1729 1159 4.5862282978499875 3.259708800069311
149 1730 1159 3.814641529685329 3.9777769701230556
149 1731 1159 3.173245972186848 4.6917390089599
149 1732 1159 2.7545398889832917 5.149138291085081
149 1733 1159 2.665612499970713 5.084638929853862
149 1734 1159 2.9365779403925485 4.541176768403294
149 1735 1159 3.48446409078931 3.8095557518614243
149 1728 1160 5.020905296856328 2.946040297110836
149 1729 1160 4.089925427193013 3.7929818294278
149 1730 1160 3.2008576975554512 4.941110811829407
149 1731 1160 2.4007269732312366 6.394852563585735
149 1732 1160 1.8114883383560725 7.716708181567479
149 1733 1160 1.6731676544805885 7.751108701972072
149 1734 1160 2.07785706919415 6.45688913092417
149 1735 1160 2.7991945270023897 4.994777302238789
149 1728 1161 4.785759082945974 3.088230743131997
149 1729 1161 3.7975636926850767 4.091916871859152
149 1730 1161 2.8177100631541117 5.622919783913105
149 1731 1161 1.8594327091884706 8.126830724546798
149 1732 1161 0.9876689728851487 12.301154247070524
149 1733 1161 0.7024884340685146 13.678626923345934
149 1734 1161 1.418270073011506 9.211260190305527
149 1735 1161 2.3514867637305747 6.259113148149573
149 1736 1161 3.323776466611454 4.492175153515675
149 1728 1162 4.753681731037517 3.012951705405602
149 1729 1162 3.7570586899860743 3.9936132368447175
149 1730 1162 2.7628771235796763 5.5037241515270505
149 1731 1162 1.7752436452498388 8.056734480447972
149 1732 1162 0.8182236857974502 13.107473676300502
149 1733 1162 0.43300115473286405 18.004016991790618
149 1734 1162 1.3059441029385686 10.474776627071574
149 1735 1162 2.2854955698928956 6.786439278958248
149 1736 1162 3.2774212423794533 4.774149294316733
149 1729 1163 3.9761149379764964 3.55626710728703
149 1730 1163 3.0540939736687647 4.691219203834156
149 1731 1163 2.201247373649744 6.287673523536836
149 1732 1163 1.5373646281867956 8.258865781156695
149 1733 1163 1.3716741595582946 9.284274816628109
149 1734 1163 1.8437705931053308 7.95172199514995
149 1735 1163 2.6301121649085637 6.000935810994838
149 1736 1163 3.5263990131577625 4.484043852935174
149 1730 1164 3.6085301716903833 3.7315009337342535
149 1731 1164 2.9222405787340398 4.609913462869004
149 1732 1164 2.461196863316684 5.451042807036644
149 1733 1164 2.3612475516133236 5.855764838600873
