# %ECSV 0.9
# ---
# datatype:
# - name: sexcat_id
#   datatype: int32
# - name: x
#   datatype: int32
# - name: y
#   datatype: int32
# - name: sep
#   datatype: float64
# - name: weight
#   datatype: float64
# schema: astropy-2.0
sexcat_id x y sep weight
352 1277 1910 24.33594380746314 0.1685339463421655
352 1278 1910 24.815885255215125 0.17230937221430645
352 1279 1910 25.326234639203747 0.1719816281240389
352 1276 1911 22.989914332158857 0.18787088779604103
352 1277 1911 23.454768406445698 0.1943929665975399
352 1278 1911 23.95237276346549 0.19607130657332855
352 1279 1911 24.480730401685395 0.19270750202136688
352 1280 1911 25.037894500137263 0.18469572318985814
352 1275 1912 21.65257862241823 0.2085898057756826
352 1276 1912 22.100320382293173 0.21874956519444141
352 1277 1912 22.583493108905966 0.2233139458050865
352 1278 1912 23.099873614372946 0.2217052371349514
352 1279 1912 23.647286546240426 0.21412987298541275
352 1280 1912 24.223628155171216 0.20151883831989273
352 1281 1912 24.826883835874444 0.18527447449949988
352 1272 1913 19.594697267373192 0.18926153359663728
352 1273 1913 19.93845934369059 0.2110872454502057
352 1274 1913 20.325652781645235 0.2304272551678766
352 1275 1913 20.753846896419056 0.24529532648512353
352 1276 1913 21.22055986537591 0.25388984803514897
352 1277 1913 21.72330916320078 0.25505639495175003
352 1278 1913 22.259653209338264 0.24863176454553873
352 1279 1913 22.82722411945884 0.2354954101195495
352 1280 1913 23.423752069213926 0.21730039661618042
352 1281 1913 24.047082172272038 0.19602451581345423
352 1270 1914 18.073742307557723 0.17475299635968636
352 1271 1914 18.33712521089394 0.20122076176425088
352 1272 1914 18.650473479244496 0.22795569354190187
352 1273 1914 19.011316656139375 0.2529679339603924
352 1274 1914 19.417007004170404 0.2737815770490416
352 1275 1914 19.864797028915316 0.2878525498053
352 1276 1914 20.351908043227862 0.2931993445979323
352 1277 1914 20.875587680350534 0.2890119480301667
352 1278 1914 21.433155647267697 0.2759274288485311
352 1279 1914 22.022038075527963 0.2558119391642871
352 1280 1914 22.63979154055981 0.23117676947617577
352 1281 1914 23.28411821392435 0.20453433970538143
352 1282 1914 23.95287375243321 0.17794752880609258
352 1269 1915 16.880703806417603 0.18152547441348088
352 1270 1915 17.104039318242982 0.21202873161026456
352 1271 1915 17.382121878528007 0.24408383855209115
352 1272 1915 17.712373104697242 0.27562279040740373
352 1273 1915 18.091936352972347 0.30373923212999193
352 1274 1915 18.517779591516973 0.32505036445697216
352 1275 1915 18.986789117699775 0.3364617663359982
352 1276 1915 19.495849840414827 0.3361200018613917
352 1277 1915 20.04191011355961 0.3240826152112931
352 1278 1915 20.622030962056165 0.3022962875062867
352 1279 1915 21.233420850159856 0.2738973056303029
352 1280 1915 21.873457911359225 0.2422584947223106
352 1281 1915 22.539701883565442 0.21024449528393083
352 1282 1915 23.229897998054227 0.17987290015989646
352 1267 1916 15.609809768219517 0.15635301989217837
352 1268 1916 15.724381100698418 0.18676570413325558
352 1269 1916 15.901137097704733 0.2212332718037541
352 1270 1916 16.13803460772104 0.2588350518315492
352 1271 1916 16.432472759752322 0.2976230124329659
352 1272 1916 16.781423092217246 0.33442603742006183
352 1273 1916 17.18156456787339 0.36502743585756775
352 1274 1916 17.629411816620614 0.38494848820362354
352 1275 1916 18.121428227377738 0.3907696723337561
352 1276 1916 18.654119142966863 0.3814140143473257
352 1277 1916 19.224103646204235 0.35859507219632814
352 1278 1916 19.828165850627816 0.32611370998476746
352 1279 1916 20.463288127766837 0.2884916133578364
352 1280 1916 21.12666942516031 0.24974418935455153
352 1281 1916 21.815731961133082 0.21275075373920357
352 1282 1916 22.528119340060403 0.17919069574802146
352 1266 1917 14.558989010230114 0.15748659177771035
352 1267 1917 14.613492429943 0.1902386595724977
352 1268 1917 14.735812193428684 0.22840634300208862
352 1269 1917 14.92428092070106 0.27153119649359175
352 1270 1917 15.176434396787732 0.3180404576802564
352 1271 1917 15.489162695252508 0.36479180345984297
352 1272 1917 15.858882716004999 0.40691277182251573
352 1273 1917 16.281712471358848 0.43838046551131454
352 1274 1917 16.753631278024546 0.45360119392794435
352 1275 1917 17.270615536222284 0.44951547910973993
352 1276 1917 17.82874535686689 0.42696776996551516
352 1277 1917 18.424281831322567 0.3903140756955089
352 1278 1917 19.05371777370503 0.34557474751978534
352 1279 1917 19.713806354938235 0.2984285908246897
352 1280 1917 20.401572512921724 0.2530453351646169
352 1281 1917 21.114311757668148 0.21186825760213462
352 1282 1917 21.849580339219415 0.17594661302406628
352 1265 1918 13.57431990929936 0.1571424714173664
352 1266 1918 13.559209453356827 0.19178076613777217
352 1267 1918 13.617714969847228 0.2331861993484085
352 1268 1918 13.748896719373574 0.2815120916547881
352 1269 1918 13.950704677542335 0.3358436723492307
352 1270 1918 14.220132242704416 0.39348320786252683
352 1271 1918 14.553424373665528 0.4493192791878254
352 1272 1918 14.946309276875077 0.49588445815351695
352 1273 1918 15.394224923652446 0.524850153390921
352 1274 1918 15.892519026258936 0.529997951632937
352 1275 1918 16.436610386573093 0.5101359640951402
352 1276 1918 17.02210800694211 0.46971754626737455
352 1277 1918 17.6448905068862 0.4166256345481005
352 1278 1918 18.301151903637184 0.35895268751988885
352 1279 1918 18.987421125576876 0.3028348548460082
352 1280 1918 19.700562453899717 0.2518900671986169
352 1281 1918 20.437763111456288 0.20766261956323098
352 1282 1918 21.19651294435015 0.17035312935182875
352 1264 1919 12.671233602139958 0.1553355133863974
352 1265 1919 12.575776755334077 0.19131737230840773
352 1266 1919 12.559464996567371 0.23531779027853814
352 1267 1919 12.622605158999516 0.28820728899488135
352 1268 1919 12.764018215280068 0.3499924169400341
352 1269 1919 12.981146366943156 0.41891184594552433
352 1270 1919 13.270273584218286 0.4902928824062272
352 1271 1919 13.626817713611707 0.5557552042863872
352 1272 1919 14.045645624178404 0.6039924004700413
352 1273 1919 14.521369115892691 0.6242225213516293
352 1274 1919 15.048593322965512 0.6112647863023066
352 1275 1919 15.622104883785743 0.5684834869521662
352 1276 1919 16.23699975364915 0.5058417683284312
352 1277 1919 16.88875842091427 0.4349254667730781
352 1278 1919 17.573279745113116 0.36492328558755527
352 1279 1919 18.286884945227904 0.3013020773134638
352 1280 1919 19.026301821426127 0.24637439318630946
352 1281 1919 19.788637168840186 0.20043876049069514
352 1263 1920 11.868368084955932 0.15214264485440304
352 1264 1920 11.68110273047886 0.1888710415662525
352 1265 1920 11.57748508960391 0.23468371574605446
352 1266 1920 11.559764746741214 0.29120807354399714
352 1267 1920 11.628334403516314 0.35956227014441705
352 1268 1920 11.781687527684701 0.4394012710695353
352 1269 1920 12.01657858959868 0.5273674040288678
352 1270 1920 12.328347861737255 0.6152527881007829
352 1271 1920 12.711339858567298 0.6892567948694768
352 1272 1920 13.159337407331794 0.7327953126418756
352 1273 1920 13.665948960829686 0.7337892479506224
352 1274 1920 14.224913391652061 0.6919418204282154
352 1275 1920 14.830312235418454 0.6189352951198153
352 1276 1920 15.47669735441003 0.531334146611189
352 1277 1920 16.15915099873761 0.44315657024374117
352 1278 1920 16.873297277058885 0.3628583902522439
352 1279 1920 17.615282030101106 0.29397378281840186
352 1280 1920 18.38173443938311 0.23694387509469414
352 1262 1921 11.187321439915825 0.1476954148917813
352 1263 1921 10.897071212027589 0.184559025426317
352 1264 1921 10.692808845200618 0.23131913550232155
352 1265 1921 10.579516104246013 0.2903243518357173
352 1266 1921 10.560121258773542 0.36387728358582777
352 1267 1921 10.635138033895048 0.4534067147878158
352 1268 1921 10.802599733397566 0.55777892247646
352 1269 1921 11.058307329786114 0.6705524580146344
352 1270 1921 11.396322257640904 0.777067511073862
352 1271 1921 11.809579205035275 0.854712041038891
352 1272 1921 12.290490673687595 0.8809039758992039
352 1273 1921 12.83145202227721 0.8467757110196876
352 1274 1921 13.42520618091216 0.7637545208468559
352 1275 1921 14.065068823151993 0.6551998236291499
352 1276 1921 14.745038521482483 0.542910684863037
352 1277 1921 15.45982409343659 0.4403256891938008
352 1278 1921 16.204819067178832 0.35297786887050653
352 1279 1921 16.976046683489145 0.2815143946330267
352 1261 1922 10.651486328207913 0.14216783863297558
352 1262 1922 10.249105375592555 0.1785804223742251
352 1263 1922 9.931473254255904 0.22540726100121264
352 1264 1922 9.706913052047005 0.28561255333552144
352 1265 1922 9.58197062195458 0.3626190042053555
352 1266 1922 9.560552337600626 0.45976845148711
352 1267 1922 9.64334801819373 0.5788553958764991
352 1268 1922 9.827724100726531 0.7170018009469894
352 1269 1922 10.10812351527232 0.8616189549083549
352 1270 1922 10.476839265732837 0.986096098420192
352 1271 1922 10.924932997506279 1.0543935820017716
352 1272 1922 11.443083544220135 1.0409560072080357
352 1273 1922 12.022236106482097 0.9511516322022232
352 1274 1922 12.654017583360707 0.8166170940780098
352 1275 1922 13.330947490707556 0.6718680684402406
352 1276 1922 14.04649995550501 0.5389498875051497
352 1277 1922 14.795072186373488 0.4267792635041557
352 1278 1922 15.571902934452249 0.33629553367109866
352 1279 1922 16.372970439111 0.2649722880157144
352 1259 1923 10.87024199362644 0.10835218964674895
352 1260 1923 10.283586971480323 0.13576149665988202
352 1261 1923 9.764331057476491 0.17119551530099475
352 1262 1923 9.32374179179154 0.21725646186479383
352 1263 1923 8.973414121726483 0.27736725406999774
352 1264 1923 8.724228389949475 0.35588118043183
352 1265 1923 8.584996272567658 0.4579310873559318
352 1266 1923 8.561084101911435 0.5885192117662277
352 1267 1923 8.65344792553817 0.7497984173485681
352 1268 1923 8.858451388363601 0.9349724526548826
352 1269 1923 9.16854192333771 1.1187273556249606
352 1270 1923 9.573513513856932 1.2523324914828677
352 1271 1923 10.061916368167719 1.2829114285910317
352 1272 1923 10.62224839664379 1.1961096508009408
352 1273 1923 11.243760981095326 1.0304483737335337
352 1274 1923 11.916885541113578 0.8412975997303652
352 1275 1923 12.633374885595773 0.6661918385105233
352 1276 1923 13.386267627684804 0.5200158526666538
352 1277 1923 14.16976220689685 0.4041052867438461
352 1278 1923 14.97905741360258 0.3143824330754124
352 1258 1924 10.79167090862205 0.1025290964638895
352 1259 1924 10.1019879726715 0.12869005212888784
352 1260 1924 9.467848805298898 0.16270102314261367
352 1261 1924 8.901132568387009 0.20726405715459292
352 1262 1924 8.415471525707877 0.26607874286678834
352 1263 1924 8.025594121309663 0.34415343984869406
352 1264 1924 7.745977084913197 0.4480568860684921
352 1265 1924 7.588818155681456 0.5857537479590903
352 1266 1924 7.561756475846114 0.7650239851559075
352 1267 1924 7.6661699041960185 0.9881347090647122
352 1268 1924 7.896845002911032 1.2391418663521434
352 1269 1924 8.243188764064614 1.4652880580039147
352 1270 1924 8.691384297107177 1.5787386016956617
352 1271 1924 9.226600728329007 1.5188924405811044
352 1272 1924 9.834640867871157 1.3191622262889908
352 1273 1924 10.502864418814596 1.0682567583377984
352 1274 1924 11.22052409649397 0.8329256769674636
352 1275 1924 11.978737871746002 0.6391259633909662
352 1276 1924 12.770284295974076 0.4886720712201864
352 1277 1924 13.589339976614106 0.3747097286283679
352 1278 1924 14.431221743151285 0.2890433286003803
352 1257 1925 10.89762180477921 0.09645599333319917
352 1258 1925 10.116726792792193 0.12116509152595709
352 1259 1925 9.377534910625476 0.15340522482736246
352 1260 1925 8.690693930866493 0.19587417618268962
352 1261 1925 8.069582455121196 0.2523673550128163
352 1262 1925 7.530482122679795 0.3282390099569498
352 1263 1925 7.092119640840821 0.4309921176793015
352 1264 1925 6.774080085148114 0.5708541034392239
352 1265 1925 6.593797160968816 0.7607040541875644
352 1266 1925 6.562633693876306 1.0132451733490195
352 1267 1925 6.682676185481435 1.3298115254712903
352 1268 1925 6.946089619347052 1.671766472662584
352 1269 1925 7.337449216178672 1.9251207326441566
352 1270 1925 7.837611944974129 1.9450163987042295
352 1271 1925 8.427227361356836 1.7176948950075257
352 1272 1925 9.088903179152116 1.3795834843538595
352 1273 1925 9.808066119271505 1.055466588726496
352 1274 1925 10.57299205523213 0.7931945193301939
352 1275 1925 11.374452118673755 0.594956144576528
352 1276 1925 12.205251369799887 0.44869287330363183
352 1277 1925 13.059791767099588 0.3412623282795872
352 1257 1926 10.32696281585245 0.11338462837047625
352 1258 1926 9.499271603654636 0.14360622332574127
352 1259 1926 8.707821828677908 0.18353712532179992
352 1260 1926 7.963426461015359 0.23690977890985782
352 1261 1926 7.280533016201476 0.3091309189846037
352 1262 1926 6.678035714190207 0.408098859861833
352 1263 1926 6.179495205920954 0.5453528473577242
352 1264 1926 5.811726163542136 0.7374090541674805
352 1265 1926 5.6005500622707 1.0061735112849106
352 1266 1926 5.563826111589083 1.3737476319441644
352 1267 1926 5.704924276447552 1.8366978488009251
352 1268 1926 6.011336041180927 2.2951976113423904
352 1269 1926 6.45957901105025 2.499549052367265
352 1270 1926 7.022546617858872 2.281772627722082
352 1271 1926 7.675034918487421 1.8196218234938357
352 1272 1926 8.396199199637975 1.3591599838470334
352 1273 1926 9.16985065309144 0.9952560902593179
352 1274 1926 9.983794919768817 0.7295696007665514
352 1275 1926 10.828950133784984 0.5397627134040032
352 1276 1926 11.698553799508806 0.4040875841682665
352 1257 1927 9.825179947461477 0.13357539212563455
352 1258 1927 8.951210029934458 0.17067589429033936
352 1259 1927 8.106427141472338 0.22037167484724765
352 1260 1927 7.300969867079273 0.2878794349939992
352 1261 1927 6.549363404179042 0.3810111197523495
352 1262 1927 5.872321602228529 0.5116539225599289
352 1263 1927 5.298505544018989 0.6980762336600402
352 1264 1927 4.864582304782202 0.9681107777082769
352 1265 1927 4.610223530372498 1.3614418210912387
352 1266 1927 4.565540603258327 1.9199579623473777
352 1267 1927 4.73647136590105 2.620901617505032
352 1268 1927 5.101388144417233 3.1817897243810633
352 1269 1927 5.622647152365231 3.1008802990466737
352 1270 1927 6.261322623855202 2.46649635327856
352 1271 1927 6.98528174091791 1.7850817893714865
352 1272 1927 7.770724612286893 1.2642966537978242
352 1273 1927 8.6008232745477 0.9012791125284736
352 1274 1927 9.46383437090916 0.6521345155510422
352 1275 1927 10.35152940390944 0.47965283012177623
352 1276 1927 11.258070927117215 0.358341103449264
352 1256 1928 10.335964444598234 0.12354672905976713
352 1257 1928 9.403305854857589 0.157662754828595
352 1258 1928 8.485997937779572 0.20335625372637975
352 1259 1928 7.589608751444261 0.2654790499547315
352 1260 1928 6.722511509845071 0.3513894555550883
352 1261 1928 5.897640290828155 0.4725277636665476
352 1262 1928 5.135383237889822 0.6471503852494752
352 1263 1928 4.467903423307166 0.9050954175972098
352 1264 1928 3.943622826792648 1.2956445072911127
352 1265 1928 3.625211855878244 1.8966757603983089
352 1266 1928 3.568215380270693 2.7977021791178904
352 1267 1928 3.78446310591086 3.8923832601852375
352 1268 1928 4.232276101579458 4.307136366399543
352 1269 1928 4.847902742423858 3.4705551320637618
352 1270 1928 5.576034522848734 2.4033489447298884
352 1271 1928 6.378256893540826 1.6282135120359666
352 1272 1928 7.229948893318762 1.1214659695429796
352 1273 1928 8.115550566659131 0.7907824111045735
352 1274 1928 9.025085096551805 0.570298917977739
352 1275 1928 9.951992815511959 0.41955900374038674
352 1256 1929 10.035943453407796 0.14480634040927579
352 1257 1929 9.072494750618429 0.1863725368580881
352 1258 1929 8.11789141341513 0.24279098647876116
352 1259 1929 7.175664498846029 0.320730874327617
352 1260 1929 6.251412720337649 0.4306448897604696
352 1261 1929 5.354452446329085 0.5894790377766405
352 1262 1929 4.501128858408706 0.8258020182065475
352 1263 1929 3.721580443843692 1.1899216102850712
352 1264 1929 3.0724844995540592 1.7741351900814768
352 1265 1929 2.651445077688788 2.7479181988332204
352 1266 1929 2.572967353077036 4.339634036356481
352 1267 1929 2.8653378509349285 5.986586324066171
352 1268 1929 3.4351362418396945 5.161370622367949
352 1269 1929 4.170151196299804 3.3413910002212535
352 1270 1929 4.998015706257918 2.1275399638838457
352 1271 1929 5.879639529767193 1.404081805154661
352 1272 1929 6.7941269490642515 0.961088665895784
352 1273 1929 7.72982283108748 0.6783351290010379
352 1274 1929 8.679871024387483 0.49096049927458796
352 1256 1930 9.82894506038154 0.16982208064346016
352 1257 1930 8.842972407510885 0.22050402284826282
352 1258 1930 7.86054457401006 0.29025783615458106
352 1259 1930 6.883179570518203 0.3882613659739275
352 1260 1930 5.913388284224138 0.5294097292205336
352 1261 1930 4.955619133872118 0.7389748842444369
352 1262 1930 4.018477447989423 1.0622783925740897
352 1263 1930 3.1206026661527626 1.5865221060420602
352 1264 1930 2.308280962101424 2.495030330941834
352 1265 1930 1.7082625676400047 4.209854372348524
352 1266 1930 1.583717462175677 7.504128654105062
352 1267 1930 2.0243915135171635 8.431130450347732
352 1268 1930 2.7727533247659193 4.846354721138192
352 1269 1930 3.643921102329276 2.8168344062330766
352 1270 1930 4.568168232453874 1.7636954811708536
352 1271 1930 5.5188912835823185 1.1677256506748164
352 1272 1930 6.484455335647015 0.8055044509546252
352 1273 1930 7.45909920834957 0.573283199910356
352 1274 1930 8.439677778209386 0.4182112776014985
352 1255 1931 10.719429135919434 0.15400005706033953
352 1256 1931 9.720913588752788 0.19912724797011278
352 1257 1931 8.722738159545933 0.2608810861705924
352 1258 1931 7.725034692478664 0.34708005575308554
352 1259 1931 6.728013153970425 0.4703022803301289
352 1260 1931 5.732029396295801 0.6516927282377053
352 1261 1931 4.737737962361296 0.9288445199554426
352 1262 1931 3.7464864873637946 1.3737360464777697
352 1263 1931 2.7615504702973745 2.139242440328961
352 1264 1931 1.7933658299409512 3.6054092474343573
352 1265 1931 0.8978646891374791 7.010499011248165
352 1266 1931 0.6294132187999291 16.39673508958617
352 1267 1931 1.409312243613967 7.385900795660637
352 1268 1931 2.3613896332457247 3.7465206245919633
352 1269 1931 3.3415806140209345 2.2078949864684243
352 1270 1931 4.330838371493523 1.4119386816699453
352 1271 1931 5.324111287341843 0.9519436791435818
352 1272 1931 6.319506388951669 0.6664816825567041
352 1273 1931 7.3161575297420365 0.48017906480016037
352 1274 1931 8.313612993157742 0.353895537416675
352 1255 1932 10.71420370349558 0.1790044621728194
352 1256 1932 9.715151105361077 0.23321543544744713
352 1257 1932 8.716315792810555 0.3082498075517486
352 1258 1932 7.717782129601667 0.41442524256447866
352 1259 1932 6.7196845908122045 0.5687639925073948
352 1260 1932 5.722251392590082 0.8008109308830145
352 1261 1932 4.725903194099439 1.1653510058002476
352 1262 1932 3.7315092121016433 1.7735959704397564
352 1263 1932 2.741197001311575 2.8834635021635244
352 1264 1932 1.761862934509866 5.240441806809704
352 1265 1932 0.8331632493094387 12.177466823499344
352 1266 1932 0.5330675379349293 10.82362070368214
352 1267 1932 1.369000000000056 4.855214938778683
352 1268 1932 2.337554491343528 2.7162736389263604
352 1269 1932 3.324779842335496 1.686049196194268
352 1270 1932 4.317888488601875 1.114413327003655
352 1271 1932 5.31358268967377 0.7690640014415868
352 1272 1932 6.3106387156928 0.5479828831937149
352 1273 1932 7.3084992303482545 0.40030792474178967
352 1254 1933 11.793733971902121 0.16034013048267096
352 1255 1933 10.801951721795387 0.20762486401169047
352 1256 1933 9.811837799311526 0.2724445845502599
352 1257 1933 8.823953819008722 0.3630906449319985
352 1258 1933 7.839142874064661 0.4929146625637318
352 1259 1933 6.858728818082758 0.684358932179979
352 1260 1933 5.884909599985292 0.977220814679316
352 1261 1933 4.921601467002301 1.4470699061450885
352 1262 1933 3.97645080442338 2.250691413631198
352 1263 1933 3.0662943433400995 3.750243706101273
352 1264 1933 2.2343144362420513 6.785008385626653
352 1265 1933 1.6069103895363244 9.509167029131135
352 1266 1933 1.4738252949382864 5.66693500432009
352 1267 1933 1.9396290882537497 3.2004101394691538
352 1268 1933 2.7114868614839756 1.9648431885086128
352 1269 1933 3.5975215079274183 1.283812790890338
352 1270 1933 4.531242765511522 0.8772208114329941
352 1271 1933 5.48836596811844 0.6198573446059829
352 1272 1933 6.458495258185207 0.4496347905558236
352 1273 1933 7.436542274471446 0.3331306405092263
352 1254 1934 11.957431204067122 0.18427798980377305
352 1255 1934 10.980444480985197 0.23997265820185318
352 1256 1934 10.008004846121848 0.3168831252935218
352 1257 1934 9.041579563328442 0.4253077756271025
352 1258 1934 8.083326109962327 0.5819521494499735
352 1259 1934 7.136537045374236 0.8150231257256106
352 1260 1934 6.206461230040753 1.1743738424448085
352 1261 1934 5.3019016399777845 1.752289638120056
352 1262 1934 4.43848634108513 2.722574839450248
352 1263 1934 3.6455673083896576 4.347670872737407
352 1264 1934 2.9799598990589717 6.188106560979422
352 1265 1934 2.5436511160140856 5.430800217714352
352 1266 1934 2.4617394256906735 3.482787476092264
352 1267 1934 2.7658924418711575 2.198531907915702
352 1268 1934 3.352634933899028 1.4428729324695075
352 1269 1934 4.1024579217830235 0.9839697856773643
352 1270 1934 4.941675930289281 0.6926510649657706
352 1271 1934 5.831823128319358 0.5003329387245972
352 1272 1934 6.752789127464348 0.3691726657185943
352 1253 1935 13.163516285552197 0.16320180861080172
352 1254 1935 12.20115408475764 0.2108840440927386
352 1255 1935 11.245361754963607 0.27589056900398573
352 1256 1935 10.297968780298293 0.36608543831107954
352 1257 1935 9.361525570119353 0.49377103219342183
352 1258 1935 8.439677778209225 0.6787276116628748
352 1259 1935 7.537782233521923 0.9535786415499434
352 1260 1935 6.66394485271291 1.3727606490018227
352 1261 1935 5.830794199763789 2.022904089163359
352 1262 1935 5.0584741770616155 2.9997816356602107
352 1263 1935 4.3792877274734225 4.141145848253335
352 1264 1935 3.8429365074119395 4.403102324862989
352 1265 1935 3.5154176138831104 3.407207351740604
352 1266 1935 3.4566112017407695 2.321786517878929
352 1267 1935 3.679424003835371 1.5665563537618052
352 1268 1935 4.138618247676398 1.0788896622378654
352 1269 1935 4.7663572044067575 0.7616261782703613
352 1270 1935 5.50528482460266 0.5500818682165551
352 1271 1935 6.316499109475161 0.405293275191717
352 1252 1936 14.407503635258873 0.1443276203610859
352 1253 1936 13.45979795539286 0.18506085743986742
352 1254 1936 12.520230069771 0.23989383349881055
352 1255 1936 11.590779136882821 0.3148007621722015
352 1256 1936 10.674088298304367 0.41880289602206416
352 1257 1936 9.773748564394236 0.5657450171732132
352 1258 1936 8.894726583768527 0.7770552312657605
352 1259 1936 8.044013985567073 1.0853919038588866
352 1260 1936 7.231608465618061 1.5360795995823917
352 1261 1936 6.471951869413042 2.168321983842702
352 1262 1936 5.785858708955751 2.908809390443251
352 1263 1936 5.202514872636046 3.3414709431276903
352 1264 1936 4.759848842137679 3.01962918087116
352 1265 1936 4.49957342422585 2.2900815107015102
352 1266 1936 4.453780528943887 1.628494158142864
352 1267 1936 4.62884013549829 1.1493181162712423
352 1268 1936 5.001615838906461 0.820666148041792
352 1269 1936 5.532283524910859 0.5957974929295085
352 1270 1936 6.180304280535084 0.4398630937303565
352 1271 1936 6.91275350348907 0.3298249787529234
352 1252 1937 14.746666097799785 0.16228625554788606
352 1253 1937 13.822234298404789 0.208505578428549
352 1254 1937 12.90907281720875 0.2707160925668181
352 1255 1937 12.00975274516499 0.35553374272626576
352 1256 1937 11.127630520465628 0.47268293538247347
352 1257 1937 10.267139864636027 0.6363801505374024
352 1258 1937 9.434201662037887 0.8666698271926269
352 1259 1937 8.636791128654124 1.1884323058440638
352 1260 1937 7.88569343811936 1.6192351788511983
352 1261 1937 7.195426394592532 2.122014838569881
352 1262 1937 6.585146999118473 2.512072920140182
352 1263 1937 6.078993419966761 2.509031541243718
352 1264 1937 5.704748986589972 2.1155797008275607
352 1265 1937 5.48945908082021 1.6129651819852793
352 1266 1937 5.451986885530779 1.183551850371565
352 1267 1937 5.595905735446207 0.863137894631922
352 1268 1937 5.9079743567486736 0.6338699853629828
352 1269 1937 6.363502258976581 0.4708944209103773
352 1270 1937 6.934274367228355 0.35424635325920456
352 1251 1938 16.05497309247192 0.14229342882876106
352 1252 1938 15.14437720739937 0.18126375183338117
352 1253 1938 14.245776953188535 0.232989553498336
352 1254 1938 13.36159275685342 0.30233745801323475
352 1255 1938 12.494885393631986 0.3961841301457866
352 1256 1938 11.649556257643383 0.5240869906168283
352 1257 1938 10.830612217229376 0.6986540503424183
352 1258 1938 10.044508997457186 0.9341642368118906
352 1259 1938 9.299578538837043 1.239102868934687
352 1260 1938 8.606518517960597 1.5932925879804347
352 1261 1938 7.978857123673716 1.9066143793052426
352 1262 1938 7.433179736828577 2.020558160144604
352 1263 1938 6.988716691925571 1.856569706814971
352 1264 1938 6.665745344670709 1.5240763059740647
352 1265 1938 6.482450231201114 1.17513739551453
352 1266 1938 6.450748871255144 0.883404688939761
352 1267 1938 6.572835080845987 0.6606786546110957
352 1268 1938 6.840479588449908 0.4962184898949658
352 1269 1938 7.237552141435664 0.3757722168399589
352 1251 1939 16.481813037405722 0.15769022950660092
352 1252 1939 15.59615853343372 0.20078205856495052
352 1253 1939 14.72515402296348 0.25767135246671813
352 1254 1939 13.871559429278227 0.3332632334613898
352 1255 1939 13.038794461145473 0.43407765447598434
352 1256 1939 12.231114462713444 0.5682405788615114
352 1257 1939 11.453827351588558 0.744283622089282
352 1258 1939 10.713550345240288 0.9665807090439088
352 1259 1939 10.018490954230504 1.223541066875892
352 1260 1939 9.37870785343048 1.4677350015067128
352 1261 1939 8.8062569233471 1.6099730639108263
352 1262 1939 8.315056283633856 1.575104334964186
352 1263 1939 7.920237433309624 1.3832310559726082
352 1264 1939 7.636763777936251 1.1257089376012068
352 1265 1939 7.477309743483902 0.8785073795317475
352 1266 1939 7.449843018480285 0.6733176692885833
352 1267 1939 7.555803134015576 0.513778536386554
352 1268 1939 7.789747171763647 0.39307060390975657
352 1269 1939 8.140648684226576 0.3025282839114127
352 1251 1940 16.956950226971745 0.17331274538137
352 1252 1940 16.097458215507107 0.2201596537402092
352 1253 1940 15.255102785625454 0.2813984360795265
352 1254 1940 14.432884708193217 0.3615443067559525
352 1255 1940 13.634447586902732 0.46595795609644297
352 1256 1940 12.864220186237404 0.5999251732917512
352 1257 1940 12.127578529945623 0.7658367984737198
352 1258 1940 11.43101749626857 0.9567539385815652
352 1259 1940 10.782307777094768 1.1461695515836965
352 1260 1940 10.190591788507598 1.282704897730235
352 1261 1940 9.66634165545573 1.3110030784475561
352 1262 1940 9.221071575473145 1.217498752861801
352 1263 1940 8.86668827691596 1.0442400263066984
352 1264 1940 8.614415882693327 0.8491773698863468
352 1265 1940 8.473379550096833 0.6703106530365308
352 1266 1940 8.44915149586036 0.521989613481994
352 1267 1940 8.542725618911069 0.40492980339301404
352 1251 1941 17.476445891542053 0.1886170219555853
352 1252 1941 16.64380248020257 0.2385155348086993
352 1253 1941 15.830545189600937 0.3027524072209867
352 1254 1941 15.039819181093819 0.3849423016108738
352 1255 1941 14.275369032007461 0.48846853719543765
352 1256 1941 13.541645431778141 0.6147111558076901
352 1257 1941 12.843915329836069 0.7593774449107439
352 1258 1941 12.188361702870411 0.9069227679936732
352 1259 1941 11.582148375841083 1.0268298205302915
352 1260 1941 11.033411122585726 1.0814018871152553
352 1261 1941 10.551121314817612 1.0492451598582686
352 1262 1941 10.144760273165586 0.9432990905205428
352 1263 1941 9.823754933832523 0.799578287611424
352 1264 1941 9.596674476088005 0.6520151569351821
352 1265 1941 9.470277767837601 0.520064558558227
352 1266 1941 9.448606299343798 0.4104435650521959
352 1251 1942 18.03646753108815 0.2029319983219661
352 1252 1942 17.23090714385047 0.254815017744502
352 1253 1942 16.446706691614505 0.3201790293997326
352 1254 1942 15.687069866612994 0.4012541158683828
352 1255 1942 14.955740068615714 0.498878914712647
352 1256 1942 14.257074068685963 0.6103258727351208
352 1257 1942 13.596108303481474 0.7261146243860089
352 1258 1942 12.97860396961083 0.8275552593575136
352 1259 1942 12.411049955583861 0.8895693385154988
352 1260 1942 11.900594985125673 0.8923586093883827
352 1261 1942 11.454874988405525 0.8349484362056554
352 1262 1942 11.081703885233471 0.7359360720614873
352 1263 1942 10.788612561400042 0.620522237920107
352 1264 1942 10.582256895388568 0.5081905897875317
352 1265 1942 10.467767718095347 0.40916909116214517
352 1251 1943 18.6333615056435 0.2154993274289516
352 1252 1943 17.85475177648788 0.26796689236658633
352 1253 1943 17.099185974776614 0.332204174522122
352 1254 1943 16.3698552528725 0.4087462209970143
352 1255 1943 15.670423127663067 0.49582137772001894
352 1256 1943 15.005071176105686 0.5874572945590599
352 1257 1943 14.378531253226035 0.6718787923868702
352 1258 1943 13.796092236571846 0.7324284331743014
352 1259 1943 13.263565169289821 0.7533214663152907
352 1260 1943 12.78718737643264 0.7283161898914656
352 1261 1943 12.37344580139253 0.6648337718202554
352 1262 1943 12.028805468540861 0.5791010054589001
352 1263 1943 11.759343561610857 0.48748644642640454
352 1264 1943 11.570313781397584 0.4012099553419231
352 1265 1943 11.465694963673112 0.3257740120562416
352 1251 1944 19.263700605023867 0.2255441577739185
352 1252 1944 18.511622322206044 0.27696694990934134
352 1253 1944 17.783986082990427 0.3376982949606752
352 1254 1944 17.08391527138897 0.4065661871488552
352 1255 1944 16.414937130552694 0.4797046304094457
352 1256 1944 15.781006336732698 0.5495038122987664
352 1257 1944 15.186512469951676 0.6048139353104756
352 1258 1944 14.636261851989321 0.6337868454706548
352 1259 1944 14.135422208055832 0.6290717698677472
352 1260 1944 13.689417847373868 0.5919204480695941
352 1261 1944 13.303764918247703 0.5314454096998251
352 1262 1944 12.983842304957284 0.4597575175798592
352 1263 1944 12.734604862342554 0.38719637901610254
352 1264 1944 12.560261183590043 0.3202939180456073
352 1251 1945 19.924310803638775 0.23237095931160895
352 1252 1945 19.198129101555626 0.2810620829409884
352 1253 1945 18.49751769832907 0.33611395344517553
352 1254 1945 17.825491886621172 0.3949657551367748
352 1255 1945 17.185405465103155 0.4525871973206875
352 1256 1945 16.580957782950826 0.5014277926130143
352 1257 1945 16.016184345842106 0.5328220326508118
352 1258 1945 15.495423872872848 0.5400142300822536
352 1259 1945 15.023254008369756 0.5213202334544401
352 1260 1945 14.604388415815231 0.48101075924167386
352 1261 1945 14.243530496334055 0.4271431465334622
352 1262 1945 13.945184150809855 0.3681695634383363
352 1263 1945 13.713429950234863 0.31057171379576587
352 1264 1945 13.551684803005074 0.2582007872393171
352 1251 1946 20.61228179993658 0.23546724485075868
352 1252 1946 19.911206919722293 0.2798914861024214
352 1253 1946 19.236583922307958 0.32761105729683326
352 1254 1946 18.591292612403183 0.37523358845415256
352 1255 1946 17.978491621935287 0.4175790071976171
352 1256 1946 17.401613747006266 0.448371477563408
352 1257 1946 16.86434585152942 0.461980018208819
352 1258 1946 16.370588291200708 0.4556149506045749
352 1259 1946 15.924388873674175 0.43060453255954906
352 1260 1946 15.52984742359042 0.39177252987142713
352 1261 1946 15.190989467444119 0.3454075614216683
352 1262 1946 14.911611616455087 0.29723069171923794
352 1263 1946 14.695106702572746 0.25131136069863697
352 1251 1947 21.324965674063737 0.23458976115895858
352 1252 1947 20.648103084787156 0.27355946506638595
352 1253 1947 19.998353957263507 0.31301961582453075
352 1254 1947 19.37844578391149 0.34936920396176646
352 1255 1947 18.791332070930928 0.3780700955647202
352 1256 1947 18.240179851086925 0.3946451775232871
352 1257 1947 17.72834343642963 0.39612962492297765
352 1258 1947 17.259320988961232 0.38224396933028626
352 1259 1947 16.836690915972707 0.35551260885940655
352 1260 1947 16.464026269415328 0.3202425262850991
352 1261 1947 16.144787425048314 0.2810567695649328
352 1262 1947 15.882196353149594 0.2417776519620915
352 1263 1947 15.679099495825593 0.20497378975679362
352 1251 1948 22.059967384381974 0.22980813706827208
352 1252 1948 21.406357957391926 0.26261405399244553
352 1253 1948 20.780331109007786 0.2936552801385783
352 1254 1948 20.184453448136686 0.3196408051026275
352 1255 1948 19.62147193765027 0.3370963456365397
352 1256 1948 19.094296556825476 0.3432988413806266
352 1257 1948 18.605971111446923 0.3372027484655276
352 1258 1948 18.15962997971042 0.31983602324951144
352 1259 1948 17.758439148753972 0.2939106214795028
352 1260 1948 17.405520991915118 0.2628986468086559
352 1261 1948 17.103863920178913 0.23009586475070568
352 1252 1949 22.18378148558078 0.24793916909104588
352 1253 1949 21.580318834530612 0.27105892109207885
352 1254 1949 21.007145474813967 0.28818825320667324
352 1255 1949 20.46680632145614 0.2969937447032978
352 1256 1949 19.96196786391555 0.2961519124500931
352 1257 1949 19.495388198237997 0.285792992639787
352 1258 1949 19.069875746842126 0.2674555207082196
352 1253 1950 22.396387230979837 0.24674633991931555
352 1254 1950 21.8446368932971 0.25676866776171187
352 1255 1950 21.32552838735765 0.2593236534170187
323 2088 1761 5.860292484168466 0.40523216697185027
323 2089 1761 5.485164354875896 0.4738869793757529
323 2090 1761 5.275512107843255 0.5227175665576075
323 2091 1761 5.251193007308004 0.5368377525236533
323 2092 1761 5.414704793430586 0.511309739501467
323 2086 1762 6.275271149520307 0.3456188948901832
323 2087 1762 5.578801663440062 0.45170129140941756
323 2088 1762 4.986685071267415 0.5765718238590896
323 2089 1762 4.539937003968336 0.7037619369310781
323 2090 1762 4.284276835126399 0.7995744909103598
323 2091 1762 4.254295241282669 0.825613621117107
323 2092 1762 4.454551380330016 0.7693651562750587
323 2093 1762 4.856647815108662 0.6567302510051876
323 2086 1763 5.648276551303222 0.4431933126981314
323 2087 1763 4.8628209919759025 0.6094138928209555
323 2088 1763 4.170255148069622 0.8268762734546322
323 2089 1763 3.6242279177779193 1.0767422857592892
323 2090 1763 3.2983371568110744 1.2855687206750834
323 2091 1763 3.2592986975728766 1.339398175103528
323 2092 1763 3.5166785465834 1.200371719291295
323 2093 1763 4.013854506580878 0.9590622374270942
323 2094 1763 4.674936149296513 0.7191729560939637
323 2085 1764 6.056651550155582 0.3845027564954914
323 2086 1764 5.140722517312299 0.550375833659065
323 2087 1764 4.262748878364921 0.8010062001922816
323 2088 1764 3.451815174658266 1.175522098856246
323 2089 1764 2.767494896111059 1.6917259598154148
323 2090 1764 2.3244414382815606 2.2180214616389344
323 2091 1764 2.2687062392474124 2.3521798987613174
323 2092 1764 2.625076760782401 1.9448098921163672
323 2093 1764 3.26113906480535 1.390876277036681
323 2094 1764 4.047101184798719 0.9508944244375086
323 2085 1765 5.762553947686902 0.43732558975412045
323 2086 1765 4.790723118695297 0.647834530284146
323 2087 1765 3.833409448519852 0.9938895322689447
323 2088 1765 2.9050005163512385 1.5893788373529938
323 2089 1765 2.0452452175718805 2.6418314595797985
323 2090 1765 1.3881743406360514 4.242518966267317
323 2091 1765 1.2926824822824912 4.719708667910833
323 2092 1765 1.8479794371149563 3.178636484870475
323 2093 1765 2.6756359991597134 1.9036336743099163
323 2094 1765 3.592078506937047 1.1719763604726747
323 2085 1766 5.633030090457692 0.46798949651901667
323 2086 1766 4.634115665367177 0.7060728725531079
323 2087 1766 3.6357981242089283 1.1164096718666918
323 2088 1766 2.638755009469589 1.888748599966584
323 2089 1766 1.64530483497756 3.567045494047266
323 2090 1766 0.6715861821093576 8.427482818075184
323 2091 1766 0.4416197459352451 11.500146053167539
323 2092 1766 1.3924898563363388 4.385870686605712
323 2093 1766 2.383910233209146 2.220784329894193
323 2094 1766 3.3803887350420174 1.2807269540540893
323 2086 1767 4.69031214313092 0.7014527455097975
323 2087 1767 3.7071590200584934 1.099688896230907
323 2088 1767 2.7362434102251827 1.8270385042010358
323 2089 1767 1.797506050059477 3.2839967489585122
323 2090 1767 0.9874350611559783 6.241556568113293
323 2091 1767 0.847955187495069 6.901891210070058
323 2092 1767 1.5694037084190557 3.709787907256143
323 2093 1767 2.4913907762531298 2.0296905517663526
323 2094 1767 3.4570258894024586 1.2054696424792126
323 2086 1768 4.952073101237628 0.6360213944673053
323 2087 1768 4.0332403846040386 0.9542549219183731
323 2088 1768 3.1640208596026396 1.463404518228428
323 2089 1768 2.398963943038809 2.235100927908306
323 2090 1768 1.870568897421316 3.077624602295049
323 2091 1768 1.8008409146839386 3.1382576159176536
323 2092 1768 2.2331654663278697 2.3297372991133116
323 2093 1768 2.9548312980606966 1.5318035659041194
323 2087 1769 4.55971797373487 0.756729937090114
323 2088 1769 3.812483180290834 1.0588992462472469
323 2089 1769 3.2060923255577336 1.4163930145057377
323 2090 1769 2.832495013234778 1.696918726005788
323 2091 1769 2.786938822435751 1.700217687300644
323 2092 1769 3.0839954604375244 1.423398022081467
323 2088 1770 4.589011658298593 0.7407134516562669
323 2089 1770 4.099149667918956 0.9096243538323813
323 2090 1770 3.8140566330351953 1.020173644251967
165 1730 1156 6.263675997367634 2.2621119200508226
165 1731 1156 5.76989055355467 2.437377081929019
165 1730 1157 5.459453910419937 2.8049653912934223
165 1731 1157 4.885042169725818 3.1134580549538895
165 1732 1157 4.463366106426799 3.3187880572247264
165 1733 1157 4.240240205460006 3.3625065037136626
165 1734 1157 4.247073933898433 3.2304197113486937
165 1729 1158 5.506326997191473 2.910057245399826
165 1730 1158 4.730500713455147 3.4581659741054644
165 1731 1158 4.054088923543691 4.012887324202916
165 1732 1158 3.534633927297088 4.447517460064259
165 1733 1158 3.248328339315413 4.597464463456144
165 1734 1158 3.257243773499248 4.390084304188628
165 1735 1158 3.5591624014646497 3.9235822155862885
165 1729 1159 4.989151931941918 3.3362617220117126
165 1730 1159 4.116993684717013 4.160382895226438
165 1731 1159 3.3177759116612684 5.145997510432595
165 1732 1159 2.6581265959317575 6.1198890096280065
165 1733 1159 2.2635452281763104 6.620357305554948
165 1734 1159 2.276320935193396 6.259852922223569
165 1735 1159 2.6906573546253956 5.328664962361145
165 1736 1159 3.3611957693653793 4.3251341391535885
165 1729 1160 4.6328864652611434 3.6232313408133394
165 1730 1160 3.6771778580862637 4.7215984655335435
165 1731 1160 2.7531140550293003 6.29244826419582
165 1732 1160 1.907259028029457 8.448997114101694
165 1733 1160 1.3021662720251443 10.39305832295405
165 1734 1160 1.3242495988294105 9.64100214213928
165 1735 1160 1.9523414148144906 7.3534074806732015
165 1736 1160 2.805287329312247 5.472143600990453
165 1729 1161 4.476118519431764 3.6575963053771035
165 1730 1161 3.4775906889684416 4.85840406182103
165 1731 1161 2.4802493826226413 6.747756152475243
165 1732 1161 1.4864847796058949 10.102651343585705
165 1733 1161 0.5173364475851073 17.773371309551177
165 1734 1161 0.5706461250196756 16.246825648362815
165 1735 1161 1.5439031705388664 9.518447457982159
165 1736 1161 2.538038021779807 6.439870255940485
165 1737 1161 3.5354825696077117 4.669756526555859
165 1729 1162 4.539563525274223 3.4235375512197916
165 1730 1162 3.558881425391989 4.48063491607572
165 1731 1162 2.592997686076891 6.059909916843883
165 1732 1162 1.667824031485367 8.542882110628442
165 1733 1162 0.9163170848565986 12.227743182524323
165 1734 1162 0.947437069150288 12.961030994922556
165 1735 1162 1.719196614701204 9.240041924738422
165 1736 1162 2.6483272078804903 6.496965050300824
165 1737 1162 3.615471891745262 4.764346091561937
165 1729 1163 4.814523548597539 3.0191839342901705
165 1730 1163 3.903541597062882 3.8165496973889597
165 1731 1163 3.0488747104464995 4.872613818549768
165 1732 1163 2.313792773780794 6.196720888126201
165 1733 1163 1.8470617206796884 7.503375965870424
165 1734 1163 1.8626961641663957 7.9039191946767975
165 1735 1163 2.351092724670849 6.973230753207342
165 1736 1163 3.0960679902095483 5.586152207080156
165 1737 1163 3.9552037874173034 4.371674246550073
165 1730 1164 4.450801837871503 3.1242261837945637
11 1918 594 5.952642522443263 0.23753466317317176
11 1919 594 5.752386722048478 0.24756996270997486
11 1916 595 5.9746090248651305 0.22637546434329364
11 1917 595 5.417744272296341 0.3003979235594525
11 1918 595 5.000795236759825 0.36615568033870616
11 1919 595 4.760667285160738 0.39433138727346584
11 1920 595 4.7243997502327915 0.36847074289467535
11 1916 596 5.222064055524399 0.3024506663783075
11 1917 596 4.574489370410634 0.43610452319418264
11 1918 596 4.072094424249004 0.5790261317277018
11 1919 596 3.773321216117146 0.6597892101426933
11 1920 596 3.727459322380289 0.6160093856890945
11 1921 596 3.9433428712197567 0.48349086650466483
11 1915 597 5.402587620761004 0.2417999283430554
11 1916 597 4.565517823861823 0.38624237987605653
11 1917 597 3.807880381524602 0.6163209698739367
11 1918 597 3.1868405984610995 0.9307612955949318
11 1919 597 2.794987119827182 1.1797789532727985
11 1920 597 2.732755569018165 1.1061097926041927
11 1921 597 3.0205881877541243 0.7981725546937071
11 1922 597 3.5749060127505023 0.5116219539592056
11 1915 598 4.976138362224278 0.2694253043108846
11 1916 598 4.051907328654009 0.45722966583318936
11 1917 598 3.1739491174245402 0.8095764582785756
11 1918 598 2.393732023431187 1.459712247495751
11 1919 598 1.8400959214127712 2.307754187992451
11 1920 598 1.744119548654812 2.2196121538053593
11 1921 598 2.167476182106695 1.3561373990508159
11 1922 598 2.8903205704557693 0.7509377417772314
11 1915 599 4.726092783685081 0.277132612091206
11 1916 599 3.7405819066022516 0.48673770737582683
11 1917 599 2.765493265224142 0.9241615459084223
11 1918 599 1.81767791426315 1.9684396960333068
11 1919 599 0.9797719122326303 4.7971912163736095
11 1920 599 0.7848267324702529 5.422276688747424
11 1921 599 1.5072999038014576 2.2288436923490718
11 1922 599 2.434738795025009 1.0246250331363467
11 1915 600 4.68080687488816 0.2620844104973509
11 1916 600 3.683198745655766 0.45959641275435914
11 1917 600 2.6873691596057574 0.8740906938629073
11 1918 600 1.6964530644848697 1.8940989764747904
11 1919 600 0.7307208769427996 5.321763327721418
11 1920 600 0.43583597832212423 9.544289289271799
11 1921 600 1.3586585295798028 2.802141470775383
11 1922 600 2.3456242239540206 1.1879058691863549
11 1916 601 3.891009252109313 0.3898308388192009
11 1917 601 2.965797194684799 0.6998894720883917
11 1918 601 2.109965165589274 1.340575797862082
11 1919 601 1.4518791272003753 2.6182696003209722
11 1920 601 1.3281389234564553 3.509347884136231
11 1921 601 1.8493114935023849 2.1586982176677596
11 1922 601 2.660066352555885 1.0949254213290962
11 1917 602 3.517094397368415 0.5070432900445698
11 1918 602 2.833011295424048 0.845020987848298
11 1919 602 2.3836847526466647 1.315688129154102
11 1920 602 2.310401047437466 1.5933778305902997
11 1921 602 2.6446082885750943 1.3035079384675117
11 1922 602 3.263426573404102 0.8342157791885363
11 1918 603 3.6878114105794935 0.5265303735369896
11 1919 603 3.3549892697295265 0.7257130557180602
11 1920 603 3.303324537492526 0.840621477663068
11 1921 603 3.5451308861592343 0.7681020682485242
280 2264 1631 24.94119888858605 0.07807086012365451
280 2265 1631 24.13548014852834 0.08115465222111501
280 2266 1631 23.344793894999487 0.0834587034632606
280 2267 1631 22.570720015099315 0.0848727483620492
280 2268 1631 21.815026976834215 0.08532619243436541
280 2262 1632 26.059267104045862 0.07838100488511685
280 2263 1632 25.209986156283517 0.08444119481758294
280 2264 1632 24.372143976269427 0.09014411505539371
280 2265 1632 23.546961629900487 0.0952665947628261
280 2266 1632 22.735817601309293 0.09958129373005123
280 2267 1632 21.940268959153737 0.10287649697828566
280 2268 1632 21.162074614744288 0.1049778142980148
280 2269 1632 20.403220383067087 0.10576821271405172
280 2270 1632 19.665945235355554 0.10520248613698642
280 2262 1633 25.554322569772946 0.08560208309961942
280 2263 1633 24.687677128478626 0.0937936269180297
280 2264 1633 23.83147922391739 0.10191565941789459
280 2265 1633 22.986896310724635 0.1096892033869641
280 2266 1633 22.15525675770889 0.11679458935386688
280 2267 1633 21.33807399930943 0.12289292764483771
280 2268 1633 20.537073842200712 0.12765669004710845
280 2269 1633 19.754224915192303 0.1308058689790812
280 2270 1633 18.991771955244303 0.13214350867927754
280 2271 1633 18.252271146353365 0.1315830620551011
280 2272 1633 17.5386260009159 0.12916100143631953
280 2273 1633 16.854121217079307 0.125031461148712
280 2274 1633 16.20245049367541 0.1194442947583626
280 2275 1633 15.587732420079648 0.11271198950743688
280 2262 1634 25.079102894641327 0.09106081854735758
280 2263 1634 24.19544176079467 0.10148798245424233
280 2264 1634 23.321179258348113 0.11231230915988699
280 2265 1634 22.457413074528553 0.12324661746824399
280 2266 1634 21.605402148536964 0.13391403540065713
280 2267 1634 20.76659341346108 0.14385851040841954
280 2268 1634 19.942652832559787 0.15257267510032246
280 2269 1634 19.135501090904427 0.1595441375908664
280 2270 1634 18.347354087170284 0.1643159104404065
280 2271 1634 17.580767958198063 0.1665504909823009
280 2272 1634 16.83868765670304 0.1660828157375588
280 2273 1634 16.12449695339371 0.16294780373338752
280 2274 1634 15.442065988720636 0.1573744419008761
280 2275 1634 14.795790009323674 0.14974817335888305
280 2276 1634 14.190609641590521 0.14055235848353229
280 2277 1634 13.63199919307515 0.1303039239184997
280 2278 1634 13.12590575922291 0.11949691587182384
280 2263 1635 23.735151189744016 0.1066169624526334
280 2264 1635 22.84327914289029 0.12013458300077465
280 2265 1635 21.960724077315987 0.13445253729793066
280 2266 1635 21.08865576560075 0.149224122714311
280 2267 1635 20.228430537241522 0.16395345044118526
280 2268 1635 19.381625370437977 0.1779972048582151
280 2269 1635 18.55007822085946 0.19059553026078252
280 2270 1635 17.735935329156007 0.20093895474704665
280 2271 1635 16.94170599437978 0.2082687455872998
280 2272 1635 16.17032473390697 0.21199419158766422
280 2273 1635 15.425219674286753 0.21179782976959094
280 2274 1635 14.710384155419012 0.20769668599942823
280 2275 1635 14.030445538185962 0.20003891016696368
280 2276 1635 13.390720742364916 0.1894369737267865
280 2277 1635 12.797241968486867 0.17665976983227144
280 2278 1635 12.256728845821844 0.16251586912768143
280 2279 1635 11.776476637772475 0.14775597629394116
280 2280 1635 11.364127859189217 0.13300965452668737
280 2264 1636 22.399852722730266 0.12431834711288182
280 2265 1636 21.499102353354342 0.14178564392889673
280 2266 1636 20.6075083889345 0.1607072395266927
280 2267 1636 19.726312427821007 0.18070004290289168
280 2268 1636 18.85697223840575 0.20114190802214024
280 2269 1636 18.001205570738996 0.2211466624001728
280 2270 1636 17.16104315011195 0.23958401492889425
280 2271 1636 16.33889231251629 0.25516673146325497
280 2272 1636 15.537612493559092 0.26661322809253524
280 2273 1636 14.76060303646173 0.27286427909211963
280 2274 1636 14.011902154953939 0.2732980678350753
280 2275 1636 13.296292791601818 0.2678702896262557
280 2276 1636 12.619405770479135 0.2571245080357674
280 2277 1636 11.987802217254076 0.24206852368470547
280 2278 1636 11.409005302829925 0.22396568974510686
280 2279 1636 10.89143709525979 0.20411424557890526
280 2280 1636 10.444204230098176 0.1836746444602383
280 2281 1636 10.076676138489331 0.16357132643965114
280 2282 1636 9.797826391603389 0.14446422188448907
280 2264 1637 21.99298529076957 0.12423597383932304
280 2265 1637 21.074852360099854 0.1441017146546061
280 2266 1637 20.1645084740493 0.16653585945667435
280 2267 1637 19.26305796077055 0.19144958388473282
280 2268 1637 18.371809981599668 0.21849328762033202
280 2269 1637 17.492324088010854 0.24695401912274872
280 2270 1637 16.62646691272696 0.27566655044996025
280 2271 1637 15.776482561078183 0.3029823424522306
280 2272 1637 14.945079524713265 0.3268543091832206
280 2273 1637 14.13553684866632 0.34508357253644767
280 2274 1637 13.351831409960319 0.3557188931208013
280 2275 1637 12.598785735141407 0.3575086651010925
280 2276 1637 11.882230514512088 0.3502338786611149
280 2277 1637 11.209165981463645 0.3347696355834175
280 2278 1637 10.58788940252029 0.3128450916682065
280 2279 1637 10.028030813674293 0.28661602586558393
280 2280 1637 9.54040890109018 0.2582277414396128
280 2281 1637 9.136596850031216 0.22950293186017912
280 2282 1637 8.828102967229142 0.20179710881358695
280 2283 1637 8.625160984004856 0.17599142935249132
280 2284 1637 8.535303275221054 0.1525653148929553
280 2265 1638 20.69027312531196 0.141014393897385
280 2266 1638 19.762221585641782 0.16567598570631117
280 2267 1638 18.841533960906837 0.19420944709372823
280 2268 1638 17.929344717529563 0.22676980911661015
280 2269 1638 17.027019762718457 0.2631977212953912
280 2270 1638 16.136213992135964 0.3028255757584819
280 2271 1638 15.258944983189505 0.3442579300582844
280 2272 1638 14.397687383743396 0.38519455814975695
280 2273 1638 13.555493425176504 0.4224218128950469
280 2274 1638 12.736145492259542 0.45212616524729776
280 2275 1638 11.944346026468033 0.470608493170364
280 2276 1638 11.1859466295885 0.47525679893972594
280 2277 1638 10.468209111400189 0.46537549247151594
280 2278 1638 9.800071530351275 0.44242450722609145
280 2279 1638 9.1923556284557 0.4095261199033375
280 2280 1638 8.6577942918506 0.370526503448172
280 2281 1638 8.210688278092187 0.3290825060750905
280 2282 1638 7.865964785072463 0.2880913082419223
280 2283 1638 7.63749972176757 0.2495104120067627
280 2284 1638 7.53587433547026 0.21444530397113418
280 2285 1638 7.566201292590554 0.1833534820636028
280 2286 1638 7.726927073552499 0.15625975111266083
280 2287 1638 8.010206114701308 0.1329332716146903
280 2265 1639 20.347614159896157 0.1330360161445699
280 2266 1639 19.4031802032555 0.15828473164074097
280 2267 1639 18.46459861464651 0.18843019747236553
280 2268 1639 17.532809301421306 0.22420298109358758
280 2269 1639 16.608955475887246 0.26623064467745444
280 2270 1639 15.694438569123925 0.31484188028799087
280 2271 1639 14.790990568586142 0.3697517489636607
280 2272 1639 13.90076983479706 0.42961716579500886
280 2273 1639 13.026488475410536 0.49152512561965156
280 2274 1639 12.17158173780233 0.550626428956549
280 2275 1639 11.340432178713595 0.6003152664083157
280 2276 1639 10.538662249071388 0.6333816791723952
280 2277 1639 9.773505103083645 0.6441228996345834
280 2278 1639 9.054247732418286 0.6305235324222478
280 2279 1639 8.392699327391712 0.5951216012869175
280 2280 1639 7.803550602129835 0.5439257775787729
280 2281 1639 7.304341311850135 0.4841705716727233
280 2282 1639 6.914578945966282 0.422290905575656
280 2283 1639 6.653525531626057 0.3628991680963626
280 2284 1639 6.536620074625681 0.30869588531504555
280 2285 1639 6.571560088745979 0.26087105620749707
280 2286 1639 6.755990082881908 0.21961541200908447
280 2287 1639 7.078234384364389 0.18455063471356897
280 2288 1639 7.5205985134162 0.15502858844493178
280 2289 1639 8.063336902300287 0.1303150667084936
280 2290 1639 8.687658027339545 0.10969109879353323
280 2291 1639 9.377281162469048 0.09250192835788319
280 2267 1640 18.13503245103261 0.17524454925139418
280 2268 1640 17.185383382398122 0.21135555313133475
280 2269 1640 16.24177952073002 0.25531769152020856
280 2270 1640 15.305339003106226 0.308552264471855
280 2271 1640 14.377461597931825 0.37236303333967424
280 2272 1640 13.459918350421148 0.44752296750500364
280 2273 1640 12.554975189143292 0.5335362700064807
280 2274 1640 11.665564795585478 0.6275109933720117
280 2275 1640 10.795526944063587 0.7228273441315137
280 2276 1640 9.949944823967744 0.8083736773927911
280 2277 1640 9.135611747442102 0.8698160440483738
280 2278 1640 8.361662633711179 0.894019718743546
280 2279 1640 7.6403797026065 0.875112887365503
280 2280 1640 6.988090010868565 0.8177169007744477
280 2281 1640 6.425838622312317 0.7343787199271732
280 2282 1640 5.979080364069401 0.6395883949364233
280 2283 1640 5.675156561717034 0.5449917712030871
280 2284 1640 5.537635054786433 0.4577562192522723
280 2285 1640 5.578835183082502 0.3811696492484878
280 2286 1640 5.794946246515044 0.3159591167259301
280 2287 1640 6.16760909915653 0.2614625493057335
280 2288 1640 6.670637300887979 0.216414563458795
280 2289 1640 7.277046241435991 0.1793942054153326
280 2290 1640 7.963253229679269 0.14904748148693928
280 2291 1640 8.71041916327779 0.1241795832628662
280 2292 1640 9.50417813385232 0.10377894251905063
280 2269 1641 15.929011331529813 0.23302381811432682
280 2270 1641 14.973022473769444 0.28564451146226183
280 2271 1641 14.023173749191173 0.3513022045444658
280 2272 1641 13.080802804109695 0.4329390695223128
280 2273 1641 12.147650060814385 0.5334979115587691
280 2274 1641 11.22601451985536 0.6550173021042298
280 2275 1641 10.318982604889058 0.7967358662620707
280 2276 1641 9.430768897603345 0.951828845715706
280 2277 1641 8.56722837328399 1.1033911430416394
280 2278 1641 7.736627301350497 1.2231143164631713
280 2279 1641 6.950784272296292 1.2789522234275714
280 2280 1641 6.226668611705711 1.252720420235035
280 2281 1641 5.588327298933085 1.1532290459927346
280 2282 1641 5.068274065202116 1.009667441989139
280 2283 1641 4.705890138964149 0.8532701925050887
280 2284 1641 4.539097046770386 0.705348262615416
280 2285 1641 4.589270312369851 0.5760202427784453
280 2286 1641 4.849680608039966 0.4678399211109394
280 2287 1641 5.289366880827849 0.37951645291441066
280 2288 1641 5.868168538820111 0.30829449742287635
280 2289 1641 6.5493054593596245 0.2511689495452202
280 2290 1641 7.304204405682895 0.2054006484151781
280 2291 1641 8.112299427412493 0.16867951477291335
280 2292 1641 8.959207665859559 0.13913124725203332
280 2293 1641 9.834907320356217 0.11526509346207721
280 2269 1642 15.673908319242054 0.20391332285701896
280 2270 1642 14.701340142993935 0.25167565187859886
280 2271 1642 13.732712841969883 0.3126066900996585
280 2272 1642 12.768923290552111 0.390769893339428
280 2273 1642 11.811155828283862 0.4914249639090327
280 2274 1642 10.861003728937922 0.6210953440904742
280 2275 1642 9.92065532109664 0.7870947627460568
280 2276 1642 8.993186420841209 0.9955581373612541
280 2277 1642 8.083031733205205 1.246035754361087
280 2278 1642 7.196763300262276 1.5201778197925269
280 2279 1642 6.344399262341676 1.7668388141256832
280 2280 1642 5.541606445788191 1.9042453765640595
280 2281 1642 4.813252746324554 1.8696368701958315
280 2282 1642 4.198261783166991 1.680059499466977
280 2283 1642 3.7527858985026192 1.4143135854516602
280 2284 1642 3.54138419265684 1.1453037373819153
280 2285 1642 3.6054683468308757 0.9101231188609666
280 2286 1642 3.931590263493768 0.7184793800894351
280 2287 1642 4.4626675878894035 0.567317260265178
280 2288 1642 5.135504064840982 0.44965261319843813
280 2289 1642 5.901813450118352 0.3583550186365246
280 2290 1642 6.729740113852653 0.2873739377257331
280 2291 1642 7.5991711390122765 0.23193097631960724
280 2292 1642 8.497376183269562 0.1883673646149059
280 2293 1642 9.41612457436691 0.15391634758707182
280 2294 1642 10.349946956385624 0.1264924388010664
280 2270 1643 14.493702149554649 0.21324580499640566
280 2271 1643 13.510196223593669 0.2654574262245152
280 2272 1643 12.529301736330092 0.33327096163643477
280 2273 1643 11.55168394650771 0.4222922645878491
280 2274 1643 10.57825136778303 0.5404418907264918
280 2275 1643 9.61027585452172 0.6989082133572548
280 2276 1643 8.649589701251893 0.9132232194458214
280 2277 1643 7.698922132350894 1.203668625818415
280 2278 1643 6.762499685767244 1.591905205268384
280 2279 1643 5.847170426796341 2.084030273898723
280 2280 1643 4.964614990107624 2.61961025081974
280 2281 1643 4.135867744500658 2.9973322679703944
280 2282 1643 3.400500257315177 2.9649075574912493
280 2283 1643 2.832207972589621 2.5479160496541007
280 2284 1643 2.545466951268439 2.010028961318687
280 2285 1643 2.6338948346506683 1.5311482161720813
280 2286 1643 3.0651920005114035 1.157638510288773
280 2287 1643 3.7220158516587123 0.8791915632490706
280 2288 1643 4.506817280520519 0.6738024466311904
280 2289 1643 5.363711588070148 0.5217967274484139
280 2290 1643 6.26317826666283 0.40830594910884405
280 2291 1643 7.1892560115770845 0.3226639855532705
280 2292 1643 8.132859398759878 0.25732558179599635
280 2293 1643 9.088531344502066 0.20694688691986235
280 2294 1643 10.052830546666751 0.16771428303459823
280 2270 1644 14.352888280760954 0.17561479020674853
280 2271 1644 13.359019499948518 0.21789914189591586
280 2272 1644 12.366139332872017 0.27278782820736225
280 2273 1644 11.374506670621106 0.34495359687434585
280 2274 1644 10.384478898818355 0.4412200371759873
280 2275 1644 9.39656330793356 0.571777680298479
280 2276 1644 8.411504146108644 0.7522212546545117
280 2277 1644 7.430437537588385 1.0070199416801875
280 2278 1644 6.455184118210895 1.3753811737399855
280 2279 1644 5.488843411867549 1.9202106425085719
280 2280 1644 4.53711384031759 2.7346756298946184
280 2281 1644 3.611565034718475 3.8952637489603976
280 2282 1644 2.7388687445733297 5.111224061752098
280 2283 1644 1.9898246153870736 5.19741527777311
280 2284 1644 1.5547996655517857 4.033361821226633
280 2285 1644 1.695701034970367 2.8401181033787593
280 2286 1644 2.3094159434799097 1.9912657894548849
280 2287 1644 3.1291216019833477 1.4229699924987502
280 2288 1644 4.031054700695398 1.039528800490053
280 2289 1644 4.970654081707767 0.7749670569862648
280 2290 1644 5.930042326998832 0.5880575881922077
280 2291 1644 6.900971091085467 0.45310998942544267
280 2292 1644 7.879175210642099 0.35379256936636144
280 2293 1644 8.862245877879749 0.27946136353663326
280 2294 1644 9.848725907445909 0.2230068329547391
280 2295 1644 10.837684346759499 0.17957136884247896
280 2271 1645 13.2816189525225 0.17487337845533035
280 2272 1645 12.282483543648837 0.21736555770062063
280 2273 1645 11.283501318296734 0.2727499991292878
280 2274 1645 10.284716913945847 0.3459626355431827
280 2275 1645 9.286194161226836 0.44434361404189804
280 2276 1645 8.288027630263006 0.5791368882314359
280 2277 1645 7.290363639764662 0.7681949980816074
280 2278 1645 6.293441189047711 1.0411462242937164
280 2279 1645 5.297678925718499 1.4499998794985154
280 2280 1645 4.3038822009903495 2.092996459051163
280 2281 1645 3.313819850263614 3.174920786658156
280 2282 1645 2.3322525592226904 5.1816088777045985
280 2283 1645 1.3774621591900147 9.300288531747142
280 2284 1645 0.5961560198471927 11.250844422851172
280 2285 1645 0.9018880196563626 6.2953912617340695
280 2286 1645 1.808701744345735 3.7314356813557117
280 2287 1645 2.780180209986204 2.4056740955842764
280 2288 1645 3.7666167843302776 1.641116406586357
280 2289 1645 4.758718524981089 1.1650792535424404
280 2290 1645 5.753555596324574 0.8521395797743967
280 2291 1645 6.749918666176463 0.6379325353962998
280 2292 1645 7.747218984900135 0.4866373432118118
280 2293 1645 8.7451359051759 0.3770566008429408
280 2294 1645 9.743479973807938 0.2960304228489111
280 2295 1645 10.742132097493307 0.23506823037095362
280 2296 1645 11.741013670036994 0.18851604379323667
280 2297 1645 12.740070721938524 0.1525077991813852
280 2272 1646 12.2799593647538 0.1704885372276222
280 2273 1646 11.280753609577875 0.21170443456731958
280 2274 1646 10.281702290963489 0.2653488078806246
280 2275 1646 9.282855271951808 0.3361458828450337
280 2276 1646 8.284286450866068 0.43110221441211016
280 2277 1646 7.286110210530907 0.560917531650549
280 2278 1646 6.288513496845051 0.7425188737555523
280 2279 1646 5.291824071149947 1.0038793302479876
280 2280 1646 4.296673364360111 1.3938595572904466
280 2281 1646 3.304451845616949 2.004243526277777
280 2282 1646 2.3189225946548735 3.025446605508857
280 2283 1646 1.3547700911964802 4.911372166455548
280 2284 1646 0.5416659487176099 8.903093756223575
280 2285 1646 0.8668344709342016 12.56999541353392
280 2286 1646 1.7914803934175239 6.892360343693491
280 2287 1646 2.769007403384656 3.9918903238067087
280 2288 1646 3.758377575496994 2.5425013371854273
280 2289 1646 4.752199701190839 1.7214955742906908
280 2290 1646 5.748165098533438 1.2158513931513557
280 2291 1646 6.745324454761057 0.8858906431414857
280 2292 1646 7.743216515118067 0.6612408283361746
280 2293 1646 8.741590358738895 0.5032196443937343
280 2294 1646 9.740297839388509 0.38913969873094123
280 2295 1646 10.73924587668967 0.3050109553304665
280 2296 1646 11.738373055922004 0.2418550503806419
280 2297 1646 12.737637222028082 0.19371880793477375
280 2298 1646 13.73700848074263 0.15654601750433184
280 2273 1647 11.366327551148803 0.16287448784424635
280 2274 1647 10.375519360494874 0.20152736197158103
280 2275 1647 9.386660854638544 0.2515094298303733
280 2276 1647 8.400440583683883 0.3169430278358421
280 2277 1647 7.417910891888824 0.4038122646969557
280 2278 1647 6.440760979884479 0.520999029354011
280 2279 1647 5.471873719303298 0.6820155805502455
280 2280 1647 4.5165697160568365 0.90797193171377
280 2281 1647 3.5857219635662445 1.232716853112041
280 2282 1647 2.7046999833624787 1.7114486013221226
280 2283 1647 1.9425246459184555 2.4320424784533294
280 2284 1647 1.4937878028690186 3.506289847816777
280 2285 1647 1.6399396330352771 4.877934462941488
280 2286 1647 2.2687886635822885 5.58896976782646
280 2287 1647 3.099258298367391 4.660665931932127
280 2288 1647 4.007917414318659 3.3072145160920665
280 2289 1647 4.9519089248489205 2.295578677106205
280 2290 1647 5.9143386781615765 1.6211951652938708
280 2291 1647 6.887481542624826 1.17207937030048
280 2292 1647 7.867363090642079 0.8661937144331819
280 2293 1647 8.851745703531982 0.652509063811587
280 2294 1647 9.839278530461293 0.4996922420172566
280 2295 1647 10.829099777913036 0.388125623148433
280 2296 1647 11.820634585334062 0.30519781371898347
280 2297 1647 12.813485162124916 0.24258494799258123
280 2298 1647 13.807367670921023 0.19465792915883887
280 2299 1647 14.802074246537027 0.1575260391779928
280 2274 1648 10.563588500126464 0.15270028660274176
280 2275 1648 9.594133728482406 0.18785035438078668
280 2276 1648 8.631651174601725 0.23281794918904133
280 2277 1648 7.6787630514297645 0.29091117559244706
280 2278 1648 6.739540192031098 0.3667564433196347
280 2279 1648 5.820601515307692 0.46688931541352646
280 2280 1648 4.933295247600921 0.600600685176917
280 2281 1648 4.098219369433689 0.7810603917675254
280 2282 1648 3.35460906813314 1.0264705930801954
280 2283 1648 2.776941122890567 1.3599151960120024
280 2284 1648 2.483828093890628 1.8028453213885334
280 2285 1648 2.574374098688841 2.347108846833843
280 2286 1648 3.0142000597172727 2.8820318934281337
280 2287 1648 3.6801361387860694 3.138446608897018
280 2288 1648 4.472292700617757 2.9190311547009467
280 2289 1648 5.3347354198684025 2.3954963256343236
280 2290 1648 6.2383813605772875 1.8455597929882708
280 2291 1648 7.16766363608099 1.3929420224946294
280 2292 1648 8.11377852791148 1.0509310455924044
280 2293 1648 9.071460852585819 0.7990168704658984
280 2294 1648 10.03740016139621 0.6138426008381942
280 2295 1648 11.009423327313574 0.4767488398841127
280 2296 1648 11.986050308587725 0.37418039926602426
280 2297 1648 12.966240858475347 0.2965650904522519
280 2298 1648 13.949243778785828 0.23717097823940914
280 2299 1648 14.934503741336528 0.19123611088188228
280 2300 1648 15.92160174103078 0.15535862031992004
280 2276 1649 8.969024584647064 0.17187466144846952
280 2277 1649 8.056140639288955 0.21112871042129114
280 2278 1649 7.166547425364788 0.26099065008427774
280 2279 1649 6.310103168728885 0.3247401596384271
280 2280 1649 5.502308788136299 0.4067129757563962
280 2281 1649 4.767955746439093 0.5125351759425955
280 2282 1649 4.1462515601445595 0.6491882869351918
280 2283 1649 3.6945097103676456 0.8244535116064838
280 2284 1649 3.4795692262118387 1.0446270504031818
280 2285 1649 3.5447710786452884 1.3082580103662589
280 2286 1649 3.87600335397168 1.5932028353050098
280 2287 1649 4.413774121995749 1.8406769946916848
280 2288 1649 5.093073924458487 1.9620013333229693
280 2289 1649 5.864929837602373 1.89889042121165
280 2290 1649 6.6974175620158425 1.6829473613468808
280 2291 1649 7.570561537957264 1.401806387705046
280 2292 1649 8.471800398970545 1.127193059276077
280 2293 1649 9.393050729129335 0.8918633394613167
280 2294 1649 10.328959386114207 0.7022988348095505
280 2295 1649 11.275876994717368 0.5537819333517128
280 2296 1649 12.231246951966753 0.4386323353337225
280 2297 1649 13.193233189783149 0.3494905988404036
280 2298 1649 14.160487350370229 0.28027426970517705
280 2299 1649 15.131999273063519 0.22624505386750615
280 2300 1649 16.106998541006778 0.18380325668243838
280 2277 1650 8.53460028355184 0.15477456583920454
280 2278 1650 7.700480634350221 0.18819864512194875
280 2279 1650 6.910528344490197 0.22985584616878987
280 2280 1650 6.181698957406616 0.2819028806801988
280 2281 1650 5.538176775799204 0.3469679283985643
280 2282 1650 5.012923498319249 0.42808986159243045
280 2283 1650 4.646224488765144 0.5284130773536008
280 2284 1650 4.477209175368128 0.650356424947465
280 2285 1650 4.528068241535256 0.7937989092078959
280 2286 1650 4.791805713924534 0.952812142785763
280 2287 1650 5.236353884144906 1.1113159650958462
280 2288 1650 5.820429709222427 1.2408494950050646
280 2289 1650 6.506566068211304 1.3072134796310486
280 2290 1650 7.265906825716824 1.2886266895673444
280 2291 1650 8.07783399185685 1.191494876526989
280 2292 1650 8.92801220877288 1.045477915422954
280 2293 1650 9.806497947789374 0.8839811275106141
280 2294 1650 10.706325326646713 0.7303189158394614
280 2295 1650 11.62253853510482 0.5957327216894489
280 2296 1650 12.551549784787378 0.48318071960581344
280 2297 1650 13.49071539985911 0.3913954957125418
280 2298 1650 14.438053954740415 0.3174971070587753
280 2299 1650 15.392056457796501 0.25832352034256983
280 2300 1650 16.351556561991114 0.21099216730126913
280 2301 1650 17.315640386656057 0.1730760676609888
280 2278 1651 8.320781333504858 0.13754759639659647
280 2279 1651 7.5956172889372535 0.16545198457455987
280 2280 1651 6.939121125906518 0.1995477270511702
280 2281 1651 6.372550666726925 0.2411607641653151
280 2282 1651 5.921773551901609 0.29175412941523415
280 2283 1651 5.614748614141245 0.35277915034359814
280 2284 1651 5.4757101822503955 0.42534595318494695
280 2285 1651 5.517372744341303 0.5095968659574495
280 2286 1651 5.73580003138184 0.6036739064365204
280 2287 1651 6.112070189387516 0.7023317986708913
280 2288 1651 6.619320357861461 0.7957343728309882
280 2289 1651 7.230034716375766 0.8697707074543813
280 2290 1651 7.920315776533056 0.9094979066972205
280 2291 1651 8.671182272331615 0.9054070104710955
280 2292 1651 9.468231197008114 0.8585272847325345
280 2293 1651 10.30074764276833 0.7798360468552248
280 2294 1651 11.160797552146395 0.6845393879846797
280 2295 1651 12.042483215682577 0.5861243749351626
280 2296 1651 12.941383310913722 0.49355307891222755
280 2297 1651 13.854147465650703 0.4113514128712468
280 2298 1651 14.778206995437419 0.34092032727722144
280 2299 1651 15.711569049588748 0.2818788870107884
280 2300 1651 16.652669515726142 0.23301928324537288
280 2301 1651 17.60026710024579 0.19287032274396904
280 2302 1651 18.553366325278926 0.15998646935696698
280 2280 1652 7.751735418601582 0.14389328233553542
280 2281 1652 7.2489586838387945 0.17138940996400445
280 2282 1652 6.856048570423163 0.2041952288100527
280 2283 1652 6.5926779081038935 0.24305063926154427
280 2284 1652 6.4746738914018485 0.28853053607200074
280 2285 1652 6.509946389948261 0.3407988915537344
280 2286 1652 6.6960736256406275 0.3992276364883462
280 2287 1652 7.021068437210938 0.4618877367504088
280 2288 1652 7.4668200728288125 0.5250267790109385
280 2289 1652 8.013201732141711 0.5828362961626177
280 2290 1652 8.641145873088739 0.6279871911533854
280 2291 1652 9.334206018724794 0.6532859499087081
280 2292 1652 10.078958378721374 0.6541005381673137
280 2293 1652 10.864778046513303 0.6302743853763779
280 2294 1652 11.683381445454781 0.5861954947264437
280 2295 1652 12.528343944831523 0.5289686052332033
280 2296 1652 13.39467812229903 0.46597598675449836
280 2297 1652 14.278494388414904 0.4031507097747972
280 2298 1652 15.176738846010217 0.34437562131830135
280 2299 1652 16.0869948094725 0.2916821171365382
280 2300 1652 17.007333771052853 0.24576540574837186
280 2301 1652 17.936203667442964 0.20649935402039898
280 2302 1652 18.87234489934926 0.17332673858630657
280 2283 1653 7.576371295019881 0.17172091093334263
280 2284 1653 7.473914770720955 0.2013732446126183
280 2285 1653 7.5044921213897275 0.23517277146139756
280 2286 1653 7.666511723071982 0.272907141989771
280 2287 1653 7.95194328450598 0.31380856819804176
280 2288 1653 8.348137636622875 0.35632341362474207
280 2289 1653 8.84021504263324 0.39793935060013574
280 2290 1653 9.413150482171133 0.4352106472524092
280 2291 1653 10.05312896565036 0.46414323404745594
280 2292 1653 10.748181334532736 0.4810002536285512
280 2293 1653 11.4883158905036 0.48333446798394675
280 2294 1653 12.265374107624975 0.47079088436654803
280 2295 1653 13.072773309439615 0.44523089991514875
280 2296 1653 13.905229304114204 0.4101028890152108
280 2297 1653 14.75850270183246 0.3694246872177745
280 2298 1653 15.629184303731133 0.32687276391137143
280 2299 1653 16.514520943702706 0.2852644503650208
280 2300 1653 17.412277335259592 0.24643717403257806
280 2301 1653 18.32062777308667 0.21137753534502124
280 2302 1653 19.238071680914235 0.18044532825529214
280 2286 1654 8.643691456779345 0.19155231240560217
280 2287 1654 8.897831308807774 0.21896023872293366
280 2288 1654 9.253615617692335 0.24793566379740858
280 2289 1654 9.699866081549741 0.2773330447649334
280 2290 1654 10.2247445933871 0.30550289869676567
280 2291 1654 10.816811082754398 0.33036361418636984
280 2292 1654 11.465661864890226 0.3496403814971109
280 2293 1654 12.16221205208977 0.3612700815675968
280 2294 1654 12.898736449745659 0.36387626990624866
280 2295 1654 13.668774707339239 0.35713656146854794
280 2296 1654 14.466976256287852 0.3418741450178206
280 2297 1654 15.288930701654584 0.31982816446222806
280 2298 1654 16.13100747008679 0.2932141227615759
280 2299 1654 16.990214889753318 0.2642618136332059
280 2300 1654 17.864081336581375 0.2348788238632159
280 2301 1654 18.750557378381973 0.2064904066662538
280 2302 1654 19.647936329294083 0.18002663576405567
280 2292 1655 12.222904810232226 0.25434602525244665
280 2293 1655 12.878563662147954 0.26760016286501115
280 2294 1655 13.576280860382838 0.27584867443396055
280 2295 1655 14.309905729947944 0.27827789899960076
280 2296 1655 15.074196562337795 0.27463795862563833
280 2297 1655 15.864721932640238 0.26530151768823196
280 2298 1655 16.67775170698964 0.25117671806968744
280 2299 1655 17.5101513985458 0.23350982142066246
280 2300 1655 18.35928653297821 0.2136509934401883
280 2301 1655 19.222939473451888 0.19285424516039282
281 2206 1626 13.994731151401144 0.04398155029549032
281 2207 1626 14.640099043380722 0.04680812060944058
281 2208 1626 15.323592920721847 0.04929049250849253
281 2202 1627 11.003294961055946 0.04583120425990132
281 2203 1627 11.469633821530605 0.050480737973261185
281 2204 1627 12.001354090268244 0.05512384510239997
281 2205 1627 12.590174740645892 0.059605189136592435
281 2206 1627 13.22847307893082 0.06374480937009423
281 2207 1627 13.909439241033299 0.06734952779204495
281 2208 1627 14.627115231650997 0.0702295539963026
281 2209 1627 15.37636172831519 0.07221853946134463
281 2210 1627 16.152786137381863 0.0731938593884439
281 2211 1627 16.95265465937401 0.07309304935578899
281 2212 1627 17.772802255131147 0.07192263725549433
281 2213 1627 18.610548084352445 0.06975720616601694
281 2214 1627 19.46361990997548 0.06672892225165043
281 2215 1627 20.330088538911813 0.06301007134735818
281 2216 1627 21.20831204975995 0.0587925233877902
281 2195 1628 9.211541673357512 0.028647168798670665
281 2196 1628 9.018453304198104 0.032840372831932335
281 2197 1628 8.93378419260289 0.0375496366648503
281 2198 1628 8.960608238283873 0.04278826714256517
281 2199 1628 9.097939327122399 0.048546393835383894
281 2200 1628 9.340904667107996 0.05478138549437332
281 2201 1628 9.68155462722798 0.06140743247248677
281 2202 1628 10.11001978237427 0.06828577535315415
281 2203 1628 10.615672376255715 0.07521797671025687
281 2204 1628 11.188051662376171 0.08194544999740735
281 2205 1628 11.817465887405715 0.0881587056740018
281 2206 1628 12.495299116067503 0.0935188480557986
281 2207 1628 13.214102315329516 0.09769132334290608
281 2208 1628 13.967551682381435 0.10038799062100208
281 2209 1628 14.750338979155565 0.10140948349817061
281 2210 1628 15.55803650850568 0.10067755761203064
281 2211 1628 16.38696128023726 0.09824842973693473
281 2212 1628 17.23405059758137 0.09430315793637525
281 2213 1628 18.09675385255583 0.08911792520387295
281 2214 1628 18.97294125853959 0.08302261299718686
281 2215 1628 19.860828280814307 0.07635802993221191
281 2216 1628 20.758913748074416 0.06944039045073667
281 2217 1628 21.665929474638112 0.06253768953791247
281 2192 1629 9.515907733895034 0.026801074947690556
281 2193 1629 9.001805374479215 0.031127690488041735
281 2194 1629 8.573943083552773 0.03612538053613673
281 2195 1629 8.245756484398626 0.041868801224132834
281 2196 1629 8.02947694435955 0.048424409406435893
281 2197 1629 7.934261150226978 0.05584038563115243
281 2198 1629 7.9644522724416325 0.06413257434707752
281 2199 1629 8.118651365836586 0.07326617045449073
281 2200 1629 8.39002383786839 0.08313383268490376
281 2201 1629 8.767696390728831 0.09353259722672143
281 2202 1629 9.23864167505153 0.10414442317346494
281 2203 1629 9.789407540806467 0.11452797277582878
281 2204 1629 10.40732914824923 0.12413106418249137
281 2205 1629 11.081177735240855 0.1323320753944431
281 2206 1629 11.801377038295032 0.13851240085487193
281 2207 1629 12.559956210114619 0.14215077854272684
281 2208 1629 13.350374526581504 0.14291771363797573
281 2209 1629 14.167303907236404 0.14074158529773323
281 2210 1629 15.006415294799602 0.13582364151847784
281 2211 1629 15.86418923235584 0.1285964271363414
281 2212 1629 16.737756719464965 0.11964051790956505
281 2213 1629 17.624769502038717 0.10958677171782111
281 2214 1629 18.523296142965314 0.09903055125199471
281 2215 1629 19.431739500106346 0.08847387332427559
281 2216 1629 20.348771461687626 0.07829872920670583
281 2217 1629 21.273281364189973 0.06876579362194782
281 2191 1630 9.338763301422926 0.03301532420530385
281 2192 1630 8.700143676974719 0.03875579943705475
281 2193 1630 8.134648117773917 0.04549564540857639
281 2194 1630 7.658492018668055 0.053378012231883154
281 2195 1630 7.289204346154789 0.06254478819396785
281 2196 1630 7.043614129124439 0.07312164928770457
281 2197 1630 6.9348756297428285 0.08519463778893611
281 2198 1630 6.969397391453622 0.09877616537537098
281 2199 1630 7.145103218288741 0.11375965048369797
281 2200 1630 7.452013150820367 0.1298653487570245
281 2201 1630 7.874801584801947 0.146586160818336
281 2202 1630 8.395981181493847 0.163151132136016
281 2203 1630 8.998472092527619 0.1785331422722954
281 2204 1630 9.66708332435373 0.19152896539967756
281 2205 1630 10.389056742553556 0.2009250768304107
281 2206 1630 11.154035144287338 0.20572723414778676
281 2207 1630 11.953765097240142 0.2053884165698949
281 2208 1630 12.781725235663462 0.19994809301981456
281 2209 1630 13.632773012120305 0.19002185936882657
281 2210 1630 14.502844548570302 0.17664615638650502
281 2211 1630 15.388713396512227 0.16104525363819286
281 2212 1630 16.287802184456762 0.14440710270979032
281 2213 1630 17.19803767875841 0.12772833999835367
281 2214 1630 18.11773992527748 0.11174489368578797
281 2215 1630 19.045537535076114 0.0969317057145048
281 2216 1630 19.98030280050812 0.08354286794209752
281 2217 1630 20.921101787429652 0.07166660324435328
281 2189 1631 10.168210265332064 0.0341170066535609
281 2190 1631 9.374033283491366 0.04045144640453932
281 2191 1631 8.622789571826711 0.04803072624420284
281 2192 1631 7.926695402246957 0.05709051252572067
281 2193 1631 7.301540933255295 0.06789603694455272
281 2194 1631 6.767015590347208 0.0807338862884786
281 2195 1631 6.346061770893956 0.09589340011478376
281 2196 1631 6.062384019509264 0.11363163083678528
281 2197 1631 5.935697094697544 0.13411427355193112
281 2198 1631 5.975993641228246 0.1573250788699647
281 2199 1631 6.18000809060959 0.1829409281512522
281 2200 1631 6.5324191537285445 0.2101834972648275
281 2201 1631 7.010884394996049 0.2376853987606572
281 2202 1631 7.591607207963191 0.26344588890422077
281 2203 1631 8.253029746705039 0.2849771328518244
281 2204 1631 8.977332565968458 0.2997124602326047
281 2205 1631 9.750512807026992 0.3056263331424888
281 2206 1631 10.561841695461874 0.3018423619351165
281 2207 1631 11.403179381207527 0.28892554145954447
281 2208 1631 12.26835359777326 0.2686919123096308
281 2209 1631 13.152661327655162 0.24364563333068154
281 2210 1631 14.052490882402138 0.21633680229031574
281 2211 1631 14.96504259933779 0.18889575091404534
281 2212 1631 15.888124495987382 0.16283194117660826
281 2213 1631 16.82000297265116 0.13904481108611114
281 2214 1631 17.759293341796948 0.11794554392426476
281 2215 1631 18.704879042645345 0.09960668279902601
281 2216 1631 19.65585154604075 0.08389393133116985
281 2189 1632 9.619381476997585 0.04915821144131794
281 2190 1632 8.77567661209116 0.059074316029879684
281 2191 1632 7.968218119504722 0.07115858583057255
281 2192 1632 7.2091955168384025 0.08588567552074386
281 2193 1632 6.515558303016134 0.10380882035675779
281 2194 1632 5.910372238700542 0.12554715244922182
281 2195 1632 5.423329235810934 0.15174593710230563
281 2196 1632 5.088467352749861 0.18298889214815237
281 2197 1632 4.936851223198927 0.2196333577320722
281 2198 1632 4.985228179331444 0.2615362971058375
281 2199 1632 5.228049349422772 0.30765801918660984
281 2200 1632 5.640257086339188 0.3555998210195061
281 2201 1632 6.18809340588836 0.4012766765023013
281 2202 1632 6.839042330619 0.4391043729672538
281 2203 1632 7.566538178057263 0.46308791491174156
281 2204 1632 8.350598780925694 0.46873927125064413
281 2205 1632 9.176736892817472 0.45492028790083966
281 2206 1632 10.034565262132526 0.4243592417950784
281 2207 1632 10.91661577596264 0.3824450687892015
281 2208 1632 11.817465887405639 0.33519519721486957
281 2209 1632 12.733126089063735 0.28763025314635876
281 2210 1632 13.66061858043021 0.24310020238698135
281 2211 1632 14.597688173131889 0.20337066806548698
281 2212 1632 15.542602742140526 0.16904443282970896
281 2213 1632 16.49401406571468 0.14001004265304112
281 2214 1632 17.450859577682508 0.11578732953105042
281 2215 1632 18.412292089796775 0.09575146799647971
281 2187 1633 10.986924046338219 0.04872783866806541
281 2188 1633 10.05944829501124 0.05904425895493159
281 2189 1633 9.147267351510182 0.07182786434024452
281 2190 1633 8.25545274349043 0.08772352189599794
281 2191 1633 7.391380114701397 0.1075459839496496
281 2192 1633 6.566010965571318 0.1323132907011306
281 2193 1633 5.795903725908701 0.1632716339031836
281 2194 1633 5.106123774449844 0.2018906150793232
281 2195 1633 4.533486517019929 0.24978552917422503
281 2196 1633 4.127044947659408 0.30848516569712137
281 2197 1633 3.9385911186616736 0.3789101920323204
281 2198 1633 3.9990623901109843 0.4603881974385907
281 2199 1633 4.297964634568291 0.5491203735156297
281 2200 1633 4.790876746483811 0.6364823564083057
281 2201 1633 5.4251728083074795 0.7085833759233797
281 2202 1633 6.15731272553201 0.7493637144767776
281 2203 1633 6.956471806885872 0.7477315493837571
281 2204 1633 7.8020830551845295 0.7041599150544097
281 2205 1633 8.680581777738006 0.6303811280286862
281 2206 1633 9.582927527639802 0.5425023334220972
281 2207 1633 10.502975768799823 0.45407694911958113
281 2208 1633 11.436454870281953 0.3733312188604323
281 2209 1633 12.38032713622687 0.30377290830346365
281 2210 1633 13.332385382968607 0.2459112506319974
281 2211 1633 14.290993667341487 0.19875393579155973
281 2212 1633 15.254917240024414 0.16075255443055778
281 2213 1633 16.22320868385763 0.13029715105171238
281 2186 1634 11.63496884396367 0.0570047908083586
281 2187 1634 10.67016869594876 0.06979504649755584
281 2188 1634 9.712491956238853 0.08591907105969768
281 2189 1634 8.76427407147928 0.10637195663611912
281 2190 1634 7.828952675805592 0.13247769827866682
281 2191 1634 6.911765331664777 0.16599983266644622
281 2192 1634 6.021004899516581 0.2092791975254224
281 2193 1634 5.170348150753703 0.26538639975576095
281 2194 1634 4.383206588788828 0.3382390998180472
281 2195 1634 3.7003378224158614 0.4325398147586935
281 2196 1634 3.189435686763557 0.553174523479416
281 2197 1634 2.941513216016628 0.7032936338240722
281 2198 1634 3.0220026472523234 0.8797693128617571
281 2199 1634 3.4077118422776906 1.0651854416758015
281 2200 1634 4.011545836706739 1.220444286266837
281 2201 1634 4.751052514969577 1.2929128922374051
281 2202 1634 5.5724770075791525 1.2510581039621003
281 2203 1634 6.444571358903389 1.1136563449202486
281 2204 1634 7.349319696407106 0.9317546064161222
281 2205 1634 8.276019574650425 0.7501947828365496
281 2206 1634 9.21805293974799 0.5919834200662047
281 2207 1634 10.171160209140162 0.46329789524164955
281 2208 1634 11.132497473612814 0.3621314903513978
281 2209 1634 12.100103305343936 0.283804151405876
281 2210 1634 13.072585819186456 0.22346438060726684
281 2211 1634 14.048932343775963 0.17695584570503511
281 2212 1634 15.02838980064045 0.14097999533103917
281 2184 1635 13.39972014633164 0.053248559632285065
281 2185 1635 12.410983039228022 0.06538505703776855
281 2186 1635 11.424206755832335 0.08079482350452635
281 2187 1635 10.439947317874967 0.10052218083691125
281 2188 1635 9.458990432387818 0.12600327238937034
281 2189 1635 8.482481948109518 0.1592364500718966
281 2190 1635 7.512156814124917 0.20303589625472374
281 2191 1635 6.550763314301851 0.26141078153445213
281 2192 1635 5.6029010342859475 0.3401288550471515
281 2193 1635 4.676804464589267 0.4475303292768308
281 2194 1635 3.7884693479031433 0.5956020008912811
281 2195 1635 2.9719522203429234 0.8010036528558999
281 2196 1635 2.3048861143233945 1.0844776213433427
281 2197 1635 1.947434209415137 1.4628886742587601
281 2198 1635 2.06700266085942 1.9181945508110687
281 2199 1635 2.5985572920371576 2.3283512604343253
281 2200 1635 3.3514922049736366 2.4548697816587923
281 2201 1635 4.208622102303629 2.196160118273982
281 2202 1635 5.117860881266526 1.7455449157508236
281 2203 1635 6.055782360686168 1.3117835835250033
281 2204 1635 7.010884394995919 0.9693061597570292
281 2205 1635 7.976998182273634 0.7171802819152081
281 2206 1635 8.950558641783005 0.5352128669400347
281 2207 1635 9.929375609775068 0.4038428923182483
281 2208 1635 10.912034640707276 0.30821543534296353
281 2209 1635 11.897583788315808 0.23782708254129264
281 2210 1635 12.885359909602629 0.18540070407015968
281 2211 1635 13.874887386930181 0.1458984567898727
281 2212 1635 14.865816492880363 0.11580704888849187
281 2183 1636 14.290293908804196 0.05924564285828443
281 2184 1636 13.292573114337415 0.07320060482322761
281 2185 1636 12.295222649468592 0.09109912828924063
281 2186 1636 11.298340586121709 0.1142861108045754
281 2187 1636 10.302062900215889 0.14466195108474394
281 2188 1636 9.306583691129854 0.1849607858897942
281 2189 1636 8.312189843838008 0.23919752994677465
281 2190 1636 7.319323739253735 0.3134072600650209
281 2191 1636 6.328704448779612 0.4169085609569462
281 2192 1636 5.341582162618339 0.5645411493895677
281 2193 1636 4.360332556124817 0.7807821199139083
281 2194 1636 3.390058996537013 1.1075781752765652
281 2195 1636 2.4438698819702136 1.6193464449511645
281 2196 1636 1.566045976336796 2.4480818796408497
281 2197 1636 0.9656603957915184 3.7810959393304904
281 2198 1636 1.1884864324003852 5.4131441882711755
281 2199 1636 1.9729419656947234 5.390994516335424
281 2200 1636 2.893527259245871 3.75300704790697
281 2201 1636 3.8538941345084305 2.429881223014439
281 2202 1636 4.830372656431184 1.6082183768083376
281 2203 1636 5.814851674806298 1.1005894249930144
281 2204 1636 6.803859199013247 0.7762295471556276
281 2205 1636 7.795671876111561 0.5614747460483583
281 2206 1636 8.78934013450363 0.41478333851247695
281 2207 1636 9.784298646300401 0.31189833109313103
281 2208 1636 10.780190165298357 0.23810395413759242
281 2209 1636 11.776777997397888 0.18415414848545314
281 2210 1636 12.773899169791289 0.14405781084366512
281 2211 1636 13.7714378334288 0.11382754677173287
281 2181 1637 16.260150675808852 0.052150488821804335
281 2182 1637 15.260160549614367 0.06421937801868612
281 2183 1637 14.260171808221886 0.07963540461789459
281 2184 1637 13.260184764927137 0.0995189803235937
281 2185 1637 12.260199835239446 0.12544575860595542
281 2186 1637 11.260217582267446 0.1596721766950873
281 2187 1637 10.260238788644466 0.20549778771666516
281 2188 1637 9.260264575054215 0.26786637402917096
281 2189 1637 8.260296604844381 0.35440183273794335
281 2190 1637 7.260337457722138 0.477276760802976
281 2191 1637 6.2603913615685975 0.6567777757620761
281 2192 1637 5.260465758847052 0.9286083053704725
281 2193 1637 4.260575078554754 1.3603042455206995
281 2194 1637 3.2607514471362906 2.093189652429404
281 2195 1637 2.2610838109192186 3.472330304269027
281 2196 1637 1.2619429464126106 6.608100738109549
281 2197 1637 0.2692582403569194 18.954975537988968
281 2198 1637 0.7433034373657019 8.69495103450948
281 2199 1637 1.7414074767265793 4.218877036477715
281 2200 1637 2.740894014732929 2.4541852234339
281 2201 1637 3.7406550228533986 1.5613138626986751
281 2202 1637 4.740516849458287 1.050444398269692
281 2203 1637 5.740426813399635 0.7350157604310831
281 2204 1637 6.740363491681814 0.529692933211234
281 2205 1637 7.7403165309951385 0.3906861251912217
281 2206 1637 8.740280315870663 0.2936498571451317
281 2207 1637 9.740251536792863 0.22421827384140017
281 2208 1637 10.740228116757823 0.17351270859278461
281 2209 1637 11.740208686390327 0.1358379934756504
281 2210 1637 12.740192306240688 0.10742746065144204
281 2180 1638 17.293134475855076 0.05486757718182084
281 2181 1638 16.29516799545212 0.0676030787017651
281 2182 1638 15.29746711060385 0.08387271921771718
281 2183 1638 14.30008741232046 0.10485504151237031
281 2184 1638 13.303101142215136 0.13220212367998863
281 2185 1638 12.306603918222331 0.16826882773618565
281 2186 1638 11.310724998867437 0.21647537880580495
281 2187 1638 10.315643460298748 0.28189578606957943
281 2188 1638 9.321614666998626 0.37224009369810057
281 2189 1638 8.3290155480707 0.49954396427720227
281 2190 1638 7.338426261808661 0.6831616008550617
281 2191 1638 6.350787352762065 0.9551809579554607
281 2192 1638 5.367727638396174 1.3700963924063791
281 2193 1638 4.392322847879209 2.0194455914820617
281 2194 1638 3.4311076928597397 3.0304607898026585
281 2195 1638 2.5004999500101674 4.364276950486957
281 2196 1638 1.653027525481779 4.971211421631105
281 2197 1638 1.1011357772772516 3.9432957873478465
281 2198 1638 1.3009611831255923 2.668128412201469
281 2199 1638 2.0426698215813306 1.7833487048037484
281 2200 1638 2.941513216016319 1.2200973915609437
281 2201 1638 3.8900514135417583 0.8577354670901967
281 2202 1638 4.859269492423506 0.6179681953736058
281 2203 1638 5.838878316937026 0.4547022013488812
281 2204 1638 6.824404735945613 0.34063620450684357
281 2205 1638 7.813609921156576 0.2591475899385557
281 2206 1638 8.805254113311895 0.19980033936141664
281 2207 1638 9.798596838323109 0.15585026406876107
281 2178 1639 19.370918925028004 0.045911068822461244
281 2179 1639 18.376955678240282 0.05610411971265375
281 2180 1639 17.383684879794828 0.0689612392581469
281 2181 1639 16.391232412482193 0.08530142501404049
281 2182 1639 15.399756491581496 0.10623798753792053
281 2183 1639 14.409458699063125 0.13330039817900516
281 2184 1639 13.420599837563355 0.16861251364239221
281 2185 1639 12.433523233581264 0.21515428687951435
281 2186 1639 11.448689881379645 0.27714444790931275
281 2187 1639 10.466733014651908 0.3605879316599285
281 2188 1639 9.488545726295667 0.47400990022165124
281 2189 1639 8.515427176601497 0.6292626819782625
281 2190 1639 7.549337719297164 0.8417644884694655
281 2191 1639 6.593367879923163 1.1277975946029997
281 2192 1639 5.652654243804589 1.4918712663318217
281 2193 1639 4.736296021154252 1.8909322498903878
281 2194 1639 3.8616706229300757 2.184683915060732
281 2195 1639 3.064718584144509 2.191162815554918
281 2196 1639 2.423324163210586 1.9055341519442708
281 2197 1639 2.0862646045024706 1.507227193585497
281 2198 1639 2.1982947936979276 1.140510359884283
281 2199 1639 2.704163456597803 0.8513835552255032
281 2200 1639 3.4340209667383426 0.6363202792433594
281 2201 1639 4.274634487298078 0.47915722775200387
281 2202 1639 5.172281894869775 0.3643590788974571
281 2203 1639 6.101843983583752 0.2799318742016981
281 2204 1639 7.0507091841882685 0.2172360630874249
281 2205 1639 8.012022216643958 0.17018387649594086
281 2206 1639 8.981787127292426 0.13449877361200124
281 2176 1640 21.480514425869995 0.03781734099429528
281 2177 1640 20.491278632628283 0.045791320253948754
281 2178 1640 19.503140772706534 0.05570753256960938
281 2179 1640 18.51627662355495 0.06810751350974616
281 2180 1640 17.53090128886724 0.0837021420027199
281 2181 1640 16.547280743373115 0.10342844923080184
281 2182 1640 15.565747653100582 0.12852458308138823
281 2183 1640 14.586723415490054 0.16062574760073098
281 2184 1640 13.610749428301345 0.20187931361882408
281 2185 1640 12.638532351503674 0.2550633059903871
281 2186 1640 11.671011095873594 0.32365613943308724
281 2187 1640 10.709458436354478 0.4117195054133043
281 2188 1640 9.755639394729782 0.5232724180597407
281 2189 1640 8.8120655921301 0.6605066117784344
281 2190 1640 7.882417141968749 0.819856957520412
281 2191 1640 6.972266489456807 0.9855367453285112
281 2192 1640 6.090361237233955 1.124171178137909
281 2193 1640 5.250952294584428 1.191878007846592
281 2194 1640 4.478001786511594 1.1613155353650206
281 2195 1640 3.812151623427457 1.0453274110699684
281 2196 1640 3.3185087012090473 0.8852848438081823
281 2197 1640 3.0809901006007343 0.7206676235796924
281 2198 1640 3.1579265349275127 0.5738560395498511
281 2199 1640 3.5288099977186147 0.4523265193343296
281 2200 1640 4.114911906711784 0.35551857483047494
281 2201 1640 4.838646504963757 0.27982021696947396
281 2202 1640 5.6473445087047365 0.22106674909973134
281 2203 1640 6.509416256470092 0.17551971347007986
281 2204 1640 7.406247362868504 0.14012979942956175
281 2174 1641 23.61339662140984 0.030798072255280022
281 2175 1641 22.629018980062064 0.03693976881782305
281 2176 1641 21.64607354695093 0.04446721760851234
281 2177 1641 20.66476469742659 0.053727406840760494
281 2178 1641 19.685337182786782 0.06515981262544002
281 2179 1641 18.708086486864644 0.07931999127118346
281 2180 1641 17.733372493691295 0.09690662643384386
281 2181 1641 16.76163774814402 0.11878939141780835
281 2182 1641 15.793432179232168 0.146030684442872
281 2183 1641 14.829447056448386 0.17988570615388388
281 2184 1641 13.870562353416146 0.22174929690695527
281 2185 1641 12.917913918276621 0.2729905956786289
281 2186 1641 11.972990436812534 0.33457732005920837
281 2187 1641 11.037776044113414 0.4063567365473668
281 2188 1641 10.114964162072129 0.4858971968691474
281 2189 1641 9.208284313595183 0.5670628363655087
281 2190 1641 8.323010272732015 0.6391794666722627
281 2191 1641 7.466759672039955 0.6884759810842744
281 2192 1641 6.650751837198692 0.7029764616809698
281 2193 1641 5.891731494221486 0.6787386321929173
281 2194 1641 5.214642844912862 0.6222433520790661
281 2195 1641 4.65537323960179 0.5465502416587156
281 2196 1641 4.260575078554541 0.46496448558855924
281 2197 1641 4.0782962128810105 0.38700616109366065
281 2198 1641 4.136725758374509 0.3177311563302484
281 2199 1641 4.426341604530622 0.25885173606636935
281 2200 1641 4.906373406091131 0.21013980981179406
281 2201 1641 5.5274315916162955 0.17047194170340896
281 2202 1641 6.247599539022761 0.1384470482238457
281 2203 1641 7.036511919978319 0.11269626543673064
281 2173 1642 24.784117898364062 0.029569771803083122
281 2174 1642 23.80614416490015 0.0352301665957875
281 2175 1642 22.830078843490863 0.04208525035060178
281 2176 1642 21.85617761640879 0.050402122746529325
281 2177 1642 20.884743235194637 0.06050513292673462
281 2178 1642 19.916136673562164 0.07278349924535382
281 2179 1642 18.950791540197137 0.08769549246820676
281 2180 1642 17.989232890815742 0.10576442368036719
281 2181 1642 17.032102042907283 0.1275581002588042
281 2182 1642 16.08018967549842 0.15363811480485576
281 2183 1642 15.134480499838954 0.18445864883605023
281 2184 1642 14.196214284097191 0.22018896065481114
281 2185 1642 13.266970264533072 0.2604371377857488
281 2186 1642 12.348785365371134 0.3038816303244185
281 2187 1642 11.444321736127652 0.3478952183767469
281 2188 1642 10.557106611188663 0.3883802793419752
281 2189 1642 9.691878042980264 0.42015264253942985
281 2190 1642 8.855083285887407 0.43811378863517364
281 2191 1642 8.055588122539662 0.43895754316380015
281 2192 1642 7.305648499620116 0.4225208395897327
281 2193 1642 6.622122016393327 0.3918548745388929
281 2194 1642 6.027644647787457 0.3519640192231426
281 2195 1642 5.55090082779366 0.3080871051210267
281 2196 1642 5.22422243018039 0.2644528105541578
281 2197 1642 5.076662289339273 0.22382669431156357
281 2198 1642 5.12371935218929 0.18763924831366177
281 2199 1642 5.36027051556156 0.15635368138196076
281 2200 1642 5.763028717610052 0.12984047523977868
281 2201 1642 6.300198409573918 0.10766344502787938
281 2172 1643 25.979078120672607 0.027796061302382637
281 2173 1643 25.007848767937034 0.03285248808267226
281 2174 1643 24.03897876366651 0.03889017594232843
281 2175 1643 23.07276533057988 0.04609772317771403
281 2176 1643 22.109556757203627 0.05469178511660685
281 2177 1643 21.14976359205956 0.06491463638855065
281 2178 1643 20.193872833114693 0.07702605329082618
281 2179 1643 19.24246605817475 0.09128574358703546
281 2180 1643 18.296242783697608 0.10792108518352655
281 2181 1643 17.35605081808665 0.1270737525322391
281 2182 1643 16.422926048667634 0.14871914615381118
281 2183 1643 15.498145050295712 0.17255681904166126
281 2184 1643 14.583295238045652 0.19788193629446504
281 2185 1643 13.680369147066338 0.22347031614878288
281 2186 1643 12.791891963271272 0.24754001283122265
281 2187 1643 11.921094748386311 0.2678733676406335
281 2188 1643 11.072149746097335 0.28216017499331786
281 2189 1643 10.250487793271247 0.2885257005434196
281 2190 1643 9.463218268644257 0.2860656034851835
281 2191 1643 8.719661690685136 0.27513450231851877
281 2192 1643 8.031967380411945 0.25723055706597214
281 2193 1643 7.415692819959649 0.23454064415902443
281 2194 1643 6.890029027515098 0.20937963591593153
281 2195 1643 6.477074957108356 0.18375179665157843
281 2196 1643 6.1993951317850176 0.15913342344604633
281 2197 1643 6.075565817271618 0.13645001616767896
281 2198 1643 6.114940719254677 0.11616660198065465
281 2172 1644 26.230754849984972 0.030012366270109742
281 2173 1644 25.269200620518443 0.03517287173068998
281 2174 1644 24.310748651574045 0.04122521495476641
281 2175 1644 23.35578086898421 0.048298758132815006
281 2176 1644 22.404742801469702 0.056524149690452836
281 2177 1644 21.458156957204128 0.0660216929117509
281 2178 1644 20.51663958839282 0.07688288540795332
281 2179 1644 19.58092183733971 0.08914323096776192
281 2180 1644 18.65187658119168 0.10274520648077538
281 2181 1644 17.73055272686123 0.11749250511069262
281 2182 1644 16.81821928742772 0.13300111803858267
281 2183 1644 15.9164223366938 0.14865968758651193
281 2184 1644 15.02705892714888 0.16361940932028063
281 2185 1644 14.152473282080573 0.1768381027730259
281 2186 1644 13.295581972971473 0.18719657061698441
281 2187 1644 12.460036115517626 0.19368210438857425
281 2188 1644 11.650429176644229 0.19559803928074748
281 2189 1644 10.872557196906472 0.19272917370855944
281 2190 1644 10.133730803608426 0.1853961401628456
281 2191 1644 9.443119188065024 0.17437495011471446
281 2192 1644 8.812065592129997 0.160716602049411
281 2193 1644 8.254241334005261 0.1455377390715688
281 2194 1644 7.785403008194279 0.1298485647386266
281 2195 1644 7.422432215924918 0.11445160368637737
281 2172 1645 26.51777705615631 0.03121871520346006
281 2173 1645 25.567019771573094 0.03616620805782659
281 2174 1645 24.620164499856802 0.04183088239818732
281 2175 1645 23.677679362640433 0.048268984408906423
281 2176 1645 22.74010773941074 0.05551610803659991
281 2177 1645 21.808083363744 0.06357330651385247
281 2178 1645 20.88234900579931 0.07238955329074294
281 2179 1645 19.96377970225095 0.08184156953279083
281 2180 1645 19.053411767974954 0.09171371100013805
281 2181 1645 18.152479169524092 0.10168285749784747
281 2182 1645 17.26245926859802 0.111315509820358
281 2183 1645 16.385130454164997 0.1200853092571828
281 2184 1645 15.52264474888235 0.1274171465263685
281 2185 1645 14.67761901672081 0.1327575068727845
281 2186 1645 13.853248716456507 0.13566036746254767
281 2187 1645 13.053447820403752 0.1358678366704522
281 2188 1645 12.283016730429175 0.13336106203253328
281 2189 1645 11.547835294980725 0.12836406974964149
281 2173 1646 25.90004826250348 0.03566326000439504
281 2174 1646 24.965826643634475 0.040595655214076855
281 2175 1646 24.036898718428894 0.04601429970926446
281 2176 1646 23.113902742721926 0.05188111873822588
281 2177 1646 22.197578696786 0.05811905772786514
281 2178 1646 21.288788128966083 0.06460323370723868
281 2179 1646 20.388538446882524 0.07115467002366895
281 2180 1646 19.49801271924927 0.07753939872105836
281 2181 1646 18.618606285111834 0.08347597031866319
281 2182 1646 17.7519717214738 0.08865369936934835
281 2183 1646 16.900073964335334 0.09276190846439221
281 2184 1646 16.06525754539916 0.09552712814878081
281 2185 1646 15.250327865328149 0.09675160519695733
281 2186 1646 14.458647931255665 0.09634421332468679
281 2184 1647 16.65030029759237 0.07011590234428465
281 2118 1659 82.27534563889739 0.00011773893951104965
281 2119 1659 81.31243754801618 0.0001287879776609529
281 2120 1659 80.35043559309452 0.0001408855827722817
281 2118 1660 82.54921259467005 0.00012137541781875869
281 2119 1660 81.58953670661472 0.00013252904901411651
281 2120 1660 80.63084087370062 0.00014470727175381443
