# %ECSV 0.9
# ---
# datatype:
# - name: sexcat_id
#   datatype: int32
# - name: x
#   datatype: int32
# - name: y
#   datatype: int32
# - name: sep
#   datatype: float64
# - name: weight
#   datatype: float64
# schema: astropy-2.0
sexcat_id x y sep weight
470 970 2212 8.037710930358381 0.5120499330591561
470 971 2212 7.500453119645682 0.5907069559507594
470 972 2212 7.064615842351422 0.6622408831714448
470 973 2212 6.749873850673265 0.7154035627421674
470 974 2212 6.573644118752002 0.7395109708599686
470 975 2212 6.547121275797694 0.7290200988002445
470 976 2212 6.672090901659154 0.6863981530134594
470 969 2213 7.929362963063435 0.5269003777035614
470 970 2213 7.2475373058717105 0.6379679218119966
470 971 2213 6.646713247914508 0.7581524538289401
470 972 2213 6.150674515856148 0.8746939540109431
470 973 2213 5.786432147705726 0.9672876181355816
470 974 2213 5.5798563601585975 1.0133783848760887
470 975 2213 5.54858513496931 0.9994127796931371
470 976 2213 5.695506737771665 0.9296675219653557
470 977 2213 6.007561651785396 0.8233147913057745
470 969 2214 7.266140447307753 0.6304771033592862
470 970 2214 6.515274130840678 0.7886800334156613
470 971 2214 5.839588769768107 0.9728077546219979
470 972 2214 5.268092349228688 1.1669485086924827
470 973 2214 4.83785045242222 1.335701093430928
470 974 2214 4.588768571196626 1.4292214234153315
470 975 2214 4.55069192541112 1.4111702263222945
470 976 2214 4.728720440034705 1.2890747428674785
470 977 2214 5.100274208314888 1.1074706884529093
470 978 2214 5.6271482120166425 0.9136321007377819
470 968 2215 7.5542568794025815 0.5713790948353398
470 969 2215 6.687211451718966 0.7390991782659216
470 970 2215 5.862661255778072 0.9585510958964515
470 971 2215 5.101254453563492 1.2369402181014457
470 972 2215 4.435628140410488 1.5642545310589915
470 973 2215 3.9149453380604746 1.8873361557386237
470 974 2215 3.6026097485019783 2.093600463296998
470 975 2215 3.55398325826129 2.073244733268086
470 976 2215 3.77925878976309 1.8385288856410336
470 977 2215 4.234949468411828 1.5084425805779154
470 978 2215 4.856624033215013 1.187065066231582
470 979 2215 5.5891678271458005 0.9184144870223634
470 968 2216 7.140644018574291 0.6326655726876396
470 969 2216 6.216172214474181 0.8401596646955322
470 970 2216 5.3190973858353905 1.1298497891930739
470 971 2216 4.465959807253188 1.5334242845487636
470 972 2216 3.6873834896849247 2.0764867710081916
470 973 2216 3.0411834867368683 2.720592524530393
470 974 2216 2.626936809289683 3.2316749980073163
470 975 2216 2.55984315925822 3.2254932020985265
470 976 2216 2.8644016827255823 2.70784495492386
470 977 2216 3.4433700062585766 2.06435270333465
470 978 2216 4.184351443175063 1.5240773005595345
470 979 2216 5.016053927142458 1.1230871784219536
470 980 2216 5.900237029137162 0.8353251504582164
470 968 2217 6.849145713152873 0.6756217701747097
470 969 2217 5.879013267547575 0.9156842393987514
470 970 2217 4.920853279666084 1.2692239958719294
470 971 2217 3.983314825619549 1.8055049721056486
470 972 2217 3.0852547706794886 2.6383442360821774
470 973 2217 2.273938653526209 3.90343546550206
470 974 2217 1.6801181506074598 5.37314609973173
470 975 2217 1.5731487532972446 5.505137040978313
470 976 2217 2.0314519438078564 4.0919245821074295
470 977 2217 2.789049479661622 2.770734068307596
470 978 2217 3.6648051789966685 1.8904934463818073
470 979 2217 4.591600701280639 1.3244242872582983
470 980 2217 5.543897275383166 0.9525863728368896
470 968 2218 6.695729758584941 0.6919501781399382
470 969 2218 5.699543578217469 0.9477874871340479
470 970 2218 4.704975770394576 1.3358309133790085
470 971 2218 3.713326944937662 1.9553030727560055
470 972 2218 2.7277824326731257 3.0180255563212577
470 973 2218 1.7586349820244558 5.047521398393309
470 974 2218 0.8630162223273685 9.464706239948908
470 975 2218 0.6299182486642577 11.19378546984071
470 976 2218 1.431361938854142 5.911426005797872
470 977 2218 2.387634184710952 3.434779106469288
470 978 2218 3.369391191298567 2.1850060808732787
470 979 2218 4.359449162451654 1.4742696851315278
470 980 2218 5.353204367479394 1.0365231991310702
470 968 2219 6.689902615135702 0.6781373159417599
470 969 2219 5.692696812583607 0.9276191195724058
470 970 2219 4.696679358866176 1.3052952277519136
470 971 2219 3.702809338866861 1.9069065720802827
470 972 2219 2.7134474382231333 2.9369284774245186
470 973 2219 1.7363170793376792 4.90643301499547
470 974 2219 0.8165763895679159 9.359722440807467
470 975 2219 0.5646211118970104 12.4457423673855
470 976 2219 1.4038507755455563 6.290936212821435
470 977 2219 2.3712437664651653 3.5893824890967236
470 978 2219 3.3577964500547 2.2637026549093604
470 979 2219 4.350493880009486 1.5195577064104537
470 969 2220 5.859078169814696 0.860828760805982
470 970 2220 4.897019195388065 1.1891993650376496
470 971 2220 3.953833203360912 1.6866628653484526
470 972 2220 3.04709648682139 2.4634673306907597
470 973 2220 2.2218904113387996 3.680982701461831
470 974 2220 1.608973896618383 5.30750260217617
470 975 2220 1.4969291900418626 5.949146784575826
470 976 2220 1.9730172325652482 4.578969908292341
470 977 2220 2.7467793868455246 3.0804372391079076
470 978 2220 3.6327395998061185 2.0774598255488996
470 979 2220 4.566048291465998 1.441056093930672
470 969 2221 6.184722871721796 0.7640045925514609
470 970 2221 5.282309816737252 1.0254022705342953
470 971 2221 4.422080618894095 1.3929147888247164
470 972 2221 3.6341157108709163 1.901568517083863
470 973 2221 2.976373128490255 2.5534121720746055
470 974 2221 2.551626344118377 3.198284759832557
470 975 2221 2.482498136957802 3.4298826117574848
470 976 2221 2.79549584152776 3.0288824034243533
470 977 2221 3.3862659375777096 2.3499771832701697
470 978 2221 4.137486797561907 1.735082952138885
470 970 2222 5.815908957334039 0.8520485368794496
470 971 2222 5.047454506976596 1.1074147161079861
470 972 2222 4.373648019674011 1.4244510591415829
470 973 2222 3.8445802111541956 1.7760784126868616
470 974 2222 3.5260171582110154 2.074827405697426
470 975 2222 3.4763194617293918 2.1844578120087808
470 976 2222 3.706318523818288 2.0386034317177235
470 977 2222 4.169987649861642 1.7235584346870951
470 978 2222 4.800083020115242 1.3733196051473768
470 971 2223 5.779169230953349 0.8659452348238238
470 972 2223 5.201038069462477 1.0632261227260709
470 973 2223 4.7647452187916635 1.2619433323957432
470 974 2223 4.511629084931302 1.4177897513484046
470 975 2223 4.472895818147132 1.4778990752768826
470 976 2223 4.6539012666791875 1.4171382555341752
470 977 2223 5.030983701026886 1.2608977758934343
470 975 2224 5.470721798812079 1.0421220847969233
470 976 2224 5.619679439256097 1.0146221668635496
409 1406 1999 7.89200874302604 0.5511371775087082
409 1407 1999 7.329515809383289 0.6148786246447173
409 1408 1999 6.867299469223668 0.6777171948943609
409 1409 1999 6.526699165734527 0.7355923313549244
409 1410 1999 6.327385083903135 0.7836607062430971
409 1411 1999 6.282817998318905 0.8170194535576772
409 1412 1999 6.39623342288257 0.8317630401271775
409 1413 1999 6.659564700489078 0.8260279540545254
409 1414 1999 7.056047193719745 0.800549282274758
409 1404 2000 8.59359075125173 0.538588436854081
409 1405 2000 7.82865262992294 0.6211581131772955
409 1406 2000 7.122204855239667 0.7121706789530878
409 1407 2000 6.493365999233339 0.809168538505932
409 1408 2000 5.966724562102702 0.9075000906554094
409 1409 2000 5.571337541380865 0.999928405439878
409 1410 2000 5.336459687845481 1.0769774300301884
409 1411 2000 5.283540668907545 1.1285164988050693
409 1412 2000 5.417914912583999 1.1465305535885577
409 1413 2000 5.726412664138011 1.1279706779585936
409 1414 2000 6.183025311285753 1.075976131297057
409 1415 2000 6.7577956465108056 0.9986172231606566
409 1416 2000 7.423328229305269 0.9060331900833497
409 1404 2001 8.018216884070876 0.670047167711758
409 1405 2001 7.192343289915977 0.7889955626224124
409 1406 2001 6.416213992690665 0.925429042444454
409 1407 2001 5.710149034832592 1.077131240622289
409 1408 2001 5.103312845593506 1.2374914495644542
409 1409 2001 4.634846491524804 1.3935579319899545
409 1410 2001 4.3496898740025 1.5255310237351423
409 1411 2001 4.28460056481348 1.6101366664196661
409 1412 2001 4.449247352081034 1.6289046968129097
409 1413 2001 4.820145433490591 1.5773353259599359
409 1414 2001 5.354605681093641 1.4674366459242794
409 1415 2001 6.009143200157607 1.3212111450131212
409 1416 2001 6.7489111714409535 1.16103865892514
409 1417 2001 7.548894091189822 1.0035961697859739
409 1403 2002 8.443684148521852 0.6863527652394457
409 1404 2002 7.532184410912898 0.826313899422605
409 1405 2002 6.646187027160716 0.9970556390928996
409 1406 2002 5.7973961396474785 1.203063237728098
409 1407 2002 5.004777917150729 1.4458750915510417
409 1408 2002 4.299511832754934 1.7193609503862322
409 1409 2002 3.731461107930752 2.002138054941179
409 1410 2002 3.3707272212387487 2.250347548004427
409 1411 2002 3.2863052201522605 2.402296053948332
409 1412 2002 3.498256994561735 2.4075719649986516
409 1413 2002 3.959267861612826 2.264237200301478
409 1414 2002 4.594975734429977 2.020455066528236
409 1415 2002 5.343388625207829 1.7383536581232404
409 1416 2002 6.1635867804388464 1.4633582398104072
409 1417 2002 7.030490879021223 1.2181788850912711
409 1418 2002 7.928795747148536 1.0097026314236264
409 1402 2003 9.071923831249856 0.665777012915745
409 1403 2003 8.107885174322536 0.8130285865587299
409 1404 2003 7.153726441512793 1.000323071311705
409 1405 2003 6.21400048278075 1.2399609372192013
409 1406 2003 5.296395189182874 1.5471712472674721
409 1407 2003 4.4147255860358525 1.9382393341836877
409 1408 2003 3.595525274559991 2.4226867068002593
409 1409 2003 2.8923696167675046 2.9806442617090165
409 1410 2003 2.409108133729141 3.5173106344520426
409 1411 2003 2.2894981982958633 3.8340987882459356
409 1412 2003 2.584531292130182 3.751003152577191
409 1413 2003 3.180849257666922 3.3201866585767106
409 1414 2003 3.9440844311449914 2.7568848305771874
409 1415 2003 4.795185293604452 2.221834126080777
409 1416 2003 5.694892624097536 1.7740125593813942
409 1417 2003 6.623428266388987 1.4176185516616102
409 1418 2003 7.570191675248436 1.1388635490804155
409 1401 2004 9.864268954159705 0.6137030743621766
409 1402 2004 8.87365775765547 0.7532337703290012
409 1403 2004 7.885417046675413 0.9340413323016781
409 1404 2004 6.900565339158764 1.1719659737738028
409 1405 2004 5.920794034586865 1.4905360430800902
409 1406 2004 4.949121336156501 1.9253251185597
409 1407 2004 3.991466146668365 2.5303144988907333
409 1408 2004 3.0610132309416285 3.383503154725891
409 1409 2004 2.1926700618195634 4.568377381994207
409 1410 2004 1.4986000133457598 6.0060753914750356
409 1411 2004 1.297613964166544 6.897452037192404
409 1412 2004 1.7668621904382116 6.2074372366704
409 1413 2004 2.5612110416754446 4.774163141669867
409 1414 2004 3.463784346635962 3.5375302680702285
409 1415 2004 4.408605448438363 2.6395104671855156
409 1416 2004 5.373434841886568 2.003072172316695
409 1417 2004 6.349157581915937 1.5468869437519601
409 1418 2004 7.331425645807283 1.2136207567842983
409 1402 2005 8.785431235858551 0.8205073479099513
409 1403 2005 7.786000385306901 1.0273755197552126
409 1404 2005 6.786737213123793 1.3054929782678208
409 1405 2005 5.787728570000446 1.689116244548434
409 1406 2005 4.789133742129104 2.235925980704654
409 1407 2005 3.791279731172525 3.0502729838435165
409 1408 2005 2.7949601070497794 4.340896539087927
409 1409 2005 1.8027207215760894 6.5929157793784645
409 1410 2005 0.8293382904460148 11.214643456090535
409 1411 2005 0.3546857764275589 16.929330519851632
409 1412 2005 1.2505206915521718 9.355709958666147
409 1413 2005 2.2364708806510816 5.739328399988551
409 1414 2005 3.2310682444046774 3.869539021486231
409 1415 2005 4.228214989803668 2.7597752799957
409 1416 2005 5.22645214270642 2.044014966471049
409 1417 2005 6.225255175492859 1.5560859730422294
409 1418 2005 7.224389385962023 1.2099412852812903
409 1402 2006 8.810550607084616 0.8534488232015665
409 1403 2006 7.814333112940554 1.0695979204218744
409 1404 2006 6.819222976263448 1.3601260334272858
409 1405 2006 5.825787672066277 1.7602629562508918
409 1406 2006 4.835059668711392 2.328211391641562
409 1407 2006 3.849130031578515 3.165263096317379
409 1408 2006 2.87294309028211 4.456739361428439
409 1409 2006 1.9214062558448757 6.53419818981922
409 1410 2006 1.062921445827454 9.564127022798084
409 1411 2006 0.7535263764461252 10.18080367396649
409 1412 2006 1.4162633935819033 7.1687016396794405
409 1413 2006 2.3331956626053096 4.85149303422665
409 1414 2006 3.2987576449324574 3.4140397008542283
409 1415 2006 4.280163781913075 2.4927456090742313
409 1416 2006 5.268567357451221 1.8738060939852428
409 1417 2006 6.2606550775458505 1.4412034565371552
409 1402 2007 8.94806135428223 0.8439572732125019
409 1403 2007 7.96905276679727 1.0480889509273972
409 1404 2007 6.99598470552926 1.3155545310031753
409 1405 2007 6.031732918490293 1.6701352799218943
409 1406 2007 5.081318923271745 2.144062858649423
409 1407 2007 4.154251075705418 2.7754796007016465
409 1408 2007 3.2704437007843032 3.5867155276902585
409 1409 2007 2.4766513682793203 4.499120534603872
409 1410 2007 1.8899211623768684 5.158542508775733
409 1411 2007 1.734878093699968 5.0605893137665685
409 1412 2007 2.1089812706612965 4.2948707677500675
409 1413 2007 2.808167017825015 3.38713733695196
409 1414 2007 3.6501783518069826 2.6159078602082966
409 1415 2007 4.556512043219072 2.023601270232057
409 1416 2007 5.495434650689656 1.580137003936249
409 1402 2008 9.192921298477385 0.794448671544261
409 1403 2008 8.243045674991691 0.9694401449590156
409 1404 2008 7.306558834362407 1.1885125056194474
409 1405 2008 6.389350671234084 1.4609743616936612
409 1406 2008 5.501072804462738 1.7932227389641613
409 1407 2008 4.658304627222186 2.1802442852630017
409 1408 2008 3.8907328358549287 2.5887038969373886
409 1409 2008 3.252045817635391 2.93678218063648
409 1410 2008 2.8308659452541973 3.1044605669845105
409 1411 2008 2.729798893691629 3.0142451547093287
409 1412 2008 2.981577099455948 2.709527720573808
409 1413 2008 3.511096979577785 2.308606150690088
409 1414 2008 4.21494982176542 1.9093398338798755
409 1415 2008 5.020338833186506 1.5584873585099952
409 1403 2009 8.62495228972307 0.8549252211300176
409 1404 2009 7.7348433726869565 1.0189535254911581
409 1405 2009 6.875012872715181 1.2087991471448578
409 1406 2009 6.058366281432606 1.419616328716955
409 1407 2009 5.3048847301331294 1.6373831518658886
409 1408 2009 4.645406548408841 1.8352423761188323
409 1409 2009 4.125263870348156 1.9752486413293813
409 1410 2009 3.802078642006231 2.021393659440247
409 1411 2009 3.7274390672417503 1.9599766470991127
409 1412 2009 3.9155845029829393 1.8090267050842181
409 1413 2009 4.332412953539892 1.6060837890095154
409 1414 2009 4.920142477611838 1.3879850751046234
409 1405 2010 7.463765939524058 0.969298261066411
409 1406 2010 6.719062583426318 1.0976671447147037
409 1407 2010 6.048454513344682 1.2182932993234632
409 1408 2010 5.479215454789102 1.316469031182
409 1409 2010 5.045770704263111 1.3764752991283518
454 1552 2166 15.939248727590462 0.12751329889497431
454 1553 2166 15.850856443738117 0.1269797224558145
454 1554 2166 15.825285147509799 0.12432837548387729
454 1551 2167 15.106940457948276 0.1507334414286666
454 1552 2167 14.946894326246992 0.15317686802216934
454 1553 2167 14.852597415940236 0.15276948026479653
454 1554 2167 14.825304381360763 0.149545968624745
454 1555 2167 14.865384286993548 0.1437743757027047
454 1549 2168 14.669343884441277 0.16434784885398898
454 1550 2168 14.365919740830893 0.17431219182596483
454 1551 2168 14.126912259938292 0.18143998546364118
454 1552 2168 13.955631479800363 0.18510336923804757
454 1553 2168 13.85458949229442 0.18495922774214582
454 1554 2168 13.825326397593475 0.18102132629978177
454 1555 2168 13.868296578887943 0.1736573379958698
454 1556 2168 13.982834119018758 0.16351188244630463
454 1547 2169 14.565701150304951 0.16253369365523151
454 1548 2169 14.119123556368327 0.1798479830633987
454 1549 2169 13.730974109654241 0.19591824508085498
454 1550 2169 13.406328729372376 0.20957734795923091
454 1551 2169 13.1498916345343 0.21964797338838785
454 1552 2169 12.965710547439937 0.22514860328871925
454 1553 2169 12.856891148329572 0.22550130386397965
454 1554 2169 12.825351847025303 0.22066799514342353
454 1555 2169 12.871660732011057 0.21115977492026122
454 1556 2169 12.99498557136542 0.19791532214555793
454 1557 2169 13.193166791941787 0.1820984034071083
454 1558 2169 13.462899019156147 0.16488779947328924
454 1546 2170 14.223911206134384 0.1673914284317021
454 1547 2170 13.693416301273956 0.18990291339307297
454 1548 2170 13.217399517302766 0.21264058683231837
454 1549 2170 12.80193930621433 0.2342752958402599
454 1550 2170 12.453098008126151 0.2531596068557467
454 1551 2170 12.17660256393365 0.2675305891497449
454 1552 2170 11.977464255842953 0.27583332401276955
454 1553 2170 11.859580515346892 0.27708242739547895
454 1554 2170 11.825381600607894 0.2711240291557933
454 1555 2170 11.875590511633337 0.25867884664492313
454 1556 2170 12.009148595966153 0.24114543149604936
454 1557 2170 12.223324015994827 0.22025625447367153
454 1558 2170 12.513978184414256 0.19772811514705674
454 1559 2170 12.87593297590493 0.17501346526974249
454 1545 2171 14.017119889620533 0.16612162566793595
454 1546 2171 13.404090793485235 0.1928255860187539
454 1547 2171 12.839768300089986 0.22168630591583607
454 1548 2171 12.330841414923627 0.25161715623368436
454 1549 2171 11.884428888255243 0.28090625723908685
454 1550 2171 11.507808218770238 0.30724662304535716
454 1551 2171 11.208017219829559 0.3279863923005677
454 1552 2171 10.991344321783208 0.3406281367917768
454 1553 2171 10.862764381132273 0.3434644969550583
454 1554 2171 10.825416851096131 0.33609264665105043
454 1555 2171 10.880241265707122 0.3195444224947326
454 1556 2171 11.025862778032211 0.2959595675889277
454 1557 2171 11.25875881258659 0.26797991834851076
454 1558 2171 11.573661909698082 0.23815017221492793
454 1559 2171 11.964098378064111 0.2085263124599951
454 1545 2172 13.260077299925364 0.1880904083487601
454 1546 2172 12.610299362029277 0.22134022286709862
454 1547 2172 12.008732239499556 0.25825549866123293
454 1548 2172 11.462968638184268 0.29768796728719277
454 1549 2172 10.981331886433273 0.33752515937951544
454 1550 2172 10.572589559800202 0.3745922358861115
454 1551 2172 10.245469730568544 0.4048993079838073
454 1552 2172 10.007979316525205 0.42438109049821
454 1553 2172 9.866592623595867 0.4300202200201934
454 1554 2172 9.82545927679701 0.42088222161390376
454 1555 2172 9.88583076933833 0.3984674594347541
454 1556 2172 10.045877263832987 0.36615308374187616
454 1557 2172 10.300953839329472 0.3280795438411169
454 1558 2172 10.644230831769699 0.28808916468044893
454 1559 2172 11.067504235372883 0.24910789255878993
454 1560 2172 11.561991610444835 0.2129992497391667
454 1544 2173 13.266109075384396 0.17654089696741598
454 1545 2173 12.537130851993062 0.21167065241091113
454 1546 2173 11.84776983233538 0.2527737330621069
454 1547 2173 11.205340244722443 0.2997633950914581
454 1548 2173 10.618363809928367 0.3516387887250254
454 1549 2173 10.096516726079173 0.40598746546658265
454 1550 2173 9.650370459210183 0.45858591557096695
454 1551 2173 9.290836883725634 0.503477064677074
454 1552 2173 9.02826949088233 0.5339675500739308
454 1553 2173 8.871282319935306 0.5446003656568631
454 1554 2173 8.825511316631847 0.5332911243365265
454 1555 2173 8.892673951067634 0.5022535935956628
454 1556 2173 9.07026184848028 0.45701862313582814
454 1557 2173 9.351986420007087 0.40428241987562785
454 1558 2173 9.728805168158987 0.3499571648183806
454 1559 2173 10.190174188893783 0.2982070193520903
454 1560 2173 10.725187644046006 0.25139280269250525
454 1561 2173 11.323411588386124 0.21047930779537313
454 1544 2174 12.622981026682906 0.19449974515985252
454 1545 2174 11.854520234914473 0.23634709645587468
454 1546 2174 11.122933515938893 0.2866376590923862
454 1547 2174 10.435978631637608 0.34596442535788813
454 1548 2174 9.803042894938125 0.4138883964720862
454 1549 2174 9.235239574585863 0.48805931449515455
454 1550 2174 8.745264432822882 0.5632131028658343
454 1551 2174 8.346834729404733 0.630651814045061
454 1552 2174 8.053548907158698 0.6792848919198176
454 1553 2174 7.87716002122574 0.698986824447064
454 1554 2174 7.825576656068048 0.6851159910299419
454 1555 2174 7.901243573007809 0.6409734230688857
454 1556 2174 8.100595657110485 0.5760307733498073
454 1557 2174 8.414846998014719 0.5015159175155777
454 1558 2174 8.831741051457373 0.42668975828112654
454 1559 2174 9.337539825885479 0.35741612157977004
454 1560 2174 9.918651622070286 0.2964914562995551
454 1561 2174 10.562653549179654 0.2446219556079066
454 1543 2175 12.864666727124995 0.1726599740439562
454 1544 2175 12.028701093634217 0.21219091591657552
454 1545 2175 11.219610064525284 0.2613208739409669
454 1546 2175 10.443641606259623 0.3219967786345511
454 1547 2175 9.708740907038212 0.3959751597063948
454 1548 2175 9.024945983217695 0.48409360293822484
454 1549 2175 8.404739734221236 0.5849207432204159
454 1550 2175 7.86318319766221 0.6927242977365179
454 1551 2175 7.417523171517387 0.7954342453007659
454 1552 2175 7.085876798251394 0.874764405212112
454 1553 2175 6.884740372737194 0.9114250604037888
454 1554 2175 6.8256611401385525 0.8948485702701057
454 1555 2175 6.912282546308244 0.8299471267982667
454 1556 2175 7.139303187286392 0.7338578761139409
454 1557 2175 7.49397424601911 0.6262051200743041
454 1558 2175 7.959249336463693 0.5216953736857702
454 1559 2175 8.517021192881804 0.42831777562342754
454 1560 2175 9.150390702040971 0.34889477137094704
454 1561 2175 9.844777803485353 0.28326435717776705
454 1562 2175 10.58818445249222 0.22990912272678882
454 1543 2176 12.363237844512954 0.18422667005528615
454 1544 2176 11.4908507082808 0.22883402666506136
454 1545 2176 10.640942157534614 0.2854894848603447
454 1546 2176 9.819350793204073 0.357370172841019
454 1547 2176 9.033805953195891 0.4480046261354802
454 1548 2176 8.29455544318064 0.5605814494724155
454 1549 2176 7.615093564756615 0.6962374692518519
454 1550 2176 7.012820402662374 0.85063796615197
454 1551 2176 6.509197339150021 1.0088391042519353
454 1552 2176 6.128592823805297 1.1415692146648548
454 1553 2176 5.894883374588325 1.211241308340014
454 1554 2176 5.82577462660528 1.1927923972875913
454 1555 2176 5.927027079404812 1.0932345132201564
454 1556 2176 6.1902867461853495 0.9457974250316974
454 1557 2176 6.59618450318046 0.7864374877303975
454 1558 2176 7.120368670230363 0.6385602617516777
454 1559 2176 7.738840352404109 0.5121481822979049
454 1560 2176 8.430874806329307 0.4087751259553913
454 1561 2176 9.179850216642878 0.3261714127211356
454 1562 2176 9.97294590379384 0.26087691423450027
454 1563 2176 10.80044675001911 0.20945907166805827
454 1543 2177 11.924749473259288 0.1941787119723259
454 1544 2177 11.017697127802965 0.24353277482893296
454 1545 2177 10.128161234893419 0.30748216386464666
454 1546 2177 9.261190528220324 0.39070720882371274
454 1547 2177 8.423755100903508 0.4991402155667422
454 1548 2177 7.62559178031436 0.6396785434496097
454 1549 2177 6.880381530118658 0.8186665953582657
454 1550 2177 6.20722562824955 1.0374128051932432
454 1551 2177 5.632020063884546 1.2822657783022167
454 1552 2177 5.187451204589605 1.5102897894952863
454 1553 2177 4.909139435786908 1.64768978898423
454 1554 2177 4.825935142539552 1.6315351576357506
454 1555 2177 4.947691380835946 1.4699968090549878
454 1556 2177 5.260194863310518 1.2335489386060938
454 1557 2177 5.732333730689309 0.9915555684534838
454 1558 2177 6.328479280206143 0.7802187139959932
454 1559 2177 7.0170969780956085 0.609157968525958
454 1560 2177 7.773651008374288 0.4754934782817991
454 1561 2177 8.58018939184903 0.37254514114359827
454 1562 2177 9.423887202211128 0.2935419240407698
454 1563 2177 10.295613143470318 0.23279570042991324
454 1543 2178 11.55636837419083 0.20194580645184237
454 1544 2178 10.61789291714689 0.25535799999339237
454 1545 2178 9.691731011537522 0.3257740242026673
454 1546 2178 8.781779432438405 0.4195065988921588
454 1547 2178 7.893646179047946 0.545347103197776
454 1548 2178 7.035598766274147 0.7152042509077199
454 1549 2178 6.22010048150336 0.943953586350015
454 1550 2178 5.466228132816851 1.245968299384936
454 1551 2178 4.803087548650185 1.6215125183799348
454 1552 2178 4.2731311704648745 2.021920715962911
454 1553 2178 3.9306042792423863 2.3077229592556368
454 1554 2178 3.826179556685574 2.30965968858264
454 1555 2178 3.9786492682817203 2.026366866566163
454 1556 2178 4.36115237064686 1.626307979913926
454 1557 2178 4.9203302734672985 1.2500345712533376
454 1558 2178 5.60353906027243 0.9470940684864041
454 1559 2178 6.371000706325411 0.7175488253588597
454 1560 2178 7.195807807327746 0.5470828452715393
454 1561 2178 8.06037530143597 0.42079512765553395
454 1562 2178 8.95319216815986 0.3267377570752585
454 1563 2178 9.866592623596006 0.25608556428564183
454 1542 2179 12.235589483142949 0.16426727401950855
454 1543 2179 11.264974478444165 0.20703670802461435
454 1544 2179 10.299983009694648 0.26346450543775735
454 1545 2179 9.342357839432104 0.3388838348840868
454 1546 2179 8.39462030112134 0.44112898388325256
454 1547 2179 7.460539524725983 0.5818738331535175
454 1548 2179 6.54596440564709 0.778657455511559
454 1549 2179 5.660357762544582 1.0575883704522198
454 1550 2179 4.819714721848043 1.455219323031567
454 1551 2179 4.052116730796241 2.0109927513765595
454 1552 2179 3.407293647456713 2.7159675379781993
454 1553 2179 2.9664204017635334 3.3519559733726574
454 1554 2179 2.8265968937927775 3.4336587439855424
454 1555 2179 3.0297937223512483 2.876711953238359
454 1556 2179 3.5170513217749733 2.156418739877368
454 1557 2179 4.190423606271703 1.5631003707207163
454 1558 2179 4.974902009085123 1.1336207443946915
454 1559 2179 5.825774626605397 0.8320012840446338
454 1560 2179 6.717860522517515 0.6196990029640362
454 1561 2179 7.6367303212827515 0.46835647960736254
454 1562 2179 8.57377688069846 0.35879164074611486
454 1563 2179 9.523636385330946 0.2782385028788681
454 1542 2180 12.04407115555196 0.16536986886294242
454 1543 2180 11.056656366189497 0.20910694608535316
454 1544 2180 10.071725274251616 0.26722093139896774
454 1545 2180 9.090085258125956 0.3456257953091125
454 1546 2180 8.112931036314736 0.45328358402809227
454 1547 2180 7.142104031726152 0.6041587308666645
454 1548 2180 6.180586541744968 0.8206940637154985
454 1549 2180 5.233512205010997 1.140142221897466
454 1550 2180 4.3104118132725 1.6259800834013938
454 1551 2180 3.4306923499490853 2.3852507065291046
454 1552 2180 2.638114857241669 3.5640638855185753
454 1553 2180 2.0370689728134606 5.068166386477066
454 1554 2180 1.82747093000117 5.5196786880553415
454 1555 2180 2.128297441618393 4.206989351262559
454 1556 2180 2.7784258132977837 2.8322497645792652
454 1557 2180 3.5930001391594053 1.9101820189088408
454 1558 2180 4.48326332039504 1.3232491788780363
454 1559 2180 5.41199131558797 0.9422643917843524
454 1560 2180 6.362361982785927 0.6873163737264323
454 1561 2180 7.325957275332673 0.5116837340023975
454 1562 2180 8.298171485333366 0.38757894277601695
454 1563 2180 9.276295057834234 0.2979509235816454
454 1543 2181 10.936162489648693 0.20801126933341696
454 1544 2181 9.939298264968164 0.26632008200208085
454 1545 2181 8.943134238062136 0.3453485061702678
454 1546 2181 7.947933693734446 0.45456136988339957
454 1547 2181 6.954110295357655 0.6090482589019931
454 1548 2181 5.962352723547927 0.8339185365466879
454 1549 2181 4.973896862621845 1.173258440060519
454 1550 2181 3.9911965624358174 1.7100006356800033
454 1551 2181 3.0198758252616185 2.6148843979955627
454 1552 2181 2.0759696529572866 4.281068414563717
454 1553 2181 1.2246019761537421 7.626247728066551
454 1554 2181 0.8304516843258885 10.387597068264888
454 1555 2181 1.3710032822716944 6.140192756326585
454 1556 2181 2.251588328269583 3.54719158685414
454 1557 2181 3.203068840971088 2.2272837110598713
454 1558 2181 4.177277821739886 1.4848629080920708
454 1559 2181 5.161361254552909 1.033107886795001
454 1560 2181 6.150581273343198 0.7421353834657061
454 1561 2181 7.142804071231416 0.5465775918584325
454 1562 2181 8.136931239724232 0.41073100863653883
454 1563 2181 9.13234088281861 0.3138304967152223
454 1543 2182 10.906404082006107 0.2038269269487105
454 1544 2182 9.906545815772494 0.2608364804502954
454 1545 2182 8.90671937359652 0.3380793238612188
454 1546 2182 7.9069368278746 0.4448090281370075
454 1547 2182 6.907217239959931 0.5958116609470759
454 1548 2182 5.907592572275084 0.8157952310202422
454 1549 2182 4.908120821658713 1.14848747952443
454 1550 2182 3.908919287987391 1.6774593242841682
454 1551 2182 2.9102663108382205 2.580895298721727
454 1552 2182 1.9130211708185458 4.309830858838442
454 1553 2182 0.9217646120349893 8.440442289609447
454 1554 2182 0.19912307751757163 20.70052309797099
454 1555 2182 1.1088958472282793 7.48287483345659
454 1556 2182 2.102296363503533 3.954335154649994
454 1557 2182 3.0999435478731274 2.4053710485764386
454 1558 2182 4.098737610533307 1.5781303514314604
454 1559 2182 5.098004511571204 1.0874466578882245
454 1560 2182 6.097511787606515 0.7761140308231117
454 1561 2182 7.097157881856684 0.568928405654205
454 1562 2182 8.096891378794735 0.4260062090794157
454 1563 2182 9.096683461569967 0.32458830310759856
454 1543 2183 10.968119711235826 0.19684120232207605
454 1544 2183 9.974449859516056 0.2512121797592227
454 1545 2183 8.982185146165712 0.32451811850308954
454 1546 2183 7.991848972546967 0.42517165461757966
454 1547 2183 7.004259418382507 0.5663946630742691
454 1548 2183 6.020768223408049 0.7697732967653089
454 1549 2183 5.043773389041201 1.0722099318237215
454 1550 2183 4.077946787293848 1.540407209087513
454 1551 2183 3.1336320779568667 2.3029645374453405
454 1552 2183 2.238224742960439 3.6212430322301565
454 1553 2183 1.4831217077503713 5.947852536334764
454 1554 2183 1.1788341698476645 8.249066682669955
454 1555 2183 1.6061288864846703 6.1098188187123235
454 1556 2183 2.402009575334899 3.7187402568388475
454 1557 2183 3.3105362103442695 2.357871983296981
454 1558 2183 4.260240603534107 1.5731810936249575
454 1559 2183 5.228733116157365 1.0929003484915305
454 1560 2183 6.207225628249771 0.7834349103248474
454 1561 2183 7.191637504769051 0.5757420711264584
454 1562 2183 8.17983190536339 0.4317533691201702
454 1563 2183 9.170586131758478 0.32926303930742296
454 1543 2184 11.119786418812197 0.1875067553636169
454 1544 2184 10.140988610584287 0.2381756020652905
454 1545 2184 9.16676878730997 0.3058829460964656
454 1546 2184 8.198759052442044 0.3977833233848285
454 1547 2184 7.239450946031779 0.5247591855785149
454 1548 2184 6.29282527963398 0.7037718241760978
454 1549 2184 5.365598755031961 0.9618724420320806
454 1550 2184 4.469860176784121 1.342779401277191
454 1551 2184 3.6290012400108975 1.915363590359229
454 1552 2184 2.891305933311224 2.768747968180484
454 1553 2184 2.35576951334394 3.893292009092101
454 1554 2184 2.177073724061911 4.685541236805567
454 1555 2184 2.4350872674302355 4.183121830818918
454 1556 2184 3.0198758252618445 3.047111442578234
454 1557 2184 3.7828098022503007 2.1097939776091232
454 1558 2184 4.63677150612374 1.4717294455882732
454 1559 2184 5.539824004424786 1.048132298706569
454 1560 2184 6.471448833144022 0.7627575420671929
454 1561 2184 7.420892803430136 0.5660476397931012
454 1562 2184 8.382102958088813 0.4273147522197853
454 1563 2184 9.351451758951724 0.3274142434235875
454 1564 2184 10.326647568306054 0.25414108923211454
454 1543 2185 11.35780128369926 0.17637691815810894
454 1544 2185 10.401425383090562 0.22261947982767546
454 1545 2185 9.45408112933249 0.28366710772698955
454 1546 2185 8.518782189961234 0.3652511579875262
454 1547 2185 7.59997697364938 0.4756965681676005
454 1548 2185 6.704450014729086 0.627160864948845
454 1549 2185 5.842914512467291 0.8372390106244342
454 1550 2185 5.032857041482595 1.1302175651664068
454 1551 2185 4.3034462933794115 1.5343855724173001
454 1552 2185 3.702654453226908 2.06207325052893
454 1553 2185 3.3014617974468683 2.6399458145816355
454 1554 2185 3.1764209418780065 3.0033534167936318
454 1555 2185 3.3585190188535803 2.8614142738084665
454 1556 2185 3.8038993151766345 2.3398520067941777
454 1557 2185 4.4339203871970145 1.7694812981037273
454 1558 2185 5.181664790393275 1.3057346825937894
454 1559 2185 6.003303257374346 0.9636043337156703
454 1560 2185 6.872383138329926 0.7177877686332457
454 1561 2185 7.773007783348834 0.541218305943052
454 1562 2185 8.695380957727016 0.41320011143020596
454 1563 2185 9.633257496818075 0.31921777584152566
454 1564 2185 10.582516241423951 0.24931618178225468
454 1544 2186 10.748937156761174 0.2054726214502516
454 1545 2186 9.835123283416484 0.25938959248448756
454 1546 2186 8.93977908004449 0.33014284668214755
454 1547 2186 8.069055087183452 0.42370753084895596
454 1548 2186 7.231849694234609 0.5481329905816619
454 1549 2186 6.441245997476051 0.7137272485270816
454 1550 2186 5.7166117587257315 0.9320004147437259
454 1551 2186 5.08622158384801 1.2107021565573148
454 1552 2186 4.589079428382278 1.539353815352467
454 1553 2186 4.271960908061012 1.861127574417348
454 1554 2186 4.176080698454177 2.0567042908580753
454 1555 2186 4.316207826321802 2.016505686700037
454 1556 2186 4.671150821799873 1.7655103441949456
454 1557 2186 5.197080911434965 1.4312990856909906
454 1558 2186 5.848046682440363 1.1152902064019243
454 1559 2186 6.587082055053041 0.8560313779097434
454 1560 2186 7.387804139255579 0.6557487415762582
454 1561 2186 8.2322323825316 0.5045211742037817
454 1562 2186 9.108218815992618 0.39095114346527227
454 1563 2186 10.007479702702476 0.30542718788403245
454 1564 2186 10.924268854252997 0.24060469423702083
454 1545 2187 10.299497560560972 0.23440326264384118
454 1546 2187 9.448261744892626 0.2946289711737513
454 1547 2187 8.629000521497348 0.3723263972727983
454 1548 2187 7.851729108928909 0.4724572915220122
454 1549 2187 7.130192844517013 0.6004655091075664
454 1550 2187 6.483027841988777 0.7607266578184859
454 1551 2187 5.934614562042064 0.952579130601373
454 1552 2187 5.514494537126842 1.1625085923258054
454 1553 2187 5.25353690383934 1.3543958918199723
454 1554 2187 5.17587190722509 1.4707266783959496
454 1555 2187 5.28957937836289 1.4634229706335111
454 1556 2187 5.582978595696208 1.3358172511636144
454 1557 2187 6.029896350684815 1.1393710668044392
454 1558 2187 6.599215862509887 0.9301398212887305
454 1559 2187 7.262206964828403 0.7414272230095977
454 1560 2187 7.995601916053738 0.5848314114659047
454 1561 2187 8.781779432438638 0.46015215205967286
454 1562 2187 9.60779110930303 0.3627595398527721
454 1563 2187 10.464208044568036 0.2872159378718907
454 1564 2187 11.344146067465918 0.22865070364079115
454 1545 2188 10.836496204954893 0.20978736759645772
454 1546 2188 10.030934652364246 0.260322556474553
454 1547 2188 9.263349826061946 0.32392647715281087
454 1548 2188 8.543983263092334 0.40344629709597485
454 1549 2188 7.886041465780026 0.5013985740300725
454 1550 2188 7.306137830618995 0.6186538093860637
454 1551 2188 6.824195923330608 0.7519152409953691
454 1552 2188 6.462170687934678 0.889999301720695
454 1553 2188 6.2409654701818535 1.0109007457436188
454 1554 2188 6.175730725995286 1.084984450436358
454 1555 2188 6.271335583430559 1.088703342837311
454 1556 2188 6.52070931724474 1.0207607827885863
454 1557 2188 6.907217239960128 0.9031125350000867
454 1558 2188 7.409429802623308 0.7655632326419768
454 1559 2188 8.005601164185144 0.631168546972852
454 1560 2188 8.676384615725757 0.5120947616752454
454 1561 2188 9.405830638492416 0.4122373918314567
454 1562 2188 10.18133832067291 0.33100148995984197
454 1563 2188 10.993163784825676 0.26595796529934546
454 1564 2188 11.833834965893466 0.21425835113810537
454 1546 2189 10.67565688845432 0.22827646938857096
454 1547 2189 9.957893853621972 0.27984370210713866
454 1548 2189 9.292451237429352 0.3425176845636991
454 1549 2189 8.691354900129342 0.41719641673936475
454 1550 2189 8.16882182447398 0.503251621699384
454 1551 2189 7.740778384633063 0.5970922812528183
454 1552 2189 7.423587407716199 0.6905261556562302
454 1553 2189 7.231849694234703 0.770129364407813
454 1554 2189 7.175628892299449 0.8197061935630634
454 1555 2189 7.258074813612951 0.8267325433672604
454 1556 2189 7.47460032376332 0.7892739355020196
454 1557 2189 7.814067442760062 0.7171830827426078
454 1558 2189 8.261334637938523 0.6263529671028726
454 1559 2189 8.799980113614058 0.5315167050395275
454 1560 2189 9.414332159001134 0.44250552132638254
454 1561 2189 10.090572332628264 0.36416155884378865
454 1562 2189 10.817099888602447 0.29784865962048207
454 1563 2189 11.584457259621752 0.24301527473101403
454 1564 2189 12.385057529135793 0.19827757445419625
454 1546 2190 11.371879791837518 0.19907077587801567
454 1547 2190 10.700918184903696 0.24063184868885143
454 1548 2190 10.08462443524808 0.2898599754032826
454 1549 2190 9.533606348072208 0.34683131185958455
454 1550 2190 9.059782006207586 0.41041733271662834
454 1551 2190 8.675808319690034 0.47751650373597715
454 1552 2190 8.394024660435711 0.5423842016121073
454 1553 2190 8.224940729269903 0.5966976981019015
454 1554 2190 8.17555196913352 0.6311488660886567
454 1555 2190 8.24800885062589 0.6386368197592409
454 1556 2190 8.439173537734787 0.6174896223219727
454 1557 2190 8.741261350629161 0.572309739286173
454 1558 2190 9.143284420819644 0.5117245035248423
454 1559 2190 9.632738447606851 0.44488006010436154
454 1560 2190 10.197041237535686 0.37893915466995753
454 1561 2190 10.824493059723553 0.3183099362455374
454 1562 2190 11.504766403539161 0.2650383485037983
454 1563 2190 12.229049431579032 0.21958161767113132
454 1548 2191 10.910987581333004 0.24497411125013163
454 1549 2191 10.40382862219496 0.2885839372045415
454 1550 2191 9.971441721235857 0.3359758490586845
454 1551 2191 9.623910327928206 0.3846958793740484
454 1552 2191 9.370680338161325 0.43077110633520077
454 1553 2191 9.219525475858466 0.46893147972391813
454 1554 2191 9.175491812431819 0.4935932130024142
454 1555 2191 9.240110930070234 0.5005200274214046
454 1556 2191 9.411144988788742 0.48842990157855015
454 1557 2191 9.682956676553061 0.4595339169271461
454 1558 2191 10.047370302721182 0.418621743143899
454 1559 2191 10.494743922554928 0.3713356363792772
454 1560 2191 11.014973899197567 0.32265072292364566
454 1561 2191 11.59826064545903 0.27611704928025027
454 1562 2191 12.23558948314317 0.23380153781391116
454 1549 2192 11.295558861782954 0.24059269870505515
454 1550 2192 10.898607709244493 0.2762507383840348
454 1551 2192 10.58157124438538 0.31214929369651523
454 1552 2192 10.351794530418559 0.3455419466609323
454 1553 2192 10.215167644243714 0.3730172993139653
454 1554 2192 10.175443479279107 0.3911009831848388
454 1555 2192 10.23375053438395 0.397158680842604
454 1556 2192 10.38843828493984 0.3902441345399264
454 1557 2192 10.635302064351716 0.37143483482061285
454 1558 2192 10.968119711236012 0.34345103317520104
454 1559 2192 11.37935191476228 0.3097890959616504
454 1560 2192 11.86084524812646 0.27383027058926823
454 1561 2192 12.404420583002016 0.23826484313139124
454 1550 2193 11.837637010822888 0.22820445628165467
454 1551 2193 11.546412862876673 0.2550215155047366
454 1552 2193 11.336209684017138 0.27965608901393324
454 1553 2193 11.211585525696355 0.29985227713311297
454 1554 2193 11.175403795836823 0.3133792350433471
454 1555 2193 11.228519492791742 0.3185414156695701
454 1556 2193 11.369681174070106 0.31464790367132317
454 1557 2193 11.595673762227197 0.302222083424024
454 1558 2193 11.901665849787763 0.2828418627745635
454 1559 2193 12.281679445418055 0.2586947158716701
454 1560 2193 12.729086770071307 0.23206002337654694
454 1552 2194 12.323134747295606 0.22815397152902944
454 1553 2194 12.208589189583062 0.24326543051333777
454 1554 2194 12.175370630909125 0.2535553053626914
454 1555 2194 12.224142096687379 0.2579000890363174
454 1556 2194 12.353932572262346 0.25579513447169827
454 1557 2194 12.562231091649469 0.24748719962605253
454 1558 2194 12.845218954926564 0.2339088081998511
454 1559 2194 13.198092665230257 0.21644474248149276
454 1554 2195 13.175342500292158 0.20691181642290057
454 1555 2195 13.220425484832358 0.21054817195756115
454 1556 2195 13.34052660130045 0.2095094298541824
454 1557 2195 13.533648805847038 0.20390280264405247
366 1474 1878 34.12231604097233 0.0025267664723382
366 1473 1879 34.54458643550386 0.0022454100095602647
366 1474 1879 33.65264405659676 0.002598787270845515
366 1475 1879 32.76694145018722 0.0030126697293620186
366 1474 1880 33.20645196343622 0.0026668434911658874
366 1500 1881 13.975280032972444 0.17348595044212245
366 1501 1881 13.728818303116926 0.18617182952815656
366 1502 1881 13.551843121878232 0.19431474078920252
366 1503 1881 13.447098274348944 0.1968514939210806
366 1499 1882 13.353069010530815 0.18651909029960081
366 1500 1882 13.018312179387864 0.20761165472208168
366 1501 1882 12.753370221239498 0.22506873489936888
366 1502 1882 12.562661023843573 0.2366800598499377
366 1503 1882 12.44959645932343 0.24075563136480171
366 1504 1882 12.416297837922482 0.23665944567940977
366 1498 1883 12.85692233779136 0.19135043772967514
366 1499 1883 12.428694702180053 0.22088394336057188
366 1500 1883 12.068324324445317 0.2493107328060369
366 1501 1883 11.78203938204242 0.2735756720668508
366 1502 1883 11.575338094414287 0.2903310015707666
366 1503 1883 11.45253037542353 0.2968443620520576
366 1504 1883 11.416323926728719 0.291957531311523
366 1505 1883 11.467539055961337 0.27654460111239987
366 1498 1884 11.97783169025173 0.22303181591574142
366 1499 1884 11.516963662354701 0.26177155985413136
366 1500 1884 11.127104385238715 0.300322950178924
366 1501 1884 10.815935095959048 0.33440861741366257
366 1502 1884 10.590394326936023 0.3589190830115469
366 1503 1884 10.456024674798675 0.3693542849152954
366 1504 1884 10.416355024671478 0.3635791321290425
366 1505 1884 10.472461601743822 0.3427917121644308
366 1506 1884 10.622826930718526 0.3109699217451755
366 1507 1884 10.863537729487518 0.27322525981155177
366 1497 1885 11.681800032529177 0.2135414503748699
366 1498 1885 11.119192956325504 0.2592859214341811
366 1499 1885 10.621132331347667 0.3101246527713365
366 1500 1885 10.197080562592353 0.36268435644979635
366 1501 1885 9.85659434084607 0.41108652476274127
366 1502 1885 9.608561390759743 0.4475017945050655
366 1503 1885 9.460256444727005 0.4643722449797536
366 1504 1885 9.416392727578797 0.4576828828312215
366 1505 1885 9.478420332523712 0.42906554992017704
366 1506 1885 9.644296345509034 0.3849156698592907
366 1507 1885 9.908806789921728 0.3333146351285994
366 1508 1885 10.26432910618122 0.28115918815806923
366 1497 1886 10.891852551333901 0.24251052787363525
366 1498 1886 10.28612910671448 0.30014527224161214
366 1499 1886 9.745586283030839 0.3667253813169981
366 1500 1886 9.281619039801132 0.4386398352314545
366 1501 1886 8.906203006893504 0.5081032002907357
366 1502 1886 8.630900995840408 0.5631548768050706
366 1503 1886 8.465485928167324 0.5908483371095615
366 1504 1886 8.41643938967061 0.5834245418166305
366 1505 1886 8.485779398499528 0.5430479582188759
366 1506 1886 8.670666179711858 0.48041585853073204
366 1507 1886 8.963952922678647 0.40869946196216317
366 1508 1886 9.355450390013251 0.3383055248209841
366 1509 1886 9.8334354118995 0.27517614802550655
366 1496 1887 10.845665124832083 0.21554902307041
366 1497 1887 10.139055774577775 0.27326998566611127
366 1498 1887 9.48538096230188 0.34520558770671933
366 1499 1887 8.896316765943027 0.43191485237430977
366 1500 1887 8.385490564063561 0.5303770826857888
366 1501 1887 7.967964106344796 0.6310105072476937
366 1502 1887 7.659011163329054 0.7158431892631186
366 1503 1887 7.472111615868642 0.7622991375830082
366 1504 1887 7.416498634800597 0.7548533521325218
366 1505 1887 7.49509519619325 0.6961512420289129
366 1506 1887 7.703794649391893 0.604962051710095
366 1507 1887 8.03246238708898 0.5034952251038851
366 1508 1887 8.467139540600428 0.40754252179019324
366 1509 1887 8.992466402494882 0.3246558702367215
366 1496 1888 10.188054377554089 0.23631625919848273
366 1497 1888 9.432308943201503 0.3048368752204065
366 1498 1888 8.725849643444418 0.3933949664122095
366 1499 1888 8.081611967918226 0.5051416768227239
366 1500 1888 7.515613880449097 0.639418590134944
366 1501 1888 7.046733427624402 0.7861791614929783
366 1502 1888 6.69540529019709 0.9195729920047446
366 1503 1888 6.480775570871067 0.9997766405567646
366 1504 1888 6.416576345684607 0.9943822161136766
366 1505 1888 6.507261482374845 0.9057802660165483
366 1506 1888 6.746588174773919 0.768898765931042
366 1507 1888 7.119582291117879 0.6226138569544296
366 1508 1888 7.606605813370333 0.4907179810839517
366 1509 1888 8.18733485329624 0.3817859970852395
366 1510 1888 8.843328106544469 0.2957896731931484
366 1496 1889 9.589809799990777 0.2559493595583629
366 1497 1889 8.782736020170432 0.3357646341687114
366 1498 1889 8.019255077624056 0.442735847062851
366 1499 1889 7.313033023308402 0.5843270752566398
366 1500 1889 6.682249022597052 0.7654350109087915
366 1501 1889 6.15015869713939 0.979680107903734
366 1502 1889 5.744253824475317 1.1935867804079932
366 1503 1889 5.4925815424078435 1.3372404701781015
366 1504 1889 5.416682748694015 1.3395663898727426
366 1505 1889 5.523807744663039 1.1992425046394175
366 1506 1889 5.803830803874231 0.9862517839252164
366 1507 1889 6.233494365121334 0.7713596101079394
366 1508 1889 6.784427168154984 0.5890942156340652
366 1509 1889 7.429700666917846 0.4463806143157192
366 1510 1889 8.146928991957614 0.33849408417254084
366 1495 1890 9.947886810775405 0.20734662817213254
366 1496 1890 9.062695625474754 0.2733209913680311
366 1497 1890 8.203929058688848 0.36416594653749296
366 1498 1890 7.3808164859993175 0.49019664112218886
366 1499 1890 6.606697510859669 0.6651511329502605
366 1500 1890 5.9008856962323355 0.9042698535617576
366 1501 1890 5.290789355096212 1.2141233404771221
366 1502 1890 4.812946290994677 1.5623113176552732
366 1503 1890 4.509595547274661 1.8315819819189956
366 1504 1890 4.416837330035992 1.8575163460596744
366 1505 1890 4.547576497432396 1.6205766544357856
366 1506 1890 4.883897214315584 1.2749582593122077
366 1507 1890 5.387434639974721 0.9541023793699742
366 1508 1890 6.016348726594859 0.7023841676585186
366 1509 1890 6.735610736971044 0.5171479786173416
366 1510 1890 7.519338534738253 0.38355344129311514
366 1511 1890 8.349398301674178 0.2873319616538912
366 1495 1891 9.546122354128894 0.21575274117711435
366 1496 1891 8.619770994637815 0.2872459698547095
366 1497 1891 7.711838431917477 0.3878647133395328
366 1498 1891 6.829674369982762 0.5317889073191299
366 1499 1891 5.984684787020906 0.7406029785244692
366 1500 1891 5.195041097046249 1.0453823686220578
366 1501 1891 4.490039198047108 1.4816112934008985
366 1502 1891 3.915667503759677 2.049137734342738
366 1503 1891 3.53616345776034 2.5811846600772324
366 1504 1891 3.4170823812134805 2.6792865965817407
366 1505 1891 3.58447374101131 2.2419141325929273
366 1506 1891 4.002555683560148 1.6541672208913183
366 1507 1891 4.603526039895905 1.1710232624504096
366 1508 1891 5.325828761798458 0.8271834807791268
366 1509 1891 6.126699927367075 0.5911065740943976
366 1510 1891 6.979144073595252 0.4289349036089459
366 1511 1891 7.86641290551162 0.3161259770392204
366 1495 1892 9.235607830565321 0.221146455182127
366 1496 1892 8.274566574751786 0.2966409646495938
366 1497 1892 7.323964227110857 0.40469879301471345
366 1498 1892 6.388462412818875 0.563068698270217
366 1499 1892 5.475806059385192 0.8014179702281364
366 1500 1892 4.599614331658646 1.1701505043390121
366 1501 1892 3.785294176150598 1.7520647842764394
366 1502 1892 3.0822803246946346 2.648967211332112
366 1503 1892 2.583108979505063 3.7533034994209897
366 1504 1892 2.417530144589662 4.096952552256957
366 1505 1892 2.648858622123827 3.176571031359545
366 1506 1892 3.1919354630066947 2.1316486669801207
366 1507 1892 3.9192412530998637 1.411671866181426
366 1508 1892 4.746835998852268 0.9549549808512938
366 1509 1892 5.6306706527730634 0.6630911215069627
366 1510 1892 6.548011301150897 0.47169284132629313
366 1511 1892 7.486551409026715 0.34268385328114176
366 1495 1893 9.02576600627335 0.22314258501001172
366 1496 1893 8.039679844371891 0.30070566888538586
366 1497 1893 7.05751032588686 0.41293111109847275
366 1498 1893 6.081155482307592 0.5800657934208091
366 1499 1893 5.1139468123944845 0.8379949780528533
366 1500 1893 4.162265248635619 1.2542148095373356
366 1501 1893 3.2398228346623763 1.9644482885332006
366 1502 1893 2.380851108322354 3.253046088668686
366 1503 1893 1.6853640556270941 5.543446372125305
366 1504 1893 1.4186091780331298 6.924911461523361
366 1505 1893 1.7845032922356456 4.546394395849824
366 1506 1893 2.521200507694674 2.666422616186761
366 1507 1893 3.3953574185937936 1.6458529881623687
366 1508 1893 4.324401923965895 1.0705937908424918
366 1509 1893 5.279436712377558 0.72576182564642
366 1510 1893 6.248555993187545 0.5081396412859758
366 1511 1893 7.226095211108142 0.36506636222537303
366 1495 1894 8.923701698286408 0.2215934602084889
366 1496 1894 7.924925993345285 0.2990761069304303
366 1497 1894 6.9265035912789195 0.4116492596177456
366 1498 1894 5.928612991248442 0.5803849684583063
366 1499 1894 4.9315770297137025 0.8435674978520424
366 1500 1894 3.936045223317416 1.2764252827948879
366 1501 1894 2.9435441223123995 2.044064895638329
366 1502 1894 1.9586862944330574 3.575912031201036
366 1503 1894 1.0042171080000215 7.370747314246066
366 1504 1894 0.42479642183044836 14.927790165718125
366 1505 1894 1.1629496979663299 6.089065343556229
366 1506 1894 2.127075927182667 3.105128508492014
366 1507 1894 3.113912651311855 1.819775459413888
366 1508 1894 4.107122106779887 1.1538586582855095
366 1509 1894 5.102984616868846 0.7706412348673304
366 1510 1894 6.100200980295658 0.5343716034220415
366 1511 1894 7.098200617057828 0.3813298153845574
366 1495 1895 8.933109872827034 0.21661392419942768
366 1496 1895 7.935518382563289 0.29189949666258025
366 1497 1895 6.9386203239548925 0.40099806978226465
366 1498 1895 5.942764676478442 0.5639796010205607
366 1499 1895 4.948580806655575 0.8170363611119864
366 1500 1895 3.957328897122397 1.2305089054739655
366 1501 1895 2.971944144831796 1.9560382563092666
366 1502 1895 2.001112690479979 3.374597439435861
366 1503 1895 1.084643720306372 6.694152461112502
366 1504 1895 0.5902982297111117 12.98435664117242
366 1505 1895 1.233066097174072 6.2629405330167165
366 1506 1895 2.1662068229973155 3.206185634542191
366 1507 1895 3.1407725164360674 1.8746526786984914
366 1508 1895 4.127523712833177 1.1857869394256177
366 1509 1895 5.119419107672296 0.7903533123602322
366 1510 1895 6.113955511777971 0.5471168087191594
366 1511 1895 7.110024753824718 0.38987544842361505
366 1495 1896 9.053643023667322 0.20856183501296618
366 1496 1896 8.070963511254401 0.2798035927349954
366 1497 1896 7.093127095999339 0.3821416919796655
366 1498 1896 6.122454736459882 0.5331674954536744
366 1499 1896 5.162988669365842 0.7634720849550904
366 1500 1896 4.222375160972802 1.1291125287614376
366 1501 1896 3.3166929312193068 1.7387012893693383
366 1502 1896 2.4844419896628986 2.8084449831995024
366 1503 1896 1.828784295645653 4.665867887932943
366 1504 1896 1.5863328780556092 6.369390849254387
366 1505 1896 1.920534300657038 4.805710394663415
366 1506 1896 2.6192464565214637 2.8969275140531248
366 1507 1896 3.4687824953433255 1.788222413427908
366 1508 1896 4.382288443268003 1.158053296843849
366 1509 1896 5.32695522789523 0.7812935687875984
366 1510 1896 6.288755997810723 0.5446396388952471
366 1511 1896 7.260885070017316 0.38979813811401776
366 1495 1897 9.280972578345445 0.19797991420021105
366 1496 1897 8.325169788058385 0.26377177045289046
366 1497 1897 7.3810874537563995 0.3569726213542759
366 1498 1897 6.45387108641009 0.49187957818776235
366 1499 1897 5.551977305429137 0.6918943636235679
366 1500 1897 4.690037526502342 0.9959132632359045
366 1501 1897 3.894669690744035 1.4671568938836892
366 1502 1897 3.215657320051417 2.190819300491674
366 1503 1897 2.740885258452146 3.165054800526959
366 1504 1897 2.585430718468455 3.839238138786614
366 1505 1897 2.8029363175071134 3.366477700047653
366 1506 1897 3.320911320707068 2.3792080027200484
366 1507 1897 4.024978509259445 1.594716643001986
366 1508 1897 4.834506386385317 1.0779235817038963
366 1509 1897 5.704774491599159 0.7451469576434884
366 1510 1897 6.611841800890313 0.5272850538932167
366 1511 1897 7.542443370685689 0.38110627723746143
366 1496 1898 8.687718457684976 0.24496716662668838
366 1497 1898 7.78771160226162 0.3276939568068646
366 1498 1898 6.915233329396794 0.4445610583743836
366 1499 1898 6.082142056874396 0.6119785443211115
366 1500 1898 5.307019125648628 0.8539034761032446
366 1501 1898 4.619139746749426 1.2009009754265885
366 1502 1898 4.063059438403576 1.6728201553215223
366 1503 1898 3.6987095046786798 2.2070140432886607
366 1504 1898 3.5850316595534313 2.536018817362221
366 1505 1898 3.744923497215992 2.3681055682187306
366 1506 1898 4.146860499221126 1.8646706697700268
366 1507 1898 4.7295297863530275 1.3550384759584062
366 1508 1898 5.435112878312697 0.9639046011148441
366 1509 1898 6.221933140110119 0.6881618439466665
366 1510 1898 7.062892608556396 0.49736702365838625
366 1496 1899 9.145734087540504 0.224558691665857
366 1497 1899 8.29556821441427 0.29642839581243946
366 1498 1899 7.482543150560536 0.39522921467418437
366 1499 1899 6.720152676837069 0.531618368163771
366 1500 1899 6.027640666131355 0.7188071777994166
366 1501 1899 5.431800069958436 0.9685377360718713
366 1502 1899 4.9675398337608225 1.2762551452817603
366 1503 1899 4.674232771268514 1.5870039257125816
366 1504 1899 4.584806648049681 1.7696075260038047
366 1505 1899 4.710886540769219 1.7049958476522737
366 1506 1899 5.036313334176161 1.439047052654785
366 1507 1899 5.52597973213806 1.1180654910833803
366 1508 1899 6.140720804596205 0.8364220371651945
366 1509 1899 6.846930115022402 0.6187165651855986
366 1510 1899 7.619215970163905 0.45846403056627166
366 1497 1900 8.887319730942535 0.2649547017229492
366 1498 1900 8.133661660039746 0.3469551378790762
366 1499 1900 7.4383097542385626 0.456029575690212
366 1500 1900 6.819123990660426 0.5986033649573297
366 1501 1900 6.298607147616098 0.7771581163445348
366 1502 1900 5.902918938965757 0.9809027888811727
366 1503 1900 5.658308227730321 1.1716502911704514
366 1504 1900 5.58466221001778 1.2820806389718131
366 1505 1900 5.688624789876785 1.2571763038796089
366 1506 1900 5.96091033316227 1.110430787187122
366 1507 1900 6.380004075233867 0.9086525634044211
366 1508 1900 6.919281176538555 0.7110499709494837
366 1509 1900 7.553042565747978 0.544768039760057
366 1510 1900 8.259567301015279 0.4144904021357848
366 1498 1901 8.850110281798788 0.30175400950261044
366 1499 1901 8.21562243533627 0.38797759257172787
366 1500 1901 7.659533406154757 0.4958101318806142
366 1501 1901 7.200031388820518 0.6238386383101288
366 1502 1901 6.856562695695325 0.7615547110055044
366 1503 1901 6.647138632524582 0.884069466332293
366 1504 1901 6.5845616406865535 0.9550566980323997
366 1505 1901 6.672964258858339 0.9466093770196233
366 1506 1901 6.9065513825643 0.8623261489898
366 1507 1901 7.2713445799247385 0.7340262223723257
366 1508 1901 7.748835525419345 0.5967686756436769
366 1509 1901 8.31964254039805 0.4723435191393846
366 1499 1902 9.03683860650398 0.3284550427086525
366 1500 1902 8.534427455898891 0.40991495404379674
366 1501 1902 8.124558572624167 0.5024389939933291
366 1502 1902 7.821793400493321 0.597551006817341
366 1503 1902 7.638877666254441 0.6792599614675884
366 1504 1902 7.584487589811253 0.7270217887543287
366 1505 1902 7.661360975701442 0.7256218503906482
366 1506 1902 7.865650132061619 0.6755413409453656
366 1507 1902 8.187823398193258 0.5925961030599245
366 1508 1902 8.614664938347923 0.49728273424350883
366 1509 1902 9.131508747189647 0.4052022227511679
366 1499 1903 9.891028864582335 0.27736461168862103
366 1500 1903 9.434217084634046 0.33905826523517857
366 1501 1903 9.065122834247804 0.40661482248361835
366 1502 1903 8.794796870877745 0.4736700814233161
366 1503 1903 8.632522922066352 0.5299016896960728
366 1504 1903 8.584430790681525 0.5631947856647982
366 1505 1903 8.652424631281168 0.5647658844006802
366 1506 1903 8.8338243133991 0.5341696630950286
366 1507 1903 9.12186669492605 0.4795777580985365
366 1508 1903 9.50686341544892 0.41304368896927224
366 1509 1903 9.977597506414114 0.3452003099488196
366 1500 1904 10.35241285884605 0.28098445282606493
366 1501 1904 10.01720779459032 0.3308680690369038
366 1502 1904 9.773251864144354 0.3790499287518837
366 1503 1904 9.627484198896466 0.41878321311298
366 1504 1904 9.584385843652223 0.4426568957841796
366 1505 1904 9.645333172057935 0.4453593445507693
366 1506 1904 9.808386819452075 0.4262472024932499
366 1507 1904 10.06858738850695 0.38968587713671027
366 1508 1904 10.418658838833396 0.3428619462062919
366 1501 1905 10.977816358456776 0.27075938446419345
366 1502 1905 10.755670690384735 0.305982515669858
366 1503 1905 10.623391737105491 0.334695054820601
366 1504 1905 10.584349389546873 0.3522158054534165
366 1505 1905 10.639570104097313 0.3552070929852688
366 1506 1905 10.787606407354753 0.34306147896761285
366 1507 1905 11.02472004179704 0.3181768748539087
255 1271 1450 13.104752878249895 0.30986373862885225
255 1272 1450 12.697186617514875 0.3302984365694995
255 1273 1450 12.357287242756751 0.34760649012379413
255 1274 1450 12.090762920510793 0.3606934666436328
255 1275 1450 11.902543761734238 0.36864291373040947
255 1276 1450 11.79637859684058 0.3708596454289203
255 1277 1450 11.774487165053026 0.3671724123642822
255 1278 1450 11.83733703161308 0.35786478832457624
255 1269 1451 13.274884104955463 0.30793490003233287
255 1270 1451 12.716388952843458 0.3385189359238912
255 1271 1451 12.214358272131985 0.36842841534879334
255 1272 1451 11.77601579482632 0.396216202766701
255 1273 1451 11.408704922119727 0.4202307450771347
255 1274 1451 11.119467073560621 0.43879105278634145
255 1275 1451 10.91451089146915 0.45042839531420353
255 1276 1451 10.798636395397274 0.4541436269258992
255 1277 1451 10.77471800095012 0.44960478028098744
255 1278 1451 10.843364238095043 0.4372165579233365
255 1279 1451 11.00284272358732 0.41803586688679334
255 1280 1451 11.249290999880763 0.3935647055222018
255 1281 1451 11.577156300231861 0.3654912127314199
255 1268 1452 13.122292025404684 0.32032019458192884
255 1269 1452 12.477120982021427 0.35897249002231657
255 1270 1452 11.88118462107206 0.39910166362844607
255 1271 1452 11.34224616202625 0.43924637433771313
255 1272 1452 10.868787788893437 0.4774178811579851
255 1273 1452 10.469696652721082 0.5111902575651281
255 1274 1452 10.153745515818235 0.5379470335135628
255 1275 1452 9.928874457862726 0.5552812518647302
255 1276 1452 9.801354396204577 0.5614683062814474
255 1277 1452 9.774996061380214 0.5558602305840684
255 1278 1452 9.850611554619267 0.5390450853839007
255 1279 1452 10.025893875360866 0.5127020547882356
255 1280 1452 10.295753882062181 0.4792154715774396
255 1281 1452 10.653006523981782 0.4412019106037199
255 1282 1452 11.089208628211408 0.40110392575180487
255 1283 1452 11.595453764299103 0.36093519392006657
255 1267 1453 13.121225095241662 0.3228020943564183
255 1268 1453 12.395585827220895 0.3681910533326327
255 1269 1453 11.710446105934626 0.417757633895967
255 1270 1453 11.073325968289716 0.4705142271748025
255 1271 1453 10.49297612691458 0.5247033897259841
255 1272 1453 9.979305987893108 0.5776613948905411
255 1273 1453 9.543089017713244 0.6258441461554649
255 1274 1453 9.195354696802024 0.6651354740815769
255 1275 1453 8.946426549187054 0.6914967094369239
255 1276 1453 8.804688978038856 0.7018531078590207
255 1277 1453 8.775337486387565 0.6949133147695132
255 1278 1453 8.859489150058188 0.6715479404808167
255 1279 1453 9.053979677467732 0.6345321607787543
255 1280 1453 9.351927501857498 0.5877863661331102
255 1281 1453 9.743846673670442 0.5354735450841022
255 1282 1453 10.218930863842775 0.48128739999560144
255 1283 1453 10.766176108535397 0.42807683419012615
255 1284 1453 11.375172438253335 0.37777272375757004
255 1267 1454 12.474876672737079 0.36467466218823513
255 1268 1454 11.709250531097181 0.4211954576879272
255 1269 1454 10.981372773929477 0.48450729142670756
255 1270 1454 10.299249875597713 0.5538210775369768
255 1271 1454 9.672566774129782 0.6272388460663104
255 1272 1454 9.11276840482624 0.7013728212336123
255 1273 1454 8.632875998182719 0.7711443814037555
255 1274 1454 8.246850792878405 0.8300482908205267
255 1275 1454 7.968346629006492 0.8711458857895548
255 1276 1454 7.808876231571291 0.8887461384085723
255 1277 1454 7.775766714607568 0.8801868319083826
255 1278 1454 7.870612936741261 0.8467798643730987
255 1279 1454 8.08891513121499 0.7933368557297252
255 1280 1454 8.421077603252373 0.7265745404765541
255 1281 1454 8.854295454749558 0.6533035802704983
255 1282 1454 9.374569216769302 0.5791647320110115
255 1283 1454 9.968277082826225 0.5081312206779298
255 1284 1454 10.62311385611575 0.44258280883951767
255 1266 1455 12.711984424156597 0.3490053750505261
255 1267 1455 11.877649093991616 0.4087889053032523
255 1268 1455 11.070797080608052 0.4784662334253879
255 1269 1455 10.297890463585235 0.5587008938770187
255 1270 1455 9.567159871142513 0.6493598871162506
255 1271 1455 8.889012768581198 0.7488620240800669
255 1272 1455 8.276384959630592 0.8533396135243669
255 1273 1455 7.7448400887300055 0.9558477480760346
255 1274 1455 7.312082329952209 1.046192063637743
255 1275 1455 6.996466822618346 1.1122011086354755
255 1276 1455 6.8142899850240575 1.1428814196033914
255 1277 1455 6.776322601529468 1.1324755343956652
255 1278 1455 6.884950834973262 1.0829837308769934
255 1279 1455 7.133480777292314 1.003258846727199
255 1280 1455 7.5080322322163 0.9053793995614292
255 1281 1455 7.990904079013763 0.8008061118825756
255 1282 1455 8.563792851301269 0.6981568195911912
255 1283 1455 9.209915743371306 0.6027590119732517
255 1284 1455 9.914965859749522 0.5172257724119773
255 1285 1455 10.667265254037629 0.4423183173175027
255 1265 1456 13.09834142172207 0.32362936962979233
255 1266 1456 12.208625966913724 0.38274432507725087
255 1267 1456 11.337307793299077 0.4536049551272392
255 1268 1456 10.488972685635133 0.5382494817835807
255 1269 1456 9.669671555952656 0.6386103865935991
255 1270 1456 8.887437650976786 0.7560019899449782
255 1271 1456 8.152947197179662 0.8901704052182545
255 1272 1456 7.480277267588389 1.0377507200540284
255 1273 1456 6.887564736537838 1.1902203227090966
255 1274 1456 6.397073393357267 1.3321831340472505
255 1275 1456 6.0337838874125564 1.4420513670490676
255 1276 1456 5.821558897752329 1.4975639806828218
255 1277 1456 5.777070884107207 1.4854416578220169
255 1278 1456 5.904112803800343 1.408705935489865
255 1279 1456 6.19213598041896 1.284920511146695
255 1280 1456 6.620162233661574 1.1370786556069814
255 1281 1456 7.16313813911186 0.9849428716910572
255 1282 1456 7.797085865885975 0.841399540209745
255 1283 1456 8.501679128266296 0.712922454777056
255 1284 1456 9.260807092257062 0.6015725908014775
255 1285 1456 10.062134366027847 0.5069116006649812
255 1265 1457 12.689466025014617 0.3472208005282128
255 1266 1457 11.768880490513963 0.41456015780540556
255 1267 1457 10.862345418923121 0.49690213631654123
255 1268 1457 9.97369279655234 0.5976767618379032
255 1269 1457 9.108158320977955 0.720769268533787
255 1270 1457 8.273001148313705 0.8701095578053435
255 1271 1457 7.4784054450129815 1.0486116167119137
255 1272 1457 6.738734896106222 1.2558973886670304
255 1273 1457 6.0740882443375535 1.484172156503706
255 1274 1457 5.511673792959774 1.7125165588680715
255 1275 1457 5.085523375228897 1.9032439179384812
255 1276 1457 4.831826569735242 2.009102652135363
255 1277 1457 4.778132271086617 1.996753380836605
255 1278 1457 4.930978401899493 1.8703647413119693
255 1279 1457 5.272432835039172 1.6683897430038501
255 1280 1457 5.7691028765310755 1.4375768729268597
255 1281 1457 6.38486867523515 1.2123335383004736
255 1282 1457 7.088762092213208 1.0104980412422295
255 1283 1457 7.85713357402042 0.8379534009274073
255 1284 1457 8.672862733838166 0.694154830659021
255 1285 1457 9.52378853188156 0.5758516637388569
255 1286 1457 10.401276267843224 0.4790655386201884
255 1265 1458 12.34822043858954 0.3674921906383149
255 1266 1458 11.40011175383822 0.44247860001155026
255 1267 1458 10.461670421113459 0.5358406695962774
255 1268 1458 9.535751045408022 0.6527073433299622
255 1269 1458 8.626386729100435 0.7995839991806768
255 1270 1458 7.73941522338736 0.9843961596575713
255 1271 1458 6.88349823854121 1.2159225240992184
255 1272 1458 6.0717829341965 1.5015745684038184
255 1273 1458 5.3245232650444665 1.8413460505692647
255 1274 1458 4.672745231659834 2.2147815888160802
255 1275 1458 4.161555959013364 2.5618741566709007
255 1276 1458 3.8474079586131182 2.779103974573009
255 1277 1458 3.7797550185163438 2.7730383225688993
255 1278 1458 3.9712149274497106 2.5466150971821304
255 1279 1458 4.388000455788415 2.1960126995097355
255 1280 1458 4.97378608305577 1.823239087351813
255 1281 1458 5.676490817397592 1.4859340792284124
255 1282 1458 6.45806069962176 1.203091837091831
255 1283 1458 7.293185038102285 0.9741072620482988
255 1284 1458 8.165448426142863 0.7914007199122202
255 1285 1458 9.064135259361418 0.6462036877891617
255 1286 1458 9.982111399899262 0.5306561603371032
255 1287 1458 10.91451089146915 0.4383252968485418
255 1265 1459 12.080337246948057 0.3830699675986749
255 1266 1459 11.109390082268263 0.4644176521321377
255 1267 1459 10.144089313486962 0.5672308432484402
255 1268 1459 9.186215107431368 0.6984201093127039
255 1269 1459 8.238358331609534 0.8674675500347782
255 1270 1459 7.304419757927398 1.0873566186604389
255 1271 1459 6.390504518424197 1.3755177031677635
255 1272 1459 5.506591323132669 1.7538830386297406
255 1273 1459 4.669748173081706 2.24479978336081
255 1274 1459 3.910313030947759 2.852990676851295
255 1275 1459 3.282460662368975 3.512919040340078
255 1276 1459 2.8737689538304387 4.006662806312063
255 1277 1459 2.7825434408108745 4.034226049478703
255 1278 1459 3.037523333243638 3.5749320833128535
255 1279 1459 3.565185549168439 2.918818682583478
255 1280 1459 4.265506769423697 2.300620401450547
255 1281 1459 5.067400517030336 1.7975981677084998
255 1282 1459 5.92980168302442 1.4089062686184581
255 1283 1459 6.829827816277594 1.1127732338810838
255 1284 1459 7.754388950781299 0.8869204317941809
255 1285 1459 8.695662596950218 0.7134392735951004
255 1286 1459 9.648758883918642 0.578940456280469
255 1287 1459 10.610492354268903 0.4736364160775847
255 1265 1460 11.890775752658053 0.39276948017962743
255 1266 1460 10.902960515382993 0.47849846723466694
255 1267 1460 9.917587811559851 0.5880304525857032
255 1268 1460 8.935465740519653 0.729783176615673
255 1269 1460 7.957797936615403 0.9159265317349684
255 1270 1460 6.986454608741138 1.1644275827647568
255 1271 1460 6.024495663539 1.502349449424555
255 1272 1460 5.077257921358746 1.9709982405056286
255 1273 1460 4.154822258532855 2.6326228248235353
255 1274 1460 3.2781927948185077 3.570924968184458
255 1275 1460 2.496106568237803 4.834545029594094
255 1276 1460 1.927316268804844 6.117732662606022
255 1277 1460 1.7884484896132036 6.319168395790747
255 1278 1460 2.1639195918517102 5.183135759600843
255 1279 1460 2.8577172708299186 3.857832264432825
255 1280 1460 3.6946648021166304 2.837851560644523
255 1281 1460 4.597232645842436 2.115382747123566
255 1282 1460 5.533402931289151 1.6052682274523842
255 1283 1460 6.4886476248906675 1.2392276228636812
255 1284 1460 7.455638671502209 0.971354204483551
255 1285 1460 8.430334987412964 0.7715881639237139
255 1286 1460 9.410342608003125 0.6200594128566375
255 1287 1460 10.39415932146506 0.5033792747622279
255 1265 1461 11.783316511067707 0.3957944786470869
255 1266 1461 10.785664003667124 0.48339775266592144
255 1267 1461 9.788490588441134 0.5959794307697506
255 1268 1461 8.791959281070435 0.7428134422746953
255 1269 1461 7.796316309642682 0.9376852682960736
255 1270 1461 6.801951778717666 1.2017757578598682
255 1271 1461 5.809522183450231 1.568968361468392
255 1272 1461 4.8202228164266705 2.0962506856936187
255 1273 1461 3.8364759871528173 2.8856871135791304
255 1274 1461 2.8640090781979217 4.134716711535951
255 1275 1461 1.9200385412798444 6.253247656080968
255 1276 1461 1.0819186660742834 9.893157116818623
255 1277 1461 0.8090414080872996 11.43771589355683
255 1278 1461 1.4623775162384725 7.504101465574895
255 1279 1461 2.371191261792209 4.8436278567788404
255 1280 1461 3.332648796377988 3.313997783326482
255 1281 1461 4.311675776307812 2.3725835896672427
255 1282 1461 5.298542063624625 1.7563884856689476
255 1283 1461 6.289558649062701 1.3338185333009986
255 1284 1461 7.283031511671451 1.0335188483233533
255 1285 1461 8.278076346591597 0.8140467539298358
255 1286 1461 9.274187188104367 0.6499762050916844
255 1287 1461 10.27105388945064 0.525007590255597
255 1265 1462 11.760210372268046 0.3918872433574885
255 1266 1462 10.760415791222979 0.47863298611492666
255 1267 1462 9.760663297133078 0.590160867099367
255 1268 1462 8.760967298192632 0.7357233227624617
255 1269 1462 7.761349624904204 0.9291284547175814
255 1270 1462 6.761845014491278 1.1917205846355268
255 1271 1462 5.762512299336156 1.5579750874332368
255 1272 1462 4.763459667090758 2.086824951243912
255 1273 1462 3.7649100918880274 2.887014528047984
255 1274 1462 2.7674081737250544 4.182460023009765
255 1275 1462 1.7727233286669875 6.521353861259033
255 1276 1462 0.7915478507330355 11.748559765194448
255 1277 1462 0.33248759375352843 18.307912348474574
255 1278 1462 1.2627541328381922 8.779304836553742
255 1279 1462 2.253563400483745 5.277107941094903
255 1280 1462 3.2500073846069615 3.5155586962861722
255 1281 1462 4.248122879578663 2.483175517100517
255 1282 1462 5.24695606995138 1.8235073923657257
255 1283 1462 6.246162661986922 1.3774099651112537
255 1284 1462 7.245588174882663 1.063243946882167
255 1285 1462 8.245153000399652 0.8350764341490877
255 1286 1462 9.244811950494142 0.6652897014603301
255 1287 1462 10.24453747125751 0.5364213418946229
255 1265 1463 11.82195195388651 0.38137981118442743
255 1266 1463 10.827859806997918 0.46467359500826166
255 1267 1463 9.83496558204455 0.5712488511560979
255 1268 1463 8.843672766447254 0.7094953274396762
255 1269 1463 7.8545877040109975 0.8917042543785412
255 1270 1463 6.868664207835515 1.1363948925671123
255 1271 1463 5.887490806786929 1.4723896368468894
255 1272 1463 4.913913715156232 1.9462201479869852
255 1273 1463 3.953548785584977 2.63590099919958
255 1274 1463 3.019030970361247 3.675278663517
255 1275 1463 2.144422532991177 5.276538462857081
255 1276 1463 1.4431035998847133 7.517350765988973
255 1277 1463 1.2516181526328796 8.674741778297154
255 1278 1463 1.7465818045542745 6.812667280495946
255 1279 1463 2.5562761979097623 4.723263258537615
255 1280 1463 3.4667777546303586 3.3159016810562436
255 1281 1463 4.416168927928351 2.3999917298682503
255 1282 1463 5.383915675416895 1.7859130656867275
255 1283 1463 6.361646642183114 1.3597890985260923
255 1284 1463 7.345375960425689 1.0550442597065368
255 1285 1463 8.332979539156419 0.8315318312606298
255 1286 1463 9.323226265622832 0.6641006206998096
255 1287 1463 10.315354962384928 0.5364247052699563
255 1265 1464 11.967228083395135 0.3651282131382106
255 1266 1464 10.986289091408487 0.4428327446776745
255 1267 1464 10.009123238326174 0.5413251564268012
255 1268 1464 9.036954575519397 0.6675618235572904
255 1269 1464 8.071588938988462 0.8313479193456936
255 1270 1464 7.115795668792129 1.046685105930283
255 1271 1464 6.174022027819526 1.333728216824145
255 1272 1464 5.253812710784489 1.721306316798282
255 1273 1464 4.368815400082793 2.248725048688503
255 1274 1464 3.5454968622183975 2.9600023788998207
255 1275 1464 2.838053558338959 3.862774552229744
255 1276 1464 2.353411991131249 4.779972772352085
255 1277 1464 2.2411041921339296 5.168239556814326
255 1278 1464 2.5507936019992283 4.659487235873831
255 1279 1464 3.1607828144306467 3.7187253100137716
255 1280 1464 3.9337702017276053 2.840569570990893
255 1281 1464 4.791507904616246 2.1591096660399667
255 1282 1464 5.695836022920594 1.6554833647838718
255 1283 1464 6.627710615287893 1.2851941299480174
255 1284 1464 7.576974858081538 1.010474359729689
255 1285 1464 8.537830403562703 0.8039575485139576
255 1286 1464 9.506763276741436 0.6465603674975411
255 1287 1464 10.481533666405861 0.5250173189052624
255 1266 1465 11.231854165719978 0.41498390448769945
255 1267 1465 10.278061490378484 0.50335268486516
255 1268 1465 9.333946003700744 0.6147728856977609
255 1269 1465 8.402770257480626 0.7563238305779891
255 1270 1465 7.489362322654776 0.9373500825343675
255 1271 1465 6.601102029207007 1.169828111128799
255 1272 1465 5.749656337556253 1.4679499788870245
255 1273 1465 4.9540436009386015 1.8450347623867356
255 1274 1465 4.2457682461482324 2.3030384914102067
255 1275 1465 3.6756697348919363 2.8062952946536805
255 1276 1465 3.315802768561556 3.2407127351202023
255 1277 1465 3.2370585413304473 3.420627746030553
255 1278 1465 3.4586916601513247 3.2408556056773774
255 1279 1465 3.930209663618501 2.806504438037549
255 1280 1465 4.574991584691733 2.303245819124903
255 1281 1465 5.330529804813035 1.845211480947018
255 1282 1465 6.156179659496628 1.468091559415321
255 1283 1465 7.027271732329692 1.1699389301546583
255 1284 1465 7.928842790722986 0.937436321793257
255 1285 1465 8.851584490925893 0.7563910896550623
255 1286 1465 9.789512143104973 0.6148256468016273
255 1287 1465 10.738647400860112 0.5033943755107152
255 1266 1466 11.559002898174278 0.3832085721704281
255 1267 1466 10.634592046712525 0.4605361227239711
255 1268 1466 9.725150281615253 0.5561853607626694
255 1269 1466 8.835301239912601 0.6748193295514378
255 1270 1466 7.971608871488933 0.8219806884124048
255 1271 1466 7.143566896166158 1.0036917752012409
255 1272 1466 6.365103926881392 1.2251246600737133
255 1273 1466 5.656725908155781 1.4872888916887284
255 1274 1466 5.048024167929544 1.780247493805223
255 1275 1466 4.578924327830794 2.072661136977486
255 1276 1466 4.295410108476327 2.304630414146725
255 1277 1466 4.234920070084031 2.4032140931234296
255 1278 1466 4.406648159315702 2.329606380611698
255 1279 1466 4.78566066494485 2.113244084093511
255 1280 1466 5.327902776890763 1.8254296471770999
255 1281 1466 5.989202618045263 1.5298770618934154
255 1282 1466 6.734578531727145 1.262049602856779
255 1283 1466 7.539134433076524 1.0343808454190757
255 1284 1466 8.385854041181494 0.8469714168131335
255 1285 1466 9.263182390517846 0.6949964419253439
255 1286 1466 10.16319575724092 0.5724428114582643
255 1267 1467 11.070255100945118 0.41579366995677997
255 1268 1467 10.19973274159678 0.49615369019843736
255 1269 1467 9.35513484670324 0.5933707557394277
255 1270 1467 8.54415285443801 0.7103344708574258
255 1271 1467 7.77730981766839 0.849431447405969
255 1272 1467 7.068984934203852 1.011322725859623
255 1273 1467 6.438520637537863 1.1927325038245626
255 1274 1467 5.910883859457982 1.3831543365123327
255 1275 1467 5.515663876633602 1.5615783720655503
255 1276 1467 5.2826648578156785 1.6968449706585642
255 1277 1467 5.233597997553946 1.756623807497576
255 1278 1467 5.373504257000323 1.723971347232325
255 1279 1467 5.688457435896002 1.6083527680787906
255 1280 1467 6.151629702769863 1.4393032369567273
255 1281 1467 6.7324993873004075 1.2497509813486087
255 1282 1467 7.4034146175937146 1.064100805676844
255 1283 1467 8.142146400059397 0.8957409515295319
255 1284 1467 8.931883787869172 0.7497362228681724
255 1285 1467 9.760253480314947 0.6263234705681514
255 1267 1468 11.576119729857735 0.3714513272933227
255 1268 1468 10.746652874267479 0.43790243973274673
255 1269 1468 9.94859527772647 0.5163544284819424
255 1270 1468 9.190133187283053 0.6080520500950938
255 1271 1468 8.481895307064411 0.7134538017475099
255 1272 1468 7.837509043057059 0.8313877125077197
255 1273 1468 7.27396370626092 0.9578343174423695
255 1274 1468 6.811354344034748 1.0845621587511496
255 1275 1468 6.471363689362618 1.1984053341904894
255 1276 1468 6.273957921440092 1.2826135682519593
255 1277 1468 6.232699896513613 1.3214050963535757
255 1278 1468 6.350633669170402 1.3064576730964301
255 1279 1468 6.619255849413939 1.2410594468298417
255 1280 1468 7.021292473612004 1.138412924363893
255 1281 1468 7.535419563634164 1.0155815855781645
255 1282 1468 8.140426770139293 0.8876951860050417
255 1283 1468 8.81762711844861 0.7652054825281682
255 1284 1468 9.551677758383617 0.6538728744389242
255 1285 1468 10.330466978796272 0.5559829302987349
255 1268 1469 11.355463354702952 0.3834988379940726
255 1269 1469 10.603327213662773 0.44620079757255
255 1270 1469 9.895178017600363 0.5175827533459058
255 1271 1469 9.241133480261034 0.5972213581186929
255 1272 1469 8.653470286538305 0.6834390924780094
255 1273 1469 8.146566638774965 0.7727067801340151
255 1274 1469 7.736313592403113 0.859159011448743
255 1275 1469 7.438719513464739 0.9346330943036952
255 1276 1469 7.267637030011956 0.9897430155183958
255 1277 1469 7.2320500551365745 1.0161704210851723
255 1278 1469 7.333931278652729 1.0094587267811637
255 1279 1469 7.567730703454027 0.97076931919718
255 1280 1469 7.9217768208906705 0.9064074316889091
255 1281 1469 8.380844110231417 0.8254534649056133
255 1282 1469 8.928748400531877 0.7370158619174801
255 1283 1469 9.550211934821158 0.6484004398864704
255 1284 1469 10.231839912742986 0.5645035871867058
255 1269 1470 11.308693470069905 0.38389832423415143
255 1270 1470 10.647560659606576 0.4393330913543334
255 1271 1470 10.042636506416107 0.4996117191713291
255 1272 1470 9.50465927848029 0.5631144518758218
255 1273 1470 9.045581683894152 0.6270745155364228
255 1274 1470 8.677934546883911 0.6874516241093687
255 1275 1470 8.413711903791405 0.7391352972804623
255 1276 1470 8.262841399906035 0.7766476456485064
255 1277 1470 8.23155805422042 0.7953248960906014
255 1278 1470 8.321210729214888 0.7926178151764611
255 1279 1470 8.527986163215845 0.7689054788927963
255 1280 1470 8.843672766447254 0.7273698768549922
255 1281 1470 9.257134977950832 0.6730041735739767
255 1282 1470 9.755949364362275 0.6112898727424094
255 1283 1470 10.327756193869055 0.5471151993227167
255 1284 1470 10.961138079597417 0.48420568348205645
255 1271 1471 10.87706522918759 0.41842537148464526
255 1272 1471 10.382415325924965 0.46563860999465223
255 1273 1471 9.963862102618718 0.5121635730759754
255 1274 1471 9.631331579797335 0.5552419561960579
255 1275 1471 9.393963380810112 0.5916179293062921
255 1276 1471 9.259079219879332 0.6179734682911338
255 1277 1471 9.231172623237049 0.6315585120020513
255 1278 1471 9.311205507344424 0.6308370827043013
255 1279 1471 9.496449231160089 0.6158928166961575
255 1280 1471 9.780927767855204 0.5884060932740497
255 1281 1471 10.156305824462008 0.5512138252337521
255 1282 1471 10.612942476052568 0.5076537913035382
255 1283 1471 11.140850416373103 0.4609479278783491
255 1280 1472 10.729517603322206 0.4797023721408581
255 1281 1472 11.072784112408272 0.4538131434363984
255 1282 1472 11.493065213423309 0.4226902235144232
