# %ECSV 0.9
# ---
# datatype:
# - name: sexcat_id
#   datatype: int32
# - name: x
#   datatype: int32
# - name: y
#   datatype: int32
# - name: sep
#   datatype: float64
# - name: weight
#   datatype: float64
# schema: astropy-2.0
sexcat_id x y sep weight
425 1825 1203 9.199297799288747 0.1842702982344775
425 1826 1203 8.710859888667636 0.2095112085966214
425 1827 1203 8.314510208063894 0.23229076915819277
425 1828 1203 8.023906779119423 0.24985842535683353
425 1829 1203 7.850801232995177 0.2596376693502028
425 1830 1203 7.803017365096565 0.26001527809883035
425 1831 1203 7.882834515578676 0.250926337884969
425 1824 1204 8.987273223842648 0.20084904654443875
425 1825 1204 8.367979445481387 0.23849134455019916
425 1826 1204 7.827840059684339 0.2775667603461371
425 1827 1204 7.3842453913720165 0.31438185538387975
425 1828 1204 7.055429115227423 0.3439628049896198
425 1829 1204 6.85792096775683 0.3611738496856802
425 1830 1204 6.803166909608989 0.362532668288217
425 1831 1204 6.894568877021875 0.34774838176740414
425 1832 1204 7.126505454989748 0.31986009329450643
425 1833 1204 7.485925460489076 0.2838654309011344
425 1823 1205 8.995280985049842 0.204498538714713
425 1824 1205 8.256335748986908 0.252691093362544
425 1825 1205 7.5775378586978475 0.3086660796138275
425 1826 1205 6.9764661541499 0.36998646888306647
425 1827 1205 6.474803471920909 0.43107918159671277
425 1828 1205 6.09713703306716 0.4829047417677794
425 1829 1205 5.867459416135655 0.5147383275708921
425 1830 1205 5.803367987642944 0.5184878061251428
425 1831 1205 5.910252109681859 0.4931214914229535
425 1832 1205 6.179245908684879 0.4452946597274775
425 1833 1205 6.590529569010275 0.38555039124772067
425 1834 1205 7.119485936498416 0.3236241664655246
425 1823 1206 8.385170242755924 0.24733099387300855
425 1824 1206 7.587033675950002 0.3146068883299764
425 1825 1206 6.842154631400795 0.39738002543837825
425 1826 1206 6.169852510392715 0.49432340476788983
425 1827 1206 5.59634523595527 0.5982857675925956
425 1828 1206 5.1547143470806605 0.6933315212835559
425 1829 1206 4.880889263238734 0.7560719471771493
425 1830 1206 4.803652776793833 0.7659047604865757
425 1831 1206 4.932248979927824 0.7192064961461234
425 1832 1206 5.251578810224503 0.6322259104116214
425 1833 1206 5.729841184535481 0.5290071436977064
425 1834 1206 6.331119964113689 0.4285209046783611
425 1835 1206 7.023893507165301 0.3406297222501282
425 1822 1207 8.743859559713872 0.22427975718642382
425 1823 1207 7.855385413841871 0.2930137272418936
425 1824 1207 6.99707653238119 0.38442985649799505
425 1825 1207 6.181511142107529 0.5044279420409215
425 1826 1207 5.427990420035713 0.6568079110676615
425 1827 1207 4.766033990646671 0.8368726986079151
425 1828 1207 4.2387592524227395 1.0201089116782225
425 1829 1207 3.901163928880628 1.1544527428354974
425 1830 1207 3.8040872755497195 1.1812069943138792
425 1831 1207 3.965233914915896 1.0864326793710695
425 1832 1207 4.356039485587705 0.9160987186524853
425 1833 1207 4.9221011773427765 0.7301246545257414
425 1834 1207 5.61062206889745 0.5646610334239228
425 1835 1207 6.38209056657762 0.43119460163447676
425 1836 1207 7.209929264562795 0.3284216447219576
425 1822 1208 8.35769585471976 0.25209164564813213
425 1823 1208 7.423144886097792 0.3370929068228528
425 1824 1208 6.508078057306916 0.4559074946872074
425 1825 1208 5.622017431491983 0.6227324611227444
425 1826 1208 4.781117024294601 0.8549634941309091
425 1827 1208 4.013860984139787 1.1655094174471627
425 1828 1208 3.3709167892428864 1.5349375629207118
425 1829 1208 2.9351456522631922 1.8557670107627087
425 1830 1208 2.804831545743786 1.9373724790455757
425 1831 1208 3.019781449045514 1.7152308506232432
425 1832 1208 3.5172546111988225 1.349521045318229
425 1833 1208 4.197985231036352 1.00262063782591
425 1834 1208 4.987492355883795 0.7312651116678591
425 1835 1208 5.8418387516260015 0.5334817450343234
425 1836 1208 6.73639963185077 0.39234625468887135
425 1822 1209 8.07756646521711 0.27380198420292334
425 1823 1209 7.106270470507014 0.37305516690341595
425 1824 1209 6.1441907522471935 0.5177163272550424
425 1825 1209 5.196448787393165 0.7334920040823363
425 1826 1209 4.272596400316773 1.0624173739180442
425 1827 1209 3.3922087199934796 1.56875963419311
425 1828 1209 2.5998230709030477 2.3175327922939797
425 1829 1209 2.002768084427078 3.1935958589579068
425 1830 1209 1.8063997342780085 3.5074861943016025
425 1831 1209 2.124871760836313 2.8505945015122833
425 1832 1209 2.78694815165255 1.9825070846850696
425 1833 1209 3.6081962252626334 1.336434514470119
425 1834 1209 4.502341612983123 0.9113544865497356
425 1835 1209 5.433514516406432 0.6348954715842158
425 1836 1209 6.385536782448236 0.45202810068162286
425 1822 1210 7.914738151069827 0.28577014292508146
425 1823 1210 6.920627139212181 0.3938192222359368
425 1824 1210 5.9284972800870985 0.5555065772360218
425 1825 1210 4.939542488935598 0.8065796870706888
425 1826 1210 3.9561445878531836 1.215338910162631
425 1827 1210 2.9838029425550183 1.9231779141459624
425 1828 1210 2.0384013343794543 3.247458644539633
425 1829 1210 1.1862040296677012 5.815188148966787
425 1830 1210 0.8118374221479602 7.765519538022302
425 1831 1210 1.3824181711767962 4.819546913289265
425 1832 1210 2.272241184381568 2.723039114679117
425 1833 1210 3.2272403071354483 1.6494442984134916
425 1834 1210 4.203222573216848 1.0605522934572833
425 1835 1210 5.188360049186988 0.713046211447781
425 1836 1210 6.178274840115123 0.496037814484138
425 1822 1211 7.876489065567247 0.28570266906021363
425 1823 1211 6.876851023542706 0.39452651514390435
425 1824 1211 5.877336131275827 0.5582357184652968
425 1825 1211 4.878020090159558 0.8146355429694625
425 1826 1211 3.8790565863364534 1.2384249586382658
425 1827 1211 2.8808123854218923 1.994855751852537
425 1828 1211 1.8844309485890232 3.5199785426112506
425 1829 1211 0.8961473093192202 7.40509257578887
425 1830 1211 0.23469128658736094 16.7034201360797
425 1831 1211 1.1432759946749445 6.063462919966178
425 1832 1211 2.1352002248032704 3.046071845610112
425 1833 1211 3.1322643566595536 1.7718124062398932
425 1834 1211 4.130748116261731 1.1173996089754032
425 1835 1211 5.129822609018737 0.7430015240324357
425 1836 1211 6.1291989688702175 0.5132313828711664
425 1822 1212 7.964614240501581 0.27361307686675707
425 1823 1212 6.97761277228828 0.3750012979917168
425 1824 1212 5.9949211838022105 0.5250366368689193
425 1825 1212 5.019071627303246 0.7542576742152639
425 1826 1212 4.055006781745304 1.1180536258345999
425 1827 1212 3.1136923418989806 1.720839992920949
425 1828 1212 2.2242032281246944 2.7539258986740878
425 1829 1212 1.482929533052823 4.400377469216558
425 1830 1212 1.204607819997951 5.50216742085044
425 1831 1212 1.6441046195422506 4.126634734594153
425 1832 1212 2.4403032598429486 2.562507154185709
425 1833 1212 3.347697716341796 1.6095290490956704
425 1834 1212 4.296403146819445 1.0519779582016817
425 1835 1212 5.264131457325129 0.7132915122879593
425 1836 1212 6.242041332769267 0.49859083176465036
425 1823 1213 7.216860813400847 0.33984696092281796
425 1824 1213 6.271768490625327 0.46581853951687724
425 1825 1213 5.346688694884025 0.6490656227265966
425 1826 1213 4.454108216018173 0.9186961658028949
425 1827 1213 3.61815975324481 1.3131641474816025
425 1828 1213 2.888439024802237 1.8573779535283024
425 1829 1213 2.365392145078792 2.4587178404280525
425 1830 1213 2.2016085028906485 2.745730859172831
425 1831 1213 2.4696315514668084 2.4247356991397147
425 1832 1213 3.0579535640686744 1.8191605681892156
425 1833 1213 3.8213976500752 1.2838327109759697
425 1834 1213 4.674941710866587 0.8983983640532311
425 1835 1213 5.577372141071471 0.6352965605080712
425 1823 1214 7.581495894610834 0.2960913015082346
425 1824 1214 6.68812978342981 0.3949279173946049
425 1825 1214 5.829500836263842 0.5303351688206198
425 1826 1214 5.02345299569935 0.7133648130231165
425 1827 1214 4.299660451710197 0.9505189170378704
425 1828 1214 3.7066264985834065 1.2270381049503662
425 1829 1214 3.3152797770324955 1.4777580702955133
425 1830 1214 3.2004812138177887 1.5860345992983762
425 1831 1214 3.3904394995340263 1.4822707439903293
425 1832 1214 3.8401927034981584 1.2334023138035066
425 1833 1214 4.472033094689757 0.9564992363640993
425 1834 1214 5.220256698669176 0.7181547671998758
425 1835 1214 6.041777884033834 0.5339284255791495
425 1824 1215 7.219908586678994 0.3243584404400606
425 1825 1215 6.432657304722599 0.41981227541542676
425 1826 1215 5.712362033344959 0.5391374736553397
425 1827 1215 5.08754164602128 0.6792238345757211
425 1828 1215 4.597290506374474 0.8248152662875781
425 1829 1215 4.288015858179727 0.9432947912170376
425 1830 1215 4.199890474762499 0.9932195614945497
425 1831 1215 4.346387005318409 0.9527188028680226
425 1832 1215 4.70564342040498 0.8397414679154933
425 1833 1215 5.234030951379695 0.6952078797956874
425 1834 1215 5.886177027579156 0.553496300280137
425 1826 1216 6.48282962910496 0.4037643006886004
425 1827 1216 5.939619516433784 0.48756037921449163
425 1828 1216 5.525493643105659 0.5681659272706739
425 1829 1216 5.270965755912384 0.6298116126415993
425 1830 1216 5.1995269015556556 0.6558918779556028
425 1831 1216 5.318559955476756 0.6381076212961134
425 1832 1216 5.615966524116829 0.5822023728733599
425 1833 1216 6.065565101455991 0.5039175695366459
425 1829 1217 6.259319451825508 0.4352118970787113
5 1382 591 20.472368426735496 0.05365349392200945
5 1383 591 21.21574577996249 0.05586676722391886
5 1384 591 21.979487459902153 0.05775505893719579
5 1385 591 22.76154364273205 0.0592597125576863
5 1386 591 23.5600905982977 0.06033135133415569
5 1387 591 24.373507523538652 0.06093336961641906
5 1388 591 25.20035454115666 0.061044675047485474
5 1389 591 26.03935231529377 0.060661326153057964
5 1375 592 15.20894042989182 0.04650547764617846
5 1376 592 15.757597183580932 0.05030609810714499
5 1377 592 16.34906324533603 0.05415507332967836
5 1378 592 16.978865362561695 0.05798477943925821
5 1379 592 17.642898543039834 0.06171558081985359
5 1380 592 18.337444451176857 0.0652577435055542
5 1381 592 19.059167584131178 0.0685147044116954
5 1382 592 19.805097045962597 0.07138769591469428
5 1383 592 20.572599957224565 0.07378150895426336
5 1384 592 21.359350856240834 0.07561093413888852
5 1385 592 22.16330004760112 0.07680720257021621
5 1386 592 22.98264277666943 0.0773236201458521
5 1387 592 23.815790329107184 0.07713960518176127
5 1388 592 24.661343617086136 0.076262520963943
5 1389 592 25.518069460678152 0.07472701646596942
5 1390 592 26.38487955250118 0.0725919791362054
5 1370 593 12.30795957906911 0.04039809265651551
5 1371 593 12.588719911094966 0.0445745459661233
5 1372 593 12.94086044279895 0.04904053421493086
5 1373 593 13.358737552628183 0.0537701627403447
5 1374 593 13.8363965323345 0.05872183464772076
5 1375 593 14.367876287050844 0.06383574491817313
5 1376 593 14.94743687058078 0.06903200336674944
5 1377 593 15.56970998445371 0.07420988280283114
5 1378 593 16.229783393502125 0.07924874328764386
5 1379 593 16.92323459034936 0.08401114731600537
5 1380 593 17.646129008935553 0.08834851080244106
5 1381 593 18.394995759716736 0.09210930695122095
5 1382 593 19.166790785105274 0.09514937281982723
5 1383 593 19.958854400991964 0.09734333986015635
5 1384 593 20.76886778329517 0.09859575544709559
5 1385 593 21.594811159164966 0.098850241774282
5 1386 593 22.434925206026332 0.09809517429199269
5 1387 593 23.287676333202405 0.09636487679424591
5 1388 593 24.151726004573568 0.09373611647415647
5 1389 593 25.025903959697338 0.09032052897584764
5 1368 594 10.98316297794035 0.04503273794708467
5 1369 594 11.118447238710957 0.05012614276191749
5 1370 594 11.340629127169228 0.05566312550987111
5 1371 594 11.6447356775497 0.061632036977170915
5 1372 594 12.024552756755599 0.06800178996081058
5 1373 594 12.473165957366174 0.0747169013941392
5 1374 594 12.983445960144719 0.08169270412730419
5 1375 594 13.548426809043107 0.08881145478820394
5 1376 594 14.161563084631505 0.0959203138652424
5 1377 594 14.816877842514515 0.10283234458634917
5 1378 594 15.509025404582886 0.109331657930958
5 1379 594 16.233295075245724 0.11518350265777944
5 1380 594 16.985578265104692 0.12014938423961902
5 1381 594 17.762315980749715 0.12400623059271118
5 1382 594 18.56043827607518 0.12656741120173684
5 1383 594 19.37730293410299 0.12770242860792705
5 1384 594 20.210637520869945 0.12735175922227723
5 1385 594 21.05848686396997 0.12553390458620844
5 1386 594 21.919166704051403 0.12234318103854053
5 1387 594 22.791223508183922 0.11793871421132499
5 1388 594 23.67340003041378 0.11252689187332424
5 1389 594 24.564606021672624 0.10634061040211971
5 1367 595 9.938001257798259 0.05572242976405459
5 1368 595 9.987685868107764 0.062471234087659665
5 1369 595 10.136265041917527 0.06987964734974622
5 1370 595 10.379492714000966 0.07794303454200789
5 1371 595 10.710922882739792 0.08662758941597222
5 1372 595 11.122673644407566 0.09586121234840336
5 1373 595 11.606199593320738 0.10552416656850508
5 1374 595 12.15293664099333 0.11544085116590262
5 1375 595 12.754758680586553 0.12537465638989836
5 1376 595 13.40424816988994 0.13502838123971694
5 1377 595 14.094817097074994 0.14405280861197373
5 1378 595 14.8207243075363 0.15206540099627758
5 1379 595 15.57703017266119 0.1586794382685577
5 1380 595 16.35951921665172 0.16354132640683788
5 1381 595 17.164610948110553 0.16637084504427155
5 1382 595 17.989270941313784 0.16699686053504706
5 1383 595 18.830928521982027 0.16538070255720086
5 1384 595 19.68740381563796 0.16162160574379372
5 1385 595 20.55684482112943 0.15594286273856509
5 1386 595 21.437674057602322 0.14866209651650034
5 1387 595 22.328543817275577 0.14015253718236098
5 1388 595 23.228298883043397 0.13080325677968324
5 1389 595 24.13594557915631 0.12098501172125666
5 1363 596 9.794277359764767 0.047581524086301875
5 1364 596 9.429627193054902 0.05393959058733222
5 1365 596 9.160123852874491 0.06111320823059
5 1366 596 8.99432426589124 0.0691744075708733
5 1367 596 8.938001398523038 0.07818573762710855
5 1368 596 8.993212384904494 0.08819185463987668
5 1369 596 9.157940216009239 0.09920827502972882
5 1370 596 9.426445194239403 0.11120709205622967
5 1371 596 9.790192490446698 0.12409994543834041
5 1372 596 10.239036526939373 0.1377193900311522
5 1373 596 10.762335666573426 0.15180108760147426
5 1374 596 11.349795989355856 0.16597085038546844
5 1375 596 11.991991869576882 0.1797421183696337
5 1376 596 12.68060996166974 0.19253018872068553
5 1377 596 13.40849987880813 0.2036883601484153
5 1378 596 14.169610756827351 0.21256716401134373
5 1379 596 14.958872584523112 0.21859105013312677
5 1380 596 15.772059757685328 0.22133908430884583
5 1381 596 16.605657740661666 0.22061092086308912
5 1382 596 17.45674279469101 0.21646015822861253
5 1383 596 18.322878294634723 0.20918529461399993
5 1384 596 19.202027731466178 0.19928098172163541
5 1385 596 20.092482897840075 0.18736352540285428
5 1386 596 20.992805172248794 0.17408978078283147
5 1387 596 21.901777758894262 0.16008653914799828
5 1388 596 22.818366922284234 0.14590067191251316
5 1389 596 23.741690525318432 0.1319725572725098
5 1361 597 9.95348526899001 0.05056280210866777
5 1362 597 9.384128569025517 0.05776070398045405
5 1363 597 8.89111179774502 0.06599851177618393
5 1364 597 8.487748170156822 0.07540390474644763
5 1365 597 8.187299249447296 0.08610594562948588
5 1366 597 8.001366695758922 0.09822677462959961
5 1367 597 7.9380015747037875 0.1118689163641766
5 1368 597 8.000116811647166 0.12709694822341952
5 1369 597 8.184856076926422 0.1439124578892318
5 1370 597 8.484212927549565 0.1622219357347533
5 1371 597 8.886611784026517 0.18179886090613198
5 1372 597 9.378798910308223 0.2022440965166368
5 1373 597 9.947455403267638 0.2229528778038435
5 1374 597 10.580258456200315 0.24310144966782612
5 1375 597 11.266404439749094 0.2616697240875934
5 1376 597 11.996744099963033 0.27751465579100776
5 1377 597 12.763693391804647 0.28949869561119806
5 1378 597 13.56104232719585 0.29665811290757826
5 1379 597 14.383736267048183 0.2983734038011127
5 1380 597 15.227667877912133 0.29449120003615586
5 1381 597 16.089495610490616 0.2853558753617992
5 1382 597 16.96649253676188 0.27173935908411256
5 1383 597 17.856423746091945 0.254694321499512
5 1384 597 18.75744836058455 0.2353788830335386
5 1385 597 19.668041819154134 0.21490051540786306
5 1386 597 20.586934424532362 0.19420848768259535
5 1387 597 21.51306275266252 0.17404156300691634
5 1388 597 22.445531158785155 0.15492137396883585
5 1389 597 23.383581184241113 0.13717527272612362
5 1357 598 12.175215357438324 0.040108834243041055
5 1358 598 11.367755671195692 0.04602340578816168
5 1359 598 10.593199186270482 0.05288063697601111
5 1360 598 9.859303677238133 0.06083324458832986
5 1361 598 9.175830698089474 0.07005495663400675
5 1362 598 8.554873990889693 0.08074062111617689
5 1363 598 8.010984271611118 0.0931043533635549
5 1364 598 7.560811398256175 0.10737443404774114
5 1365 598 7.221902034782823 0.12378310475881578
5 1366 598 7.010411471518633 0.142548729980918
5 1367 598 6.938001801671706 0.16384712028471174
5 1368 598 7.008984876570902 0.18776844489595784
5 1369 598 7.219132150057886 0.21425672714984398
5 1370 598 7.556842528463801 0.24303148831382984
5 1371 598 8.0059895703154 0.27349716305943333
5 1372 598 8.549027371578521 0.30465674167851875
5 1373 598 9.169289449024856 0.33506112075859207
5 1374 598 9.852201226121922 0.36283956115454563
5 1375 598 10.585644477309735 0.38585719637384874
5 1376 598 11.359835782263662 0.40201689625822745
5 1377 598 12.166999178104586 0.4096598019717481
5 1378 598 13.000994923466337 0.4079459713524923
5 1379 598 13.856979071933292 0.397066890053566
5 1380 598 14.731119068149473 0.378195896776988
5 1381 598 15.620367121165776 0.3531990723988081
5 1382 598 16.5222840128112 0.3242302177835563
5 1383 598 17.43490375654527 0.29335591420746154
5 1384 598 18.356630110126318 0.26230467389816825
5 1385 598 19.286157445172844 0.2323598000954067
5 1386 598 20.222410069029745 0.20436410166804175
5 1387 598 21.164495481820385 0.17878814179067878
5 1388 598 22.11166816411632 0.15582091983448557
5 1355 599 13.393277007513975 0.04082250069370806
5 1356 599 12.50479384076372 0.04706836630956077
5 1357 599 11.634426027956946 0.054374771314073415
5 1358 599 10.786559646152329 0.06293469576614272
5 1359 599 9.966938797845685 0.07297581539460664
5 1360 599 9.183129586366588 0.08476510513903218
5 1361 599 8.445109176322186 0.09861273230577508
5 1362 599 7.765942891883828 0.11487406047734734
5 1363 599 7.162392686805209 0.1339477643992569
5 1364 599 6.655063410667138 0.15626680902400517
5 1365 599 6.267365395443312 0.182277255085328
5 1366 599 6.022447093997595 0.21239750415054012
5 1367 599 5.938002105085503 0.2469480094482192
5 1368 599 6.020786410428428 0.2860397889150611
5 1369 599 6.264173449067277 0.3294120201775805
5 1370 599 6.650554037070837 0.3762197745191094
5 1371 599 7.156805781911298 0.4247999277964211
5 1372 599 7.75950185256752 0.47249143493971324
5 1373 599 8.43800148139348 0.5156450673912788
5 1374 599 9.175503746388987 0.5499831020794349
5 1375 599 9.958909026595139 0.5713852131207424
5 1376 599 10.778212699701092 0.5769431721782092
5 1377 599 11.625827669460685 0.5658575586820924
5 1378 599 12.495994118116313 0.5397046359938978
5 1379 599 13.384314289495643 0.501918394110961
5 1380 599 14.287402458109627 0.4567828765351137
5 1381 599 15.202627042718532 0.4084316500815082
5 1382 599 16.12792202982134 0.36020180125244267
5 1383 599 17.061649070356488 0.3144075745271203
5 1384 599 18.00249618802893 0.27241236000313174
5 1385 599 18.949402866581202 0.23483889899111557
5 1386 599 19.901504189382162 0.20180171941793992
5 1387 599 20.858088814654028 0.17310402588056745
5 1354 600 13.910926245221873 0.047345823980115685
5 1355 600 12.980904013203492 0.054934898982431306
5 1356 600 12.062083941011283 0.06390036777428323
5 1357 600 11.157233931400832 0.07451832928411309
5 1358 600 10.270047176133216 0.087123252079881
5 1359 600 9.405523324090034 0.10211942440440186
5 1360 600 8.57052326290533 0.11999338023788542
5 1361 600 7.774565518406877 0.14132615490960332
5 1362 600 7.030922343476777 0.16680292574518613
5 1363 600 6.3579768008385145 0.1972152948239148
5 1364 600 5.780473077525795 0.2334475672583354
5 1365 600 5.329528027883925 0.27643209588458106
5 1366 600 5.039232977348845 0.32704946902857335
5 1367 600 4.938002531388566 0.38593760776208547
5 1368 600 5.037248157476427 0.4531643796322775
5 1369 600 5.325774028251616 0.5277256398787266
5 1370 600 5.775280858971209 0.6068865597178571
5 1371 600 6.351682375559959 0.6855351452117423
5 1372 600 7.023807300887375 0.755975292743488
5 1373 600 7.766844211132252 0.8087996589349811
5 1374 600 8.562351838134099 0.8352324375575049
5 1375 600 9.397013834192123 0.8302905865398535
5 1376 600 10.261280085837143 0.7949366708490638
5 1377 600 11.148267533567614 0.735644196088291
5 1378 600 12.0529610054956 0.6617113502672499
5 1379 600 12.971656370718323 0.5821987418314336
5 1380 600 13.901577932018979 0.5040341395253721
5 1381 600 14.840615519579936 0.4315411530635848
5 1382 600 15.787142521685062 0.3668447139822425
5 1383 600 16.739888559963486 0.3105533561820328
5 1384 600 17.697849276112514 0.2623781273861495
5 1385 600 18.66022156888808 0.22157849375767905
5 1386 600 19.626356488151227 0.1872425782619561
5 1352 601 15.51315148511105 0.04683600563022155
5 1353 601 14.548122524917192 0.05451824260135943
5 1354 601 13.58815178749497 0.06365114068294786
5 1355 601 12.634392308298905 0.0745467980918352
5 1356 601 11.688364684591352 0.08759221090799577
5 1357 601 10.752109978976318 0.1032684811222979
5 1358 601 9.828421490758416 0.12217475578773757
5 1359 601 8.921203338115417 0.14505756659588923
5 1360 601 8.036035651986708 0.17284572699131426
5 1361 601 7.1810771476151976 0.20668959432004702
5 1362 601 6.3685060257489745 0.24800043357814844
5 1363 601 5.6167489707125755 0.29847914164505407
5 1364 601 4.953571337933932 0.3601106447138337
5 1365 601 4.419034849376088 0.4350757841626897
5 1366 601 4.064218128988665 0.5254896068285161
5 1367 601 3.9380031741988106 0.6328099209527054
5 1368 601 4.06175688588075 0.7566922767549809
5 1369 601 4.41450665420265 0.8930960780025171
5 1370 601 4.947511394630562 1.0318427284271663
5 1371 601 5.60962289285109 1.1549848320325165
5 1372 601 6.360650045396211 1.2389746031207693
5 1373 601 7.172716988700906 1.2630898493589209
5 1374 601 8.027320163043106 1.220628823096724
5 1375 601 8.912231426528272 1.123162530317726
5 1376 601 9.819260104508789 0.9933774351862765
5 1377 601 10.742805452953048 0.853816689974909
5 1378 601 11.678949824363384 0.7202247034230956
5 1379 601 12.62489085101322 0.60080645988426
5 1380 601 13.578581258732338 0.49832497582297514
5 1381 601 14.538496105168404 0.41245903250821786
5 1382 601 15.503479254670438 0.34147813274253797
5 1383 601 16.472640013063977 0.2832067395509642
5 1384 601 17.44528214159909 0.23550254115545852
5 1351 602 16.27242664755332 0.0531566967998794
5 1352 602 15.28992704364554 0.06220764268253304
5 1353 602 14.309852165553737 0.07305866827080065
5 1354 602 13.332736740819673 0.0861262971882135
5 1355 602 12.359282705723766 0.10193808341671658
5 1356 602 11.390428833016005 0.12116607034771908
5 1357 602 10.427457456158818 0.14467124457541186
5 1358 602 9.4721628469955 0.17356260926950867
5 1359 602 8.527125482834276 0.20927537296323417
5 1360 602 7.5961746293777015 0.25367326922500427
5 1361 602 6.685197753245691 0.3091791265435249
5 1362 602 5.80360827416884 0.3789327776945142
5 1363 602 4.967078517599737 0.4669595996066238
5 1364 602 4.202602645980296 0.5782908033519669
5 1365 602 3.556946583799139 0.7188732022283204
5 1366 602 3.105135906848547 0.8948717309823846
5 1367 602 2.93800425459187 1.110499629269022
5 1368 602 3.1019137641139722 1.3628325641247143
5 1369 602 3.551319332304474 1.632126374226245
5 1370 602 4.195458139464542 1.870729604685737
5 1371 602 4.959018955398241 2.007133346380163
5 1372 602 5.794986540105062 1.9859664875558527
5 1373 602 6.676216668143614 1.8165632527027966
5 1374 602 7.586953868318853 1.5639084635931335
5 1375 602 8.517738490937496 1.295664363083913
5 1376 602 9.462656550884534 1.0516973971044237
5 1377 602 10.417862976637663 0.8463137187123176
5 1378 602 11.380767504874068 0.6798861100111016
5 1379 602 12.349569587641398 0.5473635951638354
5 1380 602 13.322982736609587 0.4425104572397528
5 1381 602 14.30006534950092 0.3595815973470517
5 1382 602 15.280113513976152 0.29380654793831257
5 1383 602 16.262591091212876 0.24140083947545748
5 1348 603 19.10355644899672 0.04364959564437685
5 1349 603 18.10899966867314 0.0509514852670835
5 1350 603 17.115077242011022 0.05968650187118609
5 1351 603 16.121906493960427 0.07018503705992284
5 1352 603 15.12963545496068 0.0828668061246775
5 1353 603 14.138453557585533 0.09826904071516901
5 1354 603 13.148607112542484 0.11708499002474233
5 1355 603 12.16042223773511 0.1402170459085477
5 1356 603 11.174339756782159 0.16885083751478489
5 1357 603 10.190969973461906 0.20455970919300864
5 1358 603 9.211181737432062 0.24945363596533113
5 1359 603 8.23625333510339 0.3063935850467847
5 1360 603 7.268140683833898 0.379302439844149
5 1361 603 6.309981695694629 0.473617120714519
5 1362 603 5.367109929934457 0.5969403909557539
5 1363 603 4.449254881438107 0.7599487722656313
5 1364 603 3.5757333513561393 0.9775315891474712
5 1365 603 2.788524520243706 1.2697503938064694
5 1366 603 2.183087034453774 1.6607687608012507
5 1367 603 1.9380064499376557 2.169236798285235
5 1368 603 2.178501549230511 2.77228408156467
5 1369 603 2.7813430209162475 3.3231603739702287
5 1370 603 3.5673335980812477 3.5227690216680174
5 1371 603 4.440255510665922 3.2164714864470367
5 1372 603 5.357785829986009 2.6311077556930047
5 1373 603 6.300465776432616 2.0428356042591784
5 1374 603 7.258503220361511 1.5616147532480977
5 1375 603 8.226534446533256 1.195279313808925
5 1376 603 9.201405816504236 0.9221260355129978
5 1377 603 10.181152636121206 0.7185666450986383
5 1378 603 11.164491434901885 0.5657525814589032
5 1379 603 12.150550152153496 0.44986014546778186
5 1380 603 13.13871641371398 0.36100816714808137
5 1381 603 14.12854801456954 0.29215809592740394
5 1382 603 15.119717887579672 0.2382676187461579
5 1383 603 16.111979052866115 0.19569000816101897
5 1347 604 20.026978528974468 0.048056872482440956
5 1348 604 19.028133618408404 0.05627984474155093
5 1349 604 18.02941676815986 0.06616540120922099
5 1350 604 17.03085050724137 0.07811209918214201
5 1351 604 16.03246297360463 0.09263192388190622
5 1352 604 15.034289773714063 0.11038859144561805
5 1353 604 14.036376633590416 0.13225116808710297
5 1354 604 13.03878326378665 0.15937023548700005
5 1355 604 12.041589139312245 0.1932878464440581
5 1356 604 11.044902398844563 0.2360991383814042
5 1357 604 10.048874016525541 0.2906946820349494
5 1358 604 9.053721279120644 0.36113214759127704
5 1359 604 8.059768545063918 0.4532208504444785
5 1360 604 7.067522125894018 0.5754675369884993
5 1361 604 6.077817782724429 0.740655878286292
5 1362 604 5.092137959639455 0.9685772478110898
5 1363 604 4.113376836615004 1.290922773658741
5 1364 604 3.147994440910059 1.7603020490616819
5 1365 604 2.2135647720363676 2.466731078423088
5 1366 604 1.3747250634218455 3.562089205496386
5 1367 604 0.9380133261313396 5.2339215288549505
5 1368 604 1.3674315339349756 7.086391670194904
5 1369 604 2.2045110569011763 6.792216496724248
5 1370 604 3.1384500951901915 4.8483288404620195
5 1371 604 4.103640944332131 3.300619727578912
5 1372 604 5.0823094160036035 2.2992840112512587
5 1373 604 6.067937788079132 1.6504140104774676
5 1374 604 7.057610714682303 1.216335836823978
5 1375 604 8.049836582192103 0.9163687553733258
5 1376 604 9.043775152003615 0.7031399227951153
5 1377 604 10.038917720551245 0.5479056149216409
5 1378 604 11.034938558958885 0.4325877810900841
5 1379 604 12.031619550168521 0.3454354331548945
5 1380 604 13.028809193475709 0.2785857982341012
5 1381 604 14.026399003307903 0.22664355258306246
5 1382 604 15.024309268648484 0.18582441629814325
5 1346 605 21.005091501824136 0.052224197524292484
5 1347 605 20.00509607575041 0.06130497710346031
5 1348 605 19.005101131012278 0.07225882267530402
5 1349 605 18.005106747809187 0.08554599455904338
5 1350 605 17.005113025205205 0.10176180041209469
5 1351 605 16.005120087022263 0.12168394326581901
5 1352 605 15.005128090089844 0.14633969648745607
5 1353 605 14.005137236028894 0.1771028119105953
5 1354 605 13.005147788472181 0.2158359672067358
5 1355 605 12.005160098890919 0.26510464507723674
5 1356 605 11.005174646501636 0.32850615220906515
5 1357 605 10.005192102103896 0.4111901529471434
5 1358 605 9.005213434450178 0.520709656647016
5 1359 605 8.005240096337008 0.6684675265295239
5 1360 605 7.00527437007299 0.8722939744668702
5 1361 605 6.005320058081943 1.1613154849701601
5 1362 605 5.00538400125316 1.585863533035142
5 1363 605 4.0054798713763216 2.239736271672655
5 1364 605 3.0056395326120957 3.317679857877527
5 1365 605 2.0059583744436074 5.2993387219893675
5 1366 605 1.006910621654286 9.824112198540064
5 1367 605 0.0622012861603565 23.600231742044926
5 1368 605 0.996929786895639 8.664243495028686
5 1369 605 1.9959631760129157 4.8472492234242806
5 1370 605 2.9956416674895125 3.084556741534354
5 1371 605 3.9954810724115726 2.102750549283599
5 1372 605 4.995384769965064 1.4988135511431775
5 1373 605 5.995320591928232 1.102978149339135
5 1374 605 6.995274762294793 0.831647334474148
5 1375 605 7.99524039663588 0.639285177260281
5 1376 605 8.995213671725539 0.4992503074621335
5 1377 605 9.995192294298185 0.395096464925886
5 1378 605 10.99517480534064 0.31623558765791915
5 1379 605 11.995160232360274 0.25561616568352113
5 1380 605 12.99514790219785 0.2084086347894316
5 1381 605 13.99513733408847 0.17122630974092745
5 1345 606 22.030612088637138 0.05592731762830944
5 1346 606 21.031829901366276 0.06573371999248907
5 1347 606 20.033169220071105 0.07757984752433016
5 1348 606 19.034649169343894 0.09197070194856284
5 1349 606 18.036293105846443 0.1095602774883541
5 1350 606 17.03812985629596 0.13120389345956623
5 1351 606 16.04019541651546 0.15803235192205745
5 1352 606 15.04253532487138 0.19155868405783175
5 1353 606 14.045208044027083 0.2338344935620255
5 1354 606 13.048289887950945 0.28768338290581474
5 1355 606 12.051882384092647 0.357056979385049
5 1356 606 11.05612359735556 0.447590949522736
5 1357 606 10.061206140418863 0.5674962772939441
5 1358 606 9.067406961199106 0.729028862718619
5 1359 606 8.07513894617311 0.9509842799544042
5 1360 606 7.085045447984195 1.2630438760366192
5 1361 606 6.098185713800567 1.7134175787480137
5 1362 606 5.116431275801632 2.381533497082175
5 1363 606 4.14341272383055 3.3913885381549322
5 1364 606 3.1871411954917654 4.8601395298057035
5 1365 606 2.2688915796045572 6.376042339244155
5 1366 606 1.4621453416128796 6.210175167281752
5 1367 606 1.0620117701796088 4.616991903390598
5 1368 606 1.4552900054627627 3.2152157547927596
5 1369 606 2.2600595124906753 2.2650639143264373
5 1370 606 3.1777144302154294 1.6356998883808456
5 1371 606 4.1337475733284865 1.2097808809054775
5 1372 606 5.106649488656817 0.9134746966032289
5 1373 606 6.088338771783213 0.7019652661683674
5 1374 606 7.075158584795008 0.5475563179789924
5 1375 606 8.06522591128099 0.43263236639288827
5 1376 606 9.057475862512584 0.3456590876739604
5 1377 606 10.051262060059814 0.27887990192661466
5 1378 606 11.046169879193315 0.2269533203198355
5 1379 606 12.0419213167998 0.18612299447398245
5 1380 606 13.03832309002953 0.15369788970126344
5 1344 607 23.097226435223885 0.058934675082029105
5 1345 607 22.10139970680601 0.0692642456476718
5 1346 607 21.1059676158191 0.08173147823227328
5 1347 607 20.110988762365825 0.09685888018242704
5 1348 607 19.116533917005043 0.11531930339557196
5 1349 607 18.122689342368698 0.13798648046920714
5 1350 607 17.129561261164973 0.16600514232671293
5 1351 607 16.13728195824822 0.20088926533685877
5 1352 607 15.146018255634162 0.24466101587460948
5 1353 607 14.155983505217966 0.3000487913678644
5 1354 607 13.167454917333224 0.3707707929928479
5 1355 607 12.180799193813298 0.46194020954245624
5 1356 607 11.196511465630822 0.5806347089011771
5 1357 607 10.215276256665907 0.7366578270325702
5 1358 607 9.238066301992102 0.9434181186611647
5 1359 607 8.266309273188476 1.2184524121040494
5 1360 607 7.302182481970823 1.5817799311481326
5 1361 607 6.349162858204329 2.046360256609936
5 1362 607 5.413120079953995 2.586799461544207
5 1363 607 4.5046497089119955 3.07542610273175
5 1364 607 3.6444298593882563 3.267571339638785
5 1365 607 2.8760857080414843 3.026987558283574
5 1366 607 2.293876413410336 2.5205514279708052
5 1367 607 2.062006062066756 1.9852045951096287
5 1368 607 2.2895128302763084 1.5327163935391321
5 1369 607 2.8691233852868048 1.181023699400469
5 1370 607 3.6361888014787396 0.91526850550159
5 1371 607 4.49576122586589 0.7154707791528166
5 1372 607 5.403875368658955 0.564577241823922
5 1373 607 6.339705750269387 0.4496571784991777
5 1374 607 7.292590006300815 0.3612816651801314
5 1375 607 8.25662576359122 0.29264631599545077
5 1376 607 9.228318860984274 0.23883257930421484
5 1377 607 10.20548230119468 0.19626020937869185
5 1378 607 11.186682662880791 0.16229895183941084
5 1379 607 12.170943636382408 0.13499699551186597
5 1343 608 24.199501420483962 0.06103539515902787
5 1344 608 23.207883768237146 0.0716260969226769
5 1345 608 22.217017554118396 0.08436469921996796
5 1346 608 21.227008008666804 0.09975733732256517
5 1347 608 20.237980852842124 0.11844682931818051
5 1348 608 19.250087506294722 0.14125385422633835
5 1349 608 18.263511956904782 0.16923120318095813
5 1350 608 17.278479938929923 0.20373480920601036
5 1351 608 16.29527136932686 0.24651537901369378
5 1352 608 15.314237460611722 0.29983300423903464
5 1353 608 14.335824671081992 0.3665914870541697
5 1354 608 13.36060885588688 0.4504731155855339
5 1355 608 12.38934497865011 0.5560143784704668
5 1356 608 11.423041144984223 0.6884691009040714
5 1357 608 10.463071680916759 0.8531025900735812
5 1358 608 9.511354740519462 1.0531793028228236
5 1359 608 8.570639941101355 1.285413197771215
5 1360 608 7.644989797246403 1.531880463241804
5 1361 608 6.740613399387431 1.7512215375533666
5 1362 608 5.867356218945733 1.8821634429084846
5 1363 608 5.041415376657724 1.8752845733632952
5 1364 608 4.290206172202069 1.7334385784906998
5 1365 608 3.660036748449462 1.5091304229417821
5 1366 608 3.2227114360426827 1.2626455754304309
5 1367 608 3.0620040822964416 1.032960921192421
5 1368 608 3.219606963590409 0.8362117987285989
5 1369 608 3.654568237151912 0.6747829576975493
5 1370 608 4.283207793231543 0.5450795981706814
5 1371 608 5.033474843485283 0.4417799633056415
5 1372 608 5.858828295828355 0.359680171467333
5 1373 608 6.731706247304524 0.2943229398737875
5 1374 608 7.635827983918872 0.24210369121278835
5 1375 608 8.561300660530405 0.20018484076976856
5 1376 608 9.501887654566229 0.16635943408215767
5 1377 608 10.453509889027604 0.13891821581269176
5 1378 608 11.413407422851323 0.116537167518194
5 1342 609 25.33278249620451 0.06206984684319356
5 1343 609 24.346249587975667 0.07262330682841196
5 1344 609 23.36086190618842 0.0852399720715755
5 1345 609 22.37677074557464 0.10037571734841039
5 1346 609 21.39415501953757 0.11859618865599317
5 1347 609 20.41322779474144 0.14060321590891975
5 1348 609 19.434244749925433 0.16726576589407233
5 1349 609 18.457515244474376 0.19965400082102697
5 1350 609 17.483416971519148 0.23907206121633642
5 1351 609 16.512415601601226 0.28707917016881723
5 1352 609 15.545091476089917 0.34547695593412586
5 1353 609 14.582176415062436 0.4162193747425114
5 1354 609 13.624605278686166 0.5011651436356731
5 1355 609 12.673589428413827 0.6015396396599755
5 1356 609 11.730723293983305 0.7169229786387208
5 1357 609 10.79814192349787 0.8436174522172106
5 1358 609 9.878758474626357 0.9725857183922034
5 1359 609 8.976629044357455 1.0880829617633119
5 1360 609 8.097522398857667 1.1693846939505237
5 1361 609 7.249818549453593 1.197651659148037
5 1362 609 6.4459187863330385 1.1654464788368868
5 1363 609 5.704372796373057 1.0812054970194938
5 1364 609 5.052709075337779 0.9641953654423131
5 1365 609 4.5298862016612 0.834963779727473
5 1366 609 4.1844795375291675 0.7088122954564432
5 1367 609 4.062003077300668 0.5943616488871788
5 1368 609 4.182089071265684 0.49502839053776876
5 1369 609 4.525468925978794 0.4110790040366739
5 1370 609 5.0467681737919605 0.34122068641658954
5 1371 609 5.697356316748955 0.2835757397336963
5 1372 609 6.438157267417363 0.2361949836732217
5 1373 609 7.241537751058043 0.19729133579104902
5 1374 609 8.088873160088404 0.165322733442623
5 1375 609 8.967712584600287 0.1390015080376068
5 1376 609 9.869643813228425 0.11727198528059801
5 1340 610 27.475332008913124 0.05331826548817106
5 1341 610 26.493090967269293 0.06195565754347153
5 1342 610 25.512229792787725 0.07216947601837936
5 1343 610 24.532913993245998 0.08427451657398095
5 1344 610 23.555336316851967 0.09864996514307488
5 1345 610 22.579722518224287 0.11575037817493758
5 1346 610 21.606338630133628 0.1361162468117369
5 1347 610 20.635500212013387 0.16038182530862405
5 1348 610 19.66758421870882 0.1892758298152248
5 1349 610 18.70304437785475 0.223607154495072
5 1350 610 17.7424313159162 0.26422229235599615
5 1351 610 16.7864191833757 0.3119132523731915
5 1352 610 15.835841278568164 0.36724512065625886
5 1353 610 14.891738279999524 0.4302651823831631
5 1354 610 13.955424357575192 0.5000629013732636
5 1355 610 13.028578932485413 0.5741978691868611
5 1356 610 12.113375623665046 0.6481375784210597
5 1357 610 11.212665561765512 0.7150575336854709
5 1358 610 10.330240510268968 0.7665346432529081
5 1359 610 9.471212646752361 0.7944872299397263
5 1360 610 8.642561483727013 0.7939023039934164
5 1361 610 7.853907880794212 0.7648894249280536
5 1362 610 7.118558070283701 0.7126330753857807
5 1363 610 6.454755533713186 0.6452790852353646
5 1364 610 5.886753689428561 0.5712157717519953
5 1365 610 5.444618352097836 0.4971820403241281
5 1366 610 5.160801197488655 0.42761938466984084
5 1367 610 5.0620024693791015 0.3648957486386992
5 1368 610 5.158863149958516 0.3098732966060228
5 1369 610 5.440943760047487 0.2624767839680537
5 1370 610 5.881655294217731 0.22212745627296876
5 1371 610 6.448555574700372 0.18802849551978063
5 1372 610 7.111530707238704 0.15933356029206963
5 1338 611 29.63170378159188 0.04549567574590814
5 1339 611 28.65358387706512 0.05250365440720258
5 1340 611 27.677027820920475 0.06070204270731523
5 1341 611 26.702207193413916 0.07030419548286633
5 1342 611 25.729319248670485 0.08155955221735367
5 1343 611 24.758591821830365 0.09475698639957884
5 1344 611 23.790289384536816 0.11022634539898776
5 1345 611 22.824720567840583 0.12833636244752578
5 1346 611 21.862247574300422 0.14948602485749934
5 1347 611 20.903298041218388 0.1740849276536922
5 1348 611 19.948380109673174 0.20251613273403485
5 1349 611 18.9981017209616 0.23507288614007496
5 1350 611 18.05319553430926 0.27185919945275255
5 1351 611 17.11455138179215 0.31264607107379083
5 1352 611 16.183258911603787 0.35668428697635773
5 1353 611 15.260664107436583 0.4024972857091095
5 1354 611 14.348444828621776 0.4477175854313222
5 1355 611 13.448712540611565 0.4890798518558436
5 1356 611 12.564150150328615 0.5227083195193832
5 1357 611 11.698199391359438 0.5447747799357172
5 1358 611 10.855315241852818 0.5524174329391507
5 1359 611 10.041308131911991 0.5445781200709631
5 1360 611 9.263793445452121 0.5223417679091792
5 1361 611 8.532752721132931 0.4885885612132369
5 1362 611 7.861162064224426 0.44715286813927757
5 1363 611 7.265526064917875 0.40190600021859496
5 1364 611 6.765934451352658 0.3561028083275805
5 1365 611 6.384972122100502 0.3120987929757013
5 1366 611 6.144743200492626 0.2713599338895694
5 1367 611 6.062002062025395 0.23462743886705198
5 1368 611 6.143115577620197 0.202124921745847
5 1369 611 6.381838998282525 0.17374512604632555
5 1370 611 6.76149902018772 0.1491931082159163
5 1337 612 30.824857972097888 0.044283118669625726
5 1338 612 29.852334397832383 0.050828092014610075
5 1339 612 28.881687433389455 0.05840817304435903
5 1340 612 27.913112850415054 0.06718545031917886
5 1341 612 26.94683411831538 0.07734132446883629
5 1342 612 25.98310737767917 0.08907473286026735
5 1343 612 25.02222749876608 0.10259742523509095
5 1344 612 24.06453550351648 0.11812464626575532
5 1345 612 23.11042771131692 0.13585899522064523
5 1346 612 22.160367077284725 0.15596465626432282
5 1347 612 21.21489733654171 0.17852888396051533
5 1348 612 20.27466076165035 0.20350811190926352
5 1349 612 19.340420600390367 0.2306582221982258
5 1350 612 18.41308961038326 0.2594535974225961
5 1351 612 17.493766575554954 0.2890086687007759
5 1352 612 16.583783313828103 0.3180284122599061
5 1353 612 15.684765506694808 0.3448265408277592
5 1354 612 14.798711734472127 0.3674522182769494
5 1355 612 13.928096388236362 0.38394475152966273
5 1356 612 13.076003556132989 0.39268479549211116
5 1357 612 12.24630021680027 0.3927469451245756
5 1358 612 11.443857260556955 0.38412445020619096
5 1359 612 10.674824073491887 0.3677309138445725
5 1360 612 9.946952749460596 0.34517822307698365
5 1361 612 9.269944390340294 0.31842484831215084
5 1362 612 8.655741967041374 0.28942382184151894
5 1363 612 8.118612504609457 0.25986632196916565
5 1364 612 7.674755305545632 0.23105320829559564
5 1365 612 7.341108158854534 0.20387557106919416
5 1366 612 7.133152809242235 0.17886357425772287
5 1367 612 7.0620017700366065 0.15626471638237832
5 1336 613 32.03600894306292 0.04244006597355035
5 1337 613 31.069210949105333 0.04841029241628628
5 1338 613 30.104582192749437 0.05524607800605883
5 1339 613 29.142338083963104 0.06306051476292009
5 1340 613 28.18272288122647 0.07197270067971681
5 1341 613 27.226014563281307 0.08210314814895901
5 1342 613 26.272530692721737 0.09356630456187331
5 1343 613 25.322635506597756 0.10645916216023671
5 1344 613 24.37674853215673 0.12084484936816717
5 1345 613 23.435355107188048 0.13673024193280917
5 1346 613 22.499019289738047 0.15403723207148645
5 1347 613 21.568399778379586 0.1725686477494064
5 1348 613 20.644269640750295 0.19197222284042695
5 1349 613 19.727540875638912 0.21170956830251847
5 1350 613 18.819295124950983 0.23104125843086773
5 1351 613 17.920822218860486 0.24904230106311606
5 1352 613 17.03366868880581 0.26466152343926946
5 1353 613 16.15969891427446 0.2768305487282066
5 1354 613 15.301172144643136 0.28461201611893167
5 1355 613 14.460839152691065 0.28735681117349404
5 1356 613 13.642062490694089 0.28482653607159525
5 1357 613 12.848963732535102 0.27724113499388164
5 1358 613 12.086598735790071 0.26523490542348516
5 1359 613 11.36115614715342 0.24973640606134512
5 1360 613 10.680162405132318 0.23181174666274515
5 1361 613 10.0526548234783 0.2125152745190292
5 1362 613 9.489250181126078 0.19277865370725514
5 1363 613 9.001992501663233 0.17334947562053815
5 1364 613 8.603828740741 0.15477422948568736
5 1365 613 8.30757900955511 0.13741226425378159
5 1335 614 33.263190902257215 0.040082420794453295
5 1336 614 32.302165082235696 0.045409420904392504
5 1337 614 31.343577795140217 0.05143313088348428
5 1338 614 30.38765981447085 0.05822447748760578
5 1339 614 29.434671205909645 0.06585145057295164
5 1340 614 28.48490598545142 0.07437372447816948
5 1341 614 27.53869766346996 0.0838351245149441
5 1342 614 26.596425868902116 0.09425354953273969
5 1343 614 25.658524295056516 0.10560814815207517
5 1344 614 24.725490268142416 0.11782395621763611
5 1345 614 23.797896314590602 0.1307549262801954
5 1346 614 22.876404197338463 0.14416737000751406
5 1347 614 21.961782008753403 0.1577272286158631
5 1348 614 21.054925053298202 0.17099599347157707
5 1349 614 20.15688143041984 0.18344090349336045
5 1350 614 19.26888343936939 0.1944643442282611
5 1351 614 18.392386169282215 0.20345429513248062
5 1352 614 17.52911489493989 0.2098520419174095
5 1353 614 16.681123133650303 0.2132264455396804
5 1354 614 15.850863351880966 0.21333866152271008
5 1355 614 15.041272186886415 0.2101806099302113
5 1356 614 14.255871386905909 0.20397630843731193
5 1357 614 13.498883990908375 0.1951456795646152
5 1358 614 12.775361795268351 0.1842411153189333
5 1359 614 12.09131378304285 0.17187330751078425
5 1360 614 11.453814604750757 0.1586426746955685
5 1361 614 10.871056480397916 0.1450875474586096
5 1362 614 10.352288104569023 0.1316533484933637
5 1334 615 34.50469343437219 0.03734559862425566
5 1335 615 33.54942427225849 0.042003354158097014
5 1336 615 32.59683832827974 0.04720148014006859
5 1337 615 31.64717789945901 0.05297789640833373
5 1338 615 30.700714470513656 0.05936273889765655
5 1339 615 29.757753090581392 0.06637352254561134
5 1340 615 28.818637528516266 0.07400903445816705
5 1341 615 27.883756364593452 0.08224198783205604
5 1342 615 26.953550211428656 0.09101070763356484
5 1343 615 26.0285202998558 0.10021048532212475
5 1344 615 25.10923871804968 0.10968572971743666
5 1345 615 24.196360656098783 0.11922459973092354
5 1346 615 23.29063908526352 0.12855829449943093
5 1347 615 22.392942392638012 0.13736736192071602
5 1348 615 21.504275598122444 0.14529696626674826
5 1349 615 20.625805899406796 0.15198177355812845
5 1350 615 19.758893415371315 0.15707894945064005
5 1351 615 18.90512811382149 0.16030512613257036
5 1352 615 18.06637398594426 0.16147095443138546
5 1353 615 17.244821512558584 0.16050608273317016
5 1354 615 16.44304926101005 0.15746880925370738
5 1355 615 15.664094898844391 0.15253806940057824
5 1356 615 14.911534763397182 0.1459897036206648
5 1357 615 14.189569020939375 0.13816251032774668
5 1358 615 13.503105901976856 0.12942120777292906
5 1359 615 12.857832982272013 0.12012284075982663
5 1333 616 35.75902500069049 0.034368966002248785
5 1334 616 34.80945085748995 0.03836805080360023
5 1335 616 33.86277999515113 0.04277123236565142
5 1336 616 32.919262886644454 0.047592864581570644
5 1337 616 31.979178679259523 0.052837813909766294
5 1338 616 31.042839254810545 0.05849776472267573
5 1339 616 30.110593966243947 0.06454697837547108
5 1340 616 29.182835177549254 0.0709377196069989
5 1341 616 28.260004759376915 0.07759574642948405
5 1342 616 27.342601723318243 0.08441648169617917
5 1343 616 26.431191214169775 0.09126271377486542
5 1344 616 25.526415122378726 0.09796484774692937
5 1345 616 24.629004628689422 0.10432475454869904
5 1346 616 23.73979504966302 0.11012403679168924
5 1347 616 22.859743415008065 0.11513696565866845
5 1348 616 21.989949272338134 0.11914744715751131
5 1349 616 21.13167927543867 0.12196829257238355
5 1350 616 20.286396156045164 0.1234600930729893
5 1351 616 19.45579268495642 0.12354650672874085
5 1352 616 18.641831160055162 0.12222305559916298
5 1353 616 17.846788758765634 0.1195576508860356
5 1354 616 17.073308671725087 0.11568273735752653
5 1332 617 37.024881755381855 0.03128274311766607
5 1333 617 36.08090726409201 0.0346615426435457
5 1334 617 35.14003228513041 0.03833160396261457
5 1335 617 34.20251261237992 0.04229203762180654
5 1336 617 33.2686319075493 0.04653277219234693
5 1332 618 37.362626634111365 0.031014099729811444
5 1333 618 36.42740546621469 0.03403116909626567
5 1334 618 35.495716206325625 0.03724054646408787
5 1335 618 34.567844436701684 0.04062478487045641
5 1332 619 37.72386338910701 0.0299759708837373
5 1333 619 36.79782424274576 0.03254781454299108
