# %ECSV 0.9
# ---
# datatype:
# - name: sexcat_id
#   datatype: int32
# - name: x
#   datatype: int32
# - name: y
#   datatype: int32
# - name: sep
#   datatype: float64
# - name: weight
#   datatype: float64
# schema: astropy-2.0
sexcat_id x y sep weight
5 1385 589 23.57967898424406 0.03585378054718658
5 1386 589 24.323471401097358 0.037657782097475265
5 1387 589 25.085080446352993 0.039311182692717606
5 1388 589 25.862932181019254 0.040772032664030435
5 1389 589 26.655604682692935 0.04200041910895478
5 1390 589 27.46181459772827 0.04296069112729989
5 1391 589 28.28040418735209 0.0436236389586047
5 1392 589 29.110329111846223 0.04396840637174855
5 1393 589 29.95064708816826 0.04398392314164659
5 1382 590 20.73883461045969 0.039946263302303456
5 1383 590 21.441298025073035 0.042509137947004956
5 1384 590 22.16662493479783 0.0449714568410189
5 1385 590 22.912644129388497 0.04727512909619726
5 1386 590 23.677399793896313 0.04935970555624892
5 1387 590 24.459134510444176 0.05116532326068713
5 1388 590 25.256271716150057 0.05263611173376524
5 1389 590 26.067398431757656 0.05372377286400508
5 1390 590 26.891248780969647 0.05439096526890912
5 1391 590 27.726688605024613 0.05461409507435037
5 1392 590 28.572701324866046 0.05438515457379587
5 1393 590 29.428375099553186 0.05371235922288944
5 1394 590 30.2928912618126 0.05261949420564604
5 1395 590 31.165513969771172 0.05114406161137392
5 1396 590 32.04558099020834 0.049334479558528176
5 1378 591 17.39446064125014 0.04009883124430054
5 1379 591 18.00547863845892 0.043462567619241464
5 1380 591 18.6501276403139 0.04688296046559981
5 1381 591 19.32504232854357 0.05030188231899865
5 1382 591 20.02716307917826 0.053650156149525986
5 1383 591 20.753728845679777 0.05684903560248563
5 1384 591 21.50226176475398 0.059812888987822034
5 1385 591 22.27054693984863 0.06245311998461403
5 1386 591 23.05660991993405 0.06468317199189816
5 1387 591 23.858693614697376 0.06642424512319896
5 1388 591 24.675235784081202 0.06761114961606932
5 1389 591 25.50484779409596 0.06819758368137233
5 1390 591 26.34629501466955 0.0681601096491592
5 1391 591 27.198479019974663 0.06750023634552435
5 1392 591 28.060421611230325 0.06624428364913705
5 1393 591 28.93125059516097 0.06444105058339786
5 1394 591 29.810187201693353 0.06215764852566959
5 1395 591 30.696534999898642 0.059474115359134314
5 1396 591 31.589670162887145 0.05647754262923419
5 1372 592 13.70311136202285 0.031125599591830738
5 1373 592 14.050098255884187 0.03446999180104755
5 1374 592 14.458051770553318 0.03808059009444515
5 1375 592 14.921972423242178 0.04194729036605596
5 1376 592 15.436815118410927 0.046048905623901085
5 1377 592 15.997664235756426 0.050350776260654706
5 1378 592 16.599857258422446 0.054802559785004944
5 1379 592 17.23906206845374 0.05933653322299529
5 1380 592 17.911316562441765 0.06386682940471684
5 1381 592 18.613040079471187 0.06829007900419937
5 1382 592 19.341025334764463 0.07248790673738809
5 1383 592 20.092417997841896 0.07633159562652746
5 1384 592 20.86468933389618 0.07968896562899325
5 1385 592 21.655605763866344 0.08243312404536972
5 1386 592 22.46319792460551 0.08445229600088347
5 1387 592 23.285730845305274 0.08565954395094884
5 1388 592 24.1216761648108 0.08600096941904269
5 1389 592 24.969686842249377 0.0854610671853817
5 1390 592 25.828574505767865 0.08406430274456436
5 1391 592 26.69728939424379 0.0818726307762803
5 1392 592 27.574902737815812 0.07897939694505934
5 1393 592 28.460591367714095 0.0755006687998806
5 1394 592 29.353624324774653 0.0715653717962942
5 1395 592 30.253351235854886 0.06730561106970934
5 1370 593 12.227152612117 0.034335365765038275
5 1371 593 12.455250338712574 0.03831571476825965
5 1372 593 12.757870551153896 0.04267292470808441
5 1373 593 13.12986142348806 0.04740938351643718
5 1374 593 13.565517350989603 0.05251484584076565
5 1375 593 14.058921046794456 0.057962530482567075
5 1376 593 14.60422065705665 0.06370498820012901
5 1377 593 15.195830382048896 0.06967014112459746
5 1378 593 15.828558399298416 0.075758098331499
5 1379 593 16.49767441186789 0.08183955015187967
5 1380 593 17.198931972654602 0.08775667388634033
5 1381 593 17.928559925437426 0.0933274583823791
5 1382 593 18.68323475739683 0.09835408191833263
5 1383 593 19.460042677239972 0.10263539935958452
5 1384 593 20.25643751995896 0.10598274156884856
5 1385 593 21.070198409127553 0.10823726465466323
5 1386 593 21.899389512038944 0.10928629559744872
5 1387 593 22.742323122319792 0.10907583192076686
5 1388 593 23.597526586487863 0.10761678856236102
5 1389 593 24.463713148252896 0.10498372212345486
5 1390 593 25.339756530006397 0.10130629525713418
5 1391 593 26.22466893975979 0.09675519338985138
5 1392 593 27.11758213779396 0.09152513051458012
5 1393 593 28.01773118937367 0.08581776370182449
5 1394 593 28.92444054774443 0.07982684687649172
5 1395 593 29.837112142430982 0.07372706841533108
5 1368 594 11.010506845736003 0.03751691338887171
5 1369 594 11.084279904441223 0.04218929859547065
5 1370 594 11.24683337655536 0.047376067541119234
5 1371 594 11.494401289323413 0.05310052964114099
5 1372 594 11.821643752033804 0.05937338573326486
5 1373 594 12.222162697329797 0.06618708450189405
5 1374 594 12.68902127825468 0.07350917847209708
5 1375 594 13.215190539678199 0.08127501153837503
5 1376 594 13.793884913250519 0.08938041717501838
5 1377 594 14.41878153659318 0.09767554492992807
5 1378 594 15.084139385460494 0.10596139463900475
5 1379 594 15.784842761332804 0.1139909808722209
5 1380 594 16.516393704438048 0.12147705687413385
5 1381 594 17.27487368984216 0.12810775126837953
5 1382 594 18.05688957157353 0.1335701506546778
5 1383 594 18.85951380603437 0.13757988332250448
5 1384 594 19.680225125744908 0.13991258515966798
5 1385 594 20.51685309690551 0.14043155383317094
5 1386 594 21.36752819115963 0.1391057533126688
5 1387 594 22.23063789008317 0.13601401956835335
5 1388 594 23.104788702777647 0.1313344623749693
5 1389 594 23.988773645186654 0.12532157049162274
5 1390 594 24.881544586299338 0.11827613216875524
5 1391 594 25.78218883260306 0.11051396311793514
5 1392 594 26.68990934791653 0.1023385756794743
5 1393 594 27.60400806042489 0.09402097468426349
5 1394 594 28.52387177435774 0.08578759545124388
5 1366 595 10.146884300118892 0.04055430335063146
5 1367 595 10.029419773845312 0.045953171925457795
5 1368 595 10.010957047155854 0.05202997322274609
5 1369 595 10.092039486644886 0.05883937173299851
5 1370 595 10.270309683743703 0.06642632869134152
5 1371 595 10.540837775053737 0.07481892796821651
5 1372 595 10.896754608597915 0.08401904662900869
5 1373 595 11.330015931145024 0.09399085376754074
5 1374 595 11.832128337708314 0.10464755818696338
5 1375 595 12.394727145040354 0.11583752801990117
5 1376 595 13.00996775553269 0.1273318772925954
5 1377 595 13.670744712706782 0.1388167341350749
5 1378 595 14.370778023475296 0.14989434433022814
5 1379 595 15.104610587499456 0.16009735156759458
5 1380 595 15.867553718201203 0.1689193291287353
5 1381 595 16.655607494174475 0.17586142711882524
5 1382 595 17.46537319956264 0.18049010561928763
5 1383 595 18.29396788561741 0.1824957727481181
5 1384 595 19.138946183110534 0.18173910214631214
5 1385 595 19.998231446805523 0.17827302691547203
5 1386 595 20.870056564369957 0.17233430131032246
5 1387 595 21.75291385079253 0.16430700304873808
5 1388 595 22.645513043426543 0.15466781088336357
5 1389 595 23.546746293278012 0.14392633708643116
5 1390 595 24.455659079239755 0.13257249284810227
5 1391 595 25.371426073439427 0.12103835352355528
5 1392 595 26.29333111266053 0.10967673097296038
5 1393 595 27.220750559086394 0.0987545876096119
5 1362 596 10.650223518781138 0.03327308204397074
5 1363 596 10.151712220113362 0.037955294185284254
5 1364 596 9.730737947350091 0.04331591306748459
5 1365 596 9.397726373969354 0.04944434543093959
5 1366 596 9.16227378984056 0.05643556119500163
5 1367 596 9.032013120008154 0.06438706337158887
5 1368 596 9.011507143646922 0.07339387258811379
5 1369 596 9.101497733889715 0.08354080860310273
5 1370 596 9.298777392754369 0.09489126717565514
5 1371 596 9.596731787436797 0.10747173597726097
5 1372 596 9.986353738978003 0.12125160142248965
5 1373 596 10.457402210874365 0.13611855698360106
5 1374 596 10.99942093930404 0.15185134238821588
5 1375 596 11.60246788403227 0.1680937498761114
5 1376 596 12.25753894548169 0.18433666320064107
5 1377 596 12.956745771990763 0.19991758818594238
5 1378 596 13.693329069295041 0.21404811132290744
5 1379 596 14.461578786564099 0.22587681560660774
5 1380 596 15.256711998330468 0.2345867600691192
5 1381 596 16.07473984237384 0.23951355878857372
5 1382 596 16.912340494443725 0.24025722257686588
5 1383 596 17.76674593165561 0.23675583823582735
5 1384 596 18.635644904322504 0.22929738283701925
5 1385 596 19.517101757176995 0.21846569909985558
5 1386 596 20.409489484061123 0.2050384199866926
5 1387 596 21.311434982187418 0.18986751536907603
5 1388 596 22.22177447910049 0.173772335978929
5 1389 596 23.139517302657847 0.15746398018691857
5 1390 596 24.063816426327765 0.14150605387738135
5 1391 596 24.993944486615195 0.12630656798659087
5 1392 596 25.92927420889374 0.11213099611756595
5 1360 597 11.097534005354465 0.03466374803450338
5 1361 597 10.4300173058341 0.03976455505624104
5 1362 597 9.819127303380832 0.0456639452811536
5 1363 597 9.276058484076037 0.05248515038853314
5 1364 597 8.813356965424648 0.06036591250496436
5 1365 597 8.444244252743951 0.0694573101632796
5 1366 597 8.181397252303507 0.07992058088449647
5 1367 597 8.035251147288395 0.09192085926768027
5 1368 597 8.0121945183576 0.10561637830807924
5 1369 597 8.113276834916931 0.12114131362759296
5 1370 597 8.333982301397082 0.13858023183868293
5 1371 597 8.665175185765138 0.1579323268142062
5 1372 597 9.094793070763073 0.17906478436118195
5 1373 597 9.609644166148927 0.20165739569012028
5 1374 597 10.196826025778817 0.22514562435948077
5 1375 597 10.844595935303461 0.2486767895480224
5 1376 597 11.542757946002352 0.271102199908337
5 1377 597 12.282722051727808 0.29103235157541385
5 1378 597 13.057383390250921 0.30697536283206384
5 1379 597 13.86092569058794 0.3175545982451957
5 1380 597 14.6886099069994 0.3217631921582538
5 1381 597 15.536578162517028 0.31917937890044407
5 1382 597 16.401684700054478 0.31006354091365207
5 1383 597 17.281355878518365 0.29529782920004943
5 1384 597 18.173476855021477 0.27619294607882217
5 1385 597 19.076301030336083 0.25423530375004927
5 1386 597 19.988378148314123 0.23085508162968293
5 1387 597 20.9084973395986 0.20726702653379883
5 1388 597 21.8356419873564 0.18439642056961808
5 1389 597 22.76895388462109 0.16287420399245173
5 1390 597 23.707704675906566 0.14307448640804363
5 1391 597 24.65127300972512 0.12516997860561646
5 1357 598 12.777059951334596 0.030977672596289876
5 1358 598 11.953378643714025 0.0356537987611703
5 1359 598 11.158551026006856 0.04110509685537067
5 1360 598 10.399195209245702 0.04746741797188044
5 1361 598 9.683659483893415 0.05489961322249663
5 1362 598 9.022375574093498 0.06358617719366781
5 1363 598 8.428123219317518 0.07373928576879542
5 1364 598 7.916012948448177 0.08559947567812783
5 1365 598 7.502883512357053 0.09943374994081654
5 1366 598 7.205779694106629 0.11552922243017584
5 1367 598 7.03940771656249 0.13417949889116
5 1368 598 7.0130778549791986 0.15565985633311288
5 1369 598 7.1283420933622255 0.180186119913054
5 1370 598 7.3785676794348 0.20785149584337284
5 1371 598 7.750694226970896 0.2385366936735944
5 1372 598 8.228199134683122 0.27179357262849335
5 1373 598 8.793933192832442 0.30671415120597184
5 1374 598 9.432033767963318 0.34181724292300636
5 1375 598 10.128833150960697 0.3750114472854397
5 1376 598 10.87305205542586 0.40371173588472
5 1377 598 11.655610709010515 0.4251699525357002
5 1378 598 12.46929272252443 0.4370015327760027
5 1379 598 13.308390623963547 0.4377658883342939
5 1380 598 14.168389499163304 0.4273668105316017
5 1381 598 15.045705732866141 0.4070804747048557
5 1382 598 15.937479756849926 0.37919679768754966
5 1383 598 16.841415053373673 0.34644889642168536
5 1384 598 17.755654338829686 0.3114680009007021
5 1385 598 18.678684669965428 0.2764230311455015
5 1386 598 19.609264672598044 0.2428777065156821
5 1387 598 20.546368559918363 0.21181151511521257
5 1388 598 21.489142863315926 0.18372680637324348
5 1389 598 22.436872799033335 0.158779840610703
5 1390 598 23.388955962163042 0.1369001579488848
5 1355 599 14.035001282507896 0.03132438999574591
5 1356 599 13.13816048767857 0.0361892306875709
5 1357 599 12.257294195702348 0.041899790443818405
5 1358 599 11.396107273977313 0.048616978402877625
5 1359 599 10.55941575088313 0.05653368326367538
5 1360 599 9.75352556771134 0.0658806589126453
5 1361 599 8.986726934763231 0.07693292705661109
5 1362 599 8.26990090629864 0.09001625608154855
5 1363 599 7.617168831002708 0.10551280973311064
5 1364 599 7.046365091307663 0.12386426948630799
5 1365 599 6.578849519482823 0.1455694430868929
5 1366 599 6.237889146177533 0.1711713500323498
5 1367 599 6.044936806948406 0.20122579825327938
5 1368 599 6.014254816683418 0.23623950655447026
5 1369 599 6.148273009553154 0.2765615461178212
5 1370 599 6.436711971185281 0.32220966590804834
5 1371 599 6.860121063071702 0.37261877960860024
5 1372 599 7.3953540145147985 0.42632343108237675
5 1373 599 8.02005367812462 0.4806432127550995
5 1374 599 8.715002065404251 0.531532250122704
5 1375 599 9.464737767101658 0.5738385340298808
5 1376 599 10.257254067244341 0.6021798652589607
5 1377 599 11.083377689134332 0.6123529658540129
5 1378 599 11.936132581368256 0.6027270504636622
5 1379 599 12.810201442600382 0.5748468530765064
5 1380 599 13.701505793160145 0.5328605789877764
5 1381 599 14.606890873830787 0.4821382011307405
5 1382 599 15.523893229470538 0.42785319602678307
5 1383 599 16.45057023327767 0.37408851129438864
5 1384 599 17.38537491686623 0.3235620698266615
5 1385 599 18.327063621868113 0.2777693911484765
5 1386 599 19.27462738939463 0.23729625405754232
5 1387 599 20.227240568105227 0.2021374478113975
5 1388 599 21.1842219824095 0.1719504760366693
5 1389 599 22.145005328516 0.1462312980940973
5 1354 600 14.571865391911848 0.036239732444978266
5 1355 600 13.637054704004026 0.042100767029629796
5 1356 600 12.712169799054701 0.049038915516989114
5 1357 600 11.799544948852839 0.05727581132423376
5 1358 600 10.90225944472056 0.06708266566409533
5 1359 600 10.024433200934542 0.07879157107822107
5 1360 600 9.171655303160868 0.09280895519090505
5 1361 600 8.35160230135505 0.10963110819407776
5 1362 600 7.574909966461588 0.12986115982599578
5 1363 600 6.856329994975388 0.15422577356173633
5 1364 600 6.216048664545615 0.18358770777674877
5 1365 600 5.680603929161003 0.21894652346658325
5 1366 600 5.281975104068509 0.26141297069642944
5 1367 600 5.052648909235595 0.3121315426555555
5 1368 600 5.015900816403745 0.3721094137475196
5 1369 600 5.175834328878762 0.4418907713330587
5 1370 600 5.515365899013407 0.5210060476444658
5 1371 600 6.0041036799842225 0.6071622275383245
5 1372 600 6.609028748613535 0.6952951484014264
5 1373 600 7.301319127390632 0.7769492546249113
5 1374 600 8.058489995030111 0.8408791558941671
5 1375 600 8.863930335917612 0.8757165226410585
5 1376 600 9.70563037623011 0.8742422843218774
5 1377 600 10.574935508077614 0.8367771509319323
5 1378 600 11.465568498770606 0.7710208114619693
5 1379 600 12.372924512822381 0.6884765078851018
5 1380 600 13.293579690963645 0.6002377666734116
5 1381 600 14.224952056158262 0.514493012952765
5 1382 600 15.165067128107323 0.4360574557435927
5 1383 600 16.112394638910796 0.3670466478049311
5 1384 600 17.06573353243281 0.3078244693661291
5 1385 600 18.024129965132897 0.2577937760312116
5 1386 600 18.986818085187465 0.21592728058887467
5 1387 600 19.95317671449842 0.1810784999978198
5 1353 601 15.221605073053176 0.041695666482554815
5 1354 601 14.259286833499011 0.04870538633374908
5 1355 601 13.302528368697374 0.05707337623403393
5 1356 601 12.352621624578262 0.0671005037154914
5 1357 601 11.41127779873922 0.0791625367602103
5 1358 601 10.480804406151215 0.09373041404161664
5 1359 601 9.56437457442978 0.1113960472426712
5 1360 601 8.666444542025232 0.13290482703086798
5 1361 601 7.793411383983207 0.1591957874088641
5 1362 601 6.9546575041477885 0.1914494815368417
5 1363 601 6.164191836729229 0.23114119082591433
5 1364 601 5.443092962645354 0.2800914089940448
5 1365 601 4.822578252345884 0.34049324463941016
5 1366 601 4.345947652698959 0.4148712619336085
5 1367 601 4.064143329165409 0.5058782426812873
5 1368 601 4.01836546371778 0.6157538338815558
5 1369 601 4.21630893080665 0.7451569010573702
5 1370 601 4.626798136940926 0.8910280880642745
5 1371 601 5.199736627945701 1.043459827196299
5 1372 601 5.887891048584395 1.1828960406884272
5 1373 601 6.655618754105463 1.2814920599665407
5 1374 601 7.478453115451113 1.31295986162539
5 1375 601 8.340099579741274 1.2676598907751302
5 1376 601 9.229694523655736 1.1592730272317107
5 1377 601 10.139884664038382 1.0155020860432582
5 1378 601 11.065589048939097 0.863118094981397
5 1379 601 12.003218776644914 0.7197988636524322
5 1380 601 12.950183821089226 0.5939279714769043
5 1381 601 13.904576980260897 0.4876640946461225
5 1382 601 14.86496757480491 0.3999275086587698
5 1383 601 15.830264084973486 0.3283374404723755
5 1384 601 16.79962085881707 0.27023728360127425
5 1385 601 17.77237353309911 0.22315511059038987
5 1386 601 18.747993519307656 0.18496662129534355
5 1351 602 16.953620881687723 0.04070929746119459
5 1352 602 15.970449617966244 0.047638435050235996
5 1353 602 14.989505028519062 0.05594085371228072
5 1354 602 14.011254797483284 0.06593278955952844
5 1355 602 13.03630549657373 0.07801453992123246
5 1356 602 12.065457347320017 0.0926959368475366
5 1357 602 11.099786529478784 0.11063042777742782
5 1358 602 10.140772209255012 0.1326608695719742
5 1359 602 9.19049840868268 0.1598812167534027
5 1360 602 8.251985276283458 0.1937195652434294
5 1361 602 7.329751769330193 0.23604924173757608
5 1362 602 6.430805626047114 0.2893349468738519
5 1363 602 5.566440604192173 0.35681794474321465
5 1364 602 4.755550546466669 0.44273158517495703
5 1365 602 4.030541030680563 0.5525000806688606
5 1366 602 3.446050057674677 0.6927711041359796
5 1367 602 3.0830603302562465 0.8708816377756063
5 1368 602 3.022459429008083 1.0928045434734577
5 1369 602 3.2810457174504553 1.357675754343915
5 1370 602 3.7941087227437333 1.6465265183504603
5 1371 602 4.474959329424145 1.907498770902649
5 1372 602 5.258826960454233 2.0574460982939176
5 1373 602 6.106165818252925 2.03019291455569
5 1374 602 6.993944595148043 1.8388397635710672
5 1375 602 7.908556189343326 1.56210529839395
5 1376 602 8.841677499207982 1.276599360737497
5 1377 602 9.788016193284564 1.0233827541257279
5 1378 602 10.744080277064247 0.814609110186206
5 1379 602 11.707487390554862 0.6482771547126623
5 1380 602 12.676563453870342 0.5176503243791647
5 1381 602 13.650101135156518 0.41547461446086575
5 1382 602 14.627209610858847 0.3354409392618172
5 1383 602 15.607218233881447 0.27248775942970893
5 1384 602 16.589613045517417 0.2226939350740861
5 1385 602 17.573993883007976 0.18306602120557933
5 1349 603 18.79237241542424 0.03920032450891611
5 1350 603 17.798406136505537 0.04590680403793082
5 1351 603 16.805155786246022 0.053957542983671204
5 1352 603 15.812756274603052 0.06366868626533877
5 1353 603 14.821378512135714 0.07544351742020829
5 1354 603 13.831242207408502 0.08980049962588532
5 1355 603 12.842634503870244 0.10741178121002506
5 1356 603 11.855937795045932 0.12915664798679147
5 1357 603 10.871672410443516 0.15619657348794716
5 1358 603 9.890564240729587 0.19008183980529983
5 1359 603 8.91365587175088 0.23290481112608083
5 1360 603 7.942497151400122 0.28752277391333253
5 1361 603 6.979488591580271 0.35788502608662126
5 1362 603 6.028537218927927 0.44951557256483804
5 1363 603 5.096396864452314 0.5702225826562518
5 1364 603 4.195624029867248 0.731114353004713
5 1365 603 3.351605734569565 0.9479360961624215
5 1366 603 2.6197826245701576 1.2423630821537617
5 1367 603 2.1197313509027063 1.6413435934553038
5 1368 603 2.0305814438233996 2.167218603369367
5 1369 603 2.398595630780651 2.7972201994050745
5 1370 603 3.063210897081711 3.3659782489460843
5 1371 603 3.8746949557352575 3.5362894394262328
5 1372 603 4.758493564144051 3.166556977154372
5 1373 603 5.680955993492685 2.5397847559231463
5 1374 603 6.6259535917481776 1.9421900756409078
5 1375 603 7.585068292375533 1.4681483199599248
5 1376 603 8.553552536811871 1.1141668544861325
5 1377 603 9.528549784725948 0.8536452367812951
5 1378 603 10.508247284871107 0.6613407622597937
5 1379 603 11.491442946819216 0.5180466612412105
5 1380 603 12.477309846277011 0.4100387730632964
5 1381 603 13.46526126742446 0.32766687309541054
5 1382 603 14.454869802250087 0.26413539089812393
5 1383 603 15.445816941813131 0.21461795219797655
5 1384 603 16.437860596805223 0.17564790284280335
5 1348 604 19.71068900368523 0.043616333011050626
5 1349 604 18.712061912039463 0.05125546798611458
5 1350 604 17.713589726534767 0.06047299444033708
5 1351 604 16.715300206696803 0.07165498760283973
5 1352 604 15.717228158934331 0.08529948275197533
5 1353 604 14.719417821367744 0.10205495697469456
5 1354 604 13.721926286057597 0.1227744600554074
5 1355 604 12.724828525367192 0.14859290318852197
5 1356 604 11.728224972262371 0.18103925032346965
5 1357 604 10.732253304874925 0.2222023916482446
5 1358 604 9.737107424692349 0.2749814665631836
5 1359 604 8.743069312318129 0.3434724193623274
5 1360 604 7.750565205196271 0.4335805701746345
5 1361 604 6.760270778600455 0.5540200060995517
5 1362 604 5.773323219775532 0.717997939003605
5 1363 604 4.791791001285368 0.9461561203084694
5 1364 604 3.8198509133210345 1.271896488234476
5 1365 604 2.8672741410614457 1.7512952410274578
5 1366 604 1.9624629932815953 2.4812584902954153
5 1367 604 1.2170706635195299 3.6248423608862956
5 1368 604 1.0541636495345386 5.359320634099261
5 1369 604 1.6556753908904025 7.056932480435991
5 1370 604 2.524135693658365 6.339344039082874
5 1371 604 3.464283620028866 4.407868687764264
5 1372 604 4.430717887656629 2.9827973324333414
5 1373 604 5.40936789283189 2.0731198762983345
5 1374 604 6.394627510653035 1.485297766002755
5 1375 604 7.383851366326434 1.0924671214224833
5 1376 604 8.375634961004499 0.8212653696858523
5 1377 604 9.369165437753832 0.6287158564096026
5 1378 604 10.363940418586024 0.4887404704980824
5 1379 604 11.359632960619862 0.3849307693723852
5 1380 604 12.356021244721186 0.30661845520403436
5 1381 604 13.352949524356085 0.24666560076092936
5 1382 604 14.350305258077318 0.2001759787061377
5 1383 604 15.348005114672123 0.1637174638706853
5 1347 605 20.685000870195722 0.04800061858050397
5 1348 605 19.685000914401755 0.056560382977691066
5 1349 605 18.685000963339498 0.06692853203611271
5 1350 605 17.685001017811622 0.07955966527698563
5 1351 605 16.685001078813215 0.09504470783155096
5 1352 605 15.685001147593146 0.11415972573603288
5 1353 605 14.685001225740447 0.1379356104106819
5 1354 605 13.685001315308615 0.1677592770940668
5 1355 605 12.685001418998684 0.20552349610088277
5 1356 605 11.685001540436302 0.25385364466925064
5 1357 605 10.685001684604398 0.3164595943151132
5 1358 605 9.685001858543908 0.39869790592422377
5 1359 605 8.685002072538557 0.5085012121859884
5 1360 605 7.685002342224703 0.6579784307450067
5 1361 605 6.685002692594766 0.8663097790937483
5 1362 605 5.685003166225977 1.1653172952920676
5 1363 605 4.685003842047463 1.611067899132504
5 1364 605 3.6850048846642793 2.310758004051882
5 1365 605 2.6850067039021908 3.4952713406716027
5 1366 605 1.685010682458665 5.768888433041575
5 1367 605 0.6850262768682125 11.509885645044136
5 1368 605 0.3150571376751113 17.40190918252225
5 1369 605 1.3150136881417407 7.2932425005906865
5 1370 605 2.315007775364967 4.1903594687459345
5 1371 605 3.315005429859861 2.6934141492215367
5 1372 605 4.315004171492824 1.8441464054868977
5 1373 605 5.315003386640556 1.316799339224808
5 1374 605 6.315002850355706 0.9693784204260486
5 1375 605 7.315002460696838 0.7305660289257404
5 1376 605 8.31500216476225 0.5610247191421335
5 1377 605 9.315001932367004 0.4375464203979563
5 1378 605 10.315001745031415 0.3457220816275827
5 1379 605 11.315001590808604 0.276238414986154
5 1380 605 12.315001461632123 0.22287601511886437
5 1381 605 13.315001351858792 0.18136747320596272
5 1382 605 14.315001257422283 0.1487168753911405
5 1346 606 21.70776959984599 0.05216555037863065
5 1347 606 20.70886913860817 0.06157478669514289
5 1348 606 19.7100801875588 0.07299645289072984
5 1349 606 18.711420603470973 0.08694286004591313
5 1350 606 17.71291226760857 0.10408181524891275
5 1351 606 16.71458228613561 0.12529287751198365
5 1352 606 15.716464646987195 0.15174782980205784
5 1353 606 14.718602549155218 0.18502773425367636
5 1354 606 13.721051745401974 0.22729640272856677
5 1355 606 12.723885452172174 0.28156288183823897
5 1356 606 11.727201754894422 0.3520880243233651
5 1357 606 10.731135121691409 0.44503104043355973
5 1358 606 9.735874947841051 0.5695086227968783
5 1359 606 8.741696688858468 0.7393884417028649
5 1360 606 7.749016776340029 0.9764383426082613
5 1361 606 6.7584954686675145 1.316063239567916
5 1362 606 5.7712443199018555 1.8180479119303676
5 1363 606 4.789286063705064 2.586243163730181
5 1364 606 3.8167081366014424 3.7946659878175746
5 1365 606 2.8630859225667264 5.61088830346911
5 1366 606 1.9563386721117262 7.198371492048235
5 1367 606 1.2071706590204971 6.18485837315729
5 1368 606 1.0427180827050475 4.2449716399372805
5 1369 606 1.6484116597501364 2.87308842309552
5 1370 606 2.5193771055561154 2.001746386065402
5 1371 606 3.4608179668974817 1.437766770415182
5 1372 606 4.428008694661803 1.0598423391000469
5 1373 606 5.407149063970831 0.7982403537062546
5 1374 606 6.392750659927286 0.6120708068239945
5 1375 606 7.382226019298031 0.4764582046131145
5 1376 606 8.37420211124624 0.37570707732190467
5 1377 606 9.36788455308887 0.2995857333710415
5 1378 606 10.362782493133839 0.24123200504492265
5 1379 606 11.358576539338074 0.1959287784341047
5 1380 606 12.355050020133525 0.16036320473882865
5 1381 606 13.352050816260457 0.132164587542404
5 1344 607 23.768787537440726 0.04751598034874597
5 1345 607 22.77246716980832 0.05589564993696958
5 1346 607 21.776484128527215 0.06601484636319029
5 1347 607 20.780886915625086 0.07829922518348967
5 1348 607 19.785733774616446 0.09329702825387626
5 1349 607 18.79109525812687 0.11172044064080175
5 1350 607 17.797057650072336 0.13450315737337384
5 1351 607 16.803727592412297 0.16288144424745987
5 1352 607 15.811238439793335 0.19850964754499098
5 1353 607 14.819759141092629 0.2436267646422138
5 1354 607 13.829506896487619 0.30129936101007676
5 1355 607 12.840765592440302 0.3757791032926831
5 1356 607 11.853913320081215 0.47303130957748507
5 1357 607 10.869464614230038 0.6015112643884633
5 1358 607 9.888137387799537 0.773268089218539
5 1359 607 8.910962967042291 1.005358548432596
5 1360 607 7.939474856689155 1.3210405387772923
5 1361 607 6.976049096730855 1.7481792316874951
5 1362 607 6.024554838326189 2.305398109015825
5 1363 607 5.0916854773247335 2.9501296106613104
5 1364 607 4.189899879472027 3.471445201828339
5 1365 607 3.344437321882385 3.5226392997886324
5 1366 607 2.6106054853232665 3.060083125645049
5 1367 607 2.108378761038926 2.415339872198892
5 1368 607 2.018727569534866 1.8365044855472508
5 1369 607 2.3885688183513274 1.3871495603217607
5 1370 607 3.0553659355305323 1.0539587279297347
5 1371 607 3.8684959609647356 0.8090616323049199
5 1372 607 4.753447275399253 0.6281148646069721
5 1373 607 5.676729780428226 0.4930335984336485
5 1374 607 6.622330481031644 0.3909979523540466
5 1375 607 7.5819035208845085 0.3130119181817968
5 1376 607 8.550746224745593 0.2527376969094457
5 1377 607 9.52603070538832 0.2056670269958196
5 1378 607 10.5059631162498 0.16855521645225408
5 1379 607 11.48935424643184 0.13903826334250274
5 1380 607 12.475386206446736 0.1153730385032836
5 1342 608 25.858910669245088 0.04281178513403235
5 1343 608 24.86590559380449 0.05015503225182055
5 1344 608 23.87348447545933 0.05896634353978254
5 1345 608 22.881723296115563 0.06958702216030586
5 1346 608 21.89071175179094 0.08245000946631098
5 1347 608 20.900556475845278 0.0981079272458865
5 1348 608 19.911385210476897 0.11727067064726071
5 1349 608 18.923352266445768 0.1408560052665622
5 1350 608 17.936645756662482 0.17005779261792736
5 1351 608 16.951497308497512 0.20643781184015317
5 1352 608 15.968195295649364 0.25204828161251747
5 1353 608 14.987103155713534 0.30959192006748926
5 1354 608 14.008685198832854 0.3826214163348641
5 1355 608 13.033543685429484 0.4757619681053272
5 1356 608 12.062473253856313 0.5948877504309544
5 1357 608 11.096542749883811 0.747045393177288
5 1358 608 10.137221562144092 0.9395872878244815
5 1359 608 9.18658048459813 1.1772851013775851
5 1360 608 8.247621535933819 1.455169544117991
5 1361 608 7.324838633034822 1.7451610109046882
5 1362 608 6.425205132912065 1.9828058938041189
5 1363 608 5.559969514304881 2.0814911303030317
5 1364 608 4.747974410209028 1.9950044651179109
5 1365 608 4.0215993087327675 1.7641862324036188
5 1366 608 3.4355874315755646 1.4752931627815444
5 1367 608 3.071361424515209 1.1953101404289743
5 1368 608 3.0105250372651287 0.9545059796039893
5 1369 608 3.2700551983109265 0.7589451149232973
5 1370 608 3.7846084341712842 0.6042322810718934
5 1371 608 4.4669073193878255 0.4830663314194282
5 1372 608 5.251976865904936 0.3883375524263203
5 1373 608 6.100267289226002 0.3140834923861196
5 1374 608 6.988795389765024 0.2555972233380338
5 1375 608 7.904002846659467 0.20925929332524396
5 1376 608 8.837604935727839 0.17231520541661816
5 1377 608 9.784337535060878 0.14267349007894867
5 1378 608 10.74072907208823 0.11874288215241345
5 1379 608 11.704412031366694 0.09930741090580872
5 1341 609 26.98223973283162 0.04456273719789313
5 1342 609 25.99367732738093 0.05212600652968813
5 1343 609 25.006024494109365 0.0611698769172322
5 1344 609 24.019393435305513 0.07202569364533959
5 1345 609 23.033915450917107 0.08510801776066443
5 1346 609 22.049745145919438 0.1009372311011513
5 1347 609 21.067065789995482 0.12016823172722228
5 1348 609 20.086096211060976 0.1436263782903987
5 1349 609 19.10709975375641 0.17235141510562782
5 1350 609 18.130396051934397 0.20764871618963543
5 1351 609 17.15637668623531 0.25114367646194896
5 1352 609 16.185526281218 0.30482713852029747
5 1353 609 15.218451333824957 0.37106292293952875
5 1354 609 14.255920208811451 0.45249492350498255
5 1355 609 13.298919542579346 0.5517291026537785
5 1356 609 12.348735198391735 0.6705660373630359
5 1357 609 11.40707065814879 0.8084488469728285
5 1358 609 10.47622360395191 0.9598321497640177
5 1359 609 9.559354633028281 1.1108464590668448
5 1360 609 8.660904167579698 1.237595357785662
5 1361 609 7.787249899675719 1.310827659347396
5 1362 609 6.947752226439829 1.309347594155113
5 1363 609 6.156400003248629 1.233616533046722
5 1364 609 5.434267291917083 1.1054270320638904
5 1365 609 4.812614777852049 0.9540260054196993
5 1366 609 4.33488881056943 0.8029613564252276
5 1367 609 4.0523155109147355 0.6657359559986468
5 1368 609 4.0064025009976545 0.5476477791289529
5 1369 609 4.204909154785674 0.44912448246672965
5 1370 609 4.616412134981069 0.36831316900274563
5 1371 609 5.190497182351666 0.3025962818972411
5 1372 609 5.879733072172638 0.24933665741007224
5 1373 609 6.648402890920556 0.20618373591706643
5 1374 609 7.472031919096767 0.17116093206111058
5 1375 609 8.33434226559007 0.1426558282758316
5 1376 609 9.224492452162401 0.11937403143699912
5 1377 609 10.135149776890385 0.10028475046421705
5 1378 609 11.061250426601928 0.08456978378612859
5 1339 610 29.11647748269006 0.039270158790776805
5 1340 610 28.131819368821443 0.04568739393576098
5 1341 610 27.148282837041414 0.053296282203563285
5 1342 610 26.16599436291305 0.06234422233210981
5 1343 610 25.185099979948415 0.07313417288316493
5 1344 610 24.20576916770045 0.08603717449352495
5 1345 610 23.228199693475986 0.101507060062455
5 1346 610 22.252623688005826 0.12009704750921879
5 1347 610 21.27931533203073 0.14247710880176126
5 1348 610 20.308600665727763 0.1694494361901366
5 1349 610 19.3408702234413 0.20195638572012575
5 1350 610 18.37659546814911 0.24107001885006726
5 1351 610 17.416350392662594 0.2879434451006848
5 1352 610 16.46084022764326 0.3436902099071779
5 1353 610 15.510940042434523 0.409139139333975
5 1354 610 14.56774728638573 0.4843948015611183
5 1355 610 13.632654216989401 0.5681414748335887
5 1356 610 12.707449035900124 0.6567170282257505
5 1357 610 11.794458910861453 0.7432371337645376
5 1358 610 10.896754608597883 0.817483759463227
5 1359 610 10.018446037185575 0.8675587395741488
5 1360 610 9.165111074067758 0.883642650858707
5 1361 610 8.34441495852163 0.8622566751950407
5 1362 610 7.566984934569359 0.8079912024735265
5 1363 610 6.847573365798994 0.7312480317068141
5 1364 610 6.206388724532156 0.6438719200774925
5 1365 610 5.6700318341258 0.5556506676353824
5 1366 610 5.270603475883962 0.4729684216759516
5 1367 610 5.0407599625453505 0.3990882733087218
5 1368 610 5.003924559783083 0.3350680370565762
5 1369 610 5.164228984078885 0.28066221618530673
5 1370 610 5.504476451035151 0.23497920745816026
5 1371 610 5.994102184647893 0.19688826802524592
5 1372 610 6.599944014914123 0.16524270388180087
5 1373 610 7.2930968045132145 0.13898734242130162
5 1374 610 8.051040988592778 0.11719998899270391
5 1375 610 8.857158743073372 0.09909826992636799
5 1338 611 30.284109050787627 0.039769782071878035
5 1339 611 29.30456041301417 0.04611213757378879
5 1340 611 28.326441022479287 0.053582709987061286
5 1341 611 27.349904222866986 0.06239856178873111
5 1342 611 26.375125800647805 0.0728188915628172
5 1343 611 25.402308182525417 0.08515163055918439
5 1344 611 24.431685594735328 0.09975962763511907
5 1345 611 23.46353044620519 0.11706506146225487
5 1346 611 22.49816128042463 0.1375496289692936
5 1347 611 21.535952753477105 0.1617463199542816
5 1348 611 20.577348249956753 0.19021595616668022
5 1349 611 19.622875961489395 0.22349800515829943
5 1350 611 18.67316954884731 0.2620207911342287
5 1351 611 17.72899492357078 0.3059527144965489
5 1352 611 16.791285269448515 0.35497784996042964
5 1353 611 15.86118725064422 0.4079954159060999
5 1354 611 14.940122522924598 0.46278686651114687
5 1355 611 14.029870313014264 0.5157764673150025
5 1356 611 13.13267912499194 0.5621097973604686
5 1357 611 12.251418734171123 0.5962991636463933
5 1358 611 11.389787574840863 0.613491621854268
5 1359 611 10.552594988911467 0.6109751469191058
5 1360 611 9.746140825988485 0.5891583436943735
5 1361 611 8.978711544536868 0.5514168777714693
5 1362 611 8.261190047444721 0.5029063888781521
5 1363 611 7.607710628040464 0.4490531020659098
5 1364 611 7.0361396376137915 0.3944257688188463
5 1365 611 6.567896238522655 0.34225013100276636
5 1366 611 6.226336081516974 0.29443517446545003
5 1367 611 6.033014254914392 0.25185348632229093
5 1368 611 6.002271320092118 0.21467401868831457
5 1369 611 6.136551230129223 0.18264528519567666
5 1370 611 6.425516399481102 0.1552997569233687
5 1371 611 6.849617580566137 0.13208606380592894
5 1372 611 7.385611755298326 0.11244696999959994
5 1336 612 32.44773121498631 0.034431752012130126
5 1337 612 31.471975803879825 0.03968184823171492
5 1338 612 30.49779108394569 0.045808320197736827
5 1339 612 29.52533252988012 0.052964435820568055
5 1340 612 28.55477650061365 0.061328617318270245
5 1341 612 27.586323803653098 0.07110672929274858
5 1342 612 26.620203999969604 0.08253324414548964
5 1343 612 25.656680630977924 0.09587020275367707
5 1344 612 24.696057600353903 0.11140227124498525
5 1345 612 23.738687010868944 0.12942533573229842
5 1346 612 22.78497884572198 0.15022497664739937
5 1347 612 21.835413002734757 0.17403995654945548
5 1348 612 20.890554348795973 0.20100497429056172
5 1349 612 19.95107167547644 0.23106738768378662
5 1350 612 19.017761724240803 0.2638762663839165
5 1351 612 18.091579837040175 0.29865179560450367
5 1352 612 17.17367930875614 0.33406135464510683
5 1353 612 16.265462212922166 0.3681546281742989
5 1354 612 15.368645385979823 0.3984332490602992
5 1355 612 14.485346423196065 0.42212586448314554
5 1356 612 13.61819595247473 0.4366775725364367
5 1357 612 12.770483976733193 0.44034309413280576
5 1358 612 11.946349274987709 0.43266109568853495
5 1359 612 11.151020625933729 0.4145883195788778
5 1360 612 10.391114521551554 0.38822542383048764
5 1361 612 9.674981188612186 0.3562712723478043
5 1362 612 9.013060578959834 0.3214457179115348
5 1363 612 8.418150687651053 0.28607109307720413
5 1364 612 7.905394424062597 0.2518762540115163
5 1365 612 7.491679451231219 0.21998434563438296
5 1366 612 7.194112940453479 0.19100652913714336
5 1367 612 7.027464763341067 0.16517284318911438
5 1368 612 7.0010899865664085 0.1424576490359771
5 1369 612 7.116548390898536 0.12268094665329252
5 1335 613 33.64837679591687 0.03401095705917555
5 1336 613 32.67787112098946 0.03901191119706811
5 1337 613 31.709198365773883 0.04479648083093222
5 1338 613 30.742531792290585 0.05148622688364308
5 1339 613 29.778066777411816 0.05921739098546233
5 1340 613 28.81602437880697 0.06813996741581685
5 1341 613 27.85665559610481 0.07841490178858537
5 1342 613 26.900246485859522 0.09020838115263571
5 1343 613 25.947124330067826 0.103681811258963
5 1344 613 24.997665110965823 0.11897569610653169
5 1345 613 24.052302613263414 0.13618537281218848
5 1346 613 23.111539563603245 0.1553266785117043
5 1347 613 22.175961332036955 0.17629060014277306
5 1348 613 21.246252869623817 0.19878845654498314
5 1349 613 20.32321974983291 0.22229390696111892
5 1350 613 19.40781443130572 0.2459953047942871
5 1351 613 18.50116917927077 0.26878030496700595
5 1352 613 17.604637485617214 0.28928003146559567
5 1353 613 16.719846321064043 0.30599536247566306
5 1354 613 15.84876212831775 0.31750617568485057
5 1355 613 14.993774074595065 0.32272699403020627
5 1356 613 14.157798593001639 0.3211358097516806
5 1357 613 13.344409353733093 0.3128937040263027
5 1358 613 12.557995899027814 0.29880729172868453
5 1359 613 11.803951075805063 0.2801493785800195
5 1360 613 11.088880060673379 0.2584070579997882
5 1361 613 10.420809037689912 0.2350403879508374
5 1362 613 9.809345594890612 0.21130960438827504
5 1363 613 9.265703481117876 0.18818879376806705
5 1364 613 8.802457668174272 0.16635278097110723
5 1365 613 8.432867898882336 0.146210694445724
5 1366 613 8.169654888671875 0.1279606320433935
5 1367 613 8.023294896736651 0.11164736993214128
5 1334 614 34.86504353933889 0.033136658391426085
5 1335 614 33.8998711059496 0.037801588017441295
5 1336 614 32.93677672450656 0.04314331247910654
5 1337 614 31.975948164206127 0.0492513853435607
5 1338 614 31.01759599001827 0.056221093762690626
5 1339 614 30.061957038755768 0.06415050200976591
5 1340 614 29.109298531568868 0.07313552983062584
5 1341 614 28.15992295799116 0.08326234747260668
5 1342 614 27.21417389890786 0.09459627957669223
5 1343 614 26.272442996417325 0.10716644531947928
5 1344 614 25.335178329745343 0.12094565439945089
5 1345 614 24.40289452093743 0.13582581527631002
5 1346 614 23.47618497541707 0.1515905067950871
5 1347 614 22.55573676473456 0.16788855553214801
5 1348 614 21.642348786580406 0.18421530436519923
5 1349 614 20.736953995223082 0.1999110218009121
5 1350 614 19.840646688049222 0.21418702743500587
5 1351 614 18.954716062236297 0.22618740746790392
5 1352 614 18.080687514583033 0.235085943104407
5 1353 614 17.220373428006692 0.24020478769312975
5 1354 614 16.37593542366356 0.24112823292155758
5 1355 614 15.549960160720643 0.2377792520386809
5 1356 614 14.745550549233462 0.23043422523158735
5 1357 614 13.966433367184312 0.21967088550693678
5 1358 614 13.217082166650831 0.20626669946443985
5 1359 614 12.502850115073745 0.19107844206046987
5 1360 614 11.830099788251985 0.1749334293725403
5 1361 614 11.20630452022431 0.15855194561501515
5 1362 614 10.640078054224972 0.14250644870914703
5 1363 614 10.1410680403989 0.12721250634320438
5 1364 614 9.719632760552226 0.11294144827755147
5 1331 615 38.021957616619325 0.024791885531121355
5 1332 615 37.05805257970252 0.028099816174563638
5 1333 615 36.09611143876853 0.03185837637150303
5 1334 615 35.13629549340677 0.03612295611328381
5 1335 615 34.17878378468135 0.04095215101668968
5 1336 615 33.22377553800888 0.046406180466128384
5 1337 615 32.27149300853615 0.052544358238323687
5 1338 615 31.322184805661266 0.05942130386561253
5 1339 615 30.37612978968844 0.06708154853964578
5 1340 615 29.43364165372674 0.07555219913646273
5 1341 615 28.495074328732635 0.08483341998460552
5 1342 615 27.56082838014848 0.09488673287091255
5 1343 615 26.63135860221926 0.10562159028314656
5 1344 615 25.707183062327115 0.11688140221936469
5 1345 615 24.78889390432736 0.12843119224432903
5 1346 615 23.877170288792563 0.13995019134116474
5 1347 615 22.97279393108288 0.1510336022769415
5 1348 615 22.076667796567452 0.1612078921841273
5 1349 615 21.1898386260962 0.1699625850770644
5 1350 615 20.31352409110735 0.1767981614366088
5 1351 615 19.449145508222173 0.18128465506907032
5 1352 615 18.598367159511582 0.1831203853057136
5 1353 615 17.763143331066125 0.18217740025778772
5 1354 615 16.94577413398394 0.1785217560522294
5 1355 615 16.148970896004464 0.17240297414051015
5 1356 615 15.375931223831593 0.16421564411187625
5 1357 615 14.630422447762722 0.15444348857069193
5 1358 615 13.916869655206213 0.14359935900991463
5 1359 615 13.24044036276738 0.13217302333416603
5 1360 615 12.607111524849762 0.12059391044108776
5 1361 615 12.023695812852212 0.109210692354684
5 1362 615 11.497793744888622 0.09828559691512648
5 1330 616 39.25592007583055 0.02380790777556028
5 1331 616 38.296961511326145 0.026836756470401582
5 1332 616 37.34015614589736 0.030244517624758882
5 1333 616 36.385673842873885 0.034069405356473646
5 1334 616 35.433702332666236 0.038349302047845646
5 1335 616 34.48444955338561 0.04311978290464758
5 1336 616 33.53814635605249 0.0484113581942436
5 1337 616 32.59504963947742 0.054245776737669865
5 1338 616 31.65544599275135 0.06063126809648628
5 1339 616 30.719655938828442 0.0675566864084403
5 1340 616 29.788038891474503 0.0749846800394263
5 1341 616 28.86099896053492 0.08284427078250942
5 1342 616 27.938991767778553 0.0910235939340424
5 1343 616 27.0225324682939 0.09936400367352145
5 1344 616 26.112205211356585 0.10765720718504984
5 1345 616 25.20867432055875 0.11564739880956819
5 1346 616 24.312697526189854 0.12304029236267361
5 1347 616 23.425141643114955 0.12952025054713884
5 1348 616 22.5470011531467 0.13477525132172843
5 1349 616 21.679420218262262 0.1385273565080616
5 1350 616 20.823718712084034 0.14056419078943866
5 1351 616 19.981422897281334 0.1407655388173103
5 1352 616 19.154301370710417 0.1391193271678154
5 1353 616 18.34440680425505 0.13572326545800376
5 1354 616 17.554123760529865 0.13077175309349906
5 1355 616 16.786222356444565 0.12453113499096559
5 1356 616 16.04391663528577 0.11730875683723244
5 1357 616 15.330924988401692 0.10942183092256173
5 1358 616 14.651527599537173 0.1011710029960327
5 1359 616 14.010612442002657 0.09282144041461701
5 1330 617 39.54763281158553 0.025337604368960164
5 1331 617 38.59592285462283 0.02837472582720321
5 1332 617 37.646716470364275 0.03174490010720502
5 1333 617 36.70020791494235 0.03546922181589622
5 1334 617 35.75661143061513 0.03956422286187828
5 1335 617 34.81616378925164 0.04403938342488237
5 1336 617 33.87912721721145 0.04889406995994516
5 1337 617 32.94579276630018 0.05411392982052357
5 1338 617 32.0164842073579 0.05966687146336988
5 1339 617 31.09156253712569 0.06549890269639323
5 1340 617 30.171431205695193 0.07153028462618277
5 1341 617 29.256542191448357 0.07765266732805771
5 1342 617 28.347403073297524 0.08372806213730342
5 1343 617 27.444585276516715 0.08959060388515465
5 1344 617 26.548733698615422 0.09505197186493011
5 1345 617 25.660577955299413 0.09991098194989012
5 1346 617 24.780945522719634 0.10396719463195143
5 1347 617 23.91077708900316 0.10703746934484822
5 1348 617 23.05114446182659 0.10897343632473966
5 1349 617 22.203271403106314 0.10967716669239318
5 1350 617 21.368557766026203 0.10911221773033887
5 1351 617 20.54860727640681 0.10730788113288771
5 1352 617 19.745259203160614 0.10435576254484483
5 1330 618 39.86230375931623 0.026331997636791903
5 1331 618 38.91828954360657 0.029253651778494316
5 1332 618 37.97714129578471 0.032441298960247784
5 1333 618 37.03907748581215 0.03589797858482826
5 1334 618 36.1043385343091 0.03961930189047501
5 1335 618 35.17318951986011 0.04359122089240749
5 1336 618 34.245923275625046 0.047787637285036225
5 1337 618 33.322863937542905 0.052168032139371934
5 1338 618 32.40437101688594 0.0566753908791916
5 1339 618 31.490844082050224 0.06123479511155509
5 1340 618 30.58272814841733 0.0657531314220558
5 1341 618 29.68051989099918 0.07012039478935853
5 1342 618 28.784774812389934 0.07421300227048956
5 1343 618 27.89611551811467 0.07789934729835832
5 1344 618 27.015241272289206 0.08104750468363521
5 1345 618 26.14293902758445 0.08353457079770554
5 1346 618 25.28009614301335 0.0852566741772075
5 1347 618 24.42771501798722 0.08613834375131858
5 1348 618 23.58692987652269 0.0861398074078321
5 1349 618 22.75902592379557 0.08526099848058848
5 1330 619 40.1993937889615 0.02669172621401881
5 1331 619 39.26348508474504 0.029380034661047345
5 1332 619 38.33081346645277 0.0322550962873823
5 1338 619 32.81815444232045 0.05208733680141487
5 1339 619 31.91647319175472 0.055384126448975494
5 1340 619 31.02081979896724 0.05848969260101024
5 1341 619 30.13173179556724 0.061315985562431646
5 1371 628 23.231729617056104 0.001222095825321241
5 1370 629 24.10541974328598 0.001072117779158207
5 1371 629 24.221916955517823 0.0009889843649020646
5 1370 630 25.100981275639437 0.0008697721326820791
5 1371 630 25.212878871719543 0.0008036530266802663
471 1827 1203 8.62478898292596 0.20973228139316155
471 1828 1203 8.348112660955234 0.22889987730715564
471 1829 1203 8.185046426258141 0.24211314344645155
471 1830 1203 8.142418866651436 0.24738483073715783
471 1831 1203 8.222103441334301 0.24385551329008848
471 1832 1203 8.420628539485723 0.23210481474754482
471 1825 1204 8.631163594788402 0.210063051491761
471 1826 1204 8.111780630663082 0.245752707887977
471 1827 1204 7.687976651889679 0.2808680469369595
471 1828 1204 7.3762446407369735 0.3114342298927836
471 1829 1204 7.191174104414453 0.33285059087518765
471 1830 1204 7.1426175174092235 0.3412187834807376
471 1831 1204 7.233324615970251 0.33485828259942446
471 1832 1204 7.458215939485882 0.3150546009216592
471 1833 1204 7.805702082452376 0.2854820720762596
471 1834 1204 8.260325962091414 0.2507360790123726
471 1835 1204 8.805508787117388 0.21493283963904428
471 1823 1205 9.198205531515391 0.18016021471078647
471 1824 1205 8.480034492854402 0.22194992997277552
471 1825 1205 7.824000575153386 0.2707741318396741
471 1826 1205 7.246998344142256 0.32507687915205746
471 1827 1205 6.769267685651136 0.3809282135387602
471 1828 1205 6.413032434036239 0.4314945626331669
471 1829 1205 6.1992729412408405 0.467842130997844
471 1830 1205 6.142880838824806 0.48179035416050225
471 1831 1205 6.24811851680176 0.469788089087654
471 1832 1205 6.507148761170373 0.43490501805900056
471 1833 1205 6.902679552174011 0.3851000017117555
471 1834 1205 7.412893159893868 0.3293756573837866
471 1835 1205 8.015920720665928 0.27477926130743624
471 1836 1205 8.692467141151669 0.22545492883401175
471 1822 1206 9.381949957231711 0.17323611404443784
471 1823 1206 8.563000934251974 0.21936151889103464
471 1824 1206 7.786461648271329 0.27731288013284844
471 1825 1206 7.066327546894523 0.34840542129934843
471 1826 1206 6.4216029930228835 0.43196496430337317
471 1827 1206 5.877157901571179 0.5231231232825847
471 1828 1206 5.463056378987922 0.6104182775645012
471 1829 1206 5.210468788890373 0.6757833665817918
471 1830 1206 5.14324654279773 0.7005715560952659
471 1831 1206 5.268489821571348 0.6764809972836257
471 1832 1206 5.573238286669697 0.6115893669303781
471 1833 1206 6.030338713538491 0.524473623242001
471 1834 1206 6.608251281541975 0.43327088559630905
471 1835 1206 7.278254254970847 0.34955063525089236
471 1836 1206 8.017292872285589 0.2782624802928874
471 1821 1207 9.769083119720083 0.15752377015263846
471 1822 1207 8.873499028004677 0.20306560728895168
471 1823 1207 8.002686111550299 0.26316293462263884
471 1824 1207 7.165681056256978 0.34217858352423164
471 1825 1207 6.3758124972430155 0.44469736330201176
471 1826 1207 5.652874047774309 0.57364784432191
471 1827 1207 5.025831771955801 0.7257926531729207
471 1828 1207 4.534642764320082 0.8839180827236874
471 1829 1207 4.226935651272747 1.010567266830561
471 1830 1207 4.143788725309321 1.0586811153332867
471 1831 1207 4.29825371517326 1.0060094571830422
471 1832 1207 4.666796010112379 0.876781795363948
471 1833 1207 5.2041315317736645 0.7182558790003566
471 1834 1207 5.864041694940529 0.5669646312012405
471 1835 1207 6.609915657555782 0.4392646752735112
471 1836 1207 7.415860368156966 0.33794798632334716
471 1821 1208 9.388982106703565 0.1774943579515278
471 1822 1208 8.453223349705116 0.23296636181668107
471 1823 1208 7.533988651438219 0.30883339863573206
471 1824 1208 6.638146202065752 0.41331843061467777
471 1825 1208 5.776589391673954 0.5573777812859738
471 1826 1208 4.9671908560070595 0.7536123280142532
471 1827 1208 4.239927475794866 1.010038873722236
471 1828 1208 3.6443085763969436 1.310858965892676
471 1829 1208 3.253457391760403 1.5815079577932676
471 1830 1208 3.144675658951252 1.6878065893318723
471 1831 1208 3.3455918758869228 1.5573834814409913
471 1832 1208 3.807490643455433 1.2774450121101317
471 1833 1208 4.449829772025078 0.9792140984272626
471 1834 1208 5.206244807920662 0.7292833078793817
471 1835 1208 6.033985830278435 0.5393220376177689
471 1836 1208 6.907458649894403 0.4001950857484268
471 1821 1209 9.10335020747854 0.19502239015929004
471 1822 1209 8.134800858041924 0.2599247647888813
471 1823 1209 7.174885713375491 0.3515166502654843
471 1824 1209 6.227598654377128 0.4831377408869051
471 1825 1209 5.299715558404989 0.675704706611406
471 1826 1209 4.4035196150352265 0.9613080991905407
471 1827 1209 3.563002245298209 1.38373060779687
471 1828 1209 2.8282476907088894 1.97435042179905
471 1829 1209 2.302821095960399 2.6309800282499367
471 1830 1209 2.146388827775699 2.9204201462340134
471 1831 1209 2.4312517352179777 2.528279094350887
471 1832 1209 3.0356193766677193 1.862319591143575
471 1833 1209 3.81037859011419 1.2997062661597962
471 1834 1209 4.671507786571771 0.9039986299623318
471 1835 1209 5.579156298222947 0.6371769616858307
471 1836 1209 6.513907045698523 0.45697103487310303
471 1821 1210 8.921265885511955 0.20802171664085767
471 1822 1210 7.930509756629739 0.28028189813734344
471 1823 1210 6.942404842703973 0.38460115445082355
471 1824 1210 5.958270302696888 0.5393830960300777
471 1825 1210 4.98046032009088 0.7767672375300186
471 1826 1210 4.013600004983037 1.1557488355367553
471 1827 1210 3.068058832551932 1.7898318778182025
471 1828 1210 2.171862104278265 2.895496811919247
471 1829 1210 1.4216135199132358 4.7081750180882285
471 1830 1210 1.1510799277201336 5.8697916140474415
471 1831 1210 1.62141450591768 4.23292607922368
471 1832 1210 2.4357719515587584 2.579317310010897
471 1833 1210 3.3521612431385885 1.6098681519896447
471 1834 1210 4.305924407139603 1.049966763939877
471 1835 1210 5.2768347520081225 0.711516696096403
471 1836 1210 6.256914974650104 0.4973812207580713
471 1821 1211 8.849123402913945 0.2146598329801352
471 1822 1211 7.849266526243031 0.2906433780815824
471 1823 1211 6.84945143788898 0.40146156967801233
471 1824 1211 5.8496995649348955 0.5683037685875069
471 1825 1211 4.85004999974223 0.8299256114174846
471 1826 1211 3.8505824234782566 1.263178130479891
471 1827 1211 2.8514882079363 2.039103043328379
471 1828 1211 1.8533712526096493 3.6145325745587757
471 1829 1211 0.8596423674993848 7.718909333066715
471 1830 1211 0.20732824216694362 17.730961333999417
471 1831 1211 1.1605968292219837 5.980860020685922
471 1832 1211 2.1566142445973524 3.012444305159519
471 1833 1211 3.155152135793185 1.7567462346380773
471 1834 1211 4.15439345753389 1.1101225127896057
471 1835 1211 5.1539290837186025 0.7393544062504103
471 1836 1211 6.1536156038544165 0.5113984544559085
471 1822 1212 7.894870803249359 0.2890636779179288
471 1823 1212 6.9016653787328215 0.3981882814113637
471 1824 1212 5.910751644249601 0.5613778651588812
471 1825 1212 4.923513481244816 0.8145423393978408
471 1826 1212 3.94271289850016 1.2260579638560694
471 1827 1212 2.9747243569782427 1.9364715491129159
471 1828 1212 2.0378873864862377 3.2553756843963333
471 1829 1212 1.2070563367133262 5.745296299616038
471 1830 1212 0.8723445420244699 7.456117812799285
471 1831 1212 1.437005567142998 4.694798319424135
471 1832 1212 2.317107032486859 2.6827498928090145
471 1833 1212 3.2669534738040182 1.6342178721040344
471 1834 1212 4.239927475794867 1.0542882102221025
471 1835 1212 5.223120236027534 0.7104552139431419
471 1836 1212 6.211681334389297 0.495078270239389
471 1822 1213 8.065171107918234 0.27584909907292343
471 1823 1213 7.095842797018485 0.3755692007158691
471 1824 1213 6.136365781144341 0.5207389670210081
471 1825 1213 5.192204252530836 0.7369236138102241
471 1826 1213 4.273521381717819 1.0656881840693768
471 1827 1213 3.4010270507597355 1.569841222231133
471 1828 1213 2.6212563781514304 2.3103565011679996
471 1829 1213 2.0432780036009888 3.1663993167033695
471 1830 1213 1.865203742222208 3.4649476831248456
471 1831 1213 2.1870036579758656 2.8220203235414627
471 1832 1213 2.843762472500104 1.970337575009006
471 1833 1213 3.659369481208476 1.3323610044511252
471 1834 1213 4.54917410086711 0.9106073665872569
471 1835 1213 5.477132917868634 0.6354262947242879
471 1823 1214 7.420847997365191 0.33867026935178884
471 1824 1214 6.509453510088158 0.4577379939294828
471 1825 1214 5.628231072015358 0.6247857971016801
471 1826 1214 4.7938486626091175 0.8571333923550706
471 1827 1214 4.03546589627509 1.1675990618783783
471 1828 1214 3.4042598314463897 1.5368228303077378
471 1829 1214 2.982110829596963 1.8579683296998064
471 1830 1214 2.8630377224199433 1.941186745317576
471 1831 1214 3.0823667854425865 1.720913818279997
471 1832 1214 3.5784053711115162 1.355791181574012
471 1833 1214 4.255465309457925 1.008358866370623
471 1834 1214 5.041129337757555 0.7360674382383493
471 1835 1214 5.892112100087711 0.5373500266116225
471 1823 1215 7.860469769676543 0.29438510806270285
471 1824 1215 7.0064959145066865 0.3862116675356097
471 1825 1215 6.196368694646808 0.5068476371799725
471 1826 1215 5.449677513394629 0.6602762693511721
471 1827 1215 4.796142720978929 0.8420860961435908
471 1828 1215 4.278666264152797 1.0280149457746106
471 1829 1215 3.9510739046491317 1.1657014067265887
471 1830 1215 3.8619923614631118 1.1951089077416561
471 1831 1215 4.027280099521203 1.1008660517412117
471 1832 1215 4.418482205463727 0.9290196582574134
471 1833 1215 4.982668461778255 0.7406445324521026
471 1834 1215 5.668419973855128 0.5728208235622692
471 1824 1216 7.6032220143830305 0.31680365049442477
471 1825 1216 6.8638899321011 0.4005811958798944
471 1826 1216 6.198143673713842 0.4990732913527315
471 1827 1216 5.632138581391532 0.6052882675244212
471 1828 1216 5.198556049519818 0.7032288592194775
471 1829 1216 4.932442092919002 0.7689467684930824
471 1830 1216 4.861376862577028 0.7808220716656618
471 1831 1216 4.9936945240973 0.7344426516092911
471 1832 1216 5.314224778836462 0.6461538754406537
471 1833 1216 5.791803259780112 0.5407458373355576
471 1826 1217 7.0096351545568165 0.37536064171418926
471 1827 1217 6.514521087539655 0.4385297584838876
471 1828 1217 6.143531964594873 0.49272316033705094
471 1829 1217 5.920049408577518 0.5267586635752667
471 1830 1217 5.860971335879328 0.5319383548211007
471 1831 1217 5.971179531717263 0.5068201620330328
471 1832 1217 6.241713306456752 0.4581035111042961
471 1833 1217 6.653043288601043 0.39673741912019583
471 1828 1218 7.103589585554531 0.3528641591919284
471 1829 1218 6.911221672034466 0.3716342551248264
471 1830 1218 6.860684003800128 0.373981633075988
471 1831 1218 6.9550690147545655 0.3593964998112363
