# %ECSV 0.9
# ---
# datatype:
# - name: sexcat_id
#   datatype: int32
# - name: x
#   datatype: int32
# - name: y
#   datatype: int32
# - name: sep
#   datatype: float64
# - name: weight
#   datatype: float64
# schema: astropy-2.0
sexcat_id x y sep weight
8 1391 587 30.13246866753538 0.024627531531998703
8 1392 587 30.933827244620115 0.025474280733035752
8 1393 587 31.746459141138903 0.02619205745191706
8 1394 587 32.56952053684552 0.026762846977514364
8 1389 588 27.93867691928165 0.02940636099141047
8 1390 588 28.73161443427782 0.0305740943037962
8 1391 588 29.537123556636345 0.03158631306799112
8 1392 588 30.354203465088684 0.032416027879852
8 1393 588 31.181944583364295 0.03303994175683622
8 1394 588 32.019520108833646 0.03343983551284958
8 1395 588 32.8661781775734 0.03360371394293912
8 1396 588 33.72123467490481 0.03352658945265113
8 1388 589 26.53506487649882 0.0367592018305028
8 1389 589 27.33213617703529 0.038184895729727594
8 1390 589 28.1421688574282 0.03938617918258041
8 1391 589 28.964075472902664 0.040326926538832436
8 1392 589 29.79687346014682 0.040977433011791124
8 1393 589 30.639674737176993 0.04131642741748326
8 1394 589 31.49167617006123 0.04133258695292974
8 1395 589 32.35215090221982 0.04102536779207007
8 1396 589 33.220440514839694 0.04040504539661849
8 1397 589 34.09594797039676 0.0394919593235232
8 1380 590 20.027422899614425 0.029743052881578358
8 1381 590 20.688974551678495 0.032198491248260394
8 1382 590 21.376848879102845 0.03469824605031434
8 1383 590 22.088586826684967 0.03720330281143227
8 1384 590 22.82195583204912 0.03966731433748193
8 1385 590 23.57493728517641 0.04203746590389461
8 1386 590 24.345711490938218 0.044256062466408334
8 1387 590 25.132641484730595 0.04626286795930477
8 1388 590 25.934256650230047 0.04799812716642437
8 1389 590 26.749236774158653 0.049406081391248885
8 1390 590 27.57639693651079 0.05043867124452258
8 1391 590 28.414673462843133 0.05105903138071175
8 1392 590 29.263111044453254 0.05124435100997011
8 1393 590 30.120851050393682 0.05098771901890063
8 1394 590 30.98712100211961 0.05029869408215401
8 1395 590 31.861225149074265 0.049202517504797115
8 1396 590 32.742536065491365 0.0477380821239551
8 1397 590 33.63048718053312 0.045954941136771614
8 1398 590 34.52456615223431 0.043909750740923466
8 1375 591 16.336880607998566 0.025789287058194825
8 1376 591 16.84724511604196 0.028421081157504583
8 1377 591 17.40016287280093 0.031230704091834007
8 1378 591 17.991711091499887 0.03420268975871378
8 1379 591 18.618207969619423 0.03731266098104822
8 1380 591 19.27624621133483 0.04052600791286557
8 1381 591 19.962706930674518 0.04379690371018648
8 1382 591 20.674759200532435 0.047067898446635746
8 1383 591 21.409849789290927 0.05027035483883802
8 1384 591 22.16568672520662 0.05332597217021947
8 1385 591 22.94021944097312 0.05614957051756717
8 1386 591 23.73161747542719 0.05865316606546617
8 1387 591 24.538249081790685 0.06075116572254686
8 1388 591 25.358660611317813 0.062366273513658414
8 1389 591 26.191557189292922 0.06343548299395384
8 1390 591 27.03578495254025 0.06391539266190831
8 1391 591 27.89031494981729 0.0637860813928779
8 1392 591 28.7542286977064 0.06305294385397316
8 1393 591 29.62670531800663 0.0617461900033971
8 1394 591 30.507010145210927 0.059918090079720925
8 1395 591 31.394484674859733 0.05763840344651199
8 1396 591 32.28853771851557 0.054988679939184756
8 1397 591 33.188637633985564 0.052056216071338764
8 1398 591 34.094305506931846 0.048928384978435664
8 1370 592 13.590057689355074 0.020845558830038663
8 1371 592 13.842892327833772 0.023262614067894285
8 1372 592 14.161979663874654 0.02592415633993639
8 1373 592 14.542959396216418 0.028840469319834815
8 1374 592 14.981110372732708 0.032017122118055456
8 1375 592 15.47157613173266 0.03545309072551739
8 1376 592 16.009549275354377 0.03913858412978127
8 1377 592 16.59040891599722 0.043052656401282044
8 1378 592 17.209813130885536 0.047160761893048936
8 1379 592 17.863752909173378 0.051412505338761294
8 1380 592 18.548575902208785 0.05573994242976384
8 1381 592 19.260988240482384 0.06005687928172755
8 1382 592 19.99804160411716 0.0642596691183424
8 1383 592 20.757111263371907 0.06822997067265686
8 1384 592 21.535869334670497 0.07183977539429318
8 1385 592 22.332256222782355 0.07495870827643875
8 1386 592 23.144452207818645 0.07746317884690958
8 1387 592 23.970850381244333 0.07924647938227154
8 1388 592 24.810031600141134 0.08022852369638385
8 1389 592 25.66074176636369 0.08036373823481825
8 1390 592 26.521871502592006 0.07964576590129999
8 1391 592 27.392438153621924 0.0781081342192964
8 1392 592 28.2715699599439 0.07582076449396494
8 1393 592 29.15849221067513 0.07288295866302623
8 1394 592 30.052515169283296 0.06941408264247316
8 1395 592 30.95302356798125 0.06554342610949526
8 1396 592 31.85946747828662 0.061400633140970565
8 1397 592 32.77135438153271 0.05710774921254164
8 1398 592 33.68824228124708 0.052773458919818224
8 1368 593 12.300149104787257 0.022686054377357916
8 1369 593 12.418923785900247 0.025475484817034728
8 1370 593 12.616087666150671 0.028580491034907878
8 1371 593 12.888043606381817 0.03202262133371313
8 1372 593 13.230180195295882 0.03581938040306069
8 1373 593 13.63721628485812 0.039981835941968275
8 1374 593 14.103533883392476 0.04451164115453051
8 1375 593 14.623462927774659 0.04939748950801539
8 1376 593 15.191499860119144 0.05461111507812135
8 1377 593 15.80245765695957 0.06010309496603678
8 1378 593 16.451555184844995 0.06579889883134343
8 1379 593 17.1344584974256 0.07159584744892003
8 1380 593 17.84728741293759 0.07736184507297855
8 1381 593 18.58659915100126 0.08293686642645186
8 1382 593 19.349358335614152 0.08813811074145596
8 1383 593 20.132900138827516 0.09276938570856066
8 1384 593 20.934891162841073 0.09663460603835008
8 1385 593 21.75329096941429 0.09955434623644493
8 1386 593 22.586315945722568 0.10138338451831622
8 1387 593 23.432406363837273 0.10202644613974769
8 1388 593 24.29019695268035 0.1014492402732185
8 1389 593 25.158490972234443 0.09968256506347949
8 1390 593 26.03623759301643 0.09681861751540159
8 1391 593 26.922512289903448 0.09300028514061243
8 1392 593 27.816499923606536 0.08840558583632861
8 1393 593 28.71748018193801 0.08323014575816096
8 1394 593 29.62481507115281 0.07767053149364805
8 1395 593 30.537938175325504 0.07191054944609475
8 1396 593 31.45634543299655 0.06611162828540339
8 1397 593 32.37958721169872 0.0604074453660035
8 1366 594 11.309185116532428 0.02448502552807311
8 1367 594 11.262045462525833 0.02766670753732373
8 1368 594 11.30352458306695 0.03124663273425493
8 1369 594 11.432657958672559 0.035261864322958886
8 1370 594 11.646530298762768 0.03974726057406102
8 1371 594 11.940589097695277 0.044732723395970835
8 1372 594 12.30908883711542 0.05023949514570739
8 1373 594 12.745574447626893 0.05627537948940685
8 1374 594 13.243325413203427 0.06282885290648166
8 1375 594 13.795711942484154 0.06986220447502878
8 1376 594 14.396446367072677 0.07730411633544343
8 1377 594 15.039736300879754 0.08504248421952981
8 1378 594 15.720358392861161 0.09291874895237877
8 1379 594 16.433674817276888 0.10072547522997173
8 1380 594 17.175612594606363 0.10820919931625017
8 1381 594 17.94262154758888 0.115080425311586
8 1382 594 18.731622140113785 0.12103182985939827
8 1383 594 19.539950562885288 0.12576412769824025
8 1384 594 20.365305497340355 0.129016863227911
8 1385 594 21.2056989509896 0.13059924726947855
8 1386 594 22.059412231516994 0.1304149557018207
8 1387 594 22.92495731729945 0.128475325756182
8 1388 594 23.8010434225057 0.12489777980088108
8 1389 594 24.686548320897394 0.11988986239813164
8 1390 594 25.580493896717517 0.11372268780358254
8 1391 594 26.482025375714795 0.10669963116020009
8 1392 594 27.39039371750619 0.09912621953934077
8 1393 594 28.30494069946098 0.091285705352629
8 1394 594 29.22508627874352 0.08342258094044284
8 1395 594 30.15031787560461 0.0757341885541689
8 1364 595 10.700545219753916 0.026185910991510554
8 1365 595 10.461246006093086 0.02976783010747179
8 1366 595 10.313761098648673 0.03384068571416729
8 1367 595 10.262049892687076 0.03846167743616225
8 1368 595 10.307553929036654 0.043689244633864345
8 1369 595 10.449003206047893 0.049580340705928753
8 1370 595 10.682587139827097 0.05618637511683795
8 1371 595 11.002439184108196 0.06354747098677747
8 1372 595 11.401301153815716 0.0716847129746199
8 1373 595 11.871211732590726 0.0805901893433537
8 1374 595 12.404098838690373 0.09021492786551608
8 1375 595 12.992215669392193 0.10045535826428184
8 1376 595 13.62841399429883 0.11113975187813911
8 1377 595 14.306280718621467 0.12201715971652681
8 1378 595 15.020175365154712 0.13275249734490197
8 1379 595 15.765204343743871 0.14293217270120095
8 1380 595 16.537160215708163 0.1520843510287717
8 1381 595 17.332445528545616 0.15971590115509135
8 1382 595 18.14799349790497 0.16536400567615966
8 1383 595 18.981192480979725 0.16865508474308136
8 1384 595 19.829817649186825 0.16935904551750716
8 1385 595 20.69197109992186 0.16742547175787098
8 1386 595 21.566030418229538 0.16299182576094057
8 1387 595 22.450605069797156 0.15636131402105383
8 1388 595 23.344499737625608 0.1479566732806116
8 1389 595 24.246683649522097 0.13826204666579092
8 1390 595 25.15626498508875 0.12776622925081582
8 1391 595 26.072469541644928 0.11691734843208562
8 1392 595 26.994622946060993 0.10609377206078646
8 1393 595 27.922135806560405 0.09559112663329485
8 1361 596 11.053038858160141 0.02426870973279288
8 1362 596 10.540667341302361 0.02772715568525825
8 1363 596 10.101567601120053 0.03170194300581294
8 1364 596 9.745648670047494 0.036267297861470885
8 1365 596 9.482281792901889 0.04150503596707919
8 1366 596 9.319316927758107 0.047503616241968305
8 1367 596 9.262055279472206 0.05435610410407337
8 1368 596 9.312446939446103 0.062156542177239496
8 1369 596 9.468773310202291 0.07099408785781668
8 1370 596 9.725927616428132 0.08094415685175527
8 1371 596 10.076193130344393 0.0920557686276343
8 1372 596 10.51026488724236 0.1043344282566387
8 1373 596 11.018242509583814 0.1177203602900802
8 1374 596 11.590412762279003 0.13206294210576713
8 1375 596 12.217760351226412 0.14709396025753935
8 1376 596 12.892232855483192 0.16240485885690292
8 1377 596 13.606824317231426 0.17743605204131502
8 1378 596 14.355544852077214 0.19148847922960555
8 1379 596 15.133329706313834 0.20376693079421673
8 1380 596 15.935923820099068 0.2134591373366498
8 1381 596 16.759763363484613 0.21984355498972047
8 1382 596 17.601865469318906 0.22240503550777765
8 1383 596 18.459730983955357 0.22092783740570265
8 1384 596 19.331261417714092 0.21553701591457008
8 1385 596 20.21468941141569 0.2066742596706765
8 1386 596 21.108521217745256 0.19501638044550312
8 1387 596 22.01148945437364 0.1813625699390167
8 1388 596 22.922514434503082 0.16652188536790224
8 1389 596 23.840672557627276 0.1512251391803317
8 1390 596 24.765170461759443 0.13607193176679502
8 1391 596 25.695323854740625 0.1215113206454031
8 1392 596 26.630540137218446 0.10784754156349964
8 1359 597 11.522745679741348 0.025299900300574652
8 1360 597 10.849408647479272 0.029046110531087046
8 1361 597 10.229646523707364 0.033388335993432945
8 1362 597 9.673761832916826 0.038423002797311
8 1363 597 9.19334911770452 0.044260166593606806
8 1364 597 8.800776556645364 0.051024008608071665
8 1365 597 8.508211798021883 0.058852414621438386
8 1366 597 8.326203696763544 0.06789501281128937
8 1367 597 8.262061970234734 0.07830877004496191
8 1368 597 8.318513569141977 0.09024990350505038
8 1369 597 8.49315418440048 0.10386048980531205
8 1370 597 8.778933192592339 0.11924784656192339
8 1371 597 9.165460599446144 0.13645473766928068
8 1372 597 9.640625913290059 0.15541910670043316
8 1373 597 10.192039442623834 0.17592397613221614
8 1374 597 10.808037194606618 0.1975420802107584
8 1375 597 11.478225821092746 0.2195861518934609
8 1376 597 12.193673277564903 0.24108379716971554
8 1377 597 12.94687869719959 0.26080234840509264
8 1378 597 13.731630201836952 0.27734770720938984
8 1379 597 14.542821871975221 0.28934478877957276
8 1380 597 15.376269638634756 0.2956742772745141
8 1381 597 16.22854485158793 0.2957030129949142
8 1382 597 17.096832104223324 0.2894280532759415
8 1383 597 17.978811640372715 0.2774773642428808
8 1384 597 18.872563895772124 0.2609668581393134
8 1385 597 19.77649281343893 0.24127042594674175
8 1386 597 20.689264559186288 0.2197829117064638
8 1387 597 21.609758628915827 0.1977389926429633
8 1388 597 22.53702881925659 0.17611360071012125
8 1389 597 23.470272005241064 0.15559650128468153
8 1390 597 24.40880308413345 0.13661708973435857
8 1391 597 25.352034790130805 0.11939398043425285
8 1357 598 12.384573791616637 0.026090081314714037
8 1358 598 11.5893773775815 0.030083915225695628
8 1359 598 10.828188583507307 0.03474877135234867
8 1360 598 10.108692694903636 0.04020411683740793
8 1361 598 9.440427320836609 0.04659020337938829
8 1362 598 8.83502507070571 0.054070709649791174
8 1363 598 8.306242712562556 0.06283500122107256
8 1364 598 7.869540520259028 0.07309941088680272
8 1365 598 7.54093283354247 0.08510655714841465
8 1366 598 7.334962031258173 0.09912115128575537
8 1367 598 7.262070503651088 0.11541995051139611
8 1368 598 7.3262315005737655 0.13427249346085562
8 1369 598 7.523939659513457 0.15590812154568295
8 1370 598 7.845104715680959 0.18046393447039055
8 1371 598 8.275365127896157 0.20790865739561665
8 1372 598 8.79873104487232 0.23794062103701907
8 1373 598 9.399663185455108 0.2698667338476311
8 1374 598 10.064276824491674 0.3024859444323073
8 1375 598 10.78080089789253 0.3340246145937564
8 1376 598 11.539569662686755 0.3621930976818708
8 1377 598 12.332788330300682 0.3844302354699416
8 1378 598 13.154226241022345 0.3983479704144381
8 1379 598 13.998916672371507 0.40227961633006665
8 1380 598 14.862895680182955 0.3957296969499747
8 1381 598 15.742987899379242 0.3795175812817597
8 1382 598 16.63663631867937 0.3555423605074873
8 1383 598 17.54176923802162 0.3262862651911125
8 1384 598 18.456697104303405 0.2942766800830874
8 1385 598 19.380032714110722 0.2616878435374964
8 1386 598 20.310629433870382 0.2301481544361903
8 1387 598 21.247533221529554 0.20072127745517504
8 1388 598 22.18994520047317 0.1739897454461229
8 1389 598 23.137192310217817 0.15017608086791323
8 1390 598 24.08870415775831 0.129260438453843
8 1391 598 25.04399464941651 0.11107627846089278
8 1355 599 13.563984222933817 0.026603225897473142
8 1356 599 12.685332790273879 0.03079082272031321
8 1357 599 11.8259742939006 0.03571473250798354
8 1358 599 10.990435296201783 0.04151649970362053
8 1359 599 10.184579912789633 0.04836613456922541
8 1360 599 9.416032497819781 0.056467473226734954
8 1361 599 8.694691943939038 0.06606408272648018
8 1362 599 8.033285006770178 0.0774453701689205
8 1363 599 7.447796184106993 0.09095217048093418
8 1364 599 6.957418199303449 0.10698043055185134
8 1365 599 6.583438918984438 0.12598052563884346
8 1366 599 6.346468939496918 0.1484480361496956
8 1367 599 6.262081762481171 0.17489926766502717
8 1368 599 6.33637656709254 0.20582133624727686
8 1369 599 6.5639673978470965 0.24158270189787945
8 1370 599 6.929766807043347 0.28228739770855177
8 1371 599 7.413343914860546 0.3275594335806058
8 1372 599 7.9933514873299565 0.3762618600485332
8 1373 599 8.650414325337266 0.42620009777749857
8 1374 599 9.368333256241494 0.47393712837621305
8 1375 599 10.134183144190779 0.5149316672277304
8 1376 599 10.937900529809212 0.5442087345118479
8 1377 599 11.77173173326681 0.5575624013432818
8 1378 599 12.629713694300474 0.552884991786753
8 1379 599 13.507245018877873 0.5309285344318263
8 1380 599 14.400752341457762 0.495026129119498
8 1381 599 15.307438322593411 0.44995138436902304
8 1382 599 16.225093774767576 0.40057738688710054
8 1383 599 17.151958138941502 0.3509246863225982
8 1384 599 18.086615714389517 0.3037833537789597
8 1385 599 19.027918120488167 0.2607704940031836
8 1386 599 19.974925982341013 0.22259419459990662
8 1387 599 20.926864743673434 0.1893524353191573
8 1388 599 21.883090915133593 0.16078303546739245
8 1389 599 22.843066081417412 0.13644232623307706
8 1390 599 23.806336719453558 0.11581989049977491
8 1353 600 14.98618256928686 0.026814921902348184
8 1354 600 14.054240214255536 0.031131203917138812
8 1355 600 13.132313885983598 0.03623461566514608
8 1356 600 12.222670248353989 0.04228582452780291
8 1357 600 11.328268534952635 0.04948135136274266
8 1358 600 10.453021955396347 0.05806190611709532
8 1359 600 9.602169963086377 0.0683225018456316
8 1360 600 8.78280524661673 0.08062450780424148
8 1361 600 8.004602925817027 0.09540959039524231
8 1362 600 7.280773859968366 0.11321501946115954
8 1363 600 6.629152887058708 0.1346888646522518
8 1364 600 6.073027910358963 0.16060178938762276
8 1365 600 5.6407152028797825 0.191848839393148
8 1366 600 5.362244679236416 0.22942887039393983
8 1367 600 5.262097300506652 0.27437987135455505
8 1368 600 5.350296066574218 0.3276346108640774
8 1369 600 5.617977216044908 0.3897445587983672
8 1370 600 6.041329986021277 0.4604109992243461
8 1371 600 6.590422444729928 0.5377898514092218
8 1372 600 7.236689021921569 0.6176592034714978
8 1373 600 7.956485907735921 0.6928182852377166
8 1374 600 8.731647496320523 0.7534561379225828
8 1375 600 9.548699806780009 0.7892582846704685
8 1376 600 10.397772261402956 0.7930463251420548
8 1377 600 11.271631115326695 0.7640114285655739
8 1378 600 12.164936004763899 0.7081110703340688
8 1379 600 13.073701388665768 0.6352990458669892
8 1380 600 13.994915791100757 0.555752718801726
8 1381 600 14.926274417951772 0.4773448402505441
8 1382 600 15.865990923985859 0.40493576227804423
8 1383 600 16.812663917416593 0.34083184879852296
8 1384 600 17.76518133878745 0.28561125904670775
8 1385 600 18.722651201152097 0.23886498230959285
8 1386 600 19.68435084019796 0.19971606976136555
8 1387 600 20.649689295483416 0.16713386857182863
8 1388 600 21.618179109259007 0.14010291645702358
8 1389 600 22.58941495479692 0.11770186969144797
8 1351 601 16.58884167143677 0.02671486420698071
8 1352 601 15.624521368669098 0.031087396844255117
8 1353 601 14.664981009193207 0.0362796257144368
8 1354 601 13.711224161248243 0.04246654787292021
8 1355 601 12.764547308855013 0.04986521003652615
8 1356 601 11.826650751586346 0.05874583778116776
8 1357 601 10.899801282592176 0.0694460748270006
8 1358 601 9.987075047279768 0.08238915884050292
8 1359 601 9.092726103869968 0.09810698640662341
8 1360 601 8.22275306694774 0.11726904654734209
8 1361 601 7.385774705472583 0.1407179557231465
8 1362 601 6.594366383512427 0.16951143791676546
8 1363 601 5.866998210328593 0.20496829980805925
8 1364 601 5.230455811877112 0.24871073353891532
8 1365 601 4.721617095868662 0.30268422541250556
8 1366 601 4.385164535111467 0.36911424369776696
8 1367 601 4.262120129700653 0.45031761970028816
8 1368 601 4.370545503709996 0.5482178228535032
8 1369 601 4.694429464801853 0.6633246503006129
8 1370 601 5.193618006746353 0.7929069995502098
8 1371 601 5.823200838027151 0.9283731948096533
8 1372 601 6.545660241717428 1.0529724902352702
8 1373 601 7.333598570960945 1.1428990496591107
8 1374 601 8.16808839325338 1.1752546919714293
8 1375 601 9.036241917965715 1.1405291455651778
8 1376 601 9.929233001596895 1.0489021131450713
8 1377 601 10.840925606238658 0.9235206502219967
8 1378 601 11.766973612615997 0.7880277038313737
8 1379 601 12.70423819046232 0.6588642789557205
8 1380 601 13.650409078119289 0.5443606945967596
8 1381 601 14.603755270477578 0.44708812781239116
8 1382 601 15.562958202090044 0.3664590464664694
8 1383 601 16.526998154534958 0.30052195586809166
8 1384 601 17.495075535704384 0.24695725480089115
8 1385 601 18.46655539075986 0.2035475604105948
8 1386 601 19.440927652763957 0.16835892115475187
8 1387 601 20.417778233686505 0.13978072257675572
8 1350 602 17.341558984128188 0.030661693091186944
8 1351 602 16.36049106842448 0.035847235913390424
8 1352 602 15.38186165585939 0.042047758603693496
8 1353 602 14.406167706923224 0.049492730950105535
8 1354 602 13.434048831234673 0.058471191480467026
8 1355 602 12.46634140395641 0.06934930519212196
8 1356 602 11.504158726304066 0.0825936835313484
8 1357 602 10.549012655220306 0.0988024967411614
8 1358 602 9.6030030719561 0.11874711387343849
8 1359 602 8.669121524122179 0.14342788308597074
8 1360 602 7.751752576030699 0.17414863151496013
8 1361 602 6.857526376179586 0.21261519404270815
8 1362 602 5.996804815899787 0.2610628193483594
8 1363 602 5.186296173571177 0.322413137367579
8 1364 602 4.453500645559533 0.40044723875917554
8 1365 602 3.843132576427637 0.4999423103459108
8 1366 602 3.421354702453325 0.6266211159419262
8 1367 602 3.2621569551448055 0.7865367954503877
8 1368 602 3.4025972432833975 0.9840540036198868
8 1369 602 3.809680826526013 1.216901485085724
8 1370 602 4.410177774194604 1.4667836061650241
8 1371 602 5.136698161270547 1.6884985376576427
8 1372 602 5.943203513257843 1.8138365262726959
8 1373 602 6.801298993574721 1.7906241266877025
8 1374 602 7.693742132408693 1.6293167511257025
8 1375 602 8.609858767715114 1.392727346923079
8 1376 602 9.542833331877958 1.1445645045034196
8 1377 602 10.488168000180066 0.9212714426365366
8 1378 602 11.442799832208955 0.7351451138455949
8 1379 602 12.404582540335706 0.585714954632876
8 1380 602 13.371973227613102 0.46776547487438097
8 1381 602 14.3438372829589 0.37521717523710735
8 1382 602 15.31932335320336 0.30260081653881254
8 1383 602 16.29778107596252 0.24544337153299906
8 1384 602 17.27870562281799 0.20023714206324736
8 1385 602 18.261699482797386 0.16428264342864166
8 1348 603 19.16595074604954 0.029876077203780875
8 1349 603 18.173322976274786 0.03496149711537646
8 1350 603 17.181550221094636 0.041054617541189914
8 1351 603 16.190789603969204 0.04838815811759479
8 1352 603 15.201239028447567 0.057257394782002514
8 1353 603 14.213151233980367 0.06803965674623956
8 1354 603 13.22685404773175 0.08122082210371712
8 1355 603 12.242780239798392 0.09743167585314953
8 1356 603 11.261512687023805 0.11749830871395747
8 1357 603 10.283854724761444 0.14251270816307327
8 1358 603 9.310943453807376 0.17393266393831677
8 1359 603 8.344439346055465 0.2137245675164265
8 1360 603 7.386857789344445 0.26456925905267875
8 1361 603 6.4421788239693285 0.3301603248616302
8 1362 603 5.517034348270726 0.4156356946776594
8 1363 603 4.6231664473604175 0.5281919841445366
8 1364 603 3.782812181433185 0.6779151459024988
8 1365 603 3.040669005334096 0.8787427396251084
8 1366 603 2.4862960402976135 1.148991756977652
8 1367 603 2.262226337040514 1.509234035396945
8 1368 603 2.460420289300161 1.9704585073604413
8 1369 603 2.998277505502124 2.496183189804419
8 1370 603 3.73171113565884 2.933122504941046
8 1371 603 4.56745749843393 3.0302755219868724
8 1372 603 5.458724026730101 2.7143941463344285
8 1373 603 6.382293318236058 2.199977260899165
8 1374 603 7.3259585038410355 1.7006061881710797
8 1375 603 8.282853856008865 1.2956761133385748
8 1376 603 9.248873877397243 0.9881636226800381
8 1377 603 10.221431797943048 0.7592128872945942
8 1378 603 11.198824402588041 0.5889259389111912
8 1379 603 12.179887848416403 0.46142504407754165
8 1380 603 13.163801426639711 0.36504117527189184
8 1381 603 14.149970600676237 0.2914180404157853
8 1382 603 15.137954551391744 0.2345979313000962
8 1383 603 16.12741975642732 0.19031302929435973
8 1384 603 17.118109358220675 0.15547936961508962
8 1347 604 20.07171313067215 0.03367013120730105
8 1348 604 19.073795322378736 0.03954505982626625
8 1349 604 18.07610765624052 0.04662150350548731
8 1350 604 17.078690465020944 0.05518835917666113
8 1351 604 16.081594075215225 0.06561628420332653
8 1352 604 15.08488210096445 0.07838491520755259
8 1353 604 14.088636129874239 0.09412072387958044
8 1354 604 13.092962537179961 0.11365037353020886
8 1355 604 12.09800264506493 0.13807703120794915
8 1356 604 11.10394830679602 0.16889128088637723
8 1357 604 10.111066610402602 0.20813521000137122
8 1358 604 9.11974056648535 0.2586499606764047
8 1359 604 8.130539219510515 0.3244573572336145
8 1360 604 7.144345176431414 0.4113623509748866
8 1361 604 6.162602372374755 0.5279287970791194
8 1362 604 5.187838470885452 0.6871029031826126
8 1363 604 4.224886744044064 0.9089837531945197
8 1364 604 3.2841540767752364 1.2256291091775384
8 1365 604 2.392000836120162 1.6892428601398313
8 1366 604 1.6302355658001402 2.3840149009245803
8 1367 604 1.2624056400380397 3.4265322928835125
8 1368 604 1.5904930053288515 4.830254771516534
8 1369 604 2.3378768145477964 5.814174252151597
8 1370 604 3.225161701372553 5.084479312900651
8 1371 604 4.163852543018359 3.657829111970849
8 1372 604 5.125784622865128 2.5422943786265746
8 1373 604 6.099972786824606 1.7940382461543827
8 1374 604 7.081360603725876 1.2961951922904902
8 1375 604 8.067320992746046 0.9577345180001396
8 1376 604 9.056360637695542 0.7216328852480008
8 1377 604 10.047570253548932 0.5529354554996394
8 1378 604 11.040365392504068 0.42982580529634595
8 1379 604 12.034353659420255 0.33832055071026396
8 1380 604 13.029261989844313 0.26921263293912306
8 1381 604 14.024894580709045 0.2162872758761763
8 1382 604 15.021107415899872 0.17525481528338013
8 1383 604 16.017792232389652 0.14309497007703872
8 1346 605 21.03363183095104 0.03760250517597286
8 1347 605 20.03371328535968 0.04429892663385539
8 1348 605 19.033803298342587 0.052399840537514286
8 1349 605 18.03390329351905 0.062253594781645084
8 1350 605 17.034015028759292 0.07431095115156969
8 1351 605 16.034140700392943 0.08916080866371909
8 1352 605 15.03428308899356 0.10758070850349702
8 1353 605 14.034445767467908 0.1306093706207993
8 1354 605 13.034633404894748 0.15965272369420244
8 1355 605 12.034852221776477 0.19664199822861303
8 1356 605 11.035110692693495 0.24427481591457578
8 1357 605 10.035420668810973 0.3063924645270643
8 1358 605 9.035799245224444 0.3885882310273453
8 1359 605 8.036272021279443 0.49922342355472094
8 1360 605 7.036879137799577 0.6511970741957556
8 1361 605 6.03768730558308 0.8651899664231685
8 1362 605 5.038816130798902 1.1760020903221564
8 1363 605 4.0405034339794055 1.6459883076675552
8 1364 605 3.0432988680048365 2.396833614142646
8 1365 605 2.048821124451734 3.6972396155068035
8 1366 605 1.0647384655396914 6.268267642041683
8 1367 605 0.26394696436967346 12.67641426177911
8 1368 605 1.0028299955626152 11.87445908997168
8 1369 605 1.985363442798387 5.973570465073888
8 1370 605 2.979541575477747 3.5587378872192525
8 1371 605 3.97664029049656 2.3202342280362207
8 1372 605 4.974903818165806 1.5993834898563537
8 1373 605 5.9737482370786985 1.1458012189803561
8 1374 605 6.972923920422552 0.8447142868154126
8 1375 605 7.972306316242569 0.6368310453660165
8 1376 605 8.97182634695976 0.4888678017348465
8 1377 605 9.97144262381334 0.380957533183057
8 1378 605 10.971128838911774 0.30066579019454426
8 1379 605 11.970867470655657 0.23990980464124934
8 1380 605 12.97064639869586 0.19327006808309338
8 1381 605 13.970456971767318 0.15701735496891023
8 1382 605 14.97029284950706 0.12852835461840634
8 1344 606 23.043820603363425 0.035326139750876284
8 1345 606 22.044356828902874 0.04154920980842287
8 1346 606 21.044944000875766 0.049060444400079166
8 1347 606 20.04558973939148 0.05817432339032992
8 1348 606 19.046303263363136 0.06929604864789525
8 1349 606 18.047095832847937 0.08295248278481117
8 1350 606 17.04798134677527 0.09983555076545322
8 1351 606 16.04897716366989 0.12086402527134127
8 1352 606 15.050105248801348 0.14727292796597347
8 1353 606 14.051393809868046 0.18074526592114565
8 1354 606 13.05287968227694 0.2236101627172958
8 1355 606 12.05461189752695 0.27914782923438286
8 1356 606 11.056657180178755 0.35207155816298435
8 1357 606 10.05910870803167 0.44931302297639303
8 1358 606 9.062100639476409 0.5813477237020207
8 1359 606 8.065833372937906 0.7645264812182762
8 1360 606 7.070620057675213 1.0253808410082796
8 1361 606 6.076978525550274 1.409038646710875
8 1362 606 5.085830119066044 1.9967558323519643
8 1363 606 4.0989837764986925 2.9445669113065653
8 1364 606 3.120523674000829 4.5644428381357445
8 1365 606 2.1618667859051306 7.303293245442306
8 1366 606 1.2687269209723302 9.019803183554256
8 1367 606 0.7386934411513876 6.23337652672777
8 1368 606 1.2172378567889794 3.9041460347911014
8 1369 606 2.1018249213482023 2.56415431162072
8 1370 606 3.0583766936073338 1.7647873038662296
8 1371 606 4.036046084969877 1.259662240122333
8 1372 606 5.022516102512846 0.9249149039137076
8 1373 606 6.013457241886814 0.6945924481434964
8 1374 606 7.006972812848721 0.5313015969007574
8 1375 606 8.002103973331094 0.41267668024168835
8 1376 606 8.998314731103898 0.3247378248715523
8 1377 606 9.995282287159355 0.2584228691270692
8 1378 606 10.992800735026616 0.20767602997939322
8 1379 606 11.990732588128296 0.16834498171787027
8 1380 606 12.98898256215636 0.1375190318588138
8 1381 606 13.98748254690608 0.1131184483294232
8 1342 607 25.09226311036923 0.032820650069824285
8 1343 607 24.094764327546276 0.03850920329133471
8 1344 607 23.097481854089565 0.04535072794138145
8 1345 607 22.100444972895836 0.05361911149362548
8 1346 607 21.10368849277294 0.06366450416254957
8 1347 607 20.107254113876344 0.07593816052074766
8 1348 607 19.111192218174075 0.09102670971125242
8 1349 607 18.11556424735364 0.10969999904303147
8 1350 607 17.120445905407884 0.1329787481714834
8 1351 607 16.125931538983966 0.16223154146269345
8 1352 607 15.132140231969764 0.19931593656553825
8 1353 607 14.139224448320993 0.24678695677491894
8 1354 607 13.147382553192793 0.3082100950553883
8 1355 607 12.156877395120773 0.38863861919137194
8 1356 607 11.168064648809953 0.4953513679407448
8 1357 607 10.181437423075325 0.6390018397481573
8 1358 607 9.197699060091 0.8353931128310649
8 1359 607 8.217887076371822 1.1080796683075431
8 1360 607 7.24359496382833 1.4914554949639072
8 1361 607 6.277393408095377 2.03085824648204
8 1362 607 5.323689322265101 2.762230879500342
8 1363 607 4.390634122766277 3.6100679674286558
8 1364 607 3.494805860130108 4.161484165735396
8 1365 607 2.6738863102233594 3.9005264539270925
8 1366 607 2.021303539798029 3.0968777717445195
8 1367 607 1.7382945665220815 2.2971258489596886
8 1368 607 1.9893888508786663 1.6836173771681195
8 1369 607 2.6255795550697925 1.2442709812203276
8 1370 607 3.4394284408896545 0.9325691218589143
8 1371 607 4.331935825932881 0.7093302560778126
8 1372 607 5.263237406767905 0.5470563991753031
8 1373 607 6.215920527162576 0.4272348643473238
8 1374 607 7.181480905774326 0.3374289322619616
8 1375 607 8.155345976719895 0.2691907719653992
8 1376 607 9.134860042715573 0.21669318969985535
8 1377 607 10.118382677088354 0.1758506994044182
8 1378 607 11.104848850839971 0.14375321612568354
8 1379 607 12.093538274632532 0.11829682292613612
8 1380 607 13.083946958009351 0.09793936645398099
8 1340 608 27.17030857388256 0.030187078432907195
8 1341 608 26.175592982776845 0.03531083897419807
8 1342 608 25.181295995242117 0.04144451281017747
8 1343 608 24.187469235122485 0.048819225015585575
8 1344 608 23.194173147581633 0.057727323674064426
8 1345 608 22.201478959744932 0.06854102652343816
8 1346 608 21.209471186241235 0.08173752472364734
8 1347 608 20.218250864008915 0.09793303954364063
8 1348 608 19.227939775233263 0.11792936907533604
8 1349 608 18.238686027233364 0.14277793822614662
8 1350 608 17.250671523160996 0.17386841389846489
8 1351 608 16.264122109723534 0.21305165677847218
8 1352 608 15.279321581797998 0.2628099726351967
8 1353 608 14.296631351475712 0.32649020268427054
8 1354 608 13.316518614112264 0.4086132878093114
8 1355 608 12.339597562319385 0.5152557781020562
8 1356 608 11.366691163218903 0.6544307328545701
8 1357 608 10.398926290728232 0.8361864130584168
8 1358 608 9.437884720635179 1.0715636834384321
8 1359 608 8.485851047478922 1.368155048630269
8 1360 608 7.546235352809986 1.7175738778003253
8 1361 608 6.624323965507681 2.070549015779913
8 1362 608 5.728670700956685 2.3167276788850835
8 1363 608 4.873773486734863 2.3342686166452147
8 1364 608 4.085299009864499 2.1129345145902763
8 1365 608 3.409643383112082 1.766643190878094
8 1366 608 2.92603280911205 1.4126150310681347
8 1367 608 2.738186991423395 1.1078381780469115
8 1368 608 2.904077822648776 0.8644946208411269
8 1369 608 3.3718938298826377 0.676160827422607
8 1370 608 4.038027736408054 0.5318834331810923
8 1371 608 4.820961314924742 0.42137710728204475
8 1372 608 5.672536293405362 0.336348311013726
8 1373 608 6.56609990786016 0.2704802835764217
8 1374 608 7.486632620878451 0.2190662457022292
8 1375 608 8.425299282518187 0.17862120511826582
8 1376 608 9.376655480500585 0.14656169400051403
8 1377 608 10.337198266455076 0.12096303345599799
8 1378 608 11.304586148992893 0.10038156507656018
8 1379 608 12.277201146841332 0.0837261622396108
8 1339 609 28.280128500415202 0.032071417416237834
8 1340 609 27.289222561296913 0.03749509615018308
8 1341 609 26.299005076238085 0.043976727994376165
8 1342 609 25.309556851118447 0.05175331832671834
8 1343 609 24.320971773348138 0.061122256408330196
8 1344 609 23.333359552366158 0.07245849718654836
8 1345 609 22.346849173876773 0.08623701876384093
8 1346 609 21.361593292636137 0.10306217244425801
8 1347 609 20.377773872530764 0.12370591458488954
8 1348 609 19.3956095031839 0.1491571815357681
8 1349 609 18.415364997740276 0.18068453016779856
8 1350 609 17.437364135671363 0.2199128760172443
8 1351 609 16.462006803546096 0.2689110329903401
8 1352 609 15.48979238079059 0.3302760898155246
8 1353 609 14.52135214089922 0.40717563803062506
8 1354 609 13.557494901345104 0.5032540883428399
8 1355 609 12.599272518681332 0.6221984849087474
8 1356 609 11.648075720907672 0.7665638414852178
8 1357 609 10.705777318812443 0.9352158434179711
8 1358 609 9.774951048470733 1.1188171525340092
8 1359 609 8.859213734863792 1.2943321177847757
8 1360 609 7.963772221755176 1.4240496650216548
8 1361 609 7.09631369092429 1.4684877449587637
8 1362 609 6.268466160074541 1.4116221295666005
8 1363 609 5.498151325673005 1.2737235605025872
8 1364 609 4.813072615284333 1.0953497577805515
8 1365 609 4.254605504626736 0.9126995668828318
8 1366 609 3.877843214984364 0.7468353364240702
8 1367 609 3.7381369691332096 0.6057422492051311
8 1368 609 3.8613039248420433 0.48987956715669917
8 1369 609 4.224413332049873 0.3964432342308384
8 1370 609 4.77301456105058 0.32170729501017825
8 1371 609 5.451391382023585 0.2620737360162896
8 1372 609 6.217207411692259 0.21444632265772945
8 1373 609 7.041993183751409 0.17629876080100748
8 1374 609 7.9073173706385065 0.14562348768466096
8 1375 609 8.801231050256641 0.12084546274887342
8 1376 609 9.715846231801004 0.10073554222109272
8 1377 609 10.645828666665734 0.08433547433606972
8 1378 609 11.587478932019772 0.07089703150365491
8 1338 610 29.416078392606927 0.03362729241301363
8 1339 610 28.429591414580624 0.039253516577244865
8 1340 610 27.444082568014483 0.04595390073098893
8 1341 610 26.459661146734224 0.05395982978387911
8 1342 610 25.47645320683389 0.06355767053006807
8 1343 610 24.494604875359737 0.07510253215803862
8 1344 610 23.514286465891264 0.08903524398731241
8 1345 610 22.53569763730418 0.1059029090457667
8 1346 610 21.559073913320056 0.12638297935166018
8 1347 610 20.58469499409689 0.15130980513551837
8 1348 610 19.612895451717414 0.18170047525679295
8 1349 610 18.64407863102915 0.2187724707921335
8 1350 610 17.678734909489364 0.2639374455455352
8 1351 610 16.717465956298465 0.3187406079257894
8 1352 610 15.761017352950232 0.3846904138928194
8 1353 610 14.81032302146035 0.46288761514767757
8 1354 610 13.86656655412574 0.5533276705150332
8 1355 610 12.931267068620876 0.6537657076730577
8 1356 610 12.006401126065999 0.7582256304760298
8 1357 610 11.094578315555713 0.8557920507814996
8 1358 610 10.199297426783827 0.9311883016946239
8 1359 610 9.325324015818397 0.9688021742000192
8 1360 610 8.479249259220976 0.9594977691201934
8 1361 610 7.6703108150843295 0.9056216373848855
8 1362 610 6.911560460561694 0.8196515886569942
8 1363 610 6.2213879480386 0.7177882204639149
8 1364 610 5.6250927103471 0.6138794958254769
8 1365 610 5.155353334156664 0.5168516836677879
8 1366 610 4.849089399052195 0.4310500676059343
8 1367 610 4.738108061241378 0.35768641653034716
8 1368 610 4.835873033899947 0.2962270517275161
8 1369 610 5.130464696301966 0.24535115547411854
8 1370 610 5.590855748452197 0.20350546755926954
8 1371 610 6.180102588145372 0.16918400865644356
8 1372 610 6.86510509752045 0.14104718301330985
8 1373 610 7.620083201645598 0.11795633498210643
8 1374 610 8.426248750185433 0.09896807915578387
8 1375 610 9.270257170111394 0.08331217127874348
8 1376 610 10.142665724551996 0.07036480478885326
8 1336 611 31.558036504193286 0.029934802775070133
8 1337 611 30.575246000645624 0.03476828209472974
8 1338 611 29.593608566715826 0.04047984493023549
8 1339 611 28.613242878080012 0.04724565752127486
8 1340 611 27.634284286009592 0.055279475172394274
8 1341 611 26.656887815347027 0.06484044334454181
8 1342 611 25.68123182403829 0.07624200318152777
8 1343 611 24.70752249821898 0.08986157410244201
8 1344 611 23.735999410178565 0.10615016831291686
8 1345 611 22.766942438544472 0.12564014834988718
8 1346 611 21.800680448096053 0.14894768839430553
8 1347 611 20.837602261296706 0.17676373395347522
8 1348 611 19.87817064017707 0.2098228628414328
8 1349 611 18.922940257792867 0.24883303483510358
8 1350 611 17.97258100552055 0.29434119229899
8 1351 611 17.02790850339519 0.34650302910468345
8 1352 611 16.089924424931226 0.4047290287713706
8 1353 611 15.159870316067963 0.4672127250032716
8 1354 611 14.239300123250395 0.5304403434594998
8 1355 611 13.330178843511398 0.5889467679369381
8 1356 611 12.435017812612855 0.6357450431956888
8 1357 611 11.557061391201449 0.6637758240285346
8 1358 611 10.700545219753959 0.668140411669027
8 1359 611 9.871052020934723 0.6480291120305701
8 1360 611 9.075994050240425 0.6070671432312579
8 1361 611 8.325242819281595 0.551825081469426
8 1362 611 7.63188495720421 0.48953416652793363
8 1363 611 7.01296428053074 0.42629020703395437
8 1364 611 6.489812632118141 0.36628785180395257
8 1365 611 6.087172414183809 0.3118813756991785
8 1366 611 5.830065865837237 0.26402883795724735
8 1367 611 5.738089229003035 0.2227887514052179
8 1368 611 5.819077933831166 0.18771923229760687
8 1369 611 6.06610814278817 0.1581492676368695
8 1370 611 6.46016005993668 0.13334293911451398
8 1371 611 6.976364956049908 0.11258888973830672
8 1335 612 32.733005789264084 0.030599226015261487
8 1336 612 31.7550888520249 0.03542635648915766
8 1337 612 30.778591065869087 0.04109478747907274
8 1338 612 29.80365192388336 0.04776120128937402
8 1339 612 28.830429549349358 0.05561117634249779
8 1340 612 27.85910386211295 0.06486325198785624
8 1341 612 26.88988040137027 0.07577254048960974
8 1342 612 25.922994965859885 0.08863297660166351
8 1343 612 24.958719278039833 0.10377664751620565
8 1344 612 23.997367939005255 0.12156765815257839
8 1345 612 23.039307020828502 0.1423865602552244
8 1346 612 22.084964749802015 0.16659948296643576
8 1347 612 21.134844877594862 0.19450396800837824
8 1348 612 20.189543531244034 0.22624195669866357
8 1349 612 19.24977059603563 0.2616714199007992
8 1350 612 18.3163770435094 0.3001956719179734
8 1351 612 17.39039010488259 0.34056918987242935
8 1352 612 16.47305885377693 0.38073528635045245
8 1353 612 15.565913657732999 0.41779841035859744
8 1354 612 14.670844147491952 0.44826169138400873
8 1355 612 13.790201883946406 0.4686109273878558
8 1356 612 12.926935754462429 0.4761580519370089
8 1357 612 12.084770084697485 0.4698342507236045
8 1358 612 11.268436803745203 0.45053776692271935
8 1359 612 10.483971957230693 0.42084040318845944
8 1360 612 9.739079422614836 0.38421893120354444
8 1361 612 9.043542889819225 0.34420062258166695
8 1362 612 8.409617589403219 0.30374923107411594
8 1363 612 7.852239680498816 0.26499819735496727
8 1364 612 7.38875280409355 0.22925998683295
8 1365 612 7.037731736859572 0.19718126395440785
8 1366 612 6.816573039291856 0.168937147670152
8 1367 612 6.738075986511339 0.1444051754975743
8 1368 612 6.807177682417354 0.12329759971775338
8 1369 612 7.019520496444259 0.10525179744060144
8 1334 613 33.9262386361942 0.030842599508324058
8 1335 613 32.95338629033435 0.03556047555599093
8 1336 613 31.982208616666803 0.04105696495476524
8 1337 613 31.01286294426873 0.04746304582534096
8 1338 613 30.045526588828437 0.05492883746258834
8 1339 613 29.080400066023795 0.06362415299079655
8 1340 613 28.1177109310128 0.07373749372643171
8 1341 613 27.15771838722828 0.08547238946192508
8 1342 613 26.20071884510036 0.09903948374962408
8 1343 613 25.247052659666977 0.11464214100760238
8 1344 613 24.297112338712136 0.13245270128815909
8 1345 613 23.351352594657072 0.15257607574091817
8 1346 613 22.410302719954448 0.17499768922800235
8 1347 613 21.474581905126765 0.1995147740693856
8 1348 613 20.54491830112736 0.22565504490819835
8 1349 613 19.62217286642838 0.25259612902086737
8 1350 613 18.7073693500716 0.27911261062189463
8 1351 613 17.801732162910398 0.3035909605796338
8 1352 613 16.90673439786639 0.3241553956856481
8 1353 613 16.02415888588224 0.33892519063093324
8 1354 613 15.156175902911622 0.34636941034249397
8 1355 613 14.305441901598115 0.34565748215224806
8 1356 613 13.475224228190017 0.33687057361222006
8 1357 613 12.669556740470417 0.3209803062497772
8 1358 613 11.893429614707422 0.2996045739284334
8 1359 613 11.153011611219622 0.2746467462500967
8 1360 613 10.455891544961617 0.2479522135438178
8 1361 613 9.811303073496404 0.22107314226602612
8 1362 613 9.23025828457688 0.1951642048332587
8 1363 613 8.725460904731639 0.1709825577019634
8 1364 613 8.310816325728805 0.14894810166590694
8 1365 613 8.000354242157066 0.12922568197364465
8 1366 613 7.806514459091248 0.11180487454514439
8 1367 613 7.738066166685373 0.09656592597026072
8 1332 614 36.105313570165755 0.026742614672870167
8 1333 614 35.13587437363692 0.0306504736488759
8 1334 614 34.16819673321956 0.03516211263924032
8 1335 614 33.20243466976475 0.04036895371315859
8 1336 614 32.2387603359682 0.04637295772169601
8 1337 614 31.27736670501525 0.0532858384406044
8 1338 614 30.31847073979815 0.061226945812654206
8 1339 614 29.362317142895872 0.07031912930269266
8 1340 614 28.40918281119675 0.08068166732745931
8 1341 614 27.459382148912184 0.09241912622271398
8 1342 614 26.513273430491324 0.10560487302569845
8 1343 614 25.5712664527981 0.12025806686659445
8 1344 614 24.633831776644037 0.1363135546146167
8 1345 614 23.70151193489558 0.15358556344125293
8 1346 614 22.774935082234546 0.17172880161832643
8 1347 614 21.85483168546484 0.19020469172899118
8 1348 614 20.942055009000384 0.20826535902179338
8 1349 614 20.037606344072096 0.22497168531778566
8 1350 614 19.142666167490837 0.23926062077753799
8 1351 614 18.25863269798696 0.25006707746367474
8 1352 614 17.387169637407887 0.2564862074395114
8 1353 614 16.530265212633427 0.2579388400038857
8 1354 614 15.690304904621804 0.2542895283619802
8 1355 614 14.870160321933291 0.24587545948303316
8 1356 614 14.07329627343926 0.23343539065584046
8 1357 614 13.303896722389252 0.2179648326350739
8 1358 614 12.567007121824975 0.2005461534373709
8 1359 614 11.8686843415772 0.18220052927945757
8 1360 614 11.216134271664187 0.16378929620713356
8 1361 614 10.617799583717902 0.14596945382093887
8 1362 614 10.083336154269588 0.12919246577489193
8 1363 614 9.623391709787168 0.11372981526963132
8 1364 614 9.249090117411578 0.09971025583376804
8 1365 614 8.971157561875764 0.08715826446334705
8 1331 615 37.32470586622212 0.026341768773290617
8 1332 615 36.36027596154897 0.030034271450395843
8 1333 615 35.39782010237348 0.034256432665777097
8 1334 615 34.43750380036271 0.03907690327026296
8 1335 615 33.479511167279554 0.044568487226089595
8 1336 615 32.52404753409385 0.050805913856746196
8 1337 615 31.571342511841284 0.05786220326359047
8 1338 615 30.62165358043221 0.06580313874390464
8 1339 615 29.675270310479007 0.07467930940235327
8 1340 615 28.73251934655221 0.08451521991379614
8 1341 615 27.793770309189743 0.09529516399151165
8 1342 615 26.85944280881488 0.10694603571199135
8 1343 615 25.930014809097152 0.119318132848612
8 1344 615 25.00603263214694 0.13216636860253647
8 1345 615 24.088122965478192 0.14513607447389734
8 1346 615 23.177007313283525 0.15775934827796328
8 1347 615 22.2735194345213 0.1694688201424768
8 1348 615 21.37862642921659 0.17963453135781446
8 1349 615 20.493454272035216 0.18762522977348356
8 1350 615 19.619318744543566 0.19288779867960792
8 1351 615 18.757762873008037 0.19502989618747865
8 1352 615 17.91060211159856 0.1938853356801134
8 1353 615 17.0799785714151 0.1895433834901339
8 1354 615 16.268425492345568 0.18233290557362228
8 1355 615 15.478942728752482 0.17276631564495795
8 1356 615 14.715083010299312 0.1614599432637449
8 1357 615 13.98104674192886 0.14905168254340123
8 1358 615 13.281779549442904 0.13613308402696983
8 1359 615 12.623060960004903 0.12320486169089172
8 1360 615 12.011563928148576 0.1106565405198249
8 1361 615 11.454853469163199 0.09876551773907552
8 1362 615 10.961280399661362 0.0877087407421156
8 1363 615 10.539718592068787 0.0775806244573124
8 1329 616 39.51882675383969 0.02259254674195594
8 1330 616 38.55740743359174 0.025609684277484064
8 1331 616 37.598000851109035 0.02902981678244463
8 1332 616 36.64076511209879 0.03289884501934017
8 1333 616 35.68587490870857 0.037263827951280006
8 1334 616 34.73352369109699 0.04217103947527587
8 1335 616 33.78392617799175 0.04766309474293554
8 1336 616 32.837321267119165 0.05377490354129818
8 1337 616 31.8939754185645 0.06052821982872954
8 1338 616 30.954186598907697 0.06792462822313683
8 1339 616 30.01828889194048 0.07593697796695166
8 1340 616 29.08665790358179 0.08449958601403845
8 1341 616 28.159717115056345 0.09349801824894421
8 1342 616 27.237945370383528 0.10275991952389561
8 1343 616 26.321885722721266 0.11204911677776584
8 1344 616 25.4121559101151 0.12106585394631603
8 1345 616 24.509460785582327 0.12945617322578976
8 1346 616 23.614607089680703 0.13683269093890685
8 1347 616 22.728521025354866 0.14280699990296147
8 1348 616 21.852269172788404 0.14703076699876347
8 1349 616 20.987083360962725 0.14923908515771497
8 1350 616 20.134390181974688 0.14928721235136758
8 1351 616 19.295845874177136 0.14717194604983425
8 1352 616 18.4733772765025 0.1430321062554377
8 1353 616 17.669229411607038 0.13712799882124516
8 1354 616 16.886019898128726 0.1298051814603266
8 1355 616 16.12679968251604 0.12145120627918289
8 1356 616 15.395118317180923 0.11245426336679572
8 1357 616 14.695089928271951 0.10317030769810392
8 1358 616 14.031452811451844 0.0939017565752535
8 1359 616 13.409611030898697 0.08488764396969553
8 1360 616 12.83564053719175 0.07630304469401848
8 1361 616 12.316235950971397 0.06826476495469005
8 1327 617 41.71740245988472 0.01935115854929909
8 1328 617 40.75877412288053 0.021814905996437137
8 1329 617 39.8021816989973 0.02458530457008643
8 1330 617 38.847775586254556 0.027692858566684905
8 1331 617 37.895720972162486 0.031167741631049867
8 1332 617 36.946199642182364 0.03503824236384489
8 1333 617 35.99941205075433 0.03932861445784929
8 1334 617 35.05557969853011 0.04405621909098977
8 1335 617 34.11494786746707 0.04922787471885912
8 1336 617 33.177788775022314 0.05483539419509134
8 1337 617 32.24440522013078 0.06085040752721524
8 1338 617 31.315134807309978 0.0672187552608273
8 1339 617 30.39035485149848 0.07385499790168662
8 1340 617 29.470488085540715 0.08063790455399407
8 1341 617 28.556009315028554 0.08740810517843794
8 1342 617 27.647453191930673 0.09396931148921858
8 1343 617 26.74542330941871 0.10009448026688897
8 1344 617 25.850602855639515 0.10553784649507468
8 1345 617 24.96376710354425 0.11005279424871504
8 1346 617 24.085798056115937 0.11341413238050113
8 1347 617 23.217701608901738 0.11544181804547668
8 1348 617 22.36062762983183 0.11602205698616062
8 1349 617 21.51589338140526 0.11512156199990999
8 1350 617 20.685010708239886 0.11279185445999207
8 1351 617 19.869717360848366 0.10916263132612233
8 1352 617 19.072012688754146 0.10442569794285621
8 1353 617 18.294197659367278 0.09881292544966933
8 1354 617 17.538918666782152 0.09257252262702703
8 1355 617 16.809213782922733 0.08594751623387333
8 1356 617 16.108558843049856 0.07915907994639552
8 1357 617 15.44090891107126 0.07239581501072039
8 1327 618 42.009733015100146 0.020820415608044613
8 1328 618 41.057930634653225 0.02332000661503553
8 1329 618 40.10847376802059 0.02609254409402601
8 1330 618 39.16153301391553 0.029155034159609117
8 1331 618 38.217295404044435 0.0325207581808248
8 1332 618 37.27596635903617 0.03619729546896237
8 1333 618 36.33777191848719 0.04018410683691538
8 1334 618 35.40296128857015 0.04446970689155655
8 1335 618 34.4718097581197 0.049028528811840194
8 1336 618 33.54462204288486 0.05381769306182902
8 1337 618 32.62173612792546 0.0587740284793756
8 1338 618 31.703527690148256 0.06381184643079497
8 1339 618 30.790415196940707 0.06882210536712738
8 1340 618 29.88286579295897 0.07367367397668076
8 1341 618 28.98140210548823 0.07821734159856658
8 1342 618 28.086610119414512 0.08229297267979692
8 1343 618 27.19914829548892 0.08573972895239666
8 1344 618 26.319758129587704 0.08840862931270757
8 1345 618 25.44927637478123 0.09017601680002912
8 1346 618 24.588649169891344 0.09095596727654418
8 1347 618 23.738948333908947 0.09070953105640056
8 1348 618 22.901390088813358 0.08944908332217515
8 1349 618 22.07735645406847 0.08723693117638837
8 1350 618 21.268419499342187 0.08417845286778189
8 1327 619 42.32367739221151 0.021872269820263437
8 1328 619 41.37909699353039 0.024304117650568113
8 1329 619 40.43718175145241 0.02695637331477456
8 1330 619 39.498122335118616 0.029831318490064915
8 1331 619 38.56212737907487 0.03292511719119441
8 1332 619 37.629425560324414 0.03622602342484334
8 1333 619 36.70026795542502 0.03971247313460561
8 1334 619 35.774930719709246 0.04335120623168144
8 1335 619 34.85371813738093 0.047095636179804924
8 1336 619 33.93696609893107 0.05088475762886177
8 1337 619 33.025046071126035 0.05464294018601214
8 1338 619 32.118369634836654 0.05828097443193876
8 1339 619 31.217393677243418 0.06169868658989372
8 1340 619 30.322626337439797 0.06478929667690193
8 1341 619 29.43463381800422 0.06744545365066618
8 1342 619 28.55404818935483 0.06956656178268174
8 1343 619 27.681576327947763 0.07106667422197313
8 1344 619 26.81801014243969 0.0718819624265444
8 1345 619 25.964238251872484 0.07197667035392741
8 1346 619 25.121259283722193 0.0713465955228948
8 1328 620 41.721764919523665 0.0246626633959913
8 1329 620 40.787763704326764 0.02707905912250486
8 1330 620 39.856965112762865 0.02964055746476934
8 1331 620 38.929598867699575 0.032329585374726674
8 1332 620 38.005916223661764 0.03512060352263359
8 1333 620 37.086192417124686 0.03797920788716497
8 1334 620 36.17072943693556 0.04086160352921901
8 1335 620 35.25985916024051 0.04371464388784401
8 1336 620 34.35394690570499 0.04647662955412162
8 1337 620 33.45339546294213 0.04907902549902402
8 1338 620 32.55864966487396 0.051449175525905874
8 1339 620 31.670201578139622 0.05351396568406564
8 1328 621 42.08540920556667 0.02435575407353442
8 1329 621 41.15966068859164 0.02644629120345346
8 1330 621 40.23746597389051 0.028605956432930856
8 1331 621 39.31907511628416 0.030809249626294905
8 1332 621 38.40476100693762 0.03302445514457825
8 1333 621 37.49482188249461 0.03521376201327289
8 1334 621 36.589584146311324 0.03733385245947623
8 1335 621 35.68940554282177 0.039337040869620504
8 1330 622 40.63901657274689 0.02684907595328829
8 1331 622 39.72990898554887 0.028545416769886787
8 1332 622 38.82527099712244 0.03018892167228415
562 1828 1202 9.210781345792634 0.1273716148758705
562 1829 1202 9.044473063700368 0.1330216333556462
562 1830 1202 8.987018026019612 0.13474047515041288
562 1831 1202 9.040491856088439 0.1322909663630984
562 1832 1202 9.202961099559278 0.12600932485540442
562 1825 1203 9.43252315131013 0.12444125349657793
562 1826 1203 8.940721055932878 0.14281694355032196
562 1827 1203 8.538178552829724 0.16006222919816326
562 1828 1203 8.237990835149152 0.17429675523620464
562 1829 1203 8.051614310186581 0.18359508740206618
562 1830 1203 7.987020282934136 0.186509601545609
562 1831 1203 8.047141914990764 0.1825549009105383
562 1832 1203 8.229246198771865 0.17238593575440417
562 1833 1203 8.525520101436692 0.1575594625788227
562 1823 1204 9.903054730738468 0.11224165813746165
562 1824 1204 9.221414913124855 0.13607473159113598
562 1825 1204 8.602237674000959 0.1628218510950048
562 1826 1204 8.059931327250956 0.19120682009370885
562 1827 1204 7.610945604851035 0.2189043238848292
562 1828 1204 7.272585028722678 0.24258570582491518
562 1829 1204 7.060771416778848 0.258509183690606
562 1830 1204 6.9870231858783125 0.2636680377134535
562 1831 1204 7.055670981558102 0.25700068673547544
562 1832 1204 7.262678087317447 0.2398709575972023
562 1833 1204 7.596742262312244 0.21545592708145542
562 1834 1204 8.042045324418465 0.18749929591046166
562 1823 1205 9.22477604064193 0.1393946461349443
562 1824 1205 8.488845210038955 0.17332711267455794
562 1825 1205 7.811817522190419 0.2131932893041937
562 1826 1205 7.210304639888747 0.2576507800524705
562 1827 1205 6.704662034733826 0.3032896193470437
562 1828 1205 6.317950063113911 0.34421479317509385
562 1829 1205 6.07293117036584 0.3728460965782283
562 1830 1205 5.987027058565959 0.38248795399772456
562 1831 1205 6.0670003296522825 0.3706155534344676
562 1832 1205 6.306543665114897 0.34031814650345527
562 1833 1205 6.688534443359082 0.29854750989141104
562 1834 1205 7.190305487251618 0.2527971413367286
562 1835 1205 7.788741425930166 0.208707225130714
562 1822 1206 9.442377507810269 0.13344014956229594
562 1823 1206 8.609442084130725 0.1710298402485077
562 1824 1206 7.815784861419942 0.2187981372208418
562 1825 1206 7.074637305191065 0.2780187409095625
562 1826 1206 6.404255850604428 0.3482462454690909
562 1827 1206 5.829107393074945 0.4253182700212423
562 1828 1206 5.3798227665975125 0.4991741399436442
562 1829 1206 5.089842139005969 0.5538885080259861
562 1830 1206 4.987032484353877 0.5732401246537312
562 1831 1206 5.08276430694959 0.5505318380823234
562 1832 1206 5.366422737727683 0.49357042090513276
562 1833 1206 5.810550146070562 0.418909591192651
562 1834 1206 6.381731191455855 0.34211216878078904
562 1835 1206 7.049148388280709 0.2727003951184525
562 1836 1206 7.788099447233609 0.21444075435384996
562 1821 1207 9.860045283871731 0.11990408731214329
562 1822 1207 8.954579442944326 0.15668602959654135
562 1823 1207 8.071461639628911 0.20592697410085953
562 1824 1207 7.218898323151601 0.2716431605598995
562 1825 1207 6.409094553835271 0.35823166280343294
562 1826 1207 5.660432227312758 0.46886531559441147
562 1827 1207 5.0004492798148465 0.6014196860813739
562 1828 1207 4.4686119768895525 0.7411034660614455
562 1829 1207 4.114911056146985 0.8540894130810613
562 1830 1207 3.987040631847215 0.8969185066197065
562 1831 1207 4.106153065827013 0.8490090532679223
562 1832 1207 4.452470437858125 0.7332304492295052
562 1833 1207 4.9788043745462085 0.5932215684207354
562 1834 1207 5.634935048427835 0.46170933192912716
562 1835 1207 6.3809476568923795 0.35250746092809443
562 1836 1207 7.1889145912300485 0.26725538475187943
562 1821 1208 9.499815419259525 0.1345905769723732
562 1822 1208 8.556313049439048 0.17923537801568484
562 1823 1208 7.627220529131231 0.24127750513166132
562 1824 1208 6.71851866113363 0.32821907930439226
562 1825 1208 5.839733983667473 0.4504149437562822
562 1826 1208 5.006644884551002 0.6205269055115116
562 1827 1208 4.246232800966129 0.8485163798244446
562 1828 1208 3.6047875110747647 1.1241979346951112
562 1829 1208 3.155708002968674 1.3817771767349092
562 1830 1208 2.9870542345261293 1.4911417669586098
562 1831 1208 3.1442794087040706 1.3744571045044978
562 1832 1208 3.5847584297969597 1.1142736980408665
562 1833 1208 4.220721857692154 0.8395867852164718
562 1834 1208 4.977800016071382 0.6136462182866195
562 1835 1208 5.808828883690772 0.44541912619195145
562 1836 1208 6.686291423502279 0.3246594967853086
562 1837 1208 7.59410909850524 0.23874400914222485
562 1821 1209 9.234310640215698 0.1466673543103865
562 1822 1209 8.260538299650985 0.1983572911338941
562 1823 1209 7.293866807119577 0.27248237208394643
562 1824 1209 6.337546291744201 0.3809105436969586
562 1825 1209 5.397081896729066 0.5427985571644686
562 1826 1209 4.482465058424945 0.7888403848295676
562 1827 1209 3.613376952381317 1.1645255562744823
562 1828 1209 2.8320474925397057 1.7147541495674803
562 1829 1209 2.232597814206665 2.375226805312668
562 1830 1209 1.987081528272134 2.7264078184771474
562 1831 1209 2.2164144468037246 2.3683781516456586
562 1832 1209 2.8065090414962506 1.7076488518136845
562 1833 1209 3.5833633642152654 1.1594219276253401
562 1834 1209 4.450223926950203 0.7854749821341176
562 1835 1209 5.363626851301275 0.540596899526373
562 1836 1209 6.303371558142513 0.37944928402858674
562 1837 1209 7.259235014793219 0.2714928564957365
562 1821 1210 9.071851685295604 0.1544776390336254
562 1822 1210 8.078520470977383 0.21103929840377414
562 1823 1210 7.08706518948433 0.2938744130926599
562 1824 1210 6.098400855962201 0.41870592489241637
562 1825 1210 5.11414636083095 0.6135115068725859
562 1826 1210 4.137450060121619 0.9309625328083576
562 1827 1210 3.1752941596016475 1.4766557537107372
562 1828 1210 2.246440072648339 2.4715306461455353
562 1829 1210 1.4179185449101852 4.288159115250843
562 1830 1210 0.9871641200935937 5.994902353808532
562 1831 1210 1.392297741145945 4.316752139798358
562 1832 1210 2.2141574018122654 2.4884495477370225
562 1833 1210 3.1410974196926755 1.4857306282625193
562 1834 1210 4.102498385130691 0.9360993968655349
562 1835 1210 5.078827915966426 0.6165919404088446
562 1836 1210 6.062878276858262 0.42064332045311786
562 1837 1210 7.051417800697939 0.2951405625976257
562 1821 1211 9.018009370143753 0.15679131975583385
562 1822 1211 8.018010538780832 0.21491314107912937
562 1823 1211 7.01801204045707 0.3006386591358209
562 1824 1211 6.018014041193353 0.4311606887264543
562 1825 1211 5.018016839350013 0.638089470946012
562 1826 1211 4.018021030308358 0.9842788168969945
562 1827 1211 3.018027998544774 1.609346874914515
562 1828 1211 2.018041872707332 2.881784559244168
562 1829 1211 1.0180830025101377 6.144597916399504
562 1830 1211 0.022203603311151253 29.795190700999825
562 1831 1211 0.9820860451100711 6.353270966495801
562 1832 1211 1.9820426332447751 2.950652734784003
562 1833 1211 2.982028336552123 1.640681379177689
562 1834 1211 3.9820212204356427 1.0008541175560521
562 1835 1211 4.982016961030915 0.6476920301283247
562 1836 1211 5.982014125693757 0.43708000047065015
562 1837 1211 6.982012102538894 0.3044579584354606
562 1821 1212 9.074717240773971 0.1532195429348684
562 1822 1212 8.081738241244906 0.20919480072039492
562 1823 1212 7.090732895829616 0.29108901839125195
562 1824 1212 6.102662779475873 0.4143424847447646
562 1825 1212 5.119227773795588 0.6063484351338764
562 1826 1212 4.1437293589229585 0.9184554801064441
562 1827 1212 3.183471846899233 1.4529108552598473
562 1828 1212 2.257984278067488 2.4211258481201794
562 1829 1212 1.43613822454522 4.171622723051427
562 1830 1212 1.0131599084053016 5.847053296304134
562 1831 1212 1.4108483263624694 4.303356335917592
562 1832 1212 2.225869043766888 2.5006232766285303
562 1833 1212 3.149363904028822 1.495867256706796
562 1834 1212 4.108831098986621 0.9428514361004703
562 1835 1212 5.083944629910867 0.6210034420092156
562 1836 1212 6.067165153512758 0.4235690221241739
562 1837 1212 7.055104038921002 0.29712283643690135
562 1821 1213 9.239940097208434 0.1443578868004278
562 1822 1213 8.266830892185963 0.1950315485888982
562 1823 1213 7.30099260374917 0.2675827819554923
562 1824 1213 6.345746055429577 0.3735029444720597
562 1825 1213 5.406708148217358 0.531274049888161
562 1826 1213 4.494050845284231 0.7703884024625048
562 1827 1213 3.627739378731589 1.1344181110121236
562 1828 1213 2.8503496276772426 1.6668509011488313
562 1829 1213 2.2557688268082208 2.3114170686438738
562 1830 1213 2.013080475291457 2.6786815214065296
562 1831 1213 2.2397528881552136 2.3612267673825196
562 1832 1213 2.8249766370714577 1.7190496602936738
562 1833 1213 3.5978456053587826 1.1721784019650061
562 1834 1213 4.4618934321652555 0.7953952772028852
562 1835 1213 5.373313037596022 0.5476768755279283
562 1836 1213 6.311615720241476 0.38440818012140954
562 1822 1214 8.565424274371935 0.17499991525688935
562 1823 1214 7.63744021253194 0.2352581544809228
562 1824 1214 6.730118349628026 0.31955901940621334
562 1825 1214 5.853075516341798 0.4378601922294551
562 1826 1214 5.022200015929249 0.6024019033745356
562 1827 1214 4.264562462902812 0.8231726393937484
562 1828 1214 3.626360848012734 1.0919308396431409
562 1829 1214 3.180329071023874 1.3488097214101546
562 1830 1214 3.013053766529817 1.469793937629156
562 1831 1214 3.16898927104518 1.370794554695046
562 1832 1214 3.606451580154571 1.1218817539727657
562 1833 1214 4.239161827531398 0.8502515372534925
562 1834 1214 4.993445003201626 0.6233457476394442
562 1835 1214 5.822241235125802 0.45310794838087126
562 1836 1214 6.69794692424471 0.3304442747289118
562 1823 1215 8.084336274549678 0.19970348706039937
562 1824 1215 7.233290606632621 0.26316695023118125
562 1825 1215 6.425301004622247 0.3468046703232057
562 1826 1215 5.678775660298582 0.45388181373054265
562 1827 1215 5.02120433760662 0.5829075964934751
562 1828 1215 4.491825130166966 0.7207164146389677
562 1829 1215 4.1401078488367204 0.8358598538307008
562 1830 1215 4.013040368598273 0.8857873304403735
562 1831 1215 4.131403272497046 0.8469915201157359
562 1832 1215 4.475767308518087 0.7380118493647237
562 1833 1215 4.999649287700007 0.60097279089797
562 1834 1215 5.653361212588412 0.4696955520826031
562 1835 1215 6.397225414193178 0.3594841793351941
562 1824 1216 7.832400206833123 0.21130271077707616
562 1825 1216 7.092989003234074 0.26856157187355784
562 1826 1216 6.424522783833788 0.3368000241844972
562 1827 1216 5.8513667634151405 0.41241484373169585
562 1828 1216 5.403933104693221 0.486230484752653
562 1829 1216 5.115319442615413 0.5431453440282474
562 1830 1216 5.013032315874216 0.566872796052853
562 1831 1216 5.108276911053192 0.5493452068908691
562 1832 1216 5.390593010049923 0.49659652502306323
562 1833 1216 5.832880334791639 0.4242938738325032
562 1834 1216 6.402069431051101 0.34819379702431535
562 1835 1216 7.06756627135529 0.278459026019972
562 1826 1217 7.2319079778436945 0.24920222895511446
562 1827 1217 6.727889193498895 0.2943806475673481
562 1828 1217 6.342593554690318 0.3358153826171744
562 1829 1217 6.098564831171273 0.3661849219212578
562 1830 1217 6.013026941566039 0.37860770314534514
562 1831 1217 6.092658943351333 0.36988065404877235
562 1832 1217 6.331231554760805 0.3422779280914343
562 1833 1217 6.711817414083823 0.30225616983860987
562 1829 1218 7.086500758484327 0.25420923273848123
562 1830 1218 7.013023099919098 0.26119066853086437
