# %ECSV 0.9
# ---
# datatype:
# - name: sexcat_id
#   datatype: int32
# - name: x
#   datatype: int32
# - name: y
#   datatype: int32
# - name: sep
#   datatype: float64
# - name: weight
#   datatype: float64
# schema: astropy-2.0
sexcat_id x y sep weight
378 1827 1204 8.04214480098431 0.3206179124005963
378 1828 1204 7.6713814270963585 0.3557806650508987
378 1829 1204 7.417822658974731 0.3834051496071836
378 1830 1204 7.29370228347709 0.3994085492338039
378 1831 1204 7.3056206444079 0.40109593692836043
378 1826 1205 7.677114887768657 0.36501273164552756
378 1827 1205 7.149272200720794 0.4243470865915585
378 1828 1205 6.729494260343723 0.48065731007789597
378 1829 1205 6.438951234479036 0.526249511988224
378 1830 1205 6.295561372903855 0.5529673992746207
378 1831 1205 6.3093654990021815 0.5551720560107761
378 1832 1205 6.479358996073533 0.5323687603323757
378 1833 1205 6.7938275662544605 0.48945718362299134
378 1825 1206 7.563074308771489 0.38860049922322754
378 1826 1206 6.882884061205688 0.47334634304869166
378 1827 1206 6.288727454739893 0.5666271390455828
378 1828 1206 5.8070726704596405 0.6599403415741931
378 1829 1206 5.4677319795322115 0.7389556048685653
378 1830 1206 5.298121648282457 0.7863079815091153
378 1831 1206 5.314517193499255 0.7890637793439158
378 1832 1206 5.515260012002986 0.7464090525331268
378 1833 1206 5.88150431437393 0.6701854833293841
378 1834 1206 6.384833044019173 0.5776961375963956
378 1835 1206 6.995719619881797 0.4838621421615401
378 1824 1207 7.711166772933879 0.3836261694147817
378 1825 1207 6.90189053810617 0.4858277974698182
378 1826 1207 6.148991218077926 0.612125090890994
378 1827 1207 5.475773278725064 0.7609415669920563
378 1828 1207 4.915088300325785 0.9211957010204649
378 1829 1207 4.509112218607937 1.066566122971822
378 1830 1207 4.301870872074075 1.157434746106632
378 1831 1207 4.322047315798306 1.1603551172877535
378 1832 1207 4.56662818718574 1.0741341558654283
378 1833 1207 5.002808511226399 0.9308919582813117
378 1834 1207 5.585883367919463 0.7706194196949236
378 1835 1207 6.275037290725789 0.620652084874549
378 1824 1208 7.204033106531344 0.4568053920286529
378 1825 1208 6.330252206665989 0.5968863962436559
378 1826 1208 5.499644806712484 0.782089552240962
378 1827 1208 4.73498606122548 1.0198297005001853
378 1828 1208 4.073584784928327 1.303697887658792
378 1829 1208 3.5732468428586825 1.591020448249613
378 1830 1208 3.30788346227607 1.785843008133078
378 1831 1208 3.334080532920508 1.7865333571652593
378 1832 1208 3.6455579819829333 1.5926743461884898
378 1833 1208 4.179006221579415 1.3055838205880836
378 1834 1208 4.861902199756741 1.0215061159544911
378 1835 1208 5.640221006308122 0.7834288063183131
378 1836 1208 6.479667661230735 0.5979090412205202
378 1823 1209 7.756293766999792 0.3974500432109555
378 1824 1209 6.806915086880385 0.5280824706003822
378 1825 1209 5.874358943748652 0.7114978286069367
378 1826 1209 4.9681075874018426 0.9718090663778587
378 1827 1209 4.105617249574019 1.341083687952045
378 1828 1209 3.321158382251547 1.847930709364504
378 1829 1209 2.6840441501584302 2.4611044904400305
378 1830 1209 2.31907158147386 2.9529677606868368
378 1831 1209 2.3562879705162625 2.938165511795207
378 1832 1209 2.779585040972775 2.4311445477800087
378 1833 1209 3.4496511417822533 1.8200845383607471
378 1834 1209 4.251363663578967 1.3201021576159748
378 1835 1209 5.123289275455716 0.9569199933213691
378 1836 1209 6.035071913407457 0.701034554258629
378 1823 1210 7.523037484952469 0.4333262669411991
378 1824 1210 6.539884784917846 0.5860983364134283
378 1825 1210 5.562741500375505 0.8096272387084884
378 1826 1210 4.595442633740508 1.1470138426803664
378 1827 1210 3.6458322780950696 1.6744282169861384
378 1828 1210 2.7324152319879684 2.5255250875301654
378 1829 1210 1.9079027753006281 3.880767261652089
378 1830 1210 1.3468826971937156 5.475164107391091
378 1831 1210 1.4099975177282391 5.34599025301921
378 1832 1210 2.0401208297548883 3.7146182168736765
378 1833 1210 2.887229294669849 2.4169021032154605
378 1834 1210 3.8092115982181576 1.6076612993788801
378 1835 1210 4.762782065137949 1.1049266287958934
378 1836 1210 5.732197920518768 0.7821314071339832
378 1823 1211 7.418361881170271 0.4528927345813096
378 1824 1211 6.419197223952548 0.6181577777085896
378 1825 1211 5.4203406719504335 0.8652164738260152
378 1826 1211 4.422001017638966 1.2509004216111723
378 1827 1211 3.4246303450153612 1.8897791834807762
378 1828 1211 2.4294223593274205 3.044942547998573
378 1829 1211 1.4408653649803609 5.4613826761294275
378 1830 1211 0.5000929913525752 12.091037080311434
378 1831 1211 0.6512242317358478 10.460243337206483
378 1832 1211 1.6118601055922699 4.927406735478076
378 1833 1211 2.6023245377930673 2.8074052099580804
378 1834 1211 3.598067953777399 1.7637660376180555
378 1835 1211 4.595660235483021 1.176884296523451
378 1836 1211 5.594112351392295 0.8187249549699707
378 1823 1212 7.447690447380333 0.4520082055326796
378 1824 1212 6.453068494910018 0.6158100226599907
378 1825 1212 5.460411431385022 0.859464568521976
378 1826 1212 4.471028181526057 1.2366894465032958
378 1827 1212 3.4877059795803005 1.8520551471496223
378 1828 1212 2.5175569506964806 2.9284271497907355
378 1829 1212 1.584958359074502 4.976610545311691
378 1830 1212 0.8283073101211387 8.563711328555083
378 1831 1212 0.9274119904336445 7.760568596787207
378 1832 1212 1.741864805316438 4.415331099420094
378 1833 1212 2.684789190979443 2.641066297442733
378 1834 1212 3.658154316045187 1.692333968419054
378 1835 1212 4.642853971427488 1.1408703736860408
378 1836 1212 5.632947097212966 0.7985855383886605
378 1823 1213 7.609473897714639 0.4308688409301308
378 1824 1213 6.639133452492154 0.5797099334556004
378 1825 1213 5.679092621185216 0.7944590185816286
378 1826 1213 4.7356196004324875 1.1113908672608488
378 1827 1213 3.821006804495424 1.5880120185920432
378 1828 1213 2.96210955232927 2.3031644145504258
378 1829 1213 2.2244309384650016 3.2855138228009397
378 1830 1213 1.766944537895931 4.15606873889227
378 1831 1213 1.8155145276202675 3.987522508145264
378 1832 1213 2.3388229945851444 3.003489332620025
378 1833 1213 3.1054940025703157 2.083432936555914
378 1834 1213 3.9771966257654623 1.4401543519652846
378 1835 1213 4.898172414278631 1.0134881332867058
378 1824 1214 6.965205883532843 0.519212500906498
378 1825 1214 6.057069671053861 0.6915217520471123
378 1826 1214 5.182865327210471 0.9284932057106359
378 1827 1214 4.363037130256913 1.2484769692835511
378 1828 1214 3.6345691629133237 1.654212869383587
378 1829 1214 3.063346699281757 2.0868500395746503
378 1830 1214 2.7491986105045982 2.369995294218431
378 1831 1214 2.780664129304435 2.309410969239319
378 1832 1214 3.147394636838598 1.9522735560690239
378 1833 1214 3.7523450001299654 1.5152341732412518
378 1834 1214 4.500454754799822 1.135109129447481
378 1835 1214 5.331800165047477 0.8435955498737202
378 1825 1215 6.566893710119014 0.5763601622756981
378 1826 1215 5.770449982453764 0.7412101419344627
378 1827 1215 5.046988508011548 0.9421472666896925
378 1828 1215 4.432391341025814 1.1648082556613877
378 1829 1215 3.9774480512007426 1.3671041654584755
378 1830 1215 3.7408679474154876 1.4806641005292875
378 1831 1215 3.764052736081223 1.4525981368007437
378 1832 1215 4.04253546675852 1.2970070032381127
378 1833 1215 4.529469394973378 1.0799661832710143
378 1834 1215 5.166245541977315 0.8623240769413655
378 1826 1216 6.460192953774739 0.57790422845502
378 1827 1216 5.823065601553942 0.7017588128624702
378 1828 1216 5.299254004102913 0.8261470975390297
378 1829 1216 4.925047512461249 0.9282579729703292
378 1830 1216 4.736041912821371 0.980566133954736
378 1831 1216 4.754376194623296 0.9655772595512105
378 1832 1216 4.9777598375173415 0.8885496547825945
378 1833 1216 5.380714915324974 0.7734335847029382
