# %ECSV 0.9
# ---
# datatype:
# - name: sexcat_id
#   datatype: int32
# - name: x
#   datatype: int32
# - name: y
#   datatype: int32
# - name: sep
#   datatype: float64
# - name: weight
#   datatype: float64
# schema: astropy-2.0
sexcat_id x y sep weight
377 1828 1205 6.579722790513388 0.30440789891986314
377 1829 1205 6.351437002757806 0.3378460423848515
377 1830 1205 6.2760458889336395 0.35944549433742395
377 1831 1205 6.358989856887697 0.3646840702534877
377 1832 1205 6.594296929923644 0.3523713055791784
377 1826 1206 6.60641748605109 0.3042454404476216
377 1827 1206 6.057454250755954 0.3695365815973262
377 1828 1206 5.633893147726637 0.4362009557188951
377 1829 1206 5.365515073131463 0.49426924250579873
377 1830 1206 5.2760545865258734 0.5311311699333612
377 1831 1206 5.374453646651023 0.5367160062323872
377 1832 1206 5.6509071838068845 0.5093515159496297
377 1833 1206 6.0811801486224715 0.4568607459431793
377 1824 1207 7.348248226618499 0.2503241316286823
377 1825 1207 6.560849944938666 0.3227922810728308
377 1826 1207 5.838899896384718 0.41370269073599075
377 1827 1207 5.2096786849095835 0.5222333554759039
377 1828 1207 4.710493817000614 0.6403368290336846
377 1829 1207 4.385972184134413 0.7482879763633221
377 1830 1207 4.276067352135671 0.8161479299834522
377 1831 1207 4.396902546111336 0.8185673699810581
377 1832 1207 4.730829948328318 0.7545441730457755
377 1833 1207 5.237246604848763 0.6483116235472188
377 1834 1207 5.871690727550257 0.5301258802757534
377 1824 1208 6.815038664600649 0.31359954184168315
377 1825 1208 5.9575793742090895 0.41884664098609214
377 1826 1208 5.151771734073758 0.5603997758090962
377 1827 1208 4.425918209818287 0.7443611527927876
377 1828 1208 3.825800831198729 0.9646487837796295
377 1829 1208 3.418296651842941 1.184137562338354
377 1830 1208 3.2760879109084415 1.3236665029780164
377 1831 1208 3.4323100093086305 1.3073270454622763
377 1832 1208 3.8508118624518626 1.1451009908235332
377 1833 1208 4.458335115264415 0.920460799956688
377 1834 1208 5.188906628568251 0.7055621033945951
377 1835 1208 5.997728903510003 0.5298978652923931
377 1823 1209 7.3378983367175294 0.2802370244619043
377 1824 1209 6.394744091830544 0.38258120723130845
377 1825 1209 5.471814324335342 0.5301189795480807
377 1826 1209 4.581348273161647 0.7448450288835066
377 1827 1209 3.7465653604336038 1.055695592269506
377 1828 1209 3.0140922348197563 1.484882061325674
377 1829 1209 2.4764393794317936 1.986750625100206
377 1830 1209 2.2761265342683172 2.3291739737180315
377 1831 1209 2.4957467820273904 2.2167725155269573
377 1832 1209 3.045776091573353 1.7592316247092692
377 1833 1209 3.784805411114239 1.2754433514314323
377 1834 1209 4.6230673799977655 0.9007388906787602
377 1835 1209 5.51550106517977 0.6373164617123417
377 1823 1210 7.091738291843668 0.3204685166511267
377 1824 1210 6.110707978622569 0.4479674539494296
377 1825 1210 5.136998345337605 0.6414546344793153
377 1826 1210 4.17573370798487 0.9453069753086406
377 1827 1210 3.238016676918271 1.4405320484492745
377 1828 1210 2.352180265200909 2.2694789424125577
377 1829 1210 1.606471910741172 3.5787111496464634
377 1830 1210 1.2762256853707992 4.742209570552212
377 1831 1210 1.6360782377380187 4.003613886876388
377 1832 1210 2.3926453978807043 2.59264283465013
377 1833 1210 3.282187075716357 1.6348416788475626
377 1834 1210 4.22146325342283 1.0621098978550767
377 1835 1210 5.183507692672891 0.7141738142291608
377 1823 1211 6.981457727437846 0.3494932342133072
377 1824 1211 5.982370098882331 0.49546750880740553
377 1825 1211 4.983648462722984 0.7239510227878801
377 1826 1211 3.985567964544192 1.100591491550164
377 1827 1211 2.9887709848699866 1.768315972359213
377 1828 1211 1.9951821971941517 3.0922289523053577
377 1829 1211 1.0142741246824043 6.293903866782132
377 1830 1211 0.27704151313482195 14.736068850144509
377 1831 1211 1.060543257014916 6.421468798694305
377 1832 1211 2.042731504627953 3.138643908203358
377 1833 1211 3.0365691166181867 1.7901641408333735
377 1834 1211 4.033454102874995 1.1123975093342766
377 1835 1211 5.0315754987875225 0.7309038128181713
377 1823 1212 7.013469326945223 0.36043385564306685
377 1824 1212 6.019697002341667 0.5110045101107769
377 1825 1212 5.028394574812226 0.7460742979059162
377 1826 1212 4.041379962339695 1.1311548749183862
377 1827 1212 3.0628013321142094 1.8032931071349285
377 1828 1212 2.104460025754908 3.0772324877130357
377 1829 1212 1.2152168530760765 5.638883119427957
377 1830 1212 0.7243976808355319 7.955302079492716
377 1831 1212 1.2540940953531643 4.87261114281612
377 1832 1212 2.149593449934067 2.6917903303667643
377 1833 1212 3.1094616897461886 1.605903137421138
377 1834 1212 4.088612478579866 1.0208425105773613
377 1824 1213 6.219706745498627 0.48925913167275903
377 1825 1213 5.266189514250402 0.6977990205775328
377 1826 1213 4.3336764992325705 1.0177695287636677
377 1827 1213 3.439295276651954 1.513060612474578
377 1828 1213 2.6223561924346233 2.246202408640799
377 1829 1213 1.9810986850735095 3.0894866216113788
377 1830 1213 1.7241670452713573 3.349411079215649
377 1831 1213 2.005181288562093 2.6840181514303243
377 1832 1213 2.6587124703508858 1.8503575395475886
377 1833 1213 3.4809125240372083 1.2397360779865565
377 1834 1213 4.3777565030502625 0.8410308858130644
377 1824 1214 6.5675529689528185 0.43757606675623906
377 1825 1214 5.672808122967034 0.6001329500694934
377 1826 1214 4.819621561907172 0.8257985151816672
377 1827 1214 4.0344456868323695 1.1240803772577566
377 1828 1214 3.3652268868532595 1.4681414356479132
377 1829 1214 2.8935708043868313 1.7442381705890244
377 1830 1214 2.7241057248204643 1.780049383743559
377 1831 1214 2.9101120253350046 1.5474665355536816
377 1832 1214 3.393634040376065 1.2053039014011093
377 1833 1214 4.069981818141078 0.8911045579352455
377 1825 1215 6.215203295146558 0.48610241537945126
377 1826 1215 5.447637286016792 0.6303555535144016
377 1827 1215 4.767048562790206 0.7956088125005666
377 1828 1215 4.215774187501027 0.9541323275812383
377 1829 1215 3.8497729803197123 1.0558473039380236
377 1830 1215 3.7240773353945666 1.0547198600577727
377 1831 1215 3.86222112261834 0.951323583546785
377 1827 1216 5.583256397479882 0.5579055935948023
377 1828 1216 5.120620274927619 0.6337764592166616
377 1829 1216 4.823769480395968 0.6750949575738331
