# %ECSV 0.9
# ---
# datatype:
# - name: sexcat_id
#   datatype: int32
# - name: x
#   datatype: int32
# - name: y
#   datatype: int32
# - name: sep
#   datatype: float64
# - name: weight
#   datatype: float64
# schema: astropy-2.0
sexcat_id x y sep weight
1247 2024 2180 16.336368660139915 0.4490389883068518
1247 2025 2180 16.058858645619928 0.47787599957647375
1247 2022 2181 16.14772247098646 0.4303936557543938
1247 2023 2181 15.74036025636012 0.4696317746232478
1247 2024 2181 15.387298040916782 0.507902199260195
1247 2025 2181 15.092347100434765 0.5434910906747814
1247 2026 2181 14.858968369304845 0.5744505660114851
1247 2027 2181 14.690096698116118 0.5987889214071846
1247 2028 2181 14.587972477352784 0.6147351065650294
1247 2029 2181 14.554000858870475 0.6210265747851692
1247 2030 2181 14.588657957468286 0.6171423455797181
1247 2031 2181 14.691458096458737 0.6034056049740381
1247 2022 2182 15.252571619238536 0.4811965405818257
1247 2023 2182 14.820625526609902 0.5287408118923317
1247 2024 2182 14.445100934226845 0.5757178433155726
1247 2025 2182 14.130496841937353 0.6199451982475372
1247 2026 2182 13.880956054969761 0.6588434038242648
1247 2027 2182 13.700034343022718 0.6896885387405557
1247 2028 2182 13.59047243476113 0.7099974296612839
1247 2029 2182 13.554000922237034 0.7179712655200992
1247 2030 2182 13.591208224436949 0.71286710106823
1247 2031 2182 13.701494115606618 0.6951629168068311
1247 2032 2182 13.883117121165657 0.666450663074497
1247 2033 2182 14.133327315250405 0.6291001598865511
1247 2022 2183 14.371253981472899 0.5381674166067149
1247 2023 2183 13.911971139993097 0.5959690248624305
1247 2024 2183 13.511215378344062 0.653934879237078
1247 2025 2183 13.174328863361552 0.709297474296122
1247 2026 2183 12.906313997420082 0.7586270411494883
1247 2027 2183 12.711527878268676 0.7981577247490711
1247 2028 2183 12.593368929718606 0.824350891660799
1247 2029 2183 12.55400099569863 0.8345916066821711
1247 2030 2183 12.59416297337788 0.8277967921463704
1247 2031 2183 12.713101155894364 0.8046889438997362
1247 2032 2183 12.908638231819918 0.7676121557752764
1247 2033 2183 13.177364721369862 0.7199740728055871
1247 2034 2183 13.514915501030824 0.665546662343748
1247 2035 2183 13.916283304101116 0.6078629317967676
1247 2021 2184 14.05044273323799 0.535104022290374
1247 2022 2184 13.506477742179879 0.601823675245305
1247 2023 2184 13.016717750646693 0.6722972269202854
1247 2024 2184 12.587491449848175 0.744183767440615
1247 2025 2184 12.225176522242986 0.8140062275060392
1247 2026 2184 11.935867836064595 0.8771961595309156
1247 2027 2184 11.724970831520288 0.928491821956066
1247 2028 2184 11.596764246978628 0.9627607030564509
1247 2029 2184 11.554001081876443 0.9761139933185989
1247 2030 2184 11.597626524423099 0.9669322712162294
1247 2031 2184 11.72667646863349 0.9363354231074619
1247 2032 2184 11.938381004139659 0.8878550661344905
1247 2033 2184 12.228448020906123 0.826479645384321
1247 2034 2184 12.59146302063438 0.7575214148582385
1247 2035 2184 13.0213263917315 0.6857213973426871
1247 2036 2184 13.51165944656701 0.614772880354162
1247 2020 2185 13.867117256300961 0.5199059268855762
1247 2021 2185 13.240352752098417 0.5925434954233777
1247 2022 2185 12.661632635643807 0.6725700946499851
1247 2023 2185 12.137830984158601 0.7586770828990616
1247 2024 2185 11.676341079293666 0.8482420620435288
1247 2025 2185 11.284810188922142 0.9369720996514036
1247 2026 2185 10.970731105992945 1.0187948994681035
1247 2027 2185 10.740900381253027 1.0862872648226203
1247 2028 2185 10.600799073654855 1.1318616524575555
1247 2029 2185 10.554001184385088 1.149583108609215
1247 2030 2185 10.601742356801644 1.1369579856684766
1247 2031 2185 10.742762261169252 1.0957736753413436
1247 2032 2185 10.973465314111241 1.0314915775100437
1247 2033 2185 11.288354220168799 0.9515568589906136
1247 2034 2185 11.680622457728996 0.8635260632715965
1247 2035 2185 12.142773200550325 0.7737504682540995
1247 2036 2185 12.667159942149755 0.6868286664014349
1247 2020 2186 13.122078379586052 0.5692907018317087
1247 2021 2186 12.45788669879446 0.6547156176090885
1247 2022 2186 11.84098564309577 0.7505965596945279
1247 2023 2186 11.279137422693296 0.8559154600967187
1247 2024 2186 10.780952694451479 0.9679431645219322
1247 2025 2186 10.355623641287897 1.0815437035645632
1247 2026 2186 10.012439313174438 1.1887163394589666
1247 2027 2186 9.760068698528778 1.278909729732714
1247 2028 2186 9.6056723346157 1.3406770891150162
1247 2029 2186 9.554001308352522 1.3646880682453133
1247 2030 2186 9.60671332975029 1.3469677334913144
1247 2031 2186 9.762117649362873 1.2904688897702579
1247 2032 2186 10.015435137826131 1.203893503016995
1247 2033 2186 10.359485556725419 1.0985847056644062
1247 2034 2186 10.7855895063739 0.9853762769575665
1247 2035 2186 11.284455724579852 0.8727070967453741
1247 2036 2186 11.846895838151157 0.766133541284443
1247 2037 2186 12.464306679474932 0.668709005263662
1247 2019 2187 13.155642933737573 0.5347883591335227
1247 2020 2187 12.412934423414939 0.6211325371037982
1247 2021 2187 11.708584073234464 0.721171109720801
1247 2022 2187 11.0499294567884 0.8357319505830673
1247 2023 2187 10.445618267962898 0.9644844658183962
1247 2024 2187 9.905601496123312 1.1049847429498818
1247 2025 2187 9.440918440490874 1.251432584914177
1247 2026 2187 9.06316396188444 1.39350015238428
1247 2027 2187 8.783560838293377 1.5161439511710846
1247 2028 2187 8.611674691951693 1.6017289205906908
1247 2029 2187 8.554001461304615 1.6350769906642286
1247 2030 2187 8.61283582799543 1.6095853085973912
1247 2031 2187 8.785837524106734 1.5303369269201086
1247 2032 2187 9.066473459951348 1.4116831106095122
1247 2033 2187 9.445154366128824 1.2712784395656642
1247 2034 2187 9.910647859751784 1.1247092727018768
1247 2035 2187 10.451360724805303 0.9829702426244888
1247 2036 2187 11.056262524017917 0.8524174873887239
1247 2037 2187 11.715414674692623 0.7358737574188303
1247 2019 2188 12.528485183772185 0.5759097773193055
1247 2020 2188 11.746188360485258 0.6746017354927519
1247 2021 2188 10.999224563577178 0.7910331213102763
1247 2022 2188 10.29528731993429 0.9272480137521684
1247 2023 2188 9.643803243534162 1.0842281521184318
1247 2024 2188 9.056099657137183 1.2605693770375201
1247 2025 2188 8.545346160337827 1.4504339180572634
1247 2026 2188 8.126065530132074 1.6410445385296972
1247 2027 2188 7.812998208114531 1.8110764060473998
1247 2028 2188 7.619248060012294 1.9328019333061075
1247 2029 2188 7.554001654752355 1.980535070193803
1247 2030 2188 7.620560412463216 1.942745752518518
1247 2031 2188 7.815557625659333 1.8286321126039766
1247 2032 2188 8.129756515419263 1.6628241512306703
1247 2033 2188 8.550025789434917 1.4733756912744829
1247 2034 2188 9.061619115809405 1.2825934897213846
1247 2035 2188 9.650022849714016 1.1042279590289128
1247 2036 2188 10.302084303673837 0.9448093292678081
1247 2037 2188 11.00649540044437 0.8061471638243023
1247 2018 2189 12.800193006357317 0.5237239822041492
1247 2019 2189 11.952193982696189 0.6166921539223426
1247 2020 2189 11.129462745343963 0.7285098221245428
1247 2021 2189 10.338033710527327 0.8628749826742661
1247 2022 2189 9.585663305165669 1.0236178984309443
1247 2023 2189 8.882282420639406 1.2139408860374397
1247 2024 2189 8.240445436989438 1.4347835021868067
1247 2025 2189 7.6756068815436524 1.6817615170490043
1247 2026 2189 7.2058962662531085 1.940414368973753
1247 2027 2189 6.85090804200441 2.181217119204919
1247 2028 2189 6.629098053280018 2.359838014247023
1247 2029 2189 6.554001907232034 2.43077622073571
1247 2030 2189 6.630606382526516 2.3726163266800566
1247 2031 2189 6.8538267413176985 2.203062435332804
1247 2032 2189 7.210058321539556 1.966376555052277
1247 2033 2189 7.680816427958815 1.7079079524270493
1247 2034 2189 8.246510837924257 1.458863076008064
1247 2035 2189 8.889034874495794 1.2350347793609404
1247 2036 2189 9.59296309802152 1.0415901419026898
1247 2037 2189 10.345769231913252 0.877962680826059
1247 2018 2190 12.318154934891774 0.5533085119441068
1247 2019 2190 11.434462864516146 0.6559712073591698
1247 2020 2190 10.571515548869945 0.781279383749081
1247 2021 2190 9.734831328790408 0.9346169887190229
1247 2022 2190 8.931793828789345 1.122257540551742
1247 2023 2190 8.172327758968045 1.3508188792484774
1247 2024 2190 7.469735001993034 1.6256112087437322
1247 2025 2190 6.84155983676238 1.9466723659071294
1247 2026 2190 6.310066639901699 2.3008206825281565
1247 2027 2190 5.901435503333111 2.649647274361716
1247 2028 2190 5.642423326904917 2.921836613443136
1247 2029 2190 5.554002250629808 3.032465617102727
1247 2030 2190 5.644195336804104 2.938536647233289
1247 2031 2190 5.904823536736844 2.676886916793126
1247 2032 2190 6.31481915813918 2.331351098273593
1247 2033 2190 6.84740396062638 1.975718091328638
1247 2034 2190 7.476425683440053 1.651078065640626
1247 2035 2190 8.179666313487505 1.372249814607023
1247 2036 2190 8.939627564949364 1.13994008129566
1247 2037 2190 9.743045776347493 0.9490872824717951
1247 2038 2190 10.580025567076998 0.7930978662750742
1247 2018 2191 11.900795813726004 0.5804000314697959
1247 2019 2191 10.983575965959293 0.6923866219598237
1247 2020 2191 10.082109947823364 0.8309604012306308
1247 2021 2191 9.201029344589607 1.0034842447048475
1247 2022 2191 8.346792258107259 1.219317775057356
1247 2023 2191 7.528541757870476 1.4898571605276685
1247 2024 2191 6.759359511077932 1.8275411697023285
1247 2025 2191 6.057965087387012 2.2419184993450774
1247 2026 2191 5.450590885399503 2.728598062829531
1247 2027 2191 4.971814658653353 3.24515591514687
1247 2028 2191 4.6614312179845125 3.6793507877497658
1247 2029 2191 4.554002744838962 3.863313670287664
1247 2030 2191 4.663575988445028 3.701557176516585
1247 2031 2191 4.975835708702733 3.2788590301161946
1247 2032 2191 5.4560920996626745 2.7634191282544474
1247 2033 2191 6.064564370175459 2.272759315931709
1247 2034 2191 6.766752618501868 1.8530913067810895
1247 2035 2191 7.536507214884233 1.5104464243907942
1247 2036 2191 8.35517450446143 1.235755948965495
1247 2037 2191 9.209719919737111 1.0166018336052998
1247 2038 2191 10.091032702355234 0.8414671191108269
1247 2018 2192 11.555126178454229 0.6039983482544424
1247 2019 2192 10.60806019025149 0.7244523578241736
1247 2020 2192 9.671656579924592 0.8753164088914877
1247 2021 2192 8.749339460782103 1.0660811850691392
1247 2022 2192 7.846078064867765 1.3096455088521604
1247 2023 2192 6.96928554444423 1.6233983894977777
1247 2024 2192 6.130329599621828 2.0299662701802745
1247 2025 2192 5.347049747290533 2.555646051281125
1247 2026 2192 4.647681249827699 3.2198787521851737
1247 2027 2192 4.075652217743828 3.9975131245201587
1247 2028 2192 3.690655903765671 4.728995215866555
1247 2029 2192 3.5540035171621063 5.0636163557410425
1247 2030 2192 3.6933644553443195 4.758888717841344
1247 2031 2192 4.080556457151531 4.037869149195834
1247 2032 2192 4.654131605358971 3.2570928893357953
1247 2033 2192 5.354525282413138 2.5858545722487096
1247 2034 2192 6.138480349402587 2.05348066333817
1247 2035 2192 6.977889437358686 1.6415279160447367
1247 2036 2192 7.854994653085522 1.3236665025802314
1247 2037 2192 8.758478235401535 1.077010834766176
1247 2038 2192 9.6809576489107 0.8839175596966259
1247 2017 2193 12.263887678872381 0.521157233500151
1247 2018 2193 11.287734095025364 0.6231259223272883
1247 2019 2193 10.316149523925983 0.7506691620205801
1247 2020 2193 9.350558325575992 0.9119960022585589
1247 2021 2193 8.393029310088146 1.1186360259044683
1247 2022 2193 7.446673149803133 1.3870672472380898
1247 2023 2193 6.5163594897764145 1.7412150621448332
1247 2024 2193 5.610074954935928 2.2161173953051483
1247 2025 2193 4.741617972802066 2.8623106912246055
1247 2026 2193 3.9361073410159677 3.745819009521039
1247 2027 2193 3.2408241235833843 4.915342815846066
1247 2028 2193 2.740974461756298 6.223283454266501
1247 2029 2193 2.554004894278875 6.918923212832249
1247 2030 2193 2.7446203744781656 6.262869318373262
1247 2031 2193 3.2469895287790633 4.959024006756871
1247 2032 2193 3.943721719391608 3.7803518175416655
1247 2033 2193 4.75004642082594 2.887708255226952
1247 2034 2193 5.618980423528947 2.234685992725459
1247 2035 2193 6.525560588945731 1.754954263920086
1247 2036 2193 7.456067395081805 1.397398029798325
1247 2037 2193 8.402555623142414 1.1265296955794304
1247 2038 2193 9.36017847052087 0.9181174314956132
1247 2017 2194 12.095244561396749 0.5313589341980788
1247 2018 2194 11.104275798087775 0.6369145991820634
1247 2019 2194 10.115084824162281 0.7696713910739569
1247 2020 2194 9.12824961315138 0.9387849335636279
1247 2021 2194 8.144626510773746 1.1574346300277698
1247 2022 2194 7.165538430571616 1.4451154099817365
1247 2023 2194 6.193136604338625 1.8315927561212841
1247 2024 2194 5.231151020568913 2.3640004536854367
1247 2025 2194 4.286600167965214 3.1199778109160454
1247 2026 2194 3.374157820849466 4.231524087168279
1247 2027 2194 2.5288220577968383 5.915206448060203
1247 2028 2194 1.8452482217848238 8.348096148495868
1247 2029 2194 1.5540080437373136 10.140334416325187
1247 2030 2194 1.8506596121384642 8.39201707390815
1247 2031 2194 2.5367185496228606 5.949284308584682
1247 2032 2194 3.3830372448438886 4.253934184704082
1247 2033 2194 4.295921437829275 3.13496430176193
1247 2034 2194 5.240700430286143 2.3743860678975883
1247 2035 2194 6.202817182539042 1.839029607922957
1247 2036 2194 7.175300760247043 1.4505887673345097
1247 2037 2194 8.154443022058713 1.1615553960131861
1247 2038 2194 9.13810379674045 0.9419466983218393
1247 2018 2195 11.00894822405836 0.6446950020684962
1247 2019 2195 10.010341702459408 0.780387241311803
1247 2020 2195 9.012044218710766 0.9539035265699353
1247 2021 2195 8.014171260960072 1.1793926561354076
1247 2022 2195 7.016903946898416 1.4781652698481687
1247 2023 2195 6.020543247913662 1.8836293756231288
1247 2024 2195 5.025628418416845 2.450892207827562
1247 2025 2195 4.033229599216889 3.2771621198381076
1247 2026 2195 3.0458071179901465 4.550547019596366
1247 2027 2195 2.0704929364766405 6.687612671864864
1247 2028 2195 1.1388331747889502 10.807433697078077
1247 2029 2195 0.5540225627175285 17.508919842778035
1247 2030 2195 1.1475804982659457 10.804162356188877
1247 2031 2195 2.0801300440118005 6.686043208418598
1247 2032 2195 3.055640849314715 4.54965888231732
1247 2033 2195 4.0431350459762 3.27660456452668
1247 2034 2195 5.035567594621404 2.4505181103385674
1247 2035 2195 6.030500891302596 1.8833664768871954
1247 2036 2195 7.026872775282161 1.4779740733563098
1247 2037 2195 8.024147369035656 1.1792498641448372
1247 2038 2195 9.022025326943062 0.9537945911628645
1247 2018 2196 11.004042030090467 0.6460729437733796
1247 2019 2196 10.004945826939682 0.7821810178829784
1247 2020 2196 9.006050244141322 0.9562846019104585
1247 2021 2196 8.007430361857553 1.182629524016002
1247 2022 2196 7.009204020429024 1.4826988904449274
1247 2023 2196 6.011567266528639 1.890229453411456
1247 2024 2196 5.0148719824137915 2.4610150755725453
1247 2025 2196 4.019818528242171 3.293889021296897
1247 2026 2196 3.028025924591675 4.581569401701034
1247 2027 2196 2.044245826704677 6.758093205603106
1247 2028 2196 1.090385711571692 11.056041662949045
1247 2029 2196 0.4460280260251851 19.02499453169316
1247 2030 2196 1.0995185309944264 10.94568670016202
1247 2031 2196 2.0540060856775377 6.707289264636865
1247 2032 2196 3.037917214145339 4.553088633996068
1247 2033 2196 4.029756940561154 3.2760733498234953
1247 2034 2196 5.024832435017213 2.449082505429387
1247 2035 2196 6.021539753252587 1.8818521887520956
1247 2036 2196 7.019183784458236 1.476610246701052
1247 2037 2196 8.017414857670873 1.1780842396088658
1247 2038 2196 9.016037987941372 0.9528180587651002
1247 2039 2196 10.014935895950714 0.7794902993172965
1247 2018 2197 11.089677227043056 0.6409773560909597
1247 2019 2197 10.099056441073968 0.7749440691255415
1247 2020 2197 9.110485223082128 0.9457558719676804
1247 2021 2197 8.124711748732874 1.1668595479042492
1247 2022 2197 7.142894441331064 1.4582152394827246
1247 2023 2197 6.166923138810669 1.8504483513444858
1247 2024 2197 5.200090479981926 2.392406791872959
1247 2025 2197 4.24863990001493 3.165487533953802
1247 2026 2197 3.3257993024232677 4.3109568036708055
1247 2027 2197 2.463927961609128 6.071204511244018
1247 2028 2197 1.7552609492606877 8.688673094202363
1247 2029 2197 1.4460086445107265 10.637752277764017
1247 2030 2197 1.7609488919329734 8.587394534761875
1247 2031 2197 2.4720317554595015 5.99639760967452
1247 2032 2197 3.334807490695738 4.262722015425295
1247 2033 2197 4.25804426938009 3.1335185429934334
1247 2034 2197 5.209696824192444 2.370356845320558
1247 2035 2197 6.176644801184625 1.8347030263976716
1247 2036 2197 7.152687676671006 1.4466477428716669
1247 2037 2197 8.134552292535927 1.158161241307962
1247 2038 2197 9.120358600406112 0.93908766359425
1247 2039 2197 10.10895350666932 0.769748514834687
1247 2019 2198 10.289943683033323 0.7591108052719101
1247 2020 2198 9.321638321668441 0.92307046152514
1247 2021 2198 8.36079786862461 1.1334539894707116
1247 2022 2198 7.410326645971691 1.4073669696150237
1247 2023 2198 6.474792737995423 1.7698265052703843
1247 2024 2198 5.561739026599367 2.2578558005483558
1247 2025 2198 4.68432930097775 2.9257397906761016
1247 2026 2198 3.8669032829900103 3.846554005931338
1247 2027 2198 3.156412678975792 5.079747750533114
1247 2028 2198 2.640632689337795 6.472936039190786
1247 2029 2198 2.4460051103788754 7.180368562917175
1247 2030 2198 2.644416948969998 6.406708665017234
1247 2031 2198 3.16274263891326 5.008786753797683
1247 2032 2198 3.8746536619419585 3.7915079550129396
1247 2033 2198 4.692860641442536 2.885692144817528
1247 2034 2198 5.570721766521881 2.2287638815558735
1247 2035 2198 6.484052822116803 1.7483878460679156
1247 2036 2198 7.419766910085593 1.3912901633537553
1247 2037 2198 8.370360864383407 1.1211928863287979
1247 2038 2198 9.331288281904142 0.9135750967587923
1247 2039 2198 10.299657324396854 0.7516563958080682
1247 2019 2199 10.572366858939262 0.7355954827948715
1247 2020 2199 9.632494017646595 0.8897756832947982
1247 2021 2199 8.706029002938001 1.0851495147910128
1247 2022 2199 7.797752304350137 1.3352564247339693
1247 2023 2199 6.914834849799241 1.6585027655708666
1247 2024 2199 6.068355708097401 2.0791242124843974
1247 2025 2199 5.275882959277862 2.6258198029706548
1247 2026 2199 4.5656260249826355 3.320800063273295
1247 2027 2199 3.981826339759051 4.138366704128908
1247 2028 2199 3.586773062238421 4.902700313194325
1247 2029 2199 3.4460036273920838 5.224856601958261
1247 2030 2199 3.589560000891421 4.8591721340855365
1247 2031 2199 3.986845996524049 4.080577087560995
1247 2032 2199 4.572192143818986 3.268281568992723
1247 2033 2199 5.283459188826982 2.5836226606441053
1247 2034 2199 6.076589586272919 2.046503057593671
1247 2035 2199 6.923506409327625 1.6334692617159805
1247 2036 2199 7.806724088886511 1.315959214004608
1247 2037 2199 8.715213193032122 1.0701423530712244
1247 2038 2199 9.641832865176692 0.8779863458046496
1247 2039 2199 10.581821251561642 0.726239819840992
1247 2019 2200 10.93923859324757 0.7056665151807036
1247 2020 2200 10.033789961923524 0.8479616242281462
1247 2021 2200 9.148056678879808 1.025515175959919
1247 2022 2200 8.288361780231224 1.248226028943924
1247 2023 2200 7.463708260643493 1.5282433802099331
1247 2024 2200 6.687072677935999 1.878970120845522
1247 2025 2200 5.9772017700591595 2.310879238488793
1247 2026 2200 5.360684751036809 2.819409746443311
1247 2027 2200 4.873083315519938 3.3580351453374546
1247 2028 2200 4.555978599598445 3.8027685938215616
1247 2029 2200 4.446002811514993 3.971603573113226
1247 2030 2200 4.558172989257806 3.772882582682973
1247 2031 2200 4.877185766402554 3.313125823142609
1247 2032 2200 5.3662781329334655 2.7734962626056734
1247 2033 2200 5.9838901226543335 2.2705645955903373
1247 2034 2200 6.694545615648631 1.845788209640263
1247 2035 2200 7.471742835510369 1.501631761870228
1247 2036 2200 8.296803059010184 1.2270545295923918
1247 2037 2200 9.15679752970442 1.0086649868096005
1247 2038 2200 10.042755647729422 0.8344923866444952
1247 2019 2201 11.382396100997227 0.6707892367011041
1247 2020 2201 10.515176698467654 0.7999621803191315
1247 2021 2201 9.673620883619396 0.9583606151722937
1247 2022 2201 8.865040383438618 1.15263953920414
1247 2023 2201 8.099317316909971 1.38985475829622
1247 2024 2201 7.389786262132211 1.6756841356380319
1247 2025 2201 6.754179520859523 2.0100851593177143
1247 2026 2201 6.2152184997792626 2.3784899174964185
1247 2027 2201 5.799908706177936 2.7385054927398467
1247 2028 2201 5.536148570983155 3.012082659334923
1247 2029 2201 5.446002295262007 3.1092496316572693
1247 2030 2201 5.537954586307048 2.9907224625199884
1247 2031 2201 5.803356011826216 2.703883557821047
1247 2032 2201 6.220043488593927 2.339976199167195
1247 2033 2201 6.760099185662879 1.97369878046649
1247 2034 2201 7.396549263000966 1.6439645136968006
1247 2035 2201 8.106721963901338 1.3632831834541934
1247 2036 2201 8.872933055083903 1.1307929583950491
1247 2037 2201 9.681887264371591 0.9405319401376585
1247 2019 2202 11.89331497102455 0.6324705774274857
1247 2020 2202 11.066207164155067 0.7480805053137042
1247 2021 2202 10.26990462467871 0.8872454116093719
1247 2022 2202 9.512147023674379 1.0540147861980793
1247 2023 2202 8.802893899167339 1.2517577720491226
1247 2024 2202 8.15481091135765 1.4813715184556537
1247 2025 2202 7.583596837912601 1.7379051753466763
1247 2026 2202 7.10780845268063 2.005325223535112
1247 2027 2202 6.747661891351584 2.2511801529642645
1247 2028 2202 6.522341680715497 2.427569148393844
1247 2029 2202 6.446001939186713 2.4873358234873595
1247 2030 2202 6.523874692236133 2.411797156629733
1247 2031 2202 6.750625230302695 2.2243303663080876
1247 2032 2202 7.112027910518878 1.9735889838422285
1247 2033 2202 7.588869546908798 1.7061192367418858
1247 2034 2202 8.160939958117567 1.4522419947968914
1247 2035 2202 8.809707202853009 1.2263454955450603
1247 2036 2202 9.519503190818332 1.0324363745008098
1247 2019 2203 12.463664830217336 0.5921313340117561
1247 2020 2203 11.677026205331423 0.6943859460208319
1247 2021 2203 10.925334823244409 0.8151699989092195
1247 2022 2203 10.216307601085491 0.9566116876197045
1247 2023 2203 9.55944250466508 1.1196698558797205
1247 2024 2203 8.966211072688262 1.3026775749493407
1247 2025 2203 8.450026094634136 1.4990940006036428
1247 2026 2203 8.025767315341135 1.6948003144347796
1247 2027 2203 7.708627698883781 1.8665427625661897
1247 2028 2203 7.512186166489651 1.9847690595086067
1247 2029 2203 7.446001678753417 2.0234020544301807
1247 2030 2203 7.513517218985987 1.9728149118102658
1247 2031 2203 7.711221757931692 1.8454999958233667
1247 2032 2203 8.029504405627993 1.6687997625667776
1247 2033 2203 8.454758482653396 1.4718247577279169
1247 2034 2203 8.971785831148656 1.2766069649619654
1247 2035 2203 9.565716962151871 1.0960820722185647
1247 2036 2203 10.223157095535617 0.9359646494257818
1247 2020 2204 12.338757676524674 0.640597609683588
1247 2021 2204 11.629915777854833 0.744448797413461
1247 2022 2204 10.966537329531004 0.863388195622887
1247 2023 2204 10.357361681432064 0.9969522898475871
1247 2024 2204 9.812489031840874 1.1423518850121621
1247 2025 2204 9.34317617301513 1.2931266149101626
1247 2026 2204 8.961302416501626 1.4379328205512847
1247 2027 2204 8.678418116223607 1.5605196987682906
1247 2028 2204 8.504407151589012 1.6423462202836039
1247 2029 2204 8.446001479990311 1.6682982541515348
1247 2030 2204 8.505582931228098 1.6330913154119837
1247 2031 2204 8.68072237777473 1.5438360198189172
1247 2032 2204 8.964649519083231 1.4166240561429049
1247 2033 2204 9.347456391981693 1.2699490774109452
1247 2034 2204 9.817583256586095 1.1193951375419962
1247 2035 2204 10.363153043355089 0.9755058854018873
1247 2020 2205 13.04365520090118 0.5880449764687562
1247 2021 2205 12.37525518928788 0.6767195433439033
1247 2022 2205 11.754018078937808 0.7761708812640539
1247 2023 2205 11.187803224940858 0.8851988212616656
1247 2024 2205 10.68536106081574 1.0007278067433876
1247 2025 2205 10.256068496261006 1.1170727180785416
1247 2026 2205 9.90943696685123 1.225509398521407
1247 2027 2205 9.654374189972021 1.3147520553696224
1247 2028 2205 9.498259893264564 1.3729238045183907
1247 2029 2205 9.446001323311275 1.3909013592704476
1247 2030 2205 9.499312659345337 1.3656318820426148
1247 2031 2205 9.656445567598816 1.3013745388664237
1247 2032 2205 9.912463921750183 1.2079860357188135
1247 2033 2205 10.259967884939954 1.0974515855415383
1247 2034 2205 10.690039335755479 0.980712585500272
1247 2035 2205 11.193164923291341 0.8659732313930917
1247 2020 2206 13.785098512524176 0.5376837880544205
1247 2021 2206 13.154426669376223 0.6130314178963373
1247 2022 2206 12.571751707697565 0.6959073884595959
1247 2023 2206 12.044041721946869 0.7848112461871715
1247 2024 2206 11.578814317536882 0.876812431156332
1247 2025 2206 11.183869679140459 0.9671902015038493
1247 2026 2206 10.866873561424994 1.0493747246977925
1247 2027 2206 10.634798587655421 1.1155047363476491
1247 2028 2206 10.493280754844882 1.1578067462510078
1247 2029 2206 10.446001196630133 1.1705770077953428
1247 2030 2206 10.494233702371908 1.1519762347008355
1247 2031 2206 10.636679040001095 1.1046651208826788
1247 2032 2206 10.869633894478637 1.0348937466953683
1247 2033 2206 11.187445687018958 0.950592891744248
1247 2034 2206 11.583131744049158 0.8594609210362305
1247 2021 2207 13.96176711594905 0.5539644984603399
1247 2022 2207 13.414206685450932 0.6229177305843648
1247 2023 2207 12.92094969419805 0.6954587636060494
1247 2024 2207 12.488432287520995 0.7689903335586038
1247 2025 2207 12.123157220790182 0.8397148739684338
1247 2026 2207 11.831354149039633 0.9027290351635497
1247 2027 2207 11.618560194791675 0.9525148130373597
1247 2028 2207 11.489166244771539 0.9838772919194648
1247 2029 2207 11.446001092084432 0.9931404203071417
1247 2030 2207 11.490036596982543 0.9791564535911402
1247 2031 2207 11.620281450980368 0.943647073607114
1247 2032 2207 11.833889512751023 0.8906962356860514
1247 2033 2207 12.126456242447702 0.825659370171318
1247 2023 2208 13.814591597292933 0.6164052904636245
1247 2024 2208 13.4109261797982 0.6754390030113082
1247 2025 2208 13.071455198255356 0.7312051227949513
1247 2026 2208 12.801286693141325 0.780051788989654
1247 2027 2208 12.604877666998494 0.8180671339425094
1247 2028 2208 12.485709471231404 0.841710850596721
1247 2029 2208 12.446001004338616 0.8485500495541938
1247 2030 2208 12.486510361185708 0.8378468846860306
1247 2031 2208 12.606464254500477 0.8107492380707828
1247 2032 2208 12.803629993091743 0.7699965373946698
167 1000 808 18.604008707802713 0.14671330209417896
167 1001 808 18.938456642503876 0.14342442491851884
167 1002 808 19.31893216510683 0.13961930242475948
167 997 809 16.913696816485718 0.17907132822608107
167 998 809 17.106406402280964 0.17722029058273206
167 999 809 17.35468639877999 0.1745124031610043
167 1000 809 17.656192681322867 0.17100934108334054
167 1001 809 18.008251997348307 0.16678796942197668
167 1002 809 18.407964037339905 0.16193659156678056
167 1003 809 18.852298003161295 0.15655094357824023
167 1004 809 19.33817830096722 0.1507302370825611
167 996 810 15.78445881238882 0.21201916017980602
167 997 810 15.928124183343096 0.21070257320273447
167 998 810 16.13261107198705 0.20822996395708315
167 999 810 16.395643933679434 0.20466517826976446
167 1000 810 16.71445901009061 0.20009746600119085
167 1001 810 17.085933980909537 0.1946364141624247
167 1002 810 17.506716996627304 0.18840611112808314
167 1003 810 17.973345264585536 0.18153907399008123
167 1004 810 18.48234671247132 0.1741704260983157
167 995 811 14.704595880200147 0.2512910477667284
167 996 811 14.79125214442642 0.25100938892979774
167 997 811 14.944468541905369 0.2491745544178831
167 998 811 15.162227408926409 0.24584034242928096
167 999 811 15.441798470385478 0.24110233928642727
167 1000 811 15.779896704351373 0.23509159730921356
167 1001 811 16.172851943921312 0.22796641309274554
167 1002 811 16.616772851549708 0.21990310944028296
167 1003 811 17.107692421831747 0.2110867307271862
167 1004 811 17.641687561001625 0.20170243829249174
167 993 812 13.738454789385854 0.29431074723311557
167 994 812 13.685800670768193 0.2978684578419504
167 995 812 13.706098642575107 0.2994089284906041
167 996 812 13.799026777276694 0.2988810726558363
167 997 812 13.963135034797855 0.2963024612724033
167 998 812 14.195955057691586 0.2917579464865865
167 999 812 14.49417607178826 0.2853931248288753
167 1000 812 14.853859431137733 0.2774035489308111
167 1001 812 15.270662723012366 0.2680211127580455
167 1002 812 15.740048919873136 0.25749926071976137
167 1003 812 16.25746413189952 0.24609859642621051
167 1004 812 16.81847614975862 0.23407415657094824
167 991 813 13.08683078518245 0.3361234636457096
167 992 813 12.877155741855386 0.34552354096767374
167 993 813 12.74272890710617 0.35263575852472295
167 994 813 12.685942613775266 0.3572074135541625
167 995 813 12.707837738970358 0.35906978351253027
167 996 813 12.808010774511368 0.35815270937673704
167 997 813 12.984650168564393 0.3544908426947639
167 998 813 13.234694556354498 0.3482205468568124
167 999 813 13.554082041953244 0.3395679561382875
167 1000 813 13.938046491528125 0.3288300806981814
167 1001 813 14.381416481000732 0.3163517644656295
167 1002 813 14.878882350499298 0.30250158156334117
167 1003 813 15.4252111816986 0.28764942509479796
167 1004 813 16.015403210659404 0.27214778878426904
167 990 814 12.423410964787372 0.3886030025503544
167 991 814 12.120113035776487 0.4036673730662587
167 992 814 11.893407417556972 0.41614063539433793
167 993 814 11.747729142264015 0.4255479696397997
167 994 814 11.686108847687466 0.43150809442090027
167 995 814 11.709873611615086 0.43376892195312905
167 996 814 11.818508366117923 0.43223266641073116
167 997 814 12.009710237969916 0.4269659043975337
167 998 814 12.279622958381069 0.41819270605727965
167 999 814 12.623198485328489 0.4062721260870811
167 1000 814 13.034613151144898 0.3916641354046287
167 1001 814 13.50766967318936 0.3748897150025442
167 1002 814 14.036136932931354 0.3564910108704747
167 1003 814 14.614004926781693 0.3369963668290618
167 1004 814 15.235653579679463 0.3168932549541035
167 1005 814 15.895947282247752 0.296610220808397
167 990 815 11.487956302145268 0.46792412969499564
167 991 815 11.159262520435622 0.4881923962619088
167 992 815 10.9126138023848 0.5050240378617761
167 993 815 10.753657052370569 0.5176869289027484
167 994 815 10.686306190634784 0.5255891447312776
167 995 815 10.712289204460426 0.5283429608803146
167 996 815 10.830934401056975 0.5258098996321313
167 997 815 11.039254503814986 0.518117402254586
167 998 815 11.332305149438904 0.5056434743525986
167 999 815 11.703723339177133 0.48897267138015826
167 1000 815 12.146322077073355 0.4688326569017658
167 1001 815 12.652633717926067 0.4460234336896287
167 1002 815 13.215337301786876 0.42135074068651773
167 1003 815 13.827550036069285 0.395571906371251
167 1004 815 14.48299485603719 0.3693582090852071
167 1005 815 15.176071296616913 0.3432739488792991
167 990 816 10.564333391179929 0.5672656185232475
167 991 816 10.205936507738977 0.5950202414507425
167 992 816 9.935649953576227 0.6181777164984156
167 993 816 9.760796074091465 0.6355752374373264
167 994 816 9.6865442754369 0.6462627205229564
167 995 816 9.715201490447814 0.649622993839821
167 996 816 9.845869184586979 0.6454566438322731
167 997 816 10.074578899388277 0.6340105362432875
167 998 816 10.394861230434946 0.6159425872270748
167 999 816 10.79857120178404 0.5922319288277405
167 1000 816 11.27675219200988 0.5640564868345596
167 1001 816 11.820369706570082 0.5326645662611971
167 1002 816 12.420834915576316 0.49926307109963675
167 1003 816 13.07031522190646 0.46493585640114166
167 1004 816 13.761872692333691 0.430595861706752
167 1005 816 14.489483772722885 0.39696728785535573
167 1006 816 15.247988064003719 0.3645902598673087
167 989 817 10.133170283775915 0.649763282602328
167 990 817 9.655938069395395 0.6927388084342327
167 991 817 9.262458636884665 0.7315161159635258
167 992 817 8.96376818084891 0.7641047461243408
167 993 817 8.769557571508349 0.788593961824853
167 994 817 8.68683716895853 0.803397476296289
167 995 817 8.718780878081493 0.8074914536455237
167 996 817 8.864149141344562 0.8005839212843624
167 997 817 9.117518302696165 0.7831652774082358
167 998 817 9.470223862190355 0.7564240094089248
167 999 817 9.91166686284399 0.722053910617609
167 1000 817 10.430586752431509 0.6820085709901716
167 1001 817 11.016040123383709 0.6382638466568326
167 1002 817 11.65800754846212 0.5926323803634289
167 1003 817 12.347677514415405 0.546648698372183
167 1004 817 13.077505113743976 0.5015213437951582
167 1005 817 13.841139403965263 0.458135969905005
167 1006 817 14.633288762270768 0.4170900389717052
167 1007 817 15.449567631490533 0.3787423587436578
167 988 818 9.887221045369587 0.729399951540015
167 989 818 9.290486531931432 0.7920665061040657
167 990 818 8.767504776160624 0.85257400332717
167 991 818 8.33217498616054 0.9080105676896228
167 992 818 7.998821163146444 0.9551081082606305
167 993 818 7.780561676382977 0.9906016151268539
167 994 818 7.687206254550447 1.011714326014305
167 995 818 7.723285570273804 1.0166595223330368
167 996 818 7.887023519680894 1.0050037528573397
167 997 818 8.170749047669965 0.9777595258387303
167 998 818 8.562542846608107 0.9371715498936206
167 999 818 9.048377755155878 0.886278032522894
167 1000 818 9.614007489075497 0.8283983387577727
167 1001 818 10.246225646549064 0.7666898785602001
167 1002 818 10.933487092414746 0.7038544829144856
167 1003 818 11.666067889396146 0.6420046844007941
167 1004 818 12.435961563144199 0.582655342422585
167 1005 818 13.23665894400849 0.5267916906468639
167 1006 818 14.062899416549918 0.47497089403999493
167 1007 818 14.910437283996739 0.42742796305399605
167 1008 818 15.775840389659121 0.38417017818451665
167 987 819 9.840383122622782 0.7972697666496398
167 988 819 9.131765437197746 0.8828791080049531
167 989 819 8.482048101726338 0.9708484453399034
167 990 819 7.90576625002279 1.057796251711158
167 991 819 7.420049865061518 1.1391566680508725
167 992 819 7.0436595602001875 1.2094146603332905
167 993 819 6.794787708236331 1.2627357414088027
167 994 819 6.687685698356314 1.293971255369787
167 995 819 6.729126243428609 1.2997984891072436
167 996 819 6.91643983563796 1.2795716319087698
167 997 819 7.238310576370684 1.2354971628185374
167 998 819 7.677834330069889 1.172047931181975
167 999 819 8.216151167061119 1.094894484853351
167 1000 819 8.83522155919136 1.0097962952750872
167 1001 819 9.519303545953342 0.9217911244069608
167 1002 819 10.255395653020896 0.8347935756646132
167 1003 819 11.03309294803592 0.7515347429153502
167 1004 819 11.844202801370802 0.6737067391620332
167 1005 819 12.682316034541955 0.6021894387710413
167 1006 819 13.54242002007027 0.5372805752451856
167 1007 819 14.420580432146277 0.47889125894208007
167 1008 819 15.313691259784498 0.4266958821975446
167 975 820 20.044778372434024 0.2218174171226616
167 976 820 19.08793178948413 0.24878356972723628
167 977 820 18.13574205815684 0.27950712970203145
167 978 820 17.188983099648418 0.3145575343831632
167 979 820 16.24860424774999 0.3545857185860311
167 980 820 15.315780750585295 0.40032844026389974
167 986 820 9.995455967588438 0.8433006348436122
167 987 820 9.190491825794709 0.9519174157883109
167 988 820 8.427404108027536 1.0700579903899377
167 989 820 7.718622934176758 1.1952175605732418
167 990 820 7.080475972701233 1.3228316577762083
167 991 820 6.533692677192548 1.4458342664500066
167 992 820 6.102879648166065 1.5547125102388117
167 993 820 5.813874783653291 1.6385059235253971
167 994 820 5.688333675163548 1.6869641968956413
167 995 820 5.736997472546043 1.6933795473971927
167 996 820 5.955597367183222 1.6568191848101153
167 997 820 6.326542499659649 1.582458075594091
167 998 820 6.825037728833431 1.479801014643163
167 999 820 7.425438707578148 1.3598710054020724
167 1000 820 8.105130473965232 1.2327625655730645
167 1001 820 8.845854396269472 1.1063010687777894
167 1002 820 9.633542442943819 0.9857547444556085
167 1003 820 10.45758767594133 0.8741752158413608
167 1004 820 11.310045976918044 0.7729621346970791
167 1005 820 12.184955477965444 0.6824106986270677
167 1006 820 13.077810978906223 0.6021455766721585
167 1007 820 13.985175722886007 0.531427829934763
167 1008 820 14.904400021470178 0.4693556269927246
167 973 821 21.732766505900692 0.18799824372732873
167 974 821 20.757387600562815 0.2108638758003684
167 975 821 19.784467139652737 0.236999460757
167 976 821 18.814386516705746 0.26694339021597624
167 977 821 17.847608803422354 0.3013317601982364
167 978 821 16.884701359514747 0.3409159838950873
167 979 821 15.926366189435653 0.38658240892096424
167 980 821 14.973481225152659 0.43937303585009657
167 981 821 14.027157231598967 0.5005052392653383
167 985 821 10.343362122636881 0.8592395866365881
167 986 821 9.46261803096793 0.9862295468653532
167 987 821 8.607969563143183 1.1312275486015204
167 988 821 7.788012583451536 1.2944927366258259
167 989 821 7.01492266529001 1.4742557507901943
167 990 821 6.305960672252844 1.665313912678341
167 991 821 5.685168423186738 1.8573957873432048
167 992 821 5.184316734151148 2.034053168097074
167 993 821 4.8407788629516695 2.173605615552251
167 994 821 4.68925793703009 2.253748595564513
167 995 821 4.7481722799409605 2.259368711222027
167 996 821 5.0101037913400335 2.1893392648340333
167 997 821 5.445836942105394 2.0570713717664817
167 998 821 6.017735454471214 1.8843524178586077
167 999 821 6.690974517960735 1.6933351587834609
167 1000 821 7.43808711968339 1.5013548709662847
167 1001 821 8.239001153052474 1.3195357257491738
167 1002 821 9.079490073787186 1.1537126021466908
167 1003 821 9.94952963712356 1.006054907431453
167 1004 821 10.842008116580622 0.8765260741610507
167 1005 821 11.751814328009107 0.7639251699408757
167 1006 821 12.675217552373615 0.6665416066609156
167 1007 821 13.609450393017354 0.5825310063760165
167 1008 821 14.55242728894394 0.5101129492455102
167 973 822 21.539385785114646 0.19776854124719198
167 974 822 20.554832521818295 0.22249947809855927
167 975 822 19.571845595139948 0.25092583284684855
167 976 822 18.59067346816675 0.2837002563458907
167 977 822 17.61161945989065 0.3216085959379401
167 978 822 16.63505755926318 0.36559998212362743
167 979 822 15.661453955492101 0.4168237295654595
167 980 822 14.691396802210443 0.4766740788468678
167 981 822 13.72563805438564 0.5468433165770006
167 982 822 12.76515334808005 0.6293824476509046
167 983 822 11.811229402564296 0.7267654047542269
167 985 822 9.930616295074511 0.9783816810159037
167 986 822 9.009613754207193 1.1399728849175763
167 987 822 8.107350985371207 1.3308059496586155
167 988 822 7.230846423483182 1.5544971806687833
167 989 822 6.390707316095736 1.812773546555195
167 990 822 5.603315090194339 2.1027540580703334
167 991 822 4.8941945200410295 2.412452191321625
167 992 822 4.302225005738273 2.7150861675287086
167 993 822 3.8813837738620647 2.9660960543753654
167 994 822 3.690682863644581 3.111264563729327
167 995 822 3.765254307480413 3.11088065036719
167 996 822 4.090616090517398 2.965058079969032
167 997 822 4.614015604655004 2.7136548679254298
167 998 822 5.276849438822366 2.4108886014289226
167 999 822 6.0333357274396695 2.101237108046436
167 1000 822 6.852528000672454 1.8113954674927997
167 1001 822 7.714476002944079 1.5532905719908188
167 1002 822 8.606343009664448 1.3297706821511468
167 1003 822 9.519723735487291 1.1390939273263396
167 1004 822 10.448977940449494 0.9776389452725224
167 1005 822 11.39022124455887 0.8413190372340964
167 1006 822 12.340710676456208 0.7262359086997008
167 1007 822 13.298463821058442 0.6289342502956291
167 1008 822 14.262017388854927 0.5464628694638918
167 1009 822 15.230270516310613 0.47635010711888676
167 972 823 22.383501513391487 0.18326910010214448
167 973 823 21.391052802515333 0.20618170562891847
167 974 823 20.399341656043685 0.23254901374972117
167 975 823 19.40848113583335 0.26299716542597945
167 976 823 18.418608525075914 0.29828746767587716
167 977 823 17.429892139654772 0.3393506022237655
167 978 823 16.442540557955123 0.3873307341703084
167 979 823 15.4568153252861 0.4436426583952595
167 980 823 14.473048745858602 0.5100461092038726
167 981 823 13.491669281449175 0.5887425500697253
167 982 823 12.5132385895898 0.6825010137033126
167 983 823 11.538506835808496 0.7948203867569575
167 984 823 10.568497528031097 0.9301345453753921
167 985 823 9.60464158623316 1.0940603466458145
167 986 823 8.648996473580013 1.2936676100999205
167 987 823 7.704618095661818 1.537692548198144
167 988 823 6.776218709575391 1.8364677768429456
167 989 823 5.87138314198619 2.200979560791174
167 990 823 5.002913151354885 2.639639957051557
167 991 823 4.19346396192929 3.1497942289848653
167 992 823 3.484413867496188 3.699489661705061
167 993 823 2.9490913854948246 4.2004311242171175
167 994 823 2.6931654238089098 4.502771578353617
167 995 823 2.794483852163019 4.475467789854663
167 996 823 3.219493749023269 4.131754861276358
167 997 823 3.862789147753207 3.6146658565831316
167 998 823 4.6343435349572415 3.0670391008527162
167 999 823 5.480249994297708 2.566877098438891
167 1000 823 6.370960681090416 2.139934810382536
167 1001 823 7.290071330240885 1.7862609389548232
167 1002 823 8.228070247634019 1.496671065342354
167 1003 823 9.179168807686247 1.2601512982588534
167 1004 823 10.139681454562576 1.0665868713908229
167 1005 823 11.107166155235108 0.9075059775696582
167 1006 823 12.079947847569555 0.776080318106946
167 1007 823 13.056842650503235 0.6668934690427607
167 1008 823 14.036991842984037 0.5756712884130775
167 1009 823 15.019758320292654 0.49903997837228525
167 972 824 22.28571605311346 0.18890556086955504
167 973 824 21.288709214041116 0.21288170964656425
167 974 824 20.29199694460846 0.2405575944362583
167 975 824 19.29562489270558 0.272627642413855
167 976 824 18.29964863050652 0.3099442245257364
167 977 824 17.30413649969276 0.35356086270527076
167 978 824 16.309173492240472 0.40478950517657486
167 979 824 15.31486663343822 0.46527724938462023
167 980 824 14.321352589752106 0.5371102666458393
167 981 824 13.32880864893781 0.6229562370050441
167 982 824 12.33746894626282 0.7262619675401465
167 983 824 11.347649095737824 0.8515309955193233
167 984 824 10.35978474679853 1.0047182245977984
167 985 824 9.374494119684513 1.1937966154062944
167 986 824 8.392683718572954 1.4295753176156618
167 987 824 7.415735971567462 1.726873851837625
167 988 824 6.4458622386768125 2.1061507618940816
167 989 824 5.486815105322913 2.5955105484679084
167 990 824 4.5454526727268565 3.232130851803628
167 991 824 3.6355384745591355 4.058514156226773
167 992 824 2.7880351504240055 5.09554505338526
167 993 824 2.0806585495942977 6.238002545221289
167 994 824 1.6985699867829664 7.037630370391758
167 995 824 1.8550309970455823 6.87399671033776
167 996 824 2.4489058781423116 5.897290371656407
167 997 824 3.2485596808431896 4.759696301174256
167 998 824 4.136319620145431 3.784827767022765
167 999 824 5.066077378011521 3.0203710746800807
167 1000 824 6.018400119633134 2.4329833832972145
167 1001 824 6.984063287227584 1.9806139430244936
167 1002 824 7.958212110769617 1.6288512731263822
167 1003 824 8.938072499146571 1.35213174681849
167 1004 824 9.921952428831752 1.1319125836802355
167 1005 824 10.908764366324919 0.954744081553085
167 1006 824 11.897778784294166 0.8107853109650678
167 1007 824 12.888488662368463 0.6927502430437888
167 1008 824 13.880530969671169 0.5951761327514867
167 1009 824 14.873639097409903 0.5139163232826491
167 972 825 22.23252437308906 0.1928578360434474
167 973 825 21.233020039551583 0.2175614680993012
167 974 825 20.233564688408197 0.24613012995180406
167 975 825 19.2341659554034 0.27930423802081566
167 976 825 18.234833149771326 0.3179976693042162
167 977 825 17.235577739083748 0.36334725576974314
167 978 825 16.23641401295247 0.41677937918438396
167 979 825 15.237360007560344 0.4801007738444505
167 980 825 14.238438818915485 0.5556241755328312
167 981 825 13.239680509740385 0.6463450702177028
167 982 825 12.241124948304362 0.756194950224369
167 983 825 11.242826157154592 0.8904118287837409
167 984 825 10.244859198641997 1.056095292762497
167 985 825 9.247331506980789 1.2630608790981983
167 986 825 8.250402414428015 1.5251970635624381
167 987 825 7.254318713704249 1.8627005444503424
167 988 825 6.2594840042929825 2.305918328521664
167 989 825 5.266606117795383 2.90228592913995
167 990 825 4.277048047427079 3.729567844878592
167 991 825 3.2938032728139413 4.9224652657307955
167 992 825 2.3248956965850898 6.72562569912533
167 993 825 1.4004070836724258 9.543237403203076
167 994 825 0.7191244676688097 12.923799342858532
167 995 825 1.035924707688734 11.534403948130516
167 996 825 1.9050301834879229 8.111297475321322
167 997 825 2.860968367528741 5.809532780256786
167 998 825 3.8394192269144183 4.323742548061348
167 999 825 4.826711095559807 3.318791757772132
167 1000 825 5.818345125549032 2.608696283583693
167 1001 825 6.812425412435737 2.0892111340011965
167 1002 825 7.808017674160341 1.6985944446191987
167 1003 825 8.804609020280248 1.398320481341395
167 1004 825 9.801894714798784 1.163273136403551
167 1005 825 10.79968240273761 0.9764743143668274
167 1006 825 11.797844718422109 0.8260960338434915
167 1007 825 12.796293994747092 0.7036867706477475
167 1008 825 13.794967923123291 0.6030759960677087
167 1009 825 14.79382100743417 0.5196741805747672
167 973 826 21.224352522515243 0.2199938422911489
167 974 826 20.2244688434579 0.24897425637056217
167 975 826 19.224597264962387 0.2826468698024494
167 976 826 18.22473977866349 0.3219482674469047
167 977 826 17.224898838599877 0.36804533306717646
167 978 826 16.225077503666952 0.4224047568501726
167 979 826 15.225279636184007 0.48688815633050697
167 980 826 14.225510184172638 0.5638842682743603
167 981 826 13.225775591624089 0.656495857720457
167 982 826 12.22608440998178 0.7688091981941416
167 983 826 11.226448236196502 0.9062913339657721
167 984 826 10.22688320066283 1.0763908906290225
167 985 826 9.227412421692208 1.2894741892614383
167 986 826 8.22807024763399 1.5603359233173681
167 987 826 7.228910014656409 1.9107418165644323
167 988 826 6.230019261607445 2.3739338475005933
167 989 826 5.231552350880167 3.0031420664714705
167 990 826 4.233809159610273 3.889049050682693
167 991 826 3.237458880047728 5.19977591299201
167 992 826 2.2443573690479712 7.287292644039334
167 993 826 1.2621964981729155 11.030547019138536
167 994 826 0.3861864834506908 18.07766063874472
167 995 826 0.839726145835683 13.42280850258047
167 996 826 1.8058626747347348 8.49010031460046
167 997 826 2.7959148771019713 5.90433457761863
167 998 826 3.7911924245545983 4.34460460034969
167 999 826 4.788438158731948 3.31692004552516
167 1000 826 5.786634600525615 2.5997558707392767
167 1001 826 6.78536218635382 2.078619668588296
167 1002 826 7.7844164842331205 1.6883062554582982
167 1003 826 8.783686014424717 1.389000197511788
167 1004 826 9.78310482413433 1.1550809398610222
167 1005 826 10.782631404253808 0.9693733884196678
167 1006 826 11.782238327244976 0.8199789989196344
167 1007 826 12.781906743518377 0.6984286541172474
167 1008 826 13.781623271588895 0.598555952039803
167 973 827 21.262764166495362 0.22005660608452937
167 974 827 20.264775843813307 0.2489351486794473
167 975 827 19.266996133284486 0.28245760783855384
167 976 827 18.26945921476603 0.32154041157831764
167 977 827 17.27220715484849 0.3673212919263614
167 978 827 16.275292316883267 0.42122426801932633
167 979 827 15.27878071051481 0.4850476258721863
167 980 827 14.282756736708762 0.5610845975545321
167 981 827 13.287330055357229 0.652291261256005
167 984 827 10.306364053341007 1.0621940849316556
167 985 827 9.315424842700397 1.2677872064047753
167 986 827 8.326652388565272 1.52658718287307
167 987 827 7.340922285380754 1.8568705606972362
167 988 827 6.359649361403491 2.284957800009174
167 989 827 5.385270652437059 2.8493024829244695
167 990 827 4.422345531502476 3.6059822240474184
167 991 827 3.4803936558958317 4.631969283063491
167 992 827 2.582467811996888 6.001631869601948
167 993 827 1.7958674784070323 7.6153951425889295
167 994 827 1.3345935710919907 8.650483835212304
167 995 827 1.5287707480195036 7.981099161725517
167 996 827 2.212044303353835 6.391581801012232
167 997 827 3.0739453475948775 4.936882658068435
167 998 827 4.000642448407534 3.831167666859209
167 999 827 4.955919692650424 3.015807850028442
167 1000 827 5.925971650286585 2.409947173294468
167 1001 827 6.904573846371719 1.9523395268747006
167 1002 827 7.888544859478229 1.6007180043799396
167 1003 827 8.876099368528973 1.3262059414559648
167 1004 827 9.866161360934681 1.1088358264075187
167 1005 827 10.858044943727231 0.9345490245280635
167 1006 827 11.85129275648866 0.7932583523054915
167 1007 827 12.84558834775584 0.6775948283718869
167 1008 827 13.840705906853184 0.58208547769522
167 974 828 20.354192197186293 0.2460149616744953
167 975 828 19.361021150755438 0.27874779640765895
167 976 828 18.368591127247605 0.316800815201053
167 977 828 17.377029090152305 0.36122720952605936
167 978 828 16.38649260824291 0.41333166852049913
167 979 828 15.39717961186397 0.474741590667898
167 980 828 14.40934210850723 0.5475015469770644
167 984 828 10.481084867512509 1.0159090830201734
167 985 828 9.508372100417597 1.2023319428863086
167 986 828 8.541963474518012 1.4320333759858095
167 987 828 7.5842692462754675 1.7168567544587205
167 988 828 6.639061680689515 2.071563904790299
167 989 828 5.712542341199751 2.5131225829600603
167 990 828 4.815510357168799 3.0567434103937043
167 991 828 3.9680146169085635 3.7029968417946617
167 992 828 3.20953890769376 4.4053224478781505
167 993 828 2.6186141372871443 5.0162769162272784
167 994 828 2.3266155677292573 5.2868550119845725
167 995 828 2.4431823509513517 5.06189074343828
167 996 828 2.9197842386039783 4.4724659519186805
167 997 828 3.6167858659312766 3.7705007907912513
167 998 828 4.431381274501247 3.11554483829679
167 999 828 5.309721273287359 2.5615049176101685
167 1000 828 6.224880721748841 2.110559644551143
167 1001 828 7.162760640981968 1.7481406711516536
167 1002 828 8.11548766248834 1.457192424225147
167 1003 828 9.078388623538897 1.222678259945081
167 1004 828 10.048539197316222 1.0324754052534468
167 1005 828 11.02402558052187 0.8771304919550894
167 1006 828 12.00354697579014 0.7493528163041311
167 1007 828 12.986190357452822 0.6435251918367594
167 1008 828 13.971297004931243 0.5553033286787818
167 985 829 9.800058163092698 1.1049845190329057
167 986 829 8.865502805819863 1.2967215804792382
167 987 829 7.946894991127032 1.5257206598983761
167 988 829 7.050470906258671 1.797212869421425
167 989 829 6.185882313785156 2.1137902447542136
167 990 829 5.368532387906404 2.4709648413195953
167 991 829 4.6235419323285125 2.849445236319356
167 992 829 3.9916337507341675 3.205519748829737
167 993 829 3.5339977362754715 3.468684875253227
167 994 829 3.323422934265243 3.5639252857931245
167 995 829 3.406044626836272 3.458591517999323
167 996 829 3.762597507042213 3.1886141210696124
167 997 829 4.325868698885845 2.829834356432134
167 998 829 5.0268419509668645 2.4516310410182665
167 999 829 5.815938445341422 2.096259130600313
167 1000 829 6.661917141484157 1.782000980842477
167 1001 829 7.545670281691381 1.5128166518628814
167 1002 829 8.455361612610103 1.28589256865203
167 1003 829 9.383450324907175 1.0959338510231809
167 1004 829 10.324976513290506 0.937230626145601
167 1005 829 11.276574834585217 0.8045189344920818
167 1006 829 12.2358955536569 0.6932610973793717
167 1007 829 13.201255243347154 0.5996708684468046
167 985 830 10.18200078570022 0.9902821512366378
167 986 830 9.285964677942724 1.1431914154361364
167 987 830 8.41339051750244 1.3186984401710586
167 988 830 7.572393280859099 1.516789606436329
167 989 830 6.774742799545977 1.7342166750631123
167 990 830 6.03764358007328 1.9622154253410127
167 991 830 5.3860133679745115 2.1840515838530528
167 992 830 4.8543938859552975 2.3741282832857133
167 993 830 4.485659371820404 2.5016630762286223
167 994 830 4.321705681788182 2.5407175083867046
167 995 830 4.385560397486312 2.482422999551886
167 996 830 4.667883888873023 2.3398536065678814
167 997 830 5.132751698650576 2.1409612622114285
167 998 830 5.735951533965435 1.91609522052477
167 999 830 6.438721922866405 1.6891679347382589
167 1000 830 7.212013588450906 1.4751474624324499
167 1001 830 8.035492517574797 1.2814792810138453
167 1002 830 8.895231306717132 1.1105962797399214
167 1003 830 9.781673680919877 0.9620765238880802
167 1004 830 10.688177580860108 0.8341017978824332
167 1005 830 11.61004478888866 0.7243214608515528
167 1006 830 12.543888551800862 0.6303164019523845
167 1007 830 13.487221359494356 0.549823459102271
167 985 831 10.64448871482327 0.8710317075075343
167 986 831 9.790870237113756 0.9893163541151987
167 987 831 8.9675604263367 1.120056229420097
167 988 831 8.183711871760888 1.2612478656054071
167 989 831 7.451787704973896 1.4085396886063004
167 990 831 6.78860368558956 1.5544400130256526
167 991 831 6.216199803738632 1.6879642926068075
167 992 831 5.761695930887037 1.7954136309834332
167 993 831 5.4546438930511565 1.8628790277516944
167 994 831 5.320633420937804 1.8801789656941232
167 995 831 5.3726287792849 1.8445121214608926
167 996 831 5.605456270456528 1.7615675963476622
167 997 831 5.9980946974852305 1.643316777491528
167 998 831 6.521743631882541 1.5039920130863718
167 999 831 7.14766675216469 1.3565292848057684
167 1000 831 7.851441905790335 1.2107012432043682
167 1001 831 8.614008358482165 1.0728218299368004
167 1002 831 9.421100784940188 0.9463215518608922
167 1003 831 10.26221905827393 0.8325757624488588
167 1004 831 11.129651387172947 0.7316538651583882
167 1005 831 12.017701111277512 0.6428802684049064
167 1006 831 12.922118247408232 0.5652106697822352
167 985 832 11.177528349326609 0.7562359856442312
167 986 832 10.367889852809975 0.8460966874176381
167 987 832 9.594224304236382 0.9421361993951846
167 988 832 8.865953981382948 1.0420322916653095
167 989 832 8.195190052707757 1.1420541414287657
167 990 832 7.597179739877174 1.2369080646855422
167 991 832 7.090355421274752 1.319927351333979
167 992 832 6.695456668517862 1.3838003665855019
167 993 832 6.4331283214312105 1.4218714594216062
167 994 832 6.319900315669574 1.429717612041311
167 995 832 6.363736323890268 1.4063832852484113
167 996 832 6.561489160244072 1.354665762869962
167 997 832 6.899937680878031 1.2802982361124886
167 998 832 7.3596970046327685 1.1904561447655737
167 999 832 7.919667922331123 1.0922574733002126
167 1000 832 8.560206773203591 0.9917352533556122
167 1001 832 9.264617639168963 0.8933978165360619
167 1002 832 10.019438107997908 0.8002383177387572
167 1003 832 10.814117624660865 0.7139839435055912
167 1004 832 11.640495693912728 0.6354178553490702
167 1005 832 12.492283218051087 0.5646788555310878
167 1006 832 13.364622703241603 0.501500873017942
167 985 833 11.771539406551721 0.6510521435820261
167 986 833 11.005686711877642 0.7187110147231368
167 987 833 10.280133267618673 0.788957243177292
167 988 833 9.604016867956876 0.8597830347085368
167 989 833 8.988500431106416 0.9284120060280099
167 990 833 8.446842013439122 0.9913471344758993
167 991 833 7.994069051490631 1.044609355388538
167 992 833 7.64598849070546 1.0842020692554473
167 993 833 7.417353975643902 1.1067541401971082
167 994 833 7.319367459009039 1.1101851742770323
167 995 833 7.357250845254665 1.0941681965363939
167 996 833 7.528953446528974 1.060205847735865
167 997 833 7.825671856141207 1.0112879759936553
167 998 833 8.233901869709197 0.9512709874437887
167 999 833 8.73802838173467 0.8842041055086022
167 1000 833 9.322507173502238 0.813791525500208
167 1001 833 9.973221144645331 0.7430755857879147
167 1002 833 10.678068177343727 0.6743292413804814
167 1003 833 11.427035486074276 0.6090954073843462
167 1004 833 12.212008024890944 0.5483037124312606
167 1005 833 13.02647841897421 0.4924114630524394
167 986 834 11.694320843896843 0.608514616709006
167 987 834 11.014224439332995 0.6599841173114017
167 988 834 10.386006932406712 0.7105632879252773
167 989 834 9.819630339274504 0.7583030155248405
167 990 834 9.326367996170875 0.8009434234920678
167 991 834 8.918359714656074 0.8360930940028513
167 992 834 8.607737217178531 0.8614981908410647
167 993 834 8.405304277657082 0.8753623507305944
167 994 834 8.31896267571868 0.8766438620481092
167 995 834 8.352313451972485 0.8652442048114316
167 996 834 8.503948494670025 0.8420264798179479
167 997 834 8.767732888267105 0.8086574603894416
167 998 834 9.133955331618425 0.7673255002702623
167 999 834 9.590888384294788 0.7204184545906863
167 1000 834 10.126259921609792 0.670240022350006
167 1001 834 10.72833351457722 0.6188112110976101
167 1002 834 11.386533274004025 0.5677671629938168
167 1003 834 12.091697151351452 0.5183338628948869
167 1004 834 12.83608741011064 0.4713585411818959
167 1005 834 13.613270731165267 0.4273682771678632
167 986 835 12.42534265121088 0.5147626214680356
167 987 835 11.78749931071049 0.55267426250729
167 988 835 11.202729131778575 0.5891488775625181
167 989 835 10.679753742479289 0.6228501450251739
167 990 835 10.22805651138086 0.6523206083455876
167 991 835 9.857440844357141 0.6760994171386349
167 992 835 9.577324260982317 0.6928745015443555
167 993 835 9.395804382808345 0.7016457156680297
167 994 835 9.318644751250075 0.7018648915509668
167 995 835 9.348429814680141 0.6935181066386321
167 996 835 9.484152044331672 0.6771278228671228
167 997 835 9.721375417089943 0.6536742987094276
167 998 835 10.052916989610564 0.6244576794734645
167 999 835 10.469820437810801 0.5909351487781339
167 1000 835 10.962351025213561 0.5545675189750328
167 1001 835 11.520813339343748 0.5166994025376789
167 1002 835 12.136108931613991 0.47848306463103946
167 1003 835 12.800044531172574 0.4408440525511122
167 1004 835 13.505448530130383 0.4044795909666272
167 987 836 12.592741560121066 0.46388456716303816
167 988 836 12.047121647929036 0.4904732216187099
167 989 836 11.562401999584708 0.5146128595024391
167 990 836 11.146530401878445 0.5353566094306433
167 991 836 10.807457610372595 0.5517944109105294
167 992 836 10.552589255723001 0.5631392574678589
167 993 836 10.388124951116087 0.5688129637802577
167 994 836 10.318388440061783 0.5685154198826613
167 995 836 10.345295549185662 0.56226254761593
167 996 836 10.468101069439514 0.5503842530172491
167 997 836 10.6834984906631 0.5334828545157416
167 998 836 10.9860429636881 0.5123614772155743
167 999 836 11.36877917808244 0.4879375459590502
167 1000 836 11.823922361044193 0.4611572764242152
167 1001 836 12.34346547773359 0.43292361542475827
167 1002 836 12.919641635896909 0.4040444920406869
167 1003 836 13.545225727170477 0.37520273047232877
167 988 837 12.913757779980251 0.41014052762261904
167 989 837 12.462790217282825 0.4276721239297101
167 990 837 12.077960920619033 0.44251675286197967
167 991 837 11.76576134383154 0.45409590833976793
167 992 837 11.532091744345456 0.46192448167351374
167 993 837 11.381789841672559 0.4656572694468909
167 994 837 11.31817741511418 0.46512470145437607
167 995 837 11.342713079329863 0.46035116861830977
167 996 837 11.45483042214073 0.45155235560113544
167 997 837 11.65200154479911 0.43911210933560635
167 998 837 11.930010058671403 0.42354333542590394
167 999 837 12.283368430524296 0.40544001541659325
167 1000 837 12.705791592813135 0.3854280680290941
167 1001 837 13.190645928081041 0.36412158660822597
167 991 838 12.730480745046536 0.37649687095104484
167 992 838 12.514836794780852 0.3819921283431687
167 993 838 12.376475265599682 0.38447872150459683
167 994 838 12.318000649456094 0.383858429633132
167 995 838 12.3405486101713 0.38015589146524276
167 996 838 12.443678716521125 0.3735162831894446
167 997 838 12.625416428775761 0.3641918894399115
167 998 838 12.88243532877231 0.3525198140310695
167 999 838 13.210342160595273 0.33889433890977844
167 994 839 13.317850427152305 0.3192242301305929
167 995 839 13.338708333268288 0.3163131370578617
167 996 839 13.434178054499684 0.31122251513302984
167 997 839 13.602688704811301 0.3041226207533629
