# %ECSV 0.9
# ---
# datatype:
# - name: sexcat_id
#   datatype: int32
# - name: x
#   datatype: int32
# - name: y
#   datatype: int32
# - name: sep
#   datatype: float64
# - name: weight
#   datatype: float64
# schema: astropy-2.0
sexcat_id x y sep weight
425 1331 1160 29.917533220504577 0.013684982151952636
425 1330 1161 28.65035416884048 0.014841179680011194
425 1331 1161 28.975313527207867 0.01629562704026202
425 1332 1161 29.330782362562296 0.01784386552886556
425 1330 1162 27.701133442514504 0.017719764388344408
425 1331 1162 28.037096746988542 0.0194721687370578
425 1332 1162 28.404309426564055 0.02133305490971035
425 1330 1163 26.75561238319907 0.021235711772428924
425 1331 1163 27.103298581537924 0.023353340439836213
425 1332 1163 27.482990994431372 0.02559519681896048
425 1332 1175 17.12993852878633 0.3004607277976362
425 1333 1175 17.78091094404329 0.30721805378014205
425 1334 1175 18.46311983387419 0.3064763357208574
425 1335 1175 19.173231183084365 0.29832233399690894
425 1328 1176 14.037121998472411 0.28669377181940914
425 1329 1176 14.5522092480832 0.31603006876491385
425 1330 1176 15.115978102656747 0.3413207179557654
425 1331 1176 15.723192869134387 0.35999497601955754
425 1332 1176 16.36901933531751 0.3698472602703172
425 1333 1176 17.04907017992473 0.3696045771222732
425 1334 1176 17.75941423583556 0.3592992083527545
425 1335 1176 18.496561680485346 0.3402588732384794
425 1326 1177 12.251481298194031 0.2947183515929145
425 1327 1177 12.68167157751683 0.33463231889999245
425 1328 1177 13.173867845093874 0.3734452890788835
425 1329 1177 13.721399126911162 0.4078307298284289
425 1330 1177 14.31791863365617 0.43400266167269547
425 1331 1177 14.957566446451063 0.44851337523006063
425 1332 1177 15.63505017580688 0.4492301148281047
425 1333 1177 16.34566590873553 0.43604334185965926
425 1334 1177 17.08528003867654 0.41090511684468634
425 1322 1178 10.281283674716784 0.20887829234814548
425 1323 1178 10.413010803797237 0.24713284363395457
425 1324 1178 10.637518225601218 0.2907783938353789
425 1325 1178 10.94910014567399 0.3391945268151986
425 1326 1178 11.340581731110548 0.39073446867128564
425 1327 1178 11.804016011510592 0.4423695763523368
425 1328 1178 12.331293281728342 0.4895695401443009
425 1329 1178 12.914596160933513 0.526734376092112
425 1330 1178 13.5466894110701 0.5483866618542428
425 1331 1178 14.221068665891424 0.5508745071507449
425 1332 1178 14.932005692471423 0.5337558646711716
425 1333 1178 15.674526914710986 0.4999784769077109
425 1334 1178 16.444354471976066 0.454729971150497
425 1321 1179 9.24601503351568 0.2301498413720033
425 1322 1179 9.285192189717888 0.27562065426010496
425 1323 1179 9.430842698295747 0.32876715008244517
425 1324 1179 9.678160672359098 0.3893759693744906
425 1325 1179 10.019620451893296 0.455934865837397
425 1326 1179 10.445994160442487 0.5249324708694215
425 1327 1179 10.94736470571793 0.5903418508278665
425 1328 1179 11.513939117434951 0.6438863706737469
425 1329 1179 12.136589059533938 0.6767242607906784
425 1330 1179 12.807138400126664 0.6824398886065551
425 1331 1179 13.518461229000847 0.6598360897800538
425 1332 1179 14.264459120485403 0.6135069164582386
425 1333 1179 15.039973204763344 0.5517266305594541
425 1320 1180 8.323027934591957 0.2519226628263784
425 1321 1180 8.246138126420039 0.3054802015918323
425 1322 1180 8.290041857554055 0.36968312439661977
425 1323 1180 8.452857150100101 0.44511443403669726
425 1324 1180 8.727931828331299 0.5308621032216781
425 1325 1180 9.105097143907836 0.6232938316806417
425 1326 1180 9.572293037720835 0.7147447575760691
425 1327 1180 10.117054610903258 0.793107129845931
425 1328 1180 10.727571673030154 0.8439074802208169
425 1329 1180 11.393278457055242 0.8555355141205258
425 1330 1180 12.105073068759197 0.8250732108886575
425 1331 1180 12.855302174589259 0.7599566738385949
425 1332 1180 13.637624206583764 0.6738922161939804
425 1333 1180 14.446826433511257 0.5807485587438574
425 1318 1181 7.894985370473973 0.22326776703441606
425 1319 1181 7.553594773351175 0.2735830552157273
425 1320 1181 7.333675340509579 0.33593456387379683
425 1321 1181 7.246295191337323 0.41264842885292624
425 1322 1181 7.296217787319573 0.5056645162931341
425 1323 1181 7.4806947538312665 0.6154786678826949
425 1324 1181 7.790172912073181 0.7392354966896076
425 1325 1181 8.210529459176117 0.8680158305712965
425 1326 1181 8.725754637852187 0.9846002852050273
425 1327 1181 9.320128432591424 1.0650909923089786
425 1328 1181 9.979518725870461 1.0877623068105307
425 1329 1181 10.69190319821496 1.0456661729595231
425 1330 1181 11.447392454179223 0.9514085589659532
425 1331 1181 12.238006128450808 0.8287364034104849
425 1332 1181 13.057365507635897 0.7000740277527315
425 1317 1182 7.490980843654466 0.23780752625885196
425 1318 1182 6.988618890739306 0.2943522516834717
425 1319 1182 6.600514676901976 0.3658999291197054
425 1320 1182 6.347660513921527 0.4562456797607536
425 1321 1182 6.246502541422569 0.5694096774319504
425 1322 1182 6.304347230284729 0.7085394872946358
425 1323 1182 6.5169620222922005 0.8733559639215486
425 1324 1182 6.869992285293992 1.0553741231034304
425 1325 1182 7.343214146407489 1.231642657697975
425 1326 1182 7.915099114982653 1.362852062821538
425 1327 1182 8.565908825104275 1.4068557680437541
425 1328 1182 9.279051352374305 1.3468082973634004
425 1329 1182 10.041254602887008 1.2053487597346781
425 1330 1182 10.842176626489703 1.02589414478023
425 1331 1182 11.673850864217846 0.8455273793273868
425 1332 1182 12.530155386107543 0.6845289053369117
425 1316 1183 7.34157980273989 0.25078715332669027
425 1317 1183 6.680179189213295 0.3133154494808084
425 1318 1183 6.111529595772118 0.3939978706352912
425 1319 1183 5.663637876841935 0.4984587963546179
425 1320 1183 5.366823455266506 0.6336012049406788
425 1321 1183 5.246788922760171 0.8068869653447243
425 1322 1183 5.3155238688203585 1.0236694203648304
425 1323 1183 5.566039345890313 1.2802361300291683
425 1324 1183 5.975516212010405 1.5503427036926545
425 1325 1183 6.5140459009742395 1.7713870165982464
425 1326 1183 7.152537591652308 1.8586969631003605
425 1327 1183 7.8666888841493865 1.7694087194809394
425 1328 1183 8.6377539904769 1.547293077841128
425 1329 1183 9.45181432318683 1.2770586921648686
425 1330 1183 10.298679235707842 1.0208678694889006
425 1331 1183 11.170890474801011 0.8046032724173038
425 1315 1184 7.462090457773772 0.26159220003405065
425 1316 1184 6.663992346934268 0.3294852256637178
425 1317 1184 5.927461007885131 0.4186330418634132
425 1318 1184 5.278332501841724 0.5367241905461271
425 1319 1184 4.752556575149719 0.6942345812653229
425 1320 1184 4.394632407835602 0.9047484870306015
425 1321 1184 4.247210143140913 1.1835395343124744
425 1322 1184 4.33183494607068 1.5402634450862764
425 1323 1184 4.635816432948924 1.956549359232543
425 1324 1184 5.120233783725055 2.3425434481883283
425 1325 1184 5.739581343617277 2.524124077866137
425 1326 1184 6.455137024107205 2.3835520926894582
425 1327 1184 7.238424828648823 2.0140816804332564
425 1328 1184 8.069745596981347 1.5944713484104427
425 1329 1184 8.935703329900784 1.2274913198022583
425 1330 1184 9.827145770771901 0.9383616625936143
425 1331 1184 10.737727599450462 0.7194425896231404
425 1314 1185 7.840076147589287 0.2696528466070865
425 1315 1185 6.942102995490531 0.3418991366422204
425 1316 1185 6.076083771640967 0.4381495996448396
425 1317 1185 5.257831682357169 0.5681517288138068
425 1318 1185 4.513401599680549 0.7462473813312902
425 1319 1185 3.8854593036086547 0.9934600528024446
425 1320 1185 3.4384290017388994 1.3394495019140367
425 1321 1185 3.247890700131283 1.8202029449487809
425 1322 1185 3.3577960033330476 2.4543342423623313
425 1323 1185 3.741763487982572 3.1506730756552286
425 1324 1185 4.3274465912359465 3.5582064740991384
425 1325 1185 5.045076213497644 3.3175576175836463
425 1326 1185 5.846263251000577 2.6553325396649465
425 1327 1185 6.701103938904391 1.985348098484151
425 1328 1185 7.591494846207832 1.460770731816387
425 1329 1185 8.506279680330302 1.0801814572138035
425 1330 1185 9.438368185232036 0.8083219738835269
425 1313 1186 8.441018540436847 0.2745084481908274
425 1314 1186 7.481764096788852 0.3497400183150713
425 1315 1186 6.534737485163334 0.4510560137399479
425 1316 1186 5.606138956536747 0.5899353005636625
425 1317 1186 4.706887931531729 0.7842040155312004
425 1318 1186 3.8575632204798866 1.0622757215825236
425 1319 1186 3.099482860091223 1.4703541068224302
425 1320 1186 2.51650432147441 2.082959774065374
425 1321 1186 2.249176293668305 3.0052675582526387
425 1322 1186 2.405159869946197 4.272561702238211
425 1323 1186 2.917326515835984 5.296020487900389
425 1324 1186 3.6382405088173915 4.82485085948279
425 1325 1186 4.467974261340361 3.519503449591591
425 1326 1186 5.3561921175402265 2.4369142978586384
425 1327 1186 6.278120260077866 1.7042527184500118
425 1328 1186 7.220858259237629 1.219013374213393
425 1329 1186 8.177211872025843 0.8918449637208543
425 1330 1186 9.142909493153725 0.6656978435590821
425 1312 1187 9.221431233816077 0.27586653661804356
425 1313 1187 8.231694479267244 0.3524556698269727
425 1314 1187 7.244777015201981 0.45627513625805394
425 1315 1187 6.262011976992621 0.599888248581548
425 1316 1187 5.285716034748665 0.8034501149244425
425 1317 1187 4.3202770744478025 1.1007437331114884
425 1318 1187 3.375025036944078 1.5515053663602822
425 1319 1187 2.473215316142023 2.2683448221531815
425 1320 1187 1.6860587178386166 3.477810289914027
425 1321 1187 1.2525150697695069 5.621793615376741
425 1322 1187 1.5148577490971968 8.58521846307408
425 1323 1187 2.2407128330064827 7.416099935320664
425 1324 1187 3.1219855861294508 4.569964709852685
425 1325 1187 4.058668993648061 2.8872733421629713
425 1326 1187 5.019840037292052 1.9239223622651398
425 1327 1187 5.9937295567952 1.3378945547354881
425 1328 1187 6.975012114684856 0.9613962505080743
425 1329 1187 7.960954339776143 0.708868946749706
425 1311 1188 10.13996025633231 0.27364326812163886
425 1312 1188 9.140284131251004 0.3498482126139096
425 1313 1188 8.140687563099263 0.4533503427811509
425 1314 1188 7.14120396011759 0.596943237484022
425 1315 1188 6.141888471797518 0.8013921115379358
425 1316 1188 5.142839099174634 1.1021512512125842
425 1317 1188 4.144248303371732 1.5639087797329512
425 1318 1188 3.1465527168632645 2.3160106820378226
425 1319 1188 2.1509983728491533 3.6548856225072575
425 1320 1188 1.1630967285655214 6.436243880910114
425 1321 1188 0.28070268969130147 14.693372002857974
425 1322 1188 0.8971031155893083 11.208901781907093
425 1323 1188 1.8790407127042663 5.431298476880766
425 1324 1188 2.8734637634743665 3.201779710877324
425 1325 1188 3.870761423802865 2.0704860853356823
425 1326 1188 4.869167690683953 1.4166368999114758
425 1327 1188 5.868116733671937 1.0078001900372338
425 1328 1188 6.867371695197568 0.7380490172926323
425 1329 1188 7.866816001407484 0.5528890152869335
425 1310 1189 11.162562161081071 0.26797543269577384
425 1311 1189 10.165077176293302 0.3421077071635297
425 1312 1189 9.168140160359632 0.44253903311616566
425 1313 1189 8.17195166407629 0.5814206152337204
425 1314 1189 7.176823392002855 0.7783150335850568
425 1315 1189 6.18326725930551 1.0662403354558814
425 1316 1189 5.192185859539274 1.504398265425218
425 1317 1189 4.20532923800262 2.2077793293218564
425 1318 1189 3.226576203966026 3.4255298330001107
425 1319 1189 2.2664496464735158 5.780864730632211
425 1320 1189 1.3648421154111696 10.684326517708502
425 1321 1189 0.7673291340749088 9.930120137775502
425 1322 1189 1.1466446703317736 5.384924422180349
425 1323 1189 2.010172629402852 3.2310099264309735
425 1324 1189 2.9608772348749093 2.0994680156617704
425 1325 1189 3.9360886677005387 1.4386361562597971
425 1326 1189 4.921259391659894 1.023832944621951
425 1327 1189 5.91141218322668 0.7497318885539448
425 1310 1190 11.274430983424358 0.3297798486899311
425 1311 1190 10.28779830673207 0.424759486766601
425 1312 1190 9.304020313821297 0.5549462424191867
425 1313 1190 8.32410920159025 0.737289141892288
425 1314 1190 7.349611826484415 0.9993195617439351
425 1315 1190 6.38300822496726 1.3875232395914558
425 1316 1190 5.428516740326017 1.9833169453118642
425 1317 1190 4.493861813629778 2.930235004623577
425 1318 1190 3.594550597779927 4.43675977568996
425 1319 1190 2.7652837105801895 6.313068988404217
425 1320 1190 2.091122664981721 6.347765009030987
425 1321 1190 1.760339171864436 4.480051166804075
425 1322 1190 1.9557080559225808 2.9584713199681367
425 1323 1190 2.5594518944493942 2.0008696732348046
425 1324 1190 3.358093804526715 1.3987601631537896
425 1325 1190 4.242969950400405 1.0067825462932825
425 1326 1190 5.169989748539249 0.7424113432867394
425 1309 1191 12.445754055098439 0.3136775291554814
425 1310 1191 11.472697764693331 0.40141060248177585
425 1311 1191 10.50470342275304 0.5200561477260205
425 1312 1191 9.5433114797747 0.6832191534423125
425 1313 1191 8.590738850646066 0.911687744831212
425 1314 1191 7.650280648446813 1.2373575811925153
425 1315 1191 6.72701969671562 1.707572233764446
425 1316 1191 5.829133211721964 2.3814050571414627
425 1317 1191 4.970391735064766 3.273874614462819
425 1318 1191 4.175020239471929 4.122144167334278
425 1319 1191 3.486659432752267 4.211649464809499
425 1320 1191 2.9804016507847515 3.43785762713522
425 1321 1191 2.758404248836741 2.520588448609365
425 1322 1191 2.887004329750944 1.8070555271453776
425 1323 1191 3.325777202399585 1.3061499572029416
425 1324 1191 3.973259870685647 0.9595292874570245
425 1325 1191 4.744764904608134 0.7170381481230056
425 1308 1192 13.6631180189589 0.29476147032088634
425 1309 1192 12.704597356862571 0.3741266417603268
425 1310 1192 11.752990853395554 0.4796560921176476
425 1311 1192 10.810124606127335 0.6215468483180859
425 1312 1192 9.878501607025216 0.8141693009780016
425 1313 1192 8.961628981385019 1.0769202003906155
425 1314 1192 8.064539292482864 1.4325556942278406
425 1315 1192 7.194636474485708 1.8953286212471312
425 1316 1192 6.363080543258921 2.4297092177947834
425 1317 1192 5.587020135993815 2.870410897167897
425 1318 1192 4.892933067189911 2.944879177709129
425 1319 1192 4.320508534883432 2.593324676397623
425 1320 1192 3.9233651372260385 2.0627040701609123
425 1321 1192 3.7574983699265663 1.5687843584872212
425 1322 1192 3.8528942368044463 1.1793455589665536
425 1323 1192 4.191753093873854 0.8894003481305676
425 1324 1192 4.721948114920488 0.676728595401072
425 1308 1193 13.971069894607197 0.34453943524506625
425 1309 1193 13.035213615434143 0.4365280927918358
425 1310 1193 12.10961576599356 0.5571701706698843
425 1311 1193 11.196820709469268 0.7156259919716915
425 1312 1193 10.30023271581764 0.9223487710857735
425 1313 1193 9.424478447107836 1.1856949919007622
425 1314 1193 8.575942747010396 1.501821592741914
425 1315 1193 7.763555499898248 1.8331998704595973
425 1316 1193 6.999913856612841 2.0862078326479985
425 1317 1193 6.302760823639159 2.1422463898014796
425 1318 1193 5.696559839060824 1.9688655094985672
425 1319 1193 5.213136675745304 1.6590613314668137
425 1320 1193 4.889048373661372 1.3280178796842104
425 1321 1193 4.756973197317914 1.03812174004458
425 1322 1193 4.832679794896527 0.8055879252648176
425 1323 1193 5.106935871929591 0.6258817773865074
425 1307 1194 15.263511850160816 0.3141001594822409
425 1308 1194 14.342272971882796 0.39300370417346653
425 1309 1194 13.432304121035969 0.4938578268293789
425 1310 1194 12.536059747783591 0.6220421013517305
425 1311 1194 11.656705966953105 0.7823737208567954
425 1312 1194 10.798369969583383 0.9760070895489724
425 1313 1194 9.966483532319728 1.193945485304157
425 1314 1194 9.168249233087005 1.4074375246591422
425 1315 1194 8.413251095741797 1.5636298013890617
425 1316 1194 7.714194319564466 1.605322307087799
425 1317 1194 7.0876508096830495 1.514325420576141
425 1318 1194 6.5544484131009 1.3287151428934059
425 1319 1194 6.138957077549982 1.1084860325443726
425 1320 1194 5.866241897501426 0.8977977707538878
425 1321 1194 5.756630438025463 0.7166598794567617
425 1322 1194 5.819346526887822 0.569136835941014
425 1306 1195 16.575849721809128 0.2839798946726925
425 1307 1195 15.667954365519446 0.35082592729295
425 1308 1195 14.771959721039046 0.43412756685353854
425 1309 1195 13.890168969454622 0.5367451066757052
425 1310 1195 13.025467131738509 0.6602877488934844
425 1311 1195 12.181493914951496 0.8028614667961224
425 1312 1195 11.362869091915142 0.9554141628286963
425 1313 1195 10.575480792852899 1.0978796549047432
425 1314 1195 9.82684048919085 1.1997020033857055
425 1315 1195 9.126488590909473 1.2309673164190051
425 1316 1195 8.48638874904991 1.1810222056782207
425 1317 1195 7.921161152255458 1.066548308144543
425 1318 1195 7.447871776554771 0.9192326486743619
425 1319 1195 7.084969583562179 0.7676873915784788
425 1306 1196 17.007903868495966 0.31115610544764055
425 1307 1196 16.12435406458194 0.3794087675380559
425 1308 1196 15.255189084373887 0.46109493977297317
425 1309 1196 14.403013365264934 0.5561711906465189
425 1310 1196 13.571027742953016 0.6617953567176939
425 1311 1196 12.763181186522447 0.7704247759946292
425 1312 1196 11.984356219672405 0.8684672104052223
425 1313 1196 11.240586906385305 0.9377038698767421
425 1314 1196 10.539297604679398 0.9614455606393637
425 1315 1196 9.889529513581573 0.9331876844082515
425 1316 1196 9.302085465098733 0.8606259527030464
425 1305 1197 18.35899763058975 0.27466255105729154
425 1306 1197 17.486531788779622 0.33031329465182585
425 1307 1197 16.628433299622678 0.395196958841424
425 1308 1197 15.787045132006194 0.4685249174556527
425 1309 1197 14.965186066334109 0.5474498598226922
425 1310 1197 14.16625546854216 0.6261366910131928
425 1311 1197 13.394356796800688 0.6954262008791123
425 1312 1197 12.654437719630252 0.7441104595919472
425 1313 1197 11.952438830632056 0.7623763590419708
425 1314 1197 11.295432439707703 0.7461041095351507
425 1315 1197 10.691716139142548 0.6989757055957332
425 1304 1198 19.718945052918023 0.24163796858008568
425 1305 1198 18.856372768907605 0.2869036104155235
425 1306 1198 18.00802026875804 0.33845714576422564
425 1307 1198 17.17599470190884 0.39525499338441383
425 1308 1198 16.36278686532342 0.45480274935035586
425 1309 1198 15.571345285491578 0.5127325229795056
425 1310 1198 14.805161059576518 0.5628373495290342
425 1311 1198 14.068361453986068 0.598016633552205
425 1312 1198 13.36580689670478 0.6122447807738228
425 1313 1198 12.703180467898628 0.6028283576454286
425 1303 1199 21.086033149931268 0.21211278948247764
425 1304 1199 20.23232052929175 0.2489095922847417
425 1305 1199 19.39259637078028 0.2899544828741995
425 1306 1199 18.568758547625112 0.33419309623648225
425 1307 1199 17.763017592740283 0.37957158714796
425 1308 1199 16.97795022963611 0.42286550713391075
425 1309 1199 16.216559252813187 0.4598239743843236
425 1303 1200 21.613208785370126 0.21588440023684202
425 1304 1200 20.781164404335012 0.2486661961155171
425 1305 1200 19.964538411894242 0.2833375095525969
425 1306 1200 19.165301823869115 0.3182605190572234
454 2118 1161 14.022911145692861 0.16566924635188315
454 2119 1161 13.601986509330075 0.17335344782425424
454 2120 1161 13.243339344742234 0.17841698139433007
454 2121 1161 12.952144108216135 0.18046812282924704
454 2117 1162 13.64653937817192 0.18694359035160507
454 2118 1162 13.137733328089634 0.20089846485983093
454 2119 1162 12.687475596035542 0.21236463960173557
454 2120 1162 12.302196429906235 0.22044512453005155
454 2121 1162 11.98816236960436 0.22444189490906422
454 2122 1162 11.751086630605629 0.22398909496176714
454 2123 1162 11.59569044947297 0.21912886529425635
454 2124 1162 11.525278174517045 0.21030240528695368
454 2125 1162 11.5414053303746 0.19825959293371573
454 2115 1163 14.05140694023187 0.18106039170071866
454 2116 1163 13.409475642246292 0.20268927181097887
454 2117 1163 12.81350994068358 0.22409965711004987
454 2118 1163 12.270209329917613 0.24408142950423944
454 2119 1163 11.786858656995829 0.26121477129045084
454 2120 1163 11.371105355241319 0.27404581286551105
454 2121 1163 11.030595496164208 0.2813362049987886
454 2122 1163 10.772466616332512 0.2823234373231961
454 2123 1163 10.602737240920323 0.2769009156809138
454 2124 1163 10.525684633314786 0.2656442767039943
454 2125 1163 10.543340884178948 0.2496725847195386
454 2126 1163 10.655235192148487 0.23040258604109484
454 2127 1163 10.858454632220917 0.20928724601422063
454 2113 1164 14.787022587390465 0.1583511941589528
454 2114 1164 14.036667588854419 0.18293651865135888
454 2115 1164 13.319160521594311 0.20991576648767085
454 2116 1164 12.640096399948725 0.23867944725519186
454 2117 1164 12.00600004164572 0.2681565764229602
454 2118 1164 11.424361557653771 0.2967525054128678
454 2119 1164 10.903579091289135 0.32239566343467624
454 2120 1164 10.45275260397939 0.3427548827988746
454 2121 1164 10.081271596380995 0.35564061742395725
454 2122 1164 9.798164981260445 0.35950512156066666
454 2123 1164 9.611245340745329 0.35385909195097914
454 2124 1164 9.526176410291754 0.33941346481426254
454 2125 1164 9.545681589074684 0.3178749506594267
454 2126 1164 9.669128037212026 0.2914973353081091
454 2127 1164 9.892625384598368 0.26258831249442666
454 2128 1164 10.209605134382048 0.23314001903782833
454 2113 1165 14.163828472556277 0.17669968851264195
454 2114 1165 13.378566328272854 0.20708083557249427
454 2115 1165 12.623709320164043 0.241419717448175
454 2116 1165 11.90504250307393 0.2792790467245807
454 2117 1165 11.229516329744442 0.31957468419812685
454 2118 1165 10.605377739618584 0.36036703328853514
454 2119 1165 10.042212754169157 0.3987688775331637
454 2120 1165 9.550813420855732 0.4311249762997311
454 2121 1165 9.142758719336209 0.4535900767927811
454 2122 1165 8.82961137310123 0.4630564216936737
454 2123 1165 8.621718912142688 0.45810263319066985
454 2124 1165 8.526783508451425 0.4394809289176624
454 2125 1165 8.548569295501995 0.4098552905146201
454 2126 1165 8.686198075107416 0.3729479067905161
454 2127 1165 8.934317937033587 0.33255674732052215
454 2128 1165 9.284074374971388 0.2918489897012716
454 2129 1165 9.724507031207324 0.2530639107036313
454 2112 1166 14.429138470469944 0.16357469676865533
454 2113 1166 13.585729167033913 0.19480241929300066
454 2114 1166 12.764953466425025 0.23166861551056886
454 2115 1166 11.971467620972652 0.27462789394189235
454 2116 1166 11.211067611962603 0.3237031382207789
454 2117 1166 10.490950242947356 0.3781247697975034
454 2118 1166 9.819981517294087 0.4358727495554494
454 2119 1166 9.208910739061258 0.4932484729123755
454 2120 1166 8.67041158192609 0.5447693997255263
454 2121 1166 8.21876128136098 0.5837971045097993
454 2122 1166 7.868928580181592 0.6041249361683277
454 2123 1166 7.634922199996472 0.6020936772734957
454 2124 1166 7.527551859668539 0.5780824890291708
454 2125 1166 7.552220666797255 0.5363466329986368
454 2126 1166 7.707660929231376 0.4833206616877301
454 2127 1166 7.986240479725123 0.42552708158520086
454 2128 1166 8.375681285722402 0.368151580875331
454 2129 1166 8.86137895589624 0.3145729877864081
454 2130 1166 9.428469494037781 0.26655467349789014
454 2112 1167 13.934060319949666 0.17556536937044168
454 2113 1167 13.058714982723073 0.211677667265208
454 2114 1167 12.202542235124465 0.25541154729512694
454 2115 1167 11.369874097807621 0.3079549225568342
454 2116 1167 10.566268830575765 0.3702154504422133
454 2117 1167 9.798879374703889 0.4423367342463778
454 2118 1167 9.076895779945783 0.5229166342694084
454 2119 1167 8.412017415578612 0.6079635044034917
454 2120 1167 7.818825806986505 0.6899510549126348
454 2121 1167 7.314782088346751 0.7578716114781419
454 2122 1167 6.919395710609328 0.7994535593008301
454 2123 1167 6.652070128914687 0.8056466555618338
454 2124 1167 6.528555506388788 0.7749982365406964
454 2125 1167 6.556983834050505 0.7144301154564755
454 2126 1167 6.7354314635366865 0.6357182581512848
454 2127 1167 7.05251990426119 0.5506592428181883
454 2128 1167 7.4906633217626695 0.46801331597506557
454 2129 1167 8.030070796699171 0.39285424629310656
454 2130 1167 8.651822755928437 0.3273128541978329
454 2131 1167 9.339488048067809 0.27165173806801673
454 2112 1168 13.495037495316412 0.18548178787786215
454 2113 1168 12.58920319162401 0.22618753396985491
454 2114 1168 11.698719459838177 0.27667448500259406
454 2115 1168 10.827374427810131 0.3391368227943638
454 2116 1168 9.980182212765309 0.4158800285439136
454 2117 1168 9.163844007838488 0.5088456359126109
454 2118 1168 8.387373665218313 0.6185947584662355
454 2119 1168 7.662900038497041 0.7424702731842383
454 2120 1168 7.006570987294587 0.8719548328884574
454 2121 1168 6.439257488251153 0.9903917891627646
454 2122 1168 5.986320823343738 1.0742661482696176
454 2123 1168 5.675212507034352 1.1014798409305138
454 2124 1168 5.529921970516351 1.0638157164243975
454 2125 1168 5.563455490969595 0.9725069757661658
454 2126 1168 5.772697549672946 0.8507428490301319
454 2127 1168 6.13970984656444 0.7212687244506057
454 2128 1168 6.638376081542883 0.5993349270920115
454 2129 1168 7.2415493507951 0.492294524723246
454 2130 1168 7.925404532262138 0.4021061100169605
454 2131 1168 8.670872908767695 0.32787818151635323
454 2132 1168 9.46340514825408 0.2675569691184832
454 2112 1169 13.117699379083055 0.192589312102014
454 2113 1169 12.18384327706148 0.2371725399140793
454 2114 1169 11.261351473069142 0.2936441298217719
454 2115 1169 10.35326214291886 0.36538896124127124
454 2116 1169 9.463722153571348 0.45656660554731254
454 2117 1169 8.598490390760313 0.5719165484900919
454 2118 1169 7.765696169693851 0.7159302021477654
454 2119 1169 6.976964741203587 0.890619544132759
454 2120 1169 6.249002880460076 1.090741064506145
454 2121 1169 5.6055362812133 1.2961090799561723
454 2122 1169 5.0787830235203915 1.465517171513356
454 2123 1169 4.708082093591745 1.5459221754122312
454 2124 1169 4.531891106370444 1.5053366255544518
454 2125 1169 4.572749391777317 1.3604812683244882
454 2126 1169 4.82514631902496 1.1617014610336296
454 2127 1169 5.258710583403542 0.9565272346807698
454 2128 1169 5.833184121901239 0.7720201677512377
454 2129 1169 6.511377504031003 0.6175530798060923
454 2130 1169 7.264298796167551 0.49288817817049396
454 2131 1169 8.071061702155523 0.3940255411326812
454 2132 1169 8.91706437119313 0.3161673756734091
454 2133 1169 9.792141594156112 0.2549140689616499
454 2112 1170 12.807499248487037 0.19630756301112304
454 2113 1170 11.849220944855249 0.24363879456561105
454 2114 1170 10.89844195286632 0.30462340081725336
454 2115 1170 9.957310731316811 0.3838297851691935
454 2116 1170 9.028844721225258 0.4874475428333943
454 2117 1170 8.117391021750617 0.6237008883252774
454 2118 1170 7.229387041789769 0.8029600787943292
454 2119 1170 6.374640146706175 1.0365921231872721
454 2120 1170 5.568486059962655 1.331998711991526
454 2121 1170 4.8352907875327125 1.678580912056193
454 2122 1170 4.213316627076467 2.020599534434537
454 2123 1170 3.7581959767951583 2.2397033583936117
454 2124 1170 3.5349734086693796 2.219661895330648
454 2125 1170 3.587204621986305 1.9725319729487236
454 2126 1170 3.9038489981043334 1.623548818407204
454 2127 1170 4.428547956159051 1.2827041483344166
454 2128 1170 5.097453972327833 0.9967919336897402
454 2129 1170 5.8614023066158065 0.7721870890885049
454 2130 1170 6.687902286965728 0.6002723327729571
454 2131 1170 7.556456643162965 0.46965225480849687
454 2132 1170 8.454113614093556 0.3702612845927454
454 2133 1170 9.372514977315442 0.29420861365159146
454 2134 1170 10.306116484884235 0.23558204181087877
454 2112 1171 12.569408776867594 0.19631462223340038
454 2113 1171 11.591463971388446 0.24495307484957524
454 2114 1171 10.617628595877552 0.30839121204253495
454 2115 1171 9.649146957114759 0.3921248002659545
454 2116 1171 8.687809677933632 0.5040797265960619
454 2117 1171 7.736280566266816 0.6558060410341976
454 2118 1171 6.798679062876693 0.8641723042234439
454 2119 1171 5.881669575894093 1.1533366364767033
454 2120 1171 4.9966025457302985 1.5551472250223224
454 2121 1171 4.163896852708866 2.0996307441829303
454 2122 1171 3.42199313266393 2.767374806586418
454 2123 1171 2.842892365180117 3.3617648743957065
454 2124 1171 2.5404796791156774 3.4761990442765645
454 2125 1171 2.6126685591555607 3.003932196431129
454 2126 1171 3.0328265693903917 2.3255508580355517
454 2127 1171 3.68375311333436 1.7298626501147718
454 2128 1171 4.46565079243786 1.2803093200264366
454 2129 1171 5.321093590607215 0.9553752972371097
454 2130 1171 6.219810045331086 0.721713260664949
454 2131 1171 7.1454906759439405 0.5522831601810585
454 2132 1171 8.088883544717534 0.4278610663510152
454 2133 1171 9.044447854899843 0.33524148339801574
454 2134 1171 10.008698067181498 0.2653819624181558
454 2112 1172 12.407579820416075 0.1926098665111838
454 2113 1172 11.415780174828022 0.24098223762474108
454 2114 1172 10.425547323761798 0.30450567059789707
454 2115 1172 9.437374475986267 0.3891373260355908
454 2116 1172 8.451984204906998 0.5037766832260175
454 2117 1172 7.470477695569253 0.6620774209369291
454 2118 1172 6.494616000965568 0.8856185195072327
454 2119 1172 5.527389709437745 1.2095939278713077
454 2120 1172 4.574279943335189 1.6929977755985903
454 2121 1172 3.646373129562975 2.434746029070196
454 2122 1172 2.769122063037161 3.578899929891243
454 2123 1172 2.009984328296985 5.13514134382257
454 2124 1172 1.5530734045755143 6.016344745259427
454 2125 1172 1.668543376721168 4.9094615041515075
454 2126 1172 2.2706908640324373 3.387349922804287
454 2127 1172 3.0867518526763167 2.3088993945260263
454 2128 1172 3.987485046994029 1.6116922583210134
454 2129 1172 4.926665911141253 1.1557464665037318
454 2130 1172 5.88591853494436 0.848877622556131
454 2131 1172 6.856824119080339 0.6363132892660042
454 2132 1172 7.835051818590746 0.48527580316844643
454 2133 1172 8.818165171961935 0.37557854812269165
454 2134 1172 9.804694640834194 0.2943929549307221
454 2135 1172 10.79370358125528 0.23332414389299624
454 2112 1173 12.325016713984459 0.1855140927142702
454 2113 1173 11.325989449050205 0.23212395380510692
454 2114 1173 10.327150478229552 0.2934222872545676
454 2115 1173 9.328560285488708 0.3752830288529951
454 2116 1173 8.330308337630575 0.4865892477179953
454 2117 1173 7.332532782060901 0.6412241093433615
454 2118 1173 6.335458704782004 0.8617776573897118
454 2119 1173 5.3394790944434245 1.1869161951174272
454 2120 1173 4.345346591469853 1.6873126611331564
454 2121 1173 3.354703712699375 2.5040853017457216
454 2122 1173 2.371926853846734 3.9562043256021564
454 2123 1173 1.4135193666871226 6.894363356635845
454 2124 1173 0.6083066660820533 12.687619087910052
454 2125 1173 0.8614156952367197 8.71436669775678
454 2126 1173 1.7646634239991656 4.777021411239181
454 2127 1173 2.7360623165419238 2.932642891421124
454 2128 1173 3.722638446048858 1.9371564254455118
454 2129 1173 4.714874017405062 1.3436595012538888
454 2130 1173 5.709819349156473 0.9653531000738803
454 2131 1173 6.706268485529188 0.7123756147203697
454 2132 1173 7.703637906859476 0.5369693868673475
454 2133 1173 8.701611172650875 0.4118360631778628
454 2134 1173 9.700001907216453 0.32048257414033493
454 2135 1173 10.6986932379615 0.2524995345724928
454 2113 1174 11.324135154615414 0.21921636170758552
454 2114 1174 10.325116803213268 0.2763721928537973
454 2115 1174 9.32630886256708 0.35239753450581096
454 2116 1174 8.32778704098499 0.4552860230933528
454 2117 1174 7.329668273530382 0.5974256652867684
454 2118 1174 6.332143160099759 0.7987663940268057
454 2119 1174 5.335544676975206 1.0930161839467856
454 2120 1174 4.340511145014922 1.5407658004715052
454 2121 1174 3.3484379940502187 2.2603550870592652
454 2122 1174 2.3630567068945574 3.511537432428891
454 2123 1174 1.3985839266914404 5.96930048539556
454 2124 1174 0.572745144021271 11.512563993348765
454 2125 1174 0.8366821379713115 10.552463475980279
454 2126 1174 1.7527227390550233 5.534303903384351
454 2127 1174 2.7283762570438927 3.3028465278820707
454 2128 1174 3.7169930051052207 2.1448697510631685
454 2129 1174 4.710417922010895 1.4707672681783772
454 2130 1174 5.706140289197395 1.0478822669365682
454 2131 1174 6.703136355468389 0.7683288445293244
454 2132 1174 7.700911439563653 0.5761837341813965
454 2133 1174 8.699197491723165 0.44005364016768306
454 2134 1174 9.697836717536696 0.34123001021397564
454 2135 1174 10.69673020132803 0.26803216519231454
454 2136 1174 11.695812797749609 0.21288942846474956
454 2114 1175 10.419502723258775 0.25505698994592413
454 2115 1175 9.430696527828543 0.3231901629854776
454 2116 1175 8.444527044186527 0.41434654015743294
454 2117 1175 7.462039734549658 0.5384364629781503
454 2118 1175 6.484908403362243 0.710798138843447
454 2119 1175 5.515980148622594 0.9559230865218548
454 2120 1175 4.560486487207131 1.314225851139339
454 2121 1175 3.629054560074722 1.8542472600754898
454 2122 1175 2.746276934323892 2.6912733927664862
454 2123 1175 1.9783925293024465 3.9824999767254385
454 2124 1175 1.5119646159880957 5.617210032926106
454 2125 1175 1.6303487357005335 6.054044490388733
454 2126 1175 2.242774397927849 4.5946192743810395
454 2127 1175 3.0662741234274744 3.116274680291649
454 2128 1175 3.9716541893776736 2.1262949298322136
454 2129 1175 4.913861719666267 1.4911520558943159
454 2130 1175 5.8752052730097715 1.0745729969350035
454 2131 1175 6.847630027973336 0.7927734092536485
454 2132 1175 7.827006899192208 0.5965691955875563
454 2133 1175 8.811017932112197 0.4565016276360098
454 2134 1175 9.798267040655864 0.3543484682371722
454 2135 1175 10.787865266122084 0.27846932365293886
454 2115 1176 9.638259023288253 0.29056088097400273
454 2116 1176 8.6757153595538 0.36858922446955583
454 2117 1176 7.722696226059784 0.47263651614061436
454 2118 1176 6.783217304494847 0.6132908026965789
454 2119 1176 5.863790327083551 0.8060889291016988
454 2120 1176 4.975543889867611 1.0736182002296726
454 2121 1176 4.138603266803816 1.4470001522040037
454 2122 1176 3.391170446910553 1.961055804878888
454 2123 1176 2.805715060372278 2.6213051534992937
454 2124 1176 2.4988071154052918 3.2929106933200036
454 2125 1176 2.572165818916116 3.58238104809069
454 2126 1176 2.9980055036641797 3.224185717352734
454 2127 1176 3.655138437870857 2.5381597818416446
454 2128 1176 4.44207575351899 1.8924172298393185
454 2129 1176 5.3013240798881185 1.3963719406715143
454 2130 1176 6.20290552886322 1.0373086014008264
454 2131 1176 7.130780953023463 0.78002675837536
454 2132 1176 8.075892334596995 0.5943828039429069
454 2133 1176 9.03283106229729 0.4587307628853414
454 2134 1176 9.998201688303906 0.3582190673989787
454 2135 1176 10.969778347806459 0.28272440012484296
454 2115 1177 9.942536748737593 0.25705611902960207
454 2116 1177 9.012548862558127 0.32210766713161537
454 2117 1177 8.099261509545059 0.40682428462410825
454 2118 1177 7.20902469131563 0.5179443183562255
454 2119 1177 6.351538160162364 0.6643941818083783
454 2120 1177 5.542024630042617 0.8572891515688663
454 2121 1177 4.80479312770064 1.108290146022594
454 2122 1177 4.178281584575123 1.4231225839158754
454 2123 1177 3.7188757709823945 1.7841275768280251
454 2124 1177 3.4931414228456594 2.1198321080673774
454 2125 1177 3.545988860670673 2.2973141991361317
454 2126 1177 3.8660104759300373 2.215498859532025
454 2127 1177 4.395228890513109 1.923792727715169
454 2128 1177 5.068534008961703 1.560185848091964
454 2129 1177 5.836269099347775 1.2231203990775088
454 2130 1177 6.665886062632784 0.947277988541345
454 2131 1177 7.536977975289718 0.7331068133489327
454 2132 1177 8.436707710949964 0.5700408993962519
454 2133 1177 9.35681767482956 0.44639306287890523
454 2134 1177 10.291843226555832 0.3523378620315995
454 2135 1177 11.2380619770494 0.2803282768077507
454 2115 1178 10.334990904688672 0.22458840534157054
454 2116 1178 9.443730036378522 0.2777939639529469
454 2117 1178 8.57648162127094 0.34541389836039826
454 2118 1178 7.741320107061747 0.4314799993990512
454 2119 1178 6.949822803496416 0.5407426861377156
454 2120 1178 6.218684507192746 0.6780909685411357
454 2121 1178 5.57171759873016 0.8468117344016634
454 2122 1178 5.041432038617567 1.0445609766634738
454 2123 1178 4.667765739623185 1.2561051978975826
454 2124 1178 4.48999298440435 1.4453411651455257
454 2125 1178 4.531229082710405 1.5583242994086621
454 2126 1178 4.785816231323647 1.551570361699241
454 2127 1178 5.222646551318706 1.4279324466471406
454 2128 1178 5.800692803450418 1.23396046510732
454 2129 1178 6.482286402188796 1.0225755177199927
454 2130 1178 7.23823438415765 0.827475332422229
454 2131 1178 8.047610639189894 0.6621087253787112
454 2132 1178 8.895843804833955 0.5279377012989603
454 2133 1178 9.772821342887783 0.42136628812283344
454 2134 1178 10.671458991159703 0.33746581051157293
454 2115 1179 10.806018554490718 0.19439349604342326
454 2116 1179 9.95700944058998 0.23734629529315826
454 2117 1179 9.13860147943865 0.2906585613958189
454 2118 1179 8.359786899197765 0.35662504017519875
454 2119 1179 7.632695264452713 0.43760086524518577
454 2120 1179 6.9735240015360365 0.5354322329838073
454 2121 1179 6.403283298433661 0.6502676015058838
454 2122 1179 5.947607670315836 0.7784702791470492
454 2123 1179 5.6343621644335276 0.9097852656779762
454 2124 1179 5.487990251449101 1.0253496898500918
454 2125 1179 5.521778427282342 1.1002748464935026
454 2126 1179 5.732541931813579 1.113750805832658
454 2127 1179 6.101969927818495 1.061618196890256
454 2128 1179 6.603486730508479 0.9592554852591226
454 2129 1179 7.2095795300420855 0.8315070715139008
454 2130 1179 7.896203961398297 0.7003629403145665
454 2131 1179 8.644190939584945 0.579437613640138
454 2132 1179 9.43896376727884 0.47466467607376905
454 2133 1179 10.269665866034934 0.3871052090769703
454 2134 1179 11.128253996023066 0.3154042567779443
454 2116 1180 10.54040022959271 0.20152205151972122
454 2117 1180 9.770979326556697 0.24327474537010488
454 2118 1180 9.046769423390797 0.29363419555198217
454 2119 1180 8.379500999462852 0.3536685101231771
454 2120 1180 7.783831768480049 0.42385323887844
454 2121 1180 7.277364701593535 0.5033668420011785
454 2122 1180 6.879828268205526 0.5890765714702315
454 2123 1180 6.610902888410943 0.6744527918357598
454 2124 1180 6.486604427587707 0.7491672691542118
454 2125 1180 6.515215806095815 0.8006038322883701
454 2126 1180 6.694776844675336 0.8179350728699992
454 2127 1180 7.0137035152622005 0.7970951704592588
454 2128 1180 7.454128855875893 0.742946955537825
454 2129 1180 7.996001313156591 0.6667082997054429
454 2130 1180 8.620210960295706 0.5809172145855723
454 2131 1180 9.310211436911759 0.49557074504824933
454 2132 1180 10.05246422525357 0.4168437581174356
454 2133 1180 10.836237215934466 0.34760341719260407
454 2117 1181 10.460881272627008 0.20305893058176322
454 2118 1181 9.787851500712438 0.2415158486098042
454 2119 1181 9.17464097390187 0.28622646315641254
454 2120 1181 8.634004690756157 0.3371049290970687
454 2121 1181 8.180344552645666 0.39317442256138113
454 2122 1181 7.828795373491373 0.4520855127774924
454 2123 1181 7.593552330760632 0.5097057367331227
454 2124 1181 7.485588620810025 0.5601174018910368
454 2125 1181 7.5103952625677985 0.5964494729393616
454 2126 1181 7.666683572445202 0.6126862382790393
454 2127 1181 7.946699755244401 0.6058354876584517
454 2128 1181 8.33798758694217 0.577183121241365
454 2129 1181 8.825759853973029 0.5317404548916711
454 2130 1181 9.395000638637674 0.47628963309945027
454 2131 1181 10.031851125291015 0.41730097834107616
454 2132 1181 10.724273262091138 0.35968096623825163
454 2133 1181 11.462200355952744 0.306477832864997
454 2119 1182 10.006599672216288 0.23232874613672036
454 2120 1182 9.513360972863346 0.2696464295355559
454 2121 1182 9.103627683511652 0.3098898932327054
454 2122 1182 8.789086243745706 0.35137968114898194
454 2123 1182 8.580211943769239 0.3914721164452072
454 2124 1182 8.48481213698928 0.42663614217626716
454 2125 1182 8.506705413966143 0.4529122483350392
454 2126 1182 8.64500069404284 0.46677815511148674
454 2127 1182 8.894269896961836 0.4661715264498416
454 2128 1182 9.245541466025763 0.45118560106314776
454 2129 1182 9.687726100587387 0.42403629338426474
454 2130 1182 10.209017435581272 0.3883208169633396
454 2131 1182 10.797964484105451 0.347991386630762
454 2132 1182 11.44412674693893 0.30651770202228185
454 2121 1183 10.041615258512936 0.2463692598574208
454 2122 1183 9.757358095304287 0.2762174954440153
454 2123 1183 9.569641424839302 0.30482902522907823
454 2124 1183 9.484199333628574 0.33002079036464815
454 2125 1183 9.503790664782183 0.3494046750553044
454 2126 1183 9.627774249534587 0.3608283203454686
454 2127 1183 9.852209752131833 0.36288962787104634
454 2128 1183 10.17044920345222 0.3553247986587796
454 2129 1183 10.574026527298019 0.3390857092770067
454 2130 1183 11.053598373380611 0.3160671494598859
454 2131 1183 11.599742971290475 0.2886191619598511
454 2123 1184 10.561062304522235 0.2401979936083546
454 2124 1184 10.48370340099341 0.2586461561170558
454 2125 1184 10.50143023592506 0.2731890419114636
454 2128 1184 11.108376884135772 0.2820094663137511
454 2129 1184 11.479025960420259 0.27232857193934223
454 2130 1184 11.922249661871813 0.25746497072611785
