# %ECSV 0.9
# ---
# datatype:
# - name: sexcat_id
#   datatype: int32
# - name: x
#   datatype: int32
# - name: y
#   datatype: int32
# - name: sep
#   datatype: float64
# - name: weight
#   datatype: float64
# schema: astropy-2.0
sexcat_id x y sep weight
612 2417 1406 11.63916719529361 0.12877450997852563
612 2418 1406 11.620422238455847 0.14158112151427338
612 2419 1406 11.687523818157528 0.15195022941132144
612 2415 1407 10.95938926218055 0.12624759430817856
612 2416 1407 10.755101719649083 0.14547788157028593
612 2417 1407 10.641250537413306 0.16451295041731934
612 2418 1407 10.620744465431756 0.181746806733424
612 2419 1407 10.694120487445407 0.19529911021624063
612 2420 1407 10.859475723993304 0.20339138725492956
612 2421 1407 11.11270502623012 0.20483108920700105
612 2422 1407 11.447978555186086 0.1993956049780363
612 2413 1408 10.711965879333158 0.11289578653093651
612 2414 1408 10.310684409873 0.13510495084489516
612 2415 1408 9.993708670958867 0.15989421546913343
612 2416 1408 9.769248333418428 0.18629834545391943
612 2417 1408 9.643765499015364 0.21256975790039412
612 2418 1408 9.62113366501055 0.23616081211665169
612 2419 1408 9.70207261362229 0.25404044588759006
612 2420 1408 9.884038294138685 0.2634137622541669
612 2421 1408 10.161604843724257 0.2626370027987782
612 2422 1408 10.527212974002216 0.25185114464809183
612 2423 1408 10.972065120113026 0.2329249937392326
612 2412 1409 10.341576910703589 0.11465651131383553
612 2413 1409 9.824062957860047 0.14017178039491374
612 2414 1409 9.384892807059556 0.17018018209503097
612 2415 1409 9.035497385313025 0.20431759067523578
612 2416 1409 8.786592798121397 0.2412502485858797
612 2417 1409 8.646861453729851 0.27827911470443006
612 2418 1409 8.621613132123212 0.31123036829350964
612 2419 1409 8.711843260757147 0.3350336822237757
612 2420 1409 8.914045826671526 0.3451746763534149
612 2421 1409 9.220857498085541 0.3395033217911241
612 2422 1409 9.622276913496131 0.3192390124408494
612 2423 1409 10.107037795516595 0.28838987050867565
612 2412 1410 9.524400926042418 0.1407291848323625
612 2413 1410 8.959810991309915 0.1747899110649266
612 2414 1410 8.475978586570301 0.21581775114775573
612 2415 1410 8.087410772305224 0.263610828703762
612 2416 1410 7.808342525786052 0.31638720961460304
612 2417 1410 7.6507655172537605 0.3699048666087266
612 2418 1410 7.622218377873957 0.4170615334048292
612 2419 1410 7.724131860604129 0.44898613611895966
612 2420 1410 7.951491243785666 0.45816772074529727
612 2421 1410 8.293986556536032 0.4422104056489245
612 2422 1410 8.738089779808899 0.4052097974714432
612 2423 1410 9.269207787076576 0.35545010452718084
612 2424 1410 9.873308108228029 0.3015458665056594
612 2411 1411 9.429539384296428 0.13669491107463536
612 2412 1411 8.745296621613114 0.17296648894163574
612 2413 1411 8.126759071117961 0.21875141383862504
612 2414 1411 7.590007444001512 0.27551302748769635
612 2415 1411 7.153475588830835 0.34363813412850497
612 2416 1411 6.836388885954263 0.42095100281440084
612 2417 1411 6.655840517921029 0.5006976663895895
612 2418 1411 6.623006341534 0.5702354622447147
612 2419 1411 6.740045474624032 0.6131553470865578
612 2420 1411 6.9994437636143765 0.6165856686564309
612 2421 1411 7.386217773664712 0.5794029684873049
612 2422 1411 7.881637710526969 0.5130347521153751
612 2423 1411 8.466652998676697 0.433930092327908
612 2424 1411 9.124045867925117 0.35561808596447186
612 2425 1411 9.839319742746534 0.28576655205747925
612 2411 1412 8.756838070901935 0.16501412124953227
612 2412 1412 8.015373540889895 0.212559089846953
612 2413 1412 7.335544492401238 0.27442392789238446
612 2414 1412 6.7360383757813045 0.3538279943402234
612 2415 1412 6.240049118396324 0.4528080644712138
612 2416 1412 5.873858442284683 0.569384347812961
612 2417 1412 5.662703682870873 0.6928118195998059
612 2418 1412 5.6240744127367 0.7993344538644513
612 2419 1412 5.761441920214067 0.8563715824987888
612 2420 1412 6.062855185471633 0.8413802283544418
612 2421 1412 6.505552474617399 0.7606450770020969
612 2422 1412 7.063017273092349 0.6436493615712741
612 2423 1412 7.7103964230123205 0.5208957408710867
612 2424 1412 8.426993117358142 0.41070847290945073
612 2425 1412 9.196641397814846 0.31966227451447876
612 2411 1413 8.151577332025845 0.19840389760746402
612 2412 1413 7.349300170764418 0.2605850507628714
612 2413 1413 6.601228143307744 0.34434382916127776
612 2414 1413 5.927918099973929 0.45640744705465025
612 2415 1413 5.357631286305434 0.6030052785737491
612 2416 1413 4.926277803778338 0.7847519261186197
612 2417 1413 4.672495371854255 0.9852588836210293
612 2418 1413 4.625604068659545 1.1568847306369199
612 2419 1413 4.791681646353401 1.228616812707792
612 2420 1413 5.150166307994368 1.161554279096068
612 2421 1413 5.66464588478403 0.9922364988259791
612 2422 1413 6.297000317611629 0.7917273787243199
612 2423 1413 7.015426786732313 0.6088864995506319
612 2424 1413 7.796166557995126 0.4609923437241311
612 2425 1413 8.62230902948867 0.3477967370971201
612 2410 1414 8.523509429806326 0.17869344890012195
612 2411 1414 7.629823916709852 0.23689466052924718
612 2412 1414 6.76595987277474 0.3176228630724385
612 2413 1414 5.944931706924671 0.4306312029646151
612 2414 1414 5.187119913786319 0.589394393789095
612 2415 1414 4.524401949429216 0.810179794828817
612 2416 1414 4.004274341250759 1.1043199849477394
612 2417 1414 3.6875754907526304 1.4513762648645923
612 2418 1414 3.627976433220013 1.748169861078149
612 2419 1414 3.8374748207643155 1.8188234088135906
612 2420 1414 4.276705858485059 1.608306681005519
612 2421 1414 4.884077497337724 1.265464191488585
612 2422 1414 5.60519517947422 0.9400109091816047
612 2423 1414 6.401735155409144 0.6849966724217232
612 2424 1414 7.248876671595513 0.4989759412918962
612 2425 1414 8.13081871646404 0.36626067127074863
612 2409 1415 9.102319100097356 0.1562173176027697
612 2410 1415 8.14961428535102 0.20759888500119061
612 2411 1415 7.2097304387888 0.27978761063402
612 2412 1415 6.288418958688905 0.3830654625860453
612 2413 1415 5.395202776541245 0.5336664951159577
612 2414 1415 4.546670540076405 0.7572361802412112
612 2415 1415 3.773090642960883 1.092530238593453
612 2416 1415 3.1305291884918236 1.5867715552563915
612 2417 1415 2.7137083483675215 2.240881373964965
612 2418 1415 2.632149881750636 2.8124695282144607
612 2419 1415 2.9141401819404966 2.778467855989031
612 2420 1415 3.4722057830722672 2.1784481985814526
612 2421 1415 4.197643743816381 1.5345710092059266
612 2422 1415 5.018387490021183 1.05630297325128
612 2423 1415 5.894761487965515 0.7330734716602471
612 2424 1415 6.805307707958672 0.517493310039243
612 2425 1415 7.737972150376481 0.37206305977324644
612 2409 1416 8.86669120923906 0.17676132694136126
612 2410 1416 7.88556992233266 0.23770995904248873
612 2411 1416 6.909863457406218 0.32522830156269983
612 2412 1416 5.942239729260183 0.4541067987951519
612 2413 1416 4.98740543769989 0.6496523364033571
612 2414 1416 4.054406615029965 0.9570115167386761
612 2415 1416 3.162627546834917 1.459637884976152
612 2416 1416 2.3592823061260284 2.3091746922407386
612 2417 1416 1.7692407976303444 3.688926261892564
612 2418 1416 1.6414057999166332 5.0138994448931244
612 2419 1416 2.0635437964822234 4.25199887485036
612 2420 1416 2.7968219464242936 2.722864896631356
612 2421 1416 3.6587173982149643 1.7043913944422622
612 2422 1416 4.577140264401036 1.1030776925121533
612 2423 1416 5.523967143276786 0.7402869636969104
612 2424 1416 6.48677215570285 0.5125530829052168
612 2425 1416 7.459370817971319 0.3641918933456381
612 2408 1417 9.737567098613338 0.14734207433014807
612 2409 1417 8.739806233549878 0.19673533307541838
612 2410 1417 7.742623134312918 0.26708279459317363
612 2411 1417 6.746274008665665 0.36983651646355936
612 2412 1417 5.751192311164547 0.5246571768181715
612 2413 1417 4.758173283939805 0.767281501277463
612 2414 1417 3.768847701884333 1.167708801522855
612 2415 1417 2.7871514131814084 1.8777774049331006
612 2416 1417 1.8254350166465603 3.27815664824447
612 2417 1417 0.9466852697701246 6.507998754125517
612 2418 1417 0.6783900058226382 10.923121519807186
612 2419 1417 1.4227483965903265 5.536714806907814
612 2420 1417 2.3639401430663702 2.8793429168107685
612 2421 1417 3.3394929255803127 1.6844010595095649
612 2422 1417 4.3262238730793 1.0618943230621025
612 2423 1417 5.31791434680943 0.7045273234442273
612 2424 1417 6.312227261434895 0.4852528722605135
612 2425 1417 7.308092295531179 0.34401158104245655
612 2408 1418 9.725544354944718 0.15997066086474335
612 2409 1418 8.726408940681004 0.21462998764394095
612 2410 1418 7.727497201552238 0.29306410285208545
612 2411 1418 6.72890875253915 0.40870056172008007
612 2412 1418 5.73081259508617 0.585020819877997
612 2413 1418 4.733520148895385 0.865784013930572
612 2414 1418 3.737674811965173 1.3398313570340652
612 2415 1418 2.7448520907326133 2.2110888397879918
612 2416 1418 1.760174139112237 4.04699923923926
612 2417 1418 0.8137647080082854 9.028226436863656
612 2418 1418 0.4756185446343692 11.182011768981893
612 2419 1418 1.337988415495598 4.723855358169673
612 2420 1418 2.313917241389745 2.498657195308215
612 2421 1418 3.3042719319089087 1.486569676257519
612 2422 1418 4.299094439530416 0.9490935644731666
612 2423 1418 5.295867539884437 0.635777195183392
612 2424 1418 6.293664512825731 0.44123121702214185
612 2425 1418 7.292065071020846 0.31473157582117284
612 2408 1419 9.815916309749037 0.17028711782597306
612 2409 1419 8.827016086990973 0.22874949447230472
612 2410 1419 7.840931896145875 0.3126329703916057
612 2411 1419 6.85887840685327 0.4361236034825321
612 2412 1419 5.882874552461438 0.6236439641654256
612 2413 1419 4.9165244838197095 0.919357026806957
612 2414 1419 3.9668895875734895 1.4075078277207307
612 2415 1419 3.0496250589210594 2.254855329268309
612 2416 1419 2.205496089318587 3.7520830277841286
612 2417 1419 1.558272440878002 5.679639132067616
612 2418 1419 1.411457757072521 5.098088576781397
612 2419 1419 1.8857924063906124 3.1466412148095695
612 2420 1419 2.668372725089357 1.9083122425134755
612 2421 1419 3.5614902779596505 1.2105848807559019
612 2422 1419 4.49980144006393 0.8017795601147932
612 2423 1419 5.460056135242724 0.5499980151423347
612 2424 1419 6.432434453611014 0.38811607393508124
612 2408 1420 10.005908904242393 0.17734078263843886
612 2409 1420 9.037821252934664 0.23751451980508723
612 2410 1420 8.077512797885115 0.3230700424622861
612 2411 1420 7.128128295702745 0.4472317480456515
612 2412 1420 6.194692324885751 0.6314162396204746
612 2413 1420 5.285661075021623 0.910407980756745
612 2414 1420 4.416130998962672 1.3378337746659268
612 2415 1420 3.6147217043638853 1.975172525582667
612 2416 1420 2.9377224171115377 2.7778965694092026
612 2417 1420 2.4888175907446417 3.2593529296084514
612 2418 1420 2.3996276794536833 2.8497014718595874
612 2419 1420 2.7059587949561563 2.0467961952400096
612 2420 1420 3.2994261622289534 1.388193577281408
612 2421 1420 4.055886216352868 0.9433774973498911
612 2422 1420 4.900429879102597 0.6529934356990263
612 2423 1420 5.7946710864381075 0.4616138767149647
612 2408 1421 10.29000549076614 0.18040864149025476
612 2409 1421 9.351374925645832 0.2398335235181356
612 2410 1421 8.426874450233486 0.3227623037444623
612 2411 1421 7.52171609408373 0.4398402408242384
612 2412 1421 6.64381012672687 0.6063343568872229
612 2413 1421 5.805532964336592 0.8420582187682923
612 2414 1421 5.026749745113548 1.164622726927724
612 2415 1421 4.339609775083403 1.560391237890131
612 2416 1421 3.7942341783289724 1.9171303623052462
612 2417 1421 3.4583540882911397 2.013439282747779
612 2418 1421 3.3947331264770053 1.7678161231552074
612 2419 1421 3.617763535666842 1.3696215196628878
612 2420 1421 4.080712315270577 1.0021396179570357
612 2421 1421 4.713407790548285 0.7216008054827912
612 2422 1421 5.457124975662695 0.5209638269005334
612 2423 1421 6.272496552410521 0.3798596879383306
612 2408 1422 10.660685390724058 0.17915733174946077
612 2409 1422 9.757777052177287 0.23540315777401735
612 2410 1422 8.875709154766056 0.3117589672845154
612 2411 1422 8.021359797440724 0.41541659399705183
612 2412 1422 7.204596657690046 0.5546566144090374
612 2413 1422 6.439737028792316 0.7357489213475727
612 2414 1422 5.747539734529827 0.9537969614727481
612 2415 1422 5.1573455381620015 1.1747580790275336
612 2416 1422 4.7076759659092735 1.3229680141979634
612 2417 1422 4.441420155761006 1.3203003493254315
612 2418 1422 4.392062499555354 1.1683691506741993
612 2419 1422 4.566641325963834 0.9465380856922387
612 2420 1422 4.941478827233912 0.729350830144604
612 2421 1422 5.475601610782265 0.549609370742184
612 2422 1422 6.127496470827351 0.4116214353196438
612 2408 1423 11.109284990493197 0.17372422047786867
612 2409 1423 10.245985213731169 0.2247976305864563
612 2410 1423 9.409793462132846 0.2917537069672281
612 2411 1423 8.608612722152063 0.3784254679420159
612 2412 1423 7.85316579476065 0.48744612410613597
612 2413 1423 7.157947541020329 0.6168956548624388
612 2414 1423 6.542187172498145 0.7544135298365097
612 2415 1423 6.03027470352716 0.8717162535074806
612 2416 1423 5.650505552603226 0.9300299226226266
612 2417 1423 5.430673346832802 0.9045168690180564
612 2418 1423 5.390381526385725 0.8065167827748161
612 2419 1423 5.533553379158893 0.6728593962179854
612 2420 1423 5.846726691064078 0.5378250511834958
612 2421 1423 6.304618386548183 0.4198621726887405
612 2422 1423 6.878387383682437 0.3242978987312196
612 2408 1424 11.626788593588408 0.16468352291171148
612 2409 1424 10.804916149605134 0.20930166920901902
612 2410 1424 10.01549863960842 0.2655042142270444
612 2411 1424 9.266834033260682 0.33454898729070454
612 2412 1424 8.569609851095832 0.4156468116322095
612 2413 1424 7.937393337865967 0.5037288511064137
612 2414 1424 7.386894679092111 0.5871109511831257
612 2415 1424 6.937594179540891 0.6477807474963069
612 2416 1424 6.610159831653086 0.6678703769293091
612 2417 1424 6.42325563869291 0.6405193229561146
612 2418 1424 6.389226322490116 0.5749500791504999
612 2419 1424 6.5104694915190935 0.48975259069133165
612 2420 1424 6.778658643124109 0.40218561239607753
612 2421 1424 7.177340245522815 0.32279394348517526
612 2410 1425 10.680646656452886 0.23602586475644044
612 2411 1425 9.981994439990363 0.2889499925826978
612 2412 1425 9.33831960258369 0.34707784154441096
612 2413 1425 8.761747143121577 0.4051612207272774
612 2414 1425 8.266330080513324 0.4546301688132308
612 2415 1425 7.867414632520631 0.4852552254554311
612 2416 1425 7.5802515129776555 0.48924425118585363
612 2417 1425 7.417830747597328 0.46549670515324815
612 2418 1425 7.388383652734923 0.42027204811698743
612 2419 1425 7.493478030928025 0.3636067624572975
612 2412 1426 10.147423958818262 0.2859542413821241
612 2413 1426 9.619470515574088 0.32352745425324864
612 2414 1426 9.170507783105553 0.3524671445946462
612 2415 1426 8.812616694262823 0.3672893673239373
612 2416 1426 8.557231620097712 0.3647676760734164
612 2417 1426 8.413691995788794 0.34547144953926967
612 2413 1427 10.502390823045925 0.2577769613735054
612 2414 1427 10.092780241340815 0.2744759931993853
612 2415 1427 9.768736509907507 0.2810196961551328
612 2416 1427 9.538983855736427 0.27618953505479704
430 2119 1162 12.468470836473944 0.14487134561149356
430 2120 1162 12.090110214551432 0.14825953619503507
430 2121 1162 11.784683491719262 0.1484512583387479
430 2122 1162 11.557974087183277 0.14542752348174828
430 2116 1163 13.176675035835194 0.14486628052592038
430 2117 1163 12.583034808821044 0.15969248189474836
430 2118 1163 12.043287134333452 0.17279606722051968
430 2119 1163 11.564980112391085 0.18304604344660644
430 2120 1163 11.156019227305094 0.18941929475919733
430 2121 1163 10.82426741170046 0.19121648405738492
430 2122 1163 10.57699224732628 0.188231487938399
430 2123 1163 10.420209450869969 0.18080449775224836
430 2124 1163 10.358029011351507 0.1697351386959115
430 2115 1164 13.084447447255954 0.1527314562405047
430 2116 1164 12.40607774439619 0.17422244307770648
430 2117 1164 11.773647056031622 0.19569420202943166
430 2118 1164 11.194943724735813 0.21565542446534733
430 2119 1164 10.678706148218584 0.2323112331732502
430 2120 1164 10.234391286246632 0.24384460613488784
430 2121 1164 9.871715403110072 0.24881941481521533
430 2122 1164 9.599935676867855 0.24656996034223197
430 2123 1164 9.42691704641554 0.23740074360370886
430 2124 1164 9.358138970970645 0.22249363785446255
430 2125 1164 9.395890857177895 0.2035711699609807
430 2126 1164 9.538907956364753 0.1824783515975394
430 2114 1165 13.144609731749485 0.15167486180147483
430 2115 1165 12.389058277367287 0.17850043684733288
430 2116 1165 11.67033697028507 0.20788494146795203
430 2117 1165 10.995670284252897 0.2386524244198254
430 2118 1165 10.37365726250881 0.2688431279507403
430 2119 1165 9.81431429087134 0.29573693212083535
430 2120 1165 9.328920891507284 0.31619006755552126
430 2121 1165 8.929544501261008 0.3273275222098747
430 2122 1165 8.628137979888843 0.32740008968079215
430 2123 1165 8.435209837342516 0.3163959386994356
430 2124 1165 8.35827524074193 0.29604496552114534
430 2125 1165 8.40052170998916 0.26921319151941825
430 2126 1165 8.560184869498954 0.23904598760962256
430 2127 1165 8.830898312176313 0.2082717793635673
430 2113 1166 13.355102582908291 0.14197345299402322
430 2114 1166 12.5326280165017 0.17131336356361868
430 2115 1166 11.73774957136175 0.20573438536272692
430 2116 1166 10.976464139239129 0.24510665759365755
430 2117 1166 10.25625492077894 0.28846560006979877
430 2118 1166 9.5863843549068 0.3335838088130396
430 2119 1166 8.978127031848095 0.37666706800024746
430 2120 1166 8.444806984176791 0.41252082610302393
430 2121 1166 8.00142268599783 0.4355416464133607
430 2122 1166 7.663600002609764 0.44147731587950956
430 2123 1166 7.445721254519269 0.4291452781240839
430 2124 1166 7.358448545719377 0.400962517023864
430 2125 1166 7.406400272737037 0.3618859814485247
430 2126 1166 7.5870129168203535 0.31754490491263937
430 2127 1166 7.891182737714196 0.2727016130248027
430 2128 1166 8.305345567765265 0.23057918560622817
430 2129 1166 8.814009587015308 0.1929089309100036
430 2113 1167 12.831397624577136 0.1546671325716146
430 2114 1167 11.973001503382658 0.1899149782968998
430 2115 1167 11.138256820526406 0.232813101860608
430 2116 1167 10.332897221980032 0.2841070076025855
430 2117 1167 9.564348644837361 0.34368998076607277
430 2118 1167 8.842214937446494 0.4097712267012322
430 2119 1167 8.178799728566627 0.4778578165883325
430 2120 1167 7.589516783037058 0.5400943354965657
430 2121 1167 7.092867191763906 0.5860387972594358
430 2122 1167 6.709453405457141 0.6057792054226916
430 2123 1167 6.45947095356888 0.5944454370784866
430 2124 1167 6.358676355972183 0.5548796451242729
430 2125 1167 6.41410671878784 0.49604421715794106
430 2126 1167 6.621840001087231 0.42864613624766995
430 2127 1167 6.968268436275871 0.36142397367537216
430 2128 1167 7.434027508692593 0.29977116950800314
430 2129 1167 7.99829763137118 0.24612346689572143
430 2113 1168 12.36651790117185 0.16496128923154882
430 2114 1168 11.473393787367513 0.20587267968552603
430 2115 1168 10.59937568916222 0.25742502409014334
430 2116 1168 9.749603325264198 0.3218037850496573
430 2117 1168 8.931000223939217 0.4007602995765891
430 2118 1168 8.15296050523992 0.4944549355120239
430 2119 1168 7.428241043477359 0.5994037314888099
430 2120 1168 6.773977044543422 0.7057671574854633
430 2121 1168 6.212468510986664 0.7958222701116002
430 2122 1168 5.770854789370504 0.8474864849704291
430 2123 1168 5.478208192465865 0.8448564833851
430 2124 1168 5.358989177074324 0.7888015966240234
430 2125 1168 5.424644227965496 0.6963294771918646
430 2126 1168 5.668753390296582 0.5894716477662161
430 2127 1168 6.069824132542773 0.48526410057401725
430 2128 1168 6.599300341702767 0.3928556219999731
430 2129 1168 7.229022409703672 0.31528461656568285
430 2130 1168 7.935160048795331 0.25217306165813724
430 2113 1169 11.967320711003106 0.1718388080772927
430 2114 1169 11.041954763537275 0.2174909217053541
430 2115 1169 10.130783039824866 0.2768133416620612
430 2116 1169 9.238006549034417 0.3539015448458775
430 2117 1169 8.369514024123648 0.4534817188167397
430 2118 1169 7.533708582099657 0.5799661767462846
430 2119 1169 6.742756483812957 0.7348152736484549
430 2120 1169 6.0143798516556375 0.9108972575846228
430 2121 1169 5.374082712426458 1.0840956277944958
430 2122 1169 4.85682663886622 1.2096800450362566
430 2123 1169 4.50519311461786 1.2398987512586794
430 2124 1169 4.359445492261579 1.161167911479554
430 2125 1169 4.43990596747267 1.0071504837886711
430 2126 1169 4.735057021831845 0.8282348034226577
430 2127 1169 5.208528103024758 0.6601637484641073
430 2128 1169 5.816937768276219 0.5181815901709187
430 2129 1169 6.522634820377265 0.4045340272407198
430 2130 1169 7.297449211882024 0.3159119145705726
430 2131 1169 8.121623298331265 0.2475619765964338
430 2113 1170 11.640565493136661 0.17454271500596621
430 2114 1170 10.686943669731004 0.22334257987126988
430 2115 1170 9.742626185993343 0.2883381594565134
430 2116 1170 8.810605257302294 0.3756305394237169
430 2117 1170 7.895236855218624 0.4935721140379867
430 2118 1170 7.0030539766591895 0.6529927418305519
430 2119 1170 6.1441651182240955 0.8659514137343529
430 2120 1170 5.334675716479994 1.1396980860869166
430 2121 1170 4.600735267324232 1.4590271863417936
430 2122 1170 3.984314872095402 1.7542559027732614
430 2123 1170 3.5472193335062085 1.895009889278493
430 2124 1170 3.3601733586230127 1.7932471056657195
430 2125 1170 3.463923353655431 1.5143695316403367
430 2126 1170 3.8349400256065436 1.192216432575763
430 2127 1170 4.4062189005993275 0.9085280017294879
430 2128 1170 5.111043435542137 0.6853595272548532
430 2129 1170 5.9017594834081475 0.5176074204055505
430 2130 1170 6.748241622822765 0.39339205174338077
430 2131 1170 7.631956826397622 0.301510821193966
430 2132 1170 8.541356156957564 0.2331842386917413
430 2113 1171 11.392487217460637 0.17275806299033541
430 2114 1171 10.416178041873307 0.22264549499068842
430 2115 1171 9.444827420339838 0.29022589841157775
430 2116 1171 8.480139444608378 0.3831428008364899
430 2117 1171 7.52467706948295 0.5129292798011934
430 2118 1171 6.582458887072683 0.6970966289524021
430 2119 1171 5.6601029142588715 0.9618284815014744
430 2120 1171 4.769147198399458 1.3432245121965671
430 2121 1171 3.9310005087764908 1.8761022244481729
430 2122 1171 3.187595488765891 2.5299492685457077
430 2123 1171 2.620832882882899 3.042366943161514
430 2124 1171 2.361517520578646 2.97574293550526
430 2125 1171 2.506943357955968 2.3992184875553093
430 2126 1171 2.9987939242300685 1.7586459405029056
430 2127 1171 3.7014544438637635 1.2569625617251583
430 2128 1171 4.517606113861459 0.901724355829522
430 2129 1171 5.395995274274993 0.6554238716885145
430 2130 1171 6.310686571205838 0.483724875865123
430 2131 1171 7.247949020239955 0.3623602052305167
430 2132 1171 8.200046646208603 0.2751979958349264
430 2133 1171 9.16235586516899 0.21161177415216384
430 2113 1172 11.228301964233241 0.16669383239225413
430 2114 1172 10.236345295074981 0.2154951027493935
430 2115 1172 9.246121619360375 0.2821711666153774
430 2116 1172 8.258254355492022 0.3749871200957328
430 2117 1172 7.2737036645716175 0.5070485706168221
430 2118 1172 6.294026135948452 0.6998699737861385
430 2119 1172 5.3219136595779 0.9901599614560328
430 2120 1172 4.362426503679055 1.4429890527018139
430 2121 1172 3.4261881150924984 2.1756772857599307
430 2122 1172 2.539048049959023 3.3762512410627763
430 2123 1172 1.776165814331631 5.051040109932744
430 2124 1172 1.3648314914303432 5.602375536102995
430 2125 1172 1.60336053337969 4.07855114350266
430 2126 1172 2.297556310517597 2.6277980294799486
430 2127 1172 3.1601843300666594 1.7176079222378338
430 2128 1172 4.085922784390142 1.1617148921879241
430 2129 1172 5.040115574071503 0.8111362117013359
430 2130 1172 6.009223327518936 0.5817131058615682
430 2131 1172 6.987042650506535 0.4265644916725243
430 2132 1172 7.970367933790573 0.31868287577145776
430 2133 1172 8.957386058443426 0.24188429594904334
430 2114 1173 10.152278808228415 0.20283510555254608
430 2115 1173 9.152964820210082 0.26544771739504014
430 2116 1173 8.153819043859325 0.35273607684207026
430 2117 1173 7.154911949143933 0.47734039895938996
430 2118 1173 6.156359719834625 0.6604671074540296
430 2119 1173 5.158368443607134 0.939719206569565
430 2120 1173 4.161341730740402 1.3868229601745794
430 2121 1173 3.1661909291767523 2.153179764423903
430 2122 1173 2.1754918983992506 3.6104481403863686
430 2123 1173 1.2003187076774253 6.922186717614692
430 2124 1173 0.3857006611350743 14.60004561724343
430 2125 1173 0.9256160110972921 7.281316594258072
430 2126 1173 1.8880585266350436 3.750963303886829
430 2127 1173 2.8762414710866886 2.222249330849526
430 2128 1173 3.870499321792803 1.4254436900337986
430 2129 1173 4.86711053911848 0.9631416281767581
430 2130 1173 5.8648755315008865 0.6754960294619382
430 2131 1173 6.8632911201549245 0.48739511968282223
430 2132 1173 7.862109449759465 0.3596846978904048
430 2133 1173 8.861194332594039 0.27037653763266356
430 2134 1173 9.860464745639343 0.2064071672531784
430 2114 1174 10.166354558050974 0.18618167431553842
430 2115 1174 9.168574861994825 0.24245969141406892
430 2116 1174 8.171338017730209 0.32030825158669846
430 2117 1174 7.174870382104661 0.43037525237256247
430 2118 1174 6.179544077033703 0.5901745616776323
430 2119 1174 5.186016293842698 0.8299487573141092
430 2120 1174 4.195564920246328 1.2052560048150662
430 2121 1174 3.2110379941696743 1.8267833831807456
430 2122 1174 2.240260029550327 2.940144389257957
430 2123 1174 1.3140643058847854 5.16249891266456
430 2124 1174 0.6593671208060738 9.534957339359698
430 2125 1174 1.0690018709056222 8.047762805074246
430 2126 1174 1.962336617402669 4.308431313766382
430 2127 1174 2.925536702897261 2.5271130881058994
430 2128 1174 3.9072707866231395 1.602685758275187
430 2129 1174 4.8964032717902475 1.0726873703288853
430 2130 1174 5.889207501862867 0.7465406907946417
430 2131 1174 6.884095074880757 0.5352415294312465
430 2132 1174 7.880276962137633 0.3928951816752297
430 2133 1174 8.877317443912702 0.2940045774665701
430 2134 1174 9.874956455600014 0.2235678698965065
430 2115 1175 9.292403618009901 0.2160012984187395
430 2116 1175 8.310040011937556 0.282478034388958
430 2117 1175 7.33244604480679 0.37472879563543454
430 2118 1175 6.361820887136196 0.5053935176389112
430 2119 1175 5.401922343018456 0.6948730687955602
430 2120 1175 4.459682163562963 0.9770279486842226
430 2121 1175 3.549192161605407 1.4089946599333032
430 2122 1175 2.702732876183085 2.0837769532291506
430 2123 1175 2.0031887080353963 3.111438028568581
430 2124 1175 1.6494741586336386 4.337431796607348
430 2125 1175 1.8516924690670906 4.611569062321798
430 2126 1175 2.4772494827932463 3.5243970774348266
430 2127 1175 3.293139079965958 2.380131295035271
430 2128 1175 4.189602009737759 1.5990599756195802
430 2129 1175 5.124525831723194 1.099260799580662
430 2130 1175 6.080194487020783 0.7755114563070807
430 2131 1175 7.0481745863732375 0.5600925345235274
430 2132 1175 8.024011777159677 0.41279004403971015
430 2133 1175 9.005152136415953 0.309560596178722
430 2134 1175 9.990033283227662 0.23564960346670985
430 2115 1176 9.520229251441561 0.18859675360804495
430 2116 1176 8.56403905876212 0.24349976167664036
430 2117 1176 7.619105262430938 0.31789743523173314
430 2118 1176 6.6901991749126895 0.4200676298674794
430 2119 1176 5.785046672240602 0.5622232089550345
430 2120 1176 4.916784009899326 0.7621198550138443
430 2121 1176 4.10886419829146 1.0439755395819705
430 2122 1176 3.4045212585620535 1.4339506474869292
430 2123 1176 2.8807577128249746 1.9336278481304967
430 2124 1176 2.647029467157517 2.43936755090365
430 2125 1176 2.7775465792673644 2.668240900518468
430 2126 1176 3.228430733343905 2.4228514227723936
430 2127 1176 3.8898284023847496 1.9131202272194634
430 2128 1176 4.673196443548968 1.416789994650338
430 2129 1176 5.526912791061421 1.0313128660008952
430 2130 1176 6.422987233367196 0.7531100386398701
430 2131 1176 7.345935270610381 0.555836401322784
430 2132 1176 8.28678254813032 0.415502371298849
430 2133 1176 9.24006304091032 0.31459331405731966
430 2134 1176 10.20229214441522 0.24107608127107455
430 2116 1177 8.923495111222017 0.20639944129481794
430 2117 1177 8.021020196957672 0.2648544707328543
430 2118 1177 7.144561917990668 0.34256919582503714
430 2119 1177 6.304979381409754 0.4463047533922629
430 2120 1177 5.519127195490402 0.5845324490027161
430 2121 1177 4.813394332485276 0.7662321676227882
430 2122 1177 4.228092359445452 0.996184870299526
430 2123 1177 3.8190005236973503 1.2625751700805259
430 2124 1177 3.6459244369570065 1.5157768984173623
430 2125 1177 3.7417596128024972 1.66176125810934
430 2126 1177 4.08763562466122 1.621979155018571
430 2127 1177 4.62782508312481 1.4197101041196956
430 2128 1177 5.303278702840233 1.1519121863083526
430 2129 1177 6.069000329543442 0.8970141125245384
430 2130 1177 6.894981145731875 0.6866000218901375
430 2131 1177 7.762007794378827 0.5235655325381017
430 2132 1177 8.657757504111403 0.4004715410640256
430 2133 1177 9.574171765745428 0.30825014060903005
430 2117 1178 8.521899142796922 0.21809993277759962
430 2118 1178 7.7026466230771975 0.27634044368097654
430 2119 1178 6.931000288558801 0.35118028800940365
430 2120 1178 6.2246899521182435 0.4463846036028301
430 2121 1178 5.6084547782790795 0.5647668940357372
430 2122 1178 5.114955034015555 0.7054556647255139
430 2123 1178 4.7823388629415104 0.8589106713249665
430 2124 1178 4.645294931433345 1.0011329739609514
430 2125 1178 4.72088603971754 1.0944027345348897
430 2126 1178 4.999476472591864 1.1047257607206884
430 2127 1178 5.450024311872307 1.0278569236285455
430 2128 1178 6.034133326336007 0.8930825200486447
430 2129 1178 6.717050319894773 0.7394715682726443
430 2130 1178 7.471731057793643 0.5946439145155695
430 2131 1178 8.278572642672028 0.47095179388433656
430 2132 1178 9.123747311274977 0.3707029484321073
430 2133 1178 9.99753794691458 0.29160084586938967
430 2118 1179 8.34366616062763 0.2217496171866201
430 2119 1179 7.637065208573398 0.2756678466972294
430 2120 1179 7.002339966040058 0.3416685606860647
430 2121 1179 6.460709326382165 0.42028425045605294
430 2122 1179 6.037281258977514 0.5096528379083901
430 2123 1179 5.758191122218917 0.6035548780177924
430 2124 1179 5.644888395708137 0.6897697521038136
430 2125 1179 5.707255470013587 0.7510896906699683
430 2126 1179 5.9397613588425955 0.771372701553246
430 2127 1179 6.323667053221514 0.7445164754254661
430 2128 1179 6.833503127971692 0.6785179312114806
430 2129 1179 7.443437713852285 0.5902230188703989
430 2130 1179 8.130975648715113 0.4963690047545799
430 2131 1179 8.878105935389474 0.4082837941616589
430 2132 1179 9.67102709126582 0.33143597224277466
430 2133 1179 10.499369742989197 0.26723389366113554
430 2119 1180 8.403021182884302 0.21669477208239601
430 2120 1180 7.830629923575875 0.2629764132003843
430 2121 1180 7.350290130328296 0.3163055500561549
430 2122 1180 6.981028935622684 0.37502779466121045
430 2123 1180 6.741124906126633 0.43526680409135854
430 2124 1180 6.644604201907021 0.49045531959407496
430 2125 1180 6.69766862423038 0.5319746178003579
430 2126 1180 6.896866317393697 0.5515407729232272
430 2127 1180 7.230128975336424 0.5446808583184963
430 2128 1180 7.6800237629840025 0.5130056794061435
430 2129 1180 8.227439759730762 0.4633618644889198
430 2130 1180 8.854307708680459 0.4046083115197998
430 2131 1180 9.544986380293993 0.3444966066263368
430 2132 1180 10.286630400670449 0.2882063748483322
430 2133 1180 11.069000180684663 0.23838404247738398
430 2121 1181 8.265153658583825 0.24077133843250542
430 2122 1181 7.938561897472441 0.2805080244607566
430 2123 1181 7.728438716843193 0.3206322269594088
430 2124 1181 7.644394351418594 0.3574397268219041
430 2125 1181 7.690563373381701 0.38629631229173483
430 2126 1181 7.864652884902153 0.40267510467210976
430 2127 1181 8.15847810562726 0.4036379887916335
430 2128 1181 8.559717577116608 0.389003691914612
430 2129 1181 9.054102108988976 0.36142471641982105
430 2130 1181 9.627292713946026 0.32531772913891466
430 2131 1181 10.266097846796411 0.28537211040460064
430 2132 1181 10.95904945695554 0.245435576552435
430 2123 1182 8.718644676783251 0.24040447544880156
430 2124 1182 8.644233048686306 0.26575546904125563
430 2125 1182 8.685088658154285 0.2862681065130149
430 2126 1182 8.83961339652362 0.2993389589776725
430 2127 1182 9.102019830784783 0.3030784661488438
430 2128 1182 9.463337941762362 0.29691207421246035
430 2129 1182 9.91275768895814 0.28177906707685885
430 2130 1182 10.438906312444725 0.2598113008932186
431 1336 1174 20.446735680787803 0.22554735873132736
431 1334 1175 18.32618345428204 0.2689229330784947
431 1335 1175 19.03273495848668 0.27129803274572495
431 1332 1176 16.236656059669446 0.3124869875733212
431 1333 1176 16.912273649630933 0.3256444638431017
431 1334 1176 17.61876840190599 0.3286483493099173
431 1328 1177 13.06204425042267 0.2763343728790851
431 1329 1177 13.601948389844747 0.31490645186990357
431 1330 1177 14.191863866314401 0.35070368158001025
431 1331 1177 14.825822068269959 0.3796062758675393
431 1332 1177 15.498419274235703 0.39745891580447734
431 1333 1177 16.204844954519032 0.4013036744435394
431 1334 1177 16.94086774637005 0.3904631691256686
431 1326 1178 11.24264203823993 0.27714089206057696
431 1327 1178 11.695853966256584 0.3260530232588237
431 1328 1178 12.214294903923028 0.37684360944374484
431 1329 1178 12.79003518368891 0.4250959823538007
431 1330 1178 13.415699758119233 0.46478285459050245
431 1331 1178 14.084637020527033 0.4894780563254018
431 1332 1178 14.790976979226247 0.49446745935599357
431 1333 1178 15.529616865847045 0.4787294210667989
431 1334 1178 16.29616519307537 0.44540688444579896
431 1325 1179 9.928393626362707 0.32216831886256825
431 1326 1179 10.342581882682863 0.3852200866933693
431 1327 1179 10.833512819025968 0.452649772319989
431 1328 1179 11.391268586070655 0.5185696852900263
431 1329 1179 12.006539884579585 0.5740899905057602
431 1330 1179 12.670951029816214 0.6090288864066642
431 1331 1179 13.377182064994136 0.6156093556683465
431 1332 1179 14.118958885130338 0.5922428075547119
431 1333 1179 14.89097041834417 0.5443909288574151
431 1323 1180 8.387669521386698 0.3040945117683109
431 1324 1180 8.645750401208652 0.37381641107102176
431 1325 1180 9.008051953668993 0.45526906947597495
431 1326 1180 9.462610633435148 0.5454573603134408
431 1327 1180 9.996849503718664 0.636789744074722
431 1328 1180 10.598726338574851 0.7161171976300547
431 1329 1180 11.257397567821814 0.7668850555946107
431 1330 1180 11.963486114005427 0.7757331501269682
431 1331 1180 12.70909123423075 0.7400998506327013
431 1332 1180 13.487661027769086 0.669875853272268
431 1333 1180 14.293809849022102 0.5813572423338893
431 1320 1181 7.330552503051793 0.22001546671188754
431 1321 1181 7.220318552529321 0.2754714939399617
431 1322 1181 7.247689286938237 0.3453545964968917
431 1323 1181 7.411140263144361 0.43223692880169634
431 1324 1181 7.702012723957268 0.5374304176375388
431 1325 1181 8.106602247551056 0.6587668698831485
431 1326 1181 8.608890753169076 0.7871232978685179
431 1327 1181 9.192877677854755 0.9032060061168065
431 1328 1181 9.844033726069837 0.9793773271216777
431 1329 1181 10.549928909713117 0.9915575895185916
431 1330 1181 11.300309730268493 0.9354300856083508
431 1331 1181 12.086893728332393 0.8298077575090352
431 1332 1181 12.90306165218167 0.7029551747217823
431 1318 1182 7.036831673416571 0.19115120724446322
431 1319 1182 6.626688464082105 0.24115648780937426
431 1320 1182 6.348936918886423 0.3058689804304981
431 1321 1182 6.221334262037302 0.3895493117737522
431 1322 1182 6.253079241461714 0.4969779159443247
431 1323 1182 6.4418165139966215 0.6323044463687202
431 1324 1182 6.774437246000569 0.7960253612611207
431 1325 1182 7.23111333060131 0.9788497204410543
431 1326 1182 7.790057766152966 1.1533318708378262
431 1327 1182 8.430954868815295 1.2721896682412646
431 1328 1182 9.136574850566294 1.289457461645991
431 1329 1182 9.893078388449204 1.1974545727963852
431 1330 1182 10.689667908779995 1.0341416436369704
431 1331 1182 11.518029345335124 0.8499281676367683
431 1317 1183 6.75965975475087 0.20558999783539364
431 1318 1183 6.171628634323259 0.2620187531531342
431 1319 1183 5.6995613866330945 0.33653588249060573
431 1320 1183 5.374104576578237 0.43540915881233766
431 1321 1183 5.222738745141225 0.5666211927165806
431 1322 1183 5.260513282941078 0.7391399511425929
431 1323 1183 5.483520766806643 0.9595900626377053
431 1324 1183 5.870689908349775 1.2227680599572361
431 1325 1183 6.3922609458625885 1.492832716220889
431 1326 1183 7.0183331354389455 1.6875994761810316
431 1327 1183 7.723535459878491 1.7130288527247475
431 1328 1183 8.488168235844565 1.554486124637956
431 1329 1183 9.297580330387085 1.2942470910653356
431 1330 1183 10.141055171923728 1.024107004889521
431 1316 1184 6.772665649505999 0.21903928498741468
431 1317 1184 6.022042842756825 0.28176445813524725
431 1318 1184 5.353596921696561 0.36617182973008444
431 1319 1184 4.801770506802577 0.480960802377769
431 1320 1184 4.410555520566459 0.6383783890236161
431 1321 1184 4.224807687930831 0.8547699616753421
431 1322 1184 4.271416626834666 1.148584619783663
431 1323 1184 4.543236731670476 1.5289439567985108
431 1324 1184 5.003698632012125 1.9596523852814889
431 1325 1184 5.606514068474295 2.2993127940436313
431 1326 1184 6.311022104223719 2.338736113998986
431 1327 1184 7.0869598559608455 2.0474716077353636
431 1328 1184 7.91334316202708 1.6199810501654237
431 1329 1184 8.775932998832713 1.2230952702794295
431 1330 1184 9.665040093036403 0.9107120972865305
431 1316 1185 6.2000806446367 0.29942720248951327
431 1317 1185 5.370009310978784 0.3931689241979096
431 1318 1185 4.6079279508255135 0.5235074951544425
431 1319 1185 3.953353007258421 0.7077912652467516
431 1320 1185 3.4677081768798517 0.9723579704852395
431 1321 1185 3.2281573691503285 1.3551668775882275
431 1322 1185 3.2889207956409887 1.8996790500846366
431 1323 1185 3.6349690507623227 2.603712369019873
431 1324 1185 4.1963079010006075 3.245596818605823
431 1325 1185 4.899489769353571 3.3113807039242635
431 1326 1185 5.6921876286714665 2.7299984819351155
431 1327 1185 6.541941607810381 2.010884336407126
431 1328 1185 7.429199149302761 1.4359017250932096
431 1329 1185 8.342002157755717 1.0283083223957419
431 1315 1186 6.679595796154029 0.3139915546053122
431 1316 1186 5.745694039887502 0.41573963532353736
431 1317 1186 4.8382848200575115 0.5598008104613331
431 1318 1186 3.9755502763767345 0.7688021939473288
431 1319 1186 3.193900436769956 1.080572734911265
431 1320 1186 2.568462575160382 1.5596600488783594
431 1321 1186 2.2345021816949937 2.312803618096055
431 1322 1186 2.321421978012587 3.467139728256138
431 1323 1186 2.7901612856607514 4.810093608861133
431 1324 1186 3.4901289374463293 4.933007657410946
431 1325 1186 4.31010440708812 3.6436378493965607
431 1326 1186 5.193553696651322 2.4361140560150667
431 1327 1186 6.113018894130853 1.6379464200969727
431 1328 1186 7.05443123150272 1.1307735987356413
431 1329 1186 8.01005617957834 0.8019291026356622
431 1314 1187 7.402229393905494 0.3245079217128408
431 1315 1187 6.417865688840698 0.4321386526101019
431 1316 1187 5.439209501388862 0.5864660307730464
431 1317 1187 4.470011185668226 0.8145028652734821
431 1318 1187 3.51809607600464 1.1644086073286075
431 1319 1187 2.602498799231122 1.7280193720413874
431 1320 1187 1.7801685313474163 2.695013009381609
431 1321 1187 1.2509996003196013 4.4798836800828274
431 1322 1187 1.4003570973148198 7.606078582534171
431 1323 1187 2.0873428084529317 7.880200852894808
431 1324 1187 2.9585469406450793 4.690431300278427
431 1325 1187 3.892171630337047 2.8060427186244756
431 1326 1187 4.852319033204714 1.7904219256132914
431 1327 1187 5.825890489873708 1.2020449348532134
431 1328 1187 6.807128616384525 0.8384871715316846
431 1314 1188 7.305135180131756 0.4409476970169353
431 1315 1188 6.305632402860065 0.6006463460568705
431 1316 1188 5.306316990154187 0.8386589703860698
431 1317 1188 4.307319351986706 1.2088191728636801
431 1318 1188 3.308927318633542 1.8190434287053565
431 1319 1188 2.311925604339281 2.9157035483125404
431 1320 1188 1.319469590403558 5.196657637865284
431 1321 1188 0.3701351104663256 11.786053298272197
431 1322 1188 0.7300684899378308 12.326289514426236
431 1323 1188 1.7114321488158069 5.340947316910392
431 1324 1188 2.7064737205449596 2.97851788723308
431 1325 1188 3.7041868203427133 1.85215259754768
431 1326 1188 4.70287146326591 1.2282131223634674
431 1327 1188 5.702017186926135 0.8508237364821615
431 1313 1189 8.339124654302665 0.44135099455606
431 1314 1189 7.344181370309337 0.600686537058195
431 1315 1189 6.350826717837522 0.8375858596157071
431 1316 1189 5.359944029558434 1.2045150075140643
431 1317 1189 4.373213921133894 1.8048252402011398
431 1318 1189 3.3942598604113208 2.8658812160173497
431 1319 1189 2.432488437793624 4.96869201747915
431 1320 1189 1.5208550226763398 9.597329151147681
431 1321 1189 0.8420213774008565 9.584680370233833
431 1322 1189 1.051189802081537 4.96246245038467
431 1323 1189 1.8710959355416297 2.8629284261376857
431 1324 1189 2.810160137785851 1.8032263858124573
431 1325 1189 3.780608416644175 1.2035671487455881
431 1326 1189 4.763297177376293 0.8369874669510029
431 1309 1190 12.430969391000765 0.19266923875716072
431 1310 1190 11.442246282963765 0.248946637629056
431 1311 1190 10.455668319146238 0.3259294256816875
431 1312 1190 9.47190582723448 0.4333102797529947
431 1313 1190 8.491937352571478 0.5865817752034826
431 1314 1190 7.517246836442106 0.8114531098968016
431 1315 1190 6.550190836914528 1.1524381008070137
431 1316 1190 5.594729662816535 1.690000425162595
431 1317 1190 4.658003864317784 2.5724865956530496
431 1318 1190 3.754064464017579 4.034582600710194
431 1319 1190 2.913588852257604 5.924992108898755
431 1320 1190 2.210203610530027 5.85480321841082
431 1321 1190 1.8113530854033268 3.9529063711405468
431 1322 1190 1.9175505208469312 2.5218165392611893
431 1323 1190 2.4643457549622623 1.659584761831135
431 1324 1190 3.2355834095261256 1.133494918080686
431 1325 1190 4.106701839676322 0.799161957693059
431 1308 1191 13.590621766497582 0.18864112980258724
431 1309 1191 12.613524487628272 0.2427850477812289
431 1310 1191 11.640317865075602 0.31624240020377525
431 1311 1191 10.672066341622807 0.4175732901022844
431 1312 1191 9.71025231392051 0.5599789857394508
431 1313 1191 8.756997202237693 0.7642214805199781
431 1314 1191 7.815433449271957 1.0632796102613231
431 1315 1191 6.8903555786330175 1.5082877054599493
431 1316 1191 5.9894073162542005 2.167016386525747
431 1317 1191 5.125329257715989 3.0618086379113114
431 1318 1191 4.320300915445556 3.8828220615454225
431 1319 1191 3.6140005534033746 3.8336686118784704
431 1320 1191 3.075223569108445 2.9764453437904925
431 1321 1191 2.802320467041603 2.0983565704107576
431 1322 1191 2.8721072403377375 1.4611921626274678
431 1323 1191 3.262667620215188 1.031740452233551
431 1324 1191 3.8782728114459437 0.7428582641038454
431 1308 1192 13.830292838548212 0.23377937546532995
431 1309 1192 12.871402409993953 0.302351313419701
431 1310 1192 11.919270111881781 0.39551240545282507
431 1311 1192 10.975654877955963 0.5237300954611936
431 1312 1192 10.042957731664448 0.7022530929233227
431 1313 1192 9.12452738502104 0.952461405418143
431 1314 1192 8.225144375632508 1.3005358603620139
431 1315 1192 7.351802500067536 1.7635592680951806
431 1316 1192 6.514982732133635 2.296608986199869
431 1317 1192 5.7307067626951245 2.6934075909568365
431 1318 1192 5.0236440956739585 2.6606686377737225
431 1319 1192 4.430914126904291 2.227467247055489
431 1320 1192 4.003623358908802 1.6962447059673147
431 1321 1192 3.7980258029666394 1.2480720707252677
431 1322 1192 3.8498051898765695 0.9143874652079258
431 1308 1193 14.136795959480992 0.2851794695402399
431 1309 1193 13.200189392580633 0.3688547820865645
431 1310 1193 12.273589531999123 0.4812088684635144
431 1311 1193 11.359445408997688 0.6324340459761246
431 1312 1193 10.46102289453564 0.8345311517921559
431 1313 1193 9.582744909471346 1.0972012668864535
431 1314 1193 8.730692985095697 1.4145812134415057
431 1315 1193 7.913343162026994 1.7367143312092996
431 1316 1193 7.1426185674442655 1.9465507244188442
431 1317 1193 6.435293311108651 1.9242183819881113
431 1318 1193 5.8145507135117445 1.6842393892803735
431 1319 1193 5.3108379753105 1.3563119907228913
431 1320 1193 4.959939515760279 1.0466365337595345
431 1307 1194 15.42805885391931 0.26573968768749706
431 1308 1194 14.505895353269242 0.3393947853664088
431 1309 1194 13.59474163049811 0.4356658566371959
431 1310 1194 12.696968142040783 0.5607066082718716
431 1311 1194 11.815625247950223 0.7200423400314508
431 1312 1194 10.954679365458349 0.9144360213216153
431 1313 1194 10.11933792300658 1.1310225873088025
431 1314 1194 9.316490755643958 1.331132049432616
431 1315 1194 8.555290760693028 1.45017640630377
431 1316 1194 7.847865951964247 1.4344818272477085
431 1317 1194 7.210062413044693 1.2918187340068756
431 1318 1194 6.661906633990006 1.0832243299647537
431 1307 1195 15.830255841267952 0.3087642011430508
431 1308 1195 14.932950143893146 0.38980157254658165
431 1309 1195 14.049519564739517 0.491385756614623
431 1310 1195 13.182753885285074 0.615118370202398
431 1311 1195 12.336166341290914 0.7578183590458607
431 1312 1195 11.514208613708503 0.9065822876335038
431 1313 1195 10.722546339372903 1.034656902044788
431 1314 1195 9.968400072228212 1.1059992058431936
431 1315 1195 9.260939477180466 1.0946703692746638
431 1316 1195 8.61167811753318 1.005084464905477
431 1317 1195 8.034737083439632 0.8682532205979235
431 1306 1196 17.16895454009935 0.2782952907268284
431 1307 1196 16.284010562511874 0.3455934614452997
431 1308 1196 15.413143741625147 0.42713175630288974
431 1309 1196 14.558880451463246 0.522422985802224
431 1310 1196 13.724321476852646 0.627092767083414
431 1311 1196 12.913287730086362 0.7304712963399989
431 1312 1196 12.130498753142806 0.8147920801428736
431 1313 1196 11.381783691495782 0.8594463440057336
431 1314 1196 10.674314966310464 0.8510802868402079
431 1315 1196 10.016835827745194 0.7923298650740487
431 1306 1197 17.644970954920787 0.3043146607294313
431 1307 1197 16.785142239492593 0.3692670734119221
431 1308 1197 15.941674943367731 0.4424089230412666
431 1309 1197 15.117307961406315 0.5194667711106997
431 1310 1197 14.315341421007009 0.592300410444475
431 1311 1197 13.539756275502123 0.6492503486982346
431 1312 1197 12.795350718131932 0.6781990052034343
431 1306 1198 18.16361748110762 0.31818082948533283
431 1307 1198 17.329541251862338 0.37432566881990725
431 1308 1198 16.513903233336407 0.4314117815045668
431 1309 1198 15.719573785570615 0.4834595568234747
431 1310 1198 14.949949832691717 0.5228047391429957
431 1311 1198 14.20904641416866 0.5421213751893933
431 1307 1199 17.91326324263669 0.3594988451934324
431 1308 1199 17.125448899225937 0.3972117235957638
431 1309 1199 16.360837386882096 0.42494357494999613
431 1306 1227 41.69538343749823 0.0020097441924883754
431 1306 1228 42.62718616094665 0.0017092328123201703
431 1307 1228 42.278517003319806 0.001561401587720028
431 1306 1229 43.562013268442975 0.001456986143607236
431 1307 1229 43.220886154728504 0.0013319589881040672
