# %ECSV 0.9
# ---
# datatype:
# - name: sexcat_id
#   datatype: int32
# - name: x
#   datatype: int32
# - name: y
#   datatype: int32
# - name: sep
#   datatype: float64
# - name: weight
#   datatype: float64
# schema: astropy-2.0
sexcat_id x y sep weight
845 929 1629 21.988318466858615 0.06877727749154126
845 930 1629 21.993684297997817 0.07042445556020258
845 931 1629 22.044458464657183 0.07176111522512452
845 926 1630 21.25577919061062 0.07184661140292997
845 927 1630 21.119757313946472 0.07467798631723307
845 928 1630 21.030457650750154 0.07726547424716396
845 929 1630 20.988476576445365 0.07955768791051598
845 930 1630 20.99409795633039 0.08150616480364263
845 931 1630 21.047283648965156 0.08306751163601865
845 932 1630 21.14767478944189 0.08420548387932332
845 923 1631 20.979279039089864 0.07170318251183304
845 924 1631 20.697008213749047 0.07562013853869001
845 925 1631 20.459769035841916 0.07943288508283718
845 926 1631 20.2691427791112 0.08307896313002855
845 927 1631 20.12645395990053 0.08649223034859477
845 928 1631 20.032726948670664 0.08960497042678592
845 929 1631 19.988650504723825 0.09235045284237821
845 930 1631 19.994552983250117 0.09466581695235969
845 931 1631 20.05039024557867 0.09649509341002205
845 932 1631 20.155747294506256 0.0977921283731757
845 921 1632 20.753027465890256 0.07306328365028662
845 922 1632 20.369687012813806 0.07782596709167545
845 923 1632 20.028982725041118 0.08260851107238089
845 924 1632 19.73312314358768 0.08734682547885467
845 925 1632 19.484151226060522 0.09196789220336002
845 926 1632 19.283883141110245 0.09639112676587998
845 927 1632 19.13384825381439 0.10053050834881104
845 928 1632 19.03523440885339 0.10429748354191337
845 929 1632 18.98884275041521 0.10760456030008698
845 930 1632 18.995055909367476 0.11036940628121177
845 931 1632 19.05382242490982 0.11251916509918428
845 932 1632 19.16465885425557 0.11399462487418371
845 933 1632 19.32666937162212 0.11475383603524646
845 939 1632 21.2822966100935 0.10449732118645391
845 920 1633 20.285022775436943 0.07824495035446011
845 921 1633 19.84233224699142 0.08388647251762188
845 922 1633 19.441042898980385 0.08964106972611226
845 923 1633 19.083766635546446 0.09544095671881034
845 924 1633 18.77301651306992 0.10120499735490492
845 925 1633 18.511135810641008 0.10683939305367002
845 926 1633 18.300222648918677 0.11223938375575622
845 927 1633 18.142054707226418 0.11729209690647267
845 928 1633 18.038019542067147 0.12188057927076348
845 929 1633 17.989056367691898 0.12588890449485193
845 930 1633 17.995614715813307 0.12920808016490598
845 931 1633 18.05763409198438 0.13174230812221685
845 932 1633 18.174546734375433 0.13341501685009524
845 933 1633 18.34530318637435 0.1341740223264154
845 934 1633 18.5684180532429 0.13399521172935797
845 936 1633 19.163980510321885 0.13087636479939724
845 937 1633 19.531875204393387 0.12803342082275265
845 938 1633 19.943172992279774 0.12444001145138166
845 939 1633 20.39524819657749 0.12019768986941283
845 940 1633 20.88545304751605 0.11541881570074305
845 920 1634 19.40392096974206 0.08971465747666303
845 921 1634 18.940648061774333 0.09653268246195676
845 922 1634 18.51983123573203 0.10351992305064912
845 923 1634 18.14442473598973 0.11059203511731316
845 924 1634 17.817299149983313 0.11764594468266867
845 925 1634 17.541155862713158 0.12456044072321433
845 926 1634 17.318433791772172 0.13119824944959962
845 927 1634 17.15121421357673 0.13740984379628066
845 928 1634 17.041131095088627 0.14303908918864974
845 929 1634 16.98929512958076 0.14793059699269634
845 930 1634 16.996239260495148 0.15193837190048992
845 931 1634 17.06189171809494 0.15493504546979892
845 932 1634 17.185579681814545 0.1568207518776078
845 933 1634 17.36606314050473 0.1575305951243047
845 934 1634 17.60159506976561 0.15703973232980573
845 935 1634 17.890001369480025 0.15536536676882948
845 936 1634 18.228772558787313 0.15256536497358586
845 937 1634 18.615159118309933 0.14873369663034475
845 938 1634 19.046263386816783 0.14399333593233726
845 939 1634 19.51912264934051 0.13848756450723382
845 940 1634 20.0307800397288 0.1323707275114394
845 941 1634 20.578341745631445 0.1257994179883892
845 942 1634 21.159020511356328 0.11892484695397885
845 919 1635 19.060591517578768 0.09511851028145085
845 920 1635 18.534890045532933 0.10306496310337353
845 921 1635 18.049325444459026 0.11134180772030412
845 922 1635 17.607218661673855 0.11986934195193462
845 923 1635 17.211918806454907 0.12854275080125704
845 924 1635 16.866717196893894 0.1372307340522684
845 925 1635 16.57474431175324 0.1457757459748292
845 926 1635 16.33885396837846 0.15399641422727015
845 927 1635 16.16150206509273 0.1616926119345031
845 928 1635 16.04462991159337 0.16865342704410968
845 929 1635 15.989563752648062 0.17466789692177143
845 930 1635 15.996941863993781 0.17953788542889745
845 931 1635 16.066678219221203 0.18309195778626802
845 932 1635 16.197967434218317 0.18519868309346527
845 933 1635 16.389330340193805 0.18577760624849932
845 934 1635 16.638694329784332 0.18480628389582116
845 935 1635 16.94349872369923 0.18232228954036112
845 936 1635 17.300813535784886 0.17841986706902155
845 937 1635 17.70746026396777 0.17324176589049586
845 938 1635 18.160125247365386 0.1669675127453803
845 939 1635 18.65545895977898 0.15979979946054734
845 940 1635 19.190157607481964 0.15195072649926097
845 941 1635 19.76102601081224 0.14362938153410995
845 942 1635 20.365022685968167 0.13503176874887834
845 943 1635 20.999289249876963 0.12633357987354552
845 944 1635 21.66116684299344 0.11768583052620425
845 945 1635 22.34820236618593 0.10921304533598057
845 918 1636 18.817548963666756 0.09989428049226252
845 919 1636 18.230089111137005 0.10899592992738961
845 920 1636 17.67971009377688 0.1186258746752637
845 921 1636 17.169978130446065 0.12871988384982283
845 922 1636 16.70461460195943 0.1391830590462793
845 923 1636 16.287423031283872 0.14988563346694178
845 924 1636 15.922190458601996 0.16066009984651433
845 925 1636 15.612563818924697 0.17130057195049805
845 926 1636 15.361905773698673 0.18156536076608001
845 927 1636 15.17313906217157 0.19118365251103972
845 928 1636 15.048592924256967 0.19986683620628481
845 929 1636 14.989868211562 0.20732440643579386
845 930 1636 14.997738129464624 0.21328350384912756
845 931 1636 15.072098360878526 0.21751020278341596
845 932 1636 15.211973869291166 0.21982986386876313
845 933 1636 15.415581370807828 0.22014352737124504
845 934 1636 15.680438418615644 0.21843764133799273
845 935 1636 16.003504272502244 0.21478541805467577
845 936 1636 16.381335385126505 0.20933957527563843
845 937 1636 16.810239409359934 0.20231774967020535
845 938 1636 17.28641515757382 0.19398304650795475
845 939 1636 17.80607056596143 0.1846227274619866
845 940 1636 18.36551521193996 0.17452788499607796
845 941 1636 18.961227518280513 0.16397626964866577
845 942 1636 19.58989915747394 0.1532195029573117
845 943 1636 20.24846041060896 0.14247499637180544
845 944 1636 20.934090594052527 0.13192219066024058
845 945 1636 21.644217449471316 0.12170230458829988
845 917 1637 18.678708440360534 0.10384075069068546
845 918 1637 18.031365699802 0.11407545774869857
845 919 1637 17.417409365344668 0.12506801211531826
845 920 1637 16.840491352689096 0.13678281220735783
845 921 1637 16.30454381453208 0.14915042152670085
845 922 1637 15.813732924265429 0.16205997444432838
845 923 1637 15.372382671531325 0.17535202898875335
845 924 1637 14.984863996713372 0.188812981175678
845 925 1637 14.655447758427469 0.2021725097934796
845 926 1637 14.388125277463942 0.2151057568963148
845 927 1637 14.186407191392645 0.2272419124992808
845 928 1637 14.05311883533321 0.23818039309570838
845 929 1637 13.990216188465322 0.24751476869614836
845 930 1637 13.998648113299986 0.2548630404440858
845 931 1637 14.078286436921127 0.2599010749489113
845 932 1637 14.22793551433227 0.2623944748062836
845 933 1637 14.44541965468631 0.26222351975624186
845 934 1637 14.727734007646854 0.2593964972302759
845 935 1637 15.07123581528727 0.2540487668982621
845 936 1637 15.471850212563393 0.2464277488420949
845 937 1637 15.925267627264478 0.2368668102586092
845 938 1637 16.42711627157969 0.2257528988673645
845 939 1637 16.973100747948155 0.2134932742374006
845 940 1637 17.5591044475508 0.2004858995258511
845 941 1637 18.181258179784983 0.1870964609502998
845 942 1637 18.835980170938768 0.17364319318164612
845 943 1637 19.519993570695625 0.1603891923796516
845 944 1637 20.23032745656873 0.14754093660417253
845 945 1637 20.96430654708137 0.13525131919196656
845 946 1637 21.719533811755696 0.12362550836708378
845 915 1638 19.376587651080257 0.09646514770145757
845 916 1638 18.646397748626836 0.10677633557973219
845 917 1638 17.942244814961033 0.11806569383772798
845 918 1638 17.267314469829874 0.13036385560152833
845 919 1638 16.62516613450814 0.14367785167645444
845 920 1638 16.01974247608233 0.15798178393386061
845 921 1638 15.455359879342717 0.1732059467056366
845 922 1638 14.936671282451007 0.18922488396659015
845 923 1638 14.46859181123017 0.205845376670363
845 924 1638 14.05617832129334 0.22279600761596094
845 925 1638 13.704457267619063 0.2397206709926855
845 926 1638 13.418202152300324 0.25617899757532825
845 927 1638 13.201672204686691 0.2716568536079017
845 928 1638 13.058336379493264 0.2855894646994419
845 929 1638 12.990617729730845 0.29739799815291446
845 930 1638 12.999698034954406 0.30653757935847203
845 931 1638 13.085417417873897 0.31255121580105655
845 932 1638 13.246288121583255 0.31512103558901733
845 933 1638 13.479619764666872 0.3141069804656087
845 934 1638 13.781732438267618 0.3095646214796619
845 935 1638 14.148220700851326 0.3017380349167876
845 936 1638 14.574228933291739 0.2910293792102121
845 937 1638 15.05470521132839 0.2779519307055492
845 938 1638 15.584612571379447 0.2630761427128393
845 939 1638 16.15908874287156 0.24697816995710456
845 940 1638 16.773555049541482 0.2301978544108887
845 941 1638 17.423781133841143 0.21320969506789209
845 942 1638 18.105914751815185 0.1964070884029581
845 943 1638 18.816486095974422 0.18009788884982805
845 944 1638 19.55239496839195 0.16450827578183397
845 945 1638 20.3108874498383 0.14979180184203078
845 946 1638 21.089526998014893 0.13604096303878693
845 914 1639 19.499901256160143 0.097536887295123
845 915 1639 18.721168473148147 0.1085568190091061
845 916 1639 17.96435773970214 0.12076416292174301
845 917 1639 17.232357615834122 0.13423764110220268
845 918 1639 16.52846481074381 0.14903955904270977
845 919 1639 15.856422957274965 0.1652055942737079
845 920 1639 15.220451668725099 0.18273170858484636
845 921 1639 14.625257228507017 0.20155810052751078
845 922 1639 14.07601324949635 0.22155059655635573
845 923 1639 13.578296984526334 0.2424806715428064
845 924 1639 13.137965938454744 0.2640064305419072
845 925 1639 12.760961915153462 0.2856583014141384
845 926 1639 12.453037741852276 0.3068346041195701
845 927 1639 12.219416884614311 0.32681301142392305
845 928 1639 12.064416645656658 0.34478336538712134
845 929 1639 11.991086231030012 0.3599045144675636
845 930 1639 12.000922839515203 0.37138245903598044
845 931 1639 12.093723537438656 0.37856000030811615
845 932 1639 12.267605675110277 0.38100163766234535
845 933 1639 12.51919122787083 0.37855485180408893
845 934 1639 12.843914862688793 0.3713724812769186
845 935 1639 13.236394864161396 0.359890299605181
845 936 1639 13.690805272152485 0.3447656978236666
845 937 1639 14.201202378671969 0.3267927721150867
845 938 1639 14.761780007844532 0.30681267937376
845 939 1639 15.367047504319059 0.2856355103704114
845 940 1639 16.011937702851544 0.2639834778040223
845 941 1639 16.691858764080134 0.24245812455997914
845 942 1639 17.402705220740792 0.22152888298915863
845 943 1639 18.140842014636448 0.20153751919293653
845 944 1639 18.903072475129516 0.18271244789574576
845 945 1639 19.686598207917974 0.16518775341442785
845 946 1639 20.48897627994135 0.14902316869552934
845 914 1640 18.901749892536305 0.1090908826259526
845 915 1640 18.09729673183253 0.12202601360393639
845 916 1640 17.31323623705275 0.13647274205612617
845 917 1640 16.55246655335683 0.15255743625003243
845 918 1640 15.81834849154603 0.17039193649657455
845 919 1640 15.11476592607364 0.19006031182881572
845 920 1640 14.446181121666614 0.2116009154289591
845 921 1640 13.817675238620893 0.23498311768817354
845 922 1640 13.234959350145244 0.26007868293507685
845 923 1640 12.704335834666727 0.28662891205720004
845 924 1640 12.232585540268959 0.314210583330645
845 925 1640 11.826755641341261 0.3422064260963645
845 926 1640 11.493830910536202 0.369789017641214
845 927 1640 11.240291321847382 0.39592960363277024
845 928 1640 11.071591981282442 0.41944360541676917
845 929 1640 10.99163995953278 0.43908026204814105
845 930 1640 11.00237015374405 0.45365354604953145
845 931 1640 11.103519667204537 0.46219651560294
845 932 1640 11.292659075700376 0.46410696786167416
845 933 1640 11.56547227742984 0.459246595579168
845 934 1640 11.916213702346827 0.44796464442946965
845 935 1640 12.338239299024735 0.43103880604558314
845 936 1640 12.82451359701406 0.4095512555676256
845 937 1640 13.368027116968255 0.384734579010691
845 938 1640 13.962096869739828 0.3578244655361957
845 939 1640 14.600553037470835 0.32994561564945724
845 940 1640 15.27783194697464 0.30204181995735196
845 941 1640 15.98900087560192 0.27484781682419357
845 942 1640 16.72973846179309 0.24889289725025887
845 943 1640 17.496289578079097 0.22452417683842227
845 944 1640 18.28540808951223 0.20193901233700887
845 945 1640 19.094296242595572 0.18121906421121803
845 946 1640 19.920545901154405 0.16236154165394603
845 947 1640 20.76208440884488 0.14530553491926862
845 913 1641 19.18515439083033 0.10835056425261132
845 914 1641 18.33865177705265 0.121781293153322
845 915 1641 17.508345124539797 0.13693835204909005
845 916 1641 16.696650831828418 0.1540150047120161
845 917 1641 15.9064184843728 0.17320700377764708
845 918 1641 15.141008850139306 0.19470183495406043
845 919 1641 14.404379507635758 0.2186623382083784
845 920 1641 13.701173270928189 0.2452029607888367
845 921 1641 13.036799799030327 0.2743569017023999
845 922 1641 12.417493668208461 0.30603293232290457
845 923 1641 11.850322738220987 0.3399621567895259
845 924 1641 11.343110199588006 0.3756379518994836
845 925 1641 10.904226199047669 0.41225725073237324
845 926 1641 10.542207975561745 0.44867807767499907
845 927 1641 10.265191133144953 0.4834152775097043
845 928 1641 10.080185960586137 0.5146999619538821
845 929 1641 9.992304488955387 0.5406225485635378
845 930 1641 10.004106606788937 0.5593592950918995
845 931 1641 10.115243397961226 0.5694491359158997
845 932 1641 10.322506914504745 0.5700539565396344
845 933 1641 10.620270665100696 0.561122356195618
845 934 1641 11.001188526700126 0.5434000230061411
845 935 1641 11.45696945094987 0.5182829672168825
845 936 1641 11.979071291214469 0.4875650606382168
845 937 1641 12.559225652881581 0.45315905177067467
845 938 1641 13.189774410504484 0.4168611413173757
845 939 1641 13.863843226176463 0.38019689026779463
845 940 1641 14.575395329115404 0.34435212451504266
845 941 1641 15.319208497830402 0.31017061632748044
845 942 1641 16.090809457575443 0.2781930919104425
845 943 1641 16.88638946015398 0.2487148801048813
845 944 1641 17.7027158650869 0.22184637544944255
845 945 1641 18.537048012021753 0.19756739169542972
845 946 1641 19.387061381240834 0.17577166125262708
845 947 1641 20.250781441712313 0.15630093740276033
845 912 1642 19.56691465203435 0.106374554355006
845 913 1642 18.684221926534605 0.12004367905682158
845 914 1642 17.813931317931946 0.13560668165641385
845 915 1642 16.957952382289456 0.1533195718601002
845 916 1642 16.118565351792224 0.17346065691226306
845 917 1642 15.298501527927398 0.1963247922896397
845 918 1642 14.501039583422873 0.2222123938461543
845 919 1642 13.730118317042907 0.2514107123168874
845 920 1642 12.9904637715517 0.28416413551451614
845 921 1642 12.287723507631402 0.32062968222441307
845 922 1642 11.62859187520129 0.36081382122943634
845 923 1642 11.020896016204741 0.4044881053805846
845 924 1642 10.473592936523628 0.451085148100451
845 925 1642 9.996606874334798 0.4995848016734905
845 926 1642 9.600424417701431 0.5484141184765784
845 927 1642 9.29538320888375 0.5954023362226216
845 928 1642 9.090662737116478 0.6378466263989521
845 929 1642 8.993116756720006 0.6727410664381513
845 930 1642 9.006228344873245 0.697182994273372
845 931 1642 9.129520743171483 0.7088940833380867
845 932 1642 9.35864033927998 0.706708415077346
845 933 1642 9.686080166919876 0.6908473042433289
845 934 1642 10.102284345631867 0.6628658682137788
845 935 1642 10.596798997810556 0.625294377306421
845 936 1642 11.159218117771463 0.5811203735501111
845 937 1642 11.779819565680919 0.53329104973108
845 938 1642 12.449905581971258 0.4843596275191063
845 939 1642 13.161920414589932 0.4363113676353713
845 940 1642 13.909426623696582 0.390538644275737
845 941 1642 14.687006127866884 0.3479085814687916
845 942 1642 15.490130696672624 0.3088709458374253
845 943 1642 16.315028317474646 0.2735706942606011
845 944 1642 17.158559059548086 0.24194644010667035
845 945 1642 18.018106143543495 0.21380812616691416
845 946 1642 18.89148350447894 0.1888940177491722
845 947 1642 19.776858926533304 0.16691016574761874
845 911 1643 20.04141085353016 0.10326364641346727
845 912 1643 19.12835980945561 0.1169087522348818
845 913 1643 18.224438235512135 0.13255671387507503
845 914 1643 17.33107466373614 0.15051558329230286
845 915 1643 16.449989331303435 0.17113545103594438
845 916 1643 15.583265030153244 0.19480934211740167
845 917 1643 14.733436428749306 0.22197060070623692
845 918 1643 13.903602015305141 0.2530842495329918
845 919 1643 13.097562712199448 0.2886285501204231
845 920 1643 12.319989813307373 0.3290613325442118
845 921 1643 11.576620793651209 0.3747637275371365
845 922 1643 10.874472355015559 0.4259522127221441
845 923 1643 10.22204231061473 0.48254963879939045
845 924 1643 9.629441780290167 0.5440097101871324
845 925 1643 9.108355998751803 0.6091015704380917
845 926 1643 8.671686629485526 0.6756869849181392
845 927 1643 8.332715583769685 0.7405643646991951
845 928 1643 8.103712050659146 0.7995011599089178
845 929 1643 7.994132160528643 0.8475938814935223
845 930 1643 8.008879384782771 0.8800262837185756
845 931 1643 8.147278625406067 0.8931086034470419
845 932 1643 8.403222536622405 0.8852474093514511
845 933 1643 8.766421675917648 0.8574075622132883
845 934 1643 9.224215359584731 0.8128294697726068
845 935 1643 9.763306253518783 0.7561485008013035
845 936 1643 10.371024491341204 0.6923325446252561
845 937 1643 11.036038646180938 0.625832466451992
845 938 1643 11.74862328104869 0.5601230883570277
845 939 1643 12.500645943310266 0.49760067121260054
845 940 1643 13.285411134022143 0.43970451119442283
845 941 1643 14.097451861950073 0.3871318515973697
845 942 1643 14.932318942481764 0.34005960400348123
845 943 1643 15.78639125956277 0.2983312805082997
845 944 1643 16.65671483216303 0.2615974603687003
845 945 1643 17.540870816467464 0.2294132455160986
845 946 1643 18.436869284127393 0.20130160088217494
845 947 1643 19.34306462275304 0.1767919427252109
845 948 1643 20.25808848336882 0.15544182819387603
845 911 1644 19.66438783689939 0.11254219617144515
845 912 1644 18.732969572387525 0.12796362345477932
845 913 1644 17.80899067886771 0.14577817589335612
845 914 1644 16.893671862564307 0.16638936704169505
845 915 1644 15.988500523813892 0.19026745101093506
845 916 1644 15.095302216252486 0.21795636345794753
845 917 1644 14.216333880434762 0.2500780106387154
845 918 1644 13.354405602646544 0.28733086015696724
845 919 1644 12.513039159212983 0.33047774890057274
845 920 1644 11.696672561031948 0.3803147391228456
845 921 1644 10.910918797241493 0.43760847313030893
845 922 1644 10.162880939969622 0.5029839189913642
845 923 1644 9.461508812023478 0.5767389261526797
845 924 1644 8.81794471518154 0.658560606925653
845 925 1644 8.245735200696064 0.7471304423219051
845 926 1644 7.760679673842894 0.8396466660580468
845 927 1644 7.379982994560241 0.9313834095905551
845 928 1644 7.120403710464629 1.0155454159479549
845 929 1644 6.995437727547759 1.083792004176506
845 930 1644 7.01228557604428 1.127711155989786
845 931 1644 7.169947628818412 1.141043760152037
845 932 1644 7.4595005865003365 1.1217522352384182
845 933 1644 7.8663936463921615 1.0727638450981298
845 934 1644 8.373538618767999 1.0009133304772775
845 935 1644 8.963936021636878 0.9147530931116896
845 936 1644 9.622273587879285 0.8224194224430329
845 937 1644 10.335576858598623 0.7303390024015474
845 938 1644 11.09324790131364 0.6428573079725571
845 939 1644 11.886805668471224 0.5624647657052838
845 940 1644 12.709529849683651 0.49025937639093714
845 941 1644 13.556111131146713 0.42641454862932415
845 942 1644 14.422348941833294 0.37055375681034297
845 943 1644 15.304906043488147 0.32201437013832446
845 944 1644 16.201115671459174 0.2800176077262279
845 945 1644 17.108832485006104 0.24376997909235942
845 946 1644 18.026318231962964 0.2125189128841566
845 947 1644 18.952154204733574 0.1855795971728124
845 948 1644 19.885174100319077 0.16234466898959066
845 910 1645 20.285022775436975 0.10716047433584779
845 911 1645 19.331791148261377 0.1220763530652022
845 912 1645 18.38352928574916 0.13938858054598285
845 913 1645 17.441047818293406 0.15953149330890265
845 914 1645 16.505336985351047 0.18302403965720682
845 915 1645 15.577616923008387 0.21048540960864898
845 916 1645 14.659404796921239 0.24265200843815316
845 917 1645 13.752605171384712 0.28039440201722304
845 918 1645 12.859632537518232 0.3247313030691901
845 919 1645 11.983578305330914 0.3768348822073814
845 920 1645 11.128438749438208 0.43801687166699566
845 921 1645 10.299424692670845 0.5096769278317118
845 922 1645 9.503375663415502 0.5931821905299448
845 923 1645 8.749294200105409 0.6896293163233924
845 924 1645 8.048984345866145 0.7994205345768409
845 925 1645 7.417691622061296 0.9215774808929954
845 926 1645 6.874456269407672 1.0527591308430864
845 927 1645 6.441595221682169 1.1861181247511001
845 928 1645 6.142487199823753 1.3105035623304349
845 929 1645 5.99717841989037 1.4110148323669696
845 930 1645 6.016822167888865 1.4719769012569257
845 931 1645 6.199850724009326 1.4821374324324295
845 932 1645 6.532545369149691 1.4394857073356837
845 933 1645 6.993579126598853 1.352200552253076
845 934 1645 7.559507192932571 1.2349562170627812
845 935 1645 8.208663045831482 1.103443743654546
845 936 1645 8.922900257203343 0.9704100110265431
845 937 1645 9.687835103881547 0.8442825729885386
845 938 1645 10.49238528648275 0.7295964341104079
845 939 1645 11.32811321447662 0.6280935183053441
845 940 1645 12.188607344565659 0.5397968333256017
845 941 1645 13.068976585792782 0.46380992045840314
845 942 1645 13.965462720583234 0.39883159544608265
845 943 1645 14.875152066449614 0.3434552674726272
845 944 1645 15.795763640926015 0.2963270054556857
845 945 1645 16.725493983736335 0.25621869769533656
845 946 1645 17.662903187188693 0.2220534780466729
845 947 1645 18.606830708102887 0.1929060921376573
845 948 1645 19.556332708358198 0.16799131468599748
845 949 1645 20.51063502186124 0.14664766189385975
845 910 1646 20.01279962923721 0.11518832835419514
845 911 1646 19.045948361790682 0.13169741093725157
845 912 1646 18.082703033562133 0.15097723119638526
845 913 1646 17.12367218209918 0.17356470223197087
845 914 1646 16.169605715662872 0.2001134233010503
845 915 1646 15.221437152910283 0.2314204087455397
845 916 1646 14.280341347460768 0.2684581943681796
845 917 1646 13.347814390378588 0.31241231045466067
845 918 1646 12.425785649205357 0.3647227716794356
845 919 1646 11.516776849448718 0.4271253272134479
845 920 1646 10.624130505598941 0.5016822703653196
845 921 1646 9.75234069339244 0.5907809544302729
845 922 1646 8.907533272460913 0.697056232387
845 923 1646 8.098157136040172 0.8231539813933426
845 924 1646 7.335949086518966 0.9711896575203194
845 925 1646 6.637179295453645 1.141672984569473
845 926 1646 6.023964558328564 1.331622616755201
845 927 1646 5.5248664237245375 1.5317792230318286
845 928 1646 5.173021264212903 1.7236704049231428
845 929 1646 4.999614885168553 1.8791269819992167
845 930 1646 5.0231612556237 1.966377484206058
845 931 1646 5.241006487307488 1.9636258599962835
845 932 1646 5.630643746499975 1.8716057559525345
845 933 1646 6.159557532810241 1.7131198308338789
845 934 1646 6.795303451649491 1.5200495796758184
845 935 1646 7.510802154230904 1.32008202394342
845 936 1646 8.285417853071726 1.1310938525520036
845 937 1646 9.104073209283841 0.9618892030972026
845 938 1646 9.955910254718043 0.8151757793630537
845 939 1646 10.833104310399674 0.6903068435836887
845 940 1646 11.729967988021114 0.5851127048738303
845 941 1646 12.64231580842688 0.4969370796031091
845 942 1646 13.567024323704896 0.4231551831866967
845 943 1646 14.50172917275731 0.3613976055610895
845 944 1646 15.444615534224233 0.3096216122346326
845 945 1646 16.394271835003853 0.26610980754900476
845 946 1646 17.349586421583677 0.22943826139073129
845 947 1646 18.309673645371205 0.19843504180440988
845 948 1646 19.273820301123514 0.17213888195215238
845 949 1646 20.241446316901396 0.1497620027588885
845 910 1647 19.787424011224836 0.1230840135857545
845 911 1647 18.808991174435626 0.1411942192564428
845 912 1647 17.832951213974578 0.16246462945936585
845 913 1647 16.859719718903914 0.18754448624714895
845 914 1647 15.889812742760615 0.21723753767801687
845 915 1647 14.923878483825767 0.2525433357455402
845 916 1647 13.962741457178021 0.2947101567901419
845 917 1647 13.00746512584208 0.34530237797086
845 918 1647 12.059442317122215 0.4062850437640013
845 919 1647 11.12052826982595 0.48012701044187683
845 920 1647 10.193240358198086 0.5699196300743758
845 921 1647 9.281064001503186 0.6794963433064383
845 922 1647 8.388930146329653 0.8135109117725625
845 923 1647 7.523971624082492 0.9773697552459116
845 924 1647 6.6967267377427495 1.1767810316813392
845 925 1647 5.923018571640541 1.4164229289966839
845 926 1647 5.2266766687828365 1.6968117822243947
845 927 1647 4.642644612717945 2.008108322956829
845 928 1647 4.217837004911292 2.3206657622327755
845 929 1647 4.003267290601411 2.5778946077807876
845 930 1647 4.032635490594118 2.707686067841397
845 931 1647 4.300947453759389 2.6634527454499577
845 932 1647 4.768034081253979 2.4618922178698965
845 933 1647 5.3823924977652435 2.168577692295283
845 934 1647 6.099684336094753 1.851304157624457
845 935 1647 6.887826144728088 1.5530930945491697
845 936 1647 7.725163363968421 1.2924943597976841
845 937 1647 8.597333830903624 1.0732090623455481
845 938 1647 9.494743229808803 0.8921055426853552
845 939 1647 10.410866870726961 0.7437434522087225
845 940 1647 11.341170530417058 0.622468405748372
845 941 1647 12.282432535943375 0.5232221934781817
845 942 1647 13.23231457455575 0.4417616086647285
845 943 1647 14.18908555897809 0.37463467501094444
845 944 1647 15.15144049257366 0.31907386574753005
845 945 1647 16.118379229935027 0.27287393039180574
845 946 1647 17.089123704859794 0.23428004230829438
845 947 1647 18.06306034424956 0.2018938583665926
845 948 1647 19.03969928859175 0.1745977691868073
845 949 1647 20.018645034067646 0.15149504856577822
845 910 1648 19.610511186605958 0.1306506084713805
845 911 1648 18.622785747572717 0.15031623452969703
845 912 1648 17.63644377418525 0.17353006646683206
845 913 1648 16.65173111120876 0.20105782031489003
845 914 1648 15.668954942815995 0.23386131490542328
845 915 1648 14.688503974196893 0.2731572022739182
845 916 1648 13.710877032487675 0.32049575535196545
845 917 1648 12.736724421922542 0.3778671617862803
845 918 1648 11.766909067380363 0.44784544093532536
845 919 1648 10.802599177975564 0.5337832348579992
845 920 1648 9.845412586580535 0.6400734019948596
845 921 1648 8.897648509578165 0.7724923819952809
845 922 1648 7.962672227336665 0.9386261549808269
845 923 1648 7.045576555541692 1.1483252081150774
845 924 1648 6.154360161706402 1.413965867117674
845 925 1648 5.302089116565182 1.7498158682730238
845 926 1648 4.510892262069562 2.168549471005917
845 927 1648 3.8189198734719683 2.6701881263746645
845 928 1648 3.289399489268407 3.215430821401728
845 929 1648 3.009343616139467 3.685240020086228
845 930 1648 3.048302642455218 3.8878318692199727
845 931 1648 3.3953127985503144 3.7096375465773352
845 932 1648 3.9704091728686697 3.2515951482703604
845 933 1648 4.690431643249881 2.7066047823837773
845 934 1648 5.498740674008903 2.200095535223557
845 935 1648 6.361772473139855 1.7754875021807959
845 936 1648 7.260037809818905 1.4343597258806318
845 937 1648 8.181940417773781 1.164419426410464
845 938 1648 9.120315180957306 0.9513456621513158
845 939 1648 10.070558524729421 0.78259650388652
845 940 1648 11.029603302023174 0.648153809279899
845 941 1648 11.995338636320385 0.5402920262156709
845 942 1648 12.966269664016737 0.4531262719858538
845 943 1648 13.941310878106147 0.3821816888138107
845 944 1648 14.919656463873453 0.32404420381839977
845 945 1648 15.900696494179147 0.27609380865919003
845 946 1648 16.88396129467256 0.23630576185909627
845 947 1648 17.869083608288403 0.2031036765164255
845 948 1648 18.85577229921918 0.17525102820093313
845 949 1648 19.843793714912515 0.15177076382737562
845 910 1649 19.48338135437475 0.1376696125200758
845 911 1649 18.48886554118445 0.15878176506635275
845 912 1649 17.49497496425753 0.18380737886270046
845 913 1649 16.501822596307292 0.21362456412083386
845 914 1649 15.509550251377311 0.24934933146510882
845 915 1649 14.518338369110912 0.29241292345546194
845 916 1649 13.528420048179987 0.34466900629624075
845 917 1649 12.540101634356809 0.40854422194156714
845 918 1649 11.553793705965084 0.487252592173309
845 919 1649 10.570059082143228 0.5851052434244879
845 920 1649 9.589689723864826 0.7079641539455489
845 921 1649 8.613834744177458 0.8639151957490189
845 922 1649 7.6442232437311 1.0642741980299166
845 923 1649 6.683573071344319 1.3250845315074153
845 924 1649 5.736388149349645 1.6692685684346653
845 925 1649 4.810628753084066 2.1293285053134845
845 926 1649 3.921498310594976 2.74895761871793
845 927 1649 3.1006691213348376 3.575050161874729
845 928 1649 2.4187081262524135 4.605702240372356
845 929 1649 2.021422518920664 5.608554731983249
845 930 1649 2.0789778738600533 5.939902810596938
845 931 1649 2.5608883224380894 5.27526812748977
845 932 1649 3.2854450231285064 4.207930368026623
845 933 1649 4.126760109335164 3.244046600852788
845 934 1649 5.026544439274369 2.4986090280814564
845 935 1649 5.958367981251258 1.9435582832331084
845 936 1649 6.909279919065393 1.5307509523802447
845 937 1649 7.87236616272391 1.2205435862306473
845 938 1649 8.843650207917571 0.9842863003617824
845 939 1649 9.820700025965593 0.8018897431831675
845 940 1649 10.801951166340306 0.6592678623909981
845 941 1649 11.786354355779432 0.5464409275712714
845 942 1649 12.773180848950698 0.4562400628519105
845 943 1649 13.761909351539888 0.3834401971207707
845 944 1649 14.752157435439777 0.32417886677811614
845 945 1649 15.743638366019502 0.27556271898550105
845 946 1649 16.73613303603916 0.23539754377321825
845 947 1649 17.72947119910804 0.20200040156347013
845 948 1649 18.723518606287698 0.17406701578324213
845 910 1650 19.40701288194548 0.14391140663664706
845 911 1650 18.408371709632494 0.16629207502712762
845 912 1650 17.40988653035964 0.1929040604346391
845 913 1650 16.411585816123868 0.22472345133560934
845 914 1650 15.413505409218184 0.26300118875271633
845 915 1650 14.415691069109323 0.30935732906498975
845 916 1650 13.418202152300374 0.3659145227466299
845 917 1650 12.42111705926639 0.4354904016566578
845 918 1650 11.42454152252941 0.521880440254317
845 919 1650 10.42862162512375 0.6302832763709063
845 920 1650 9.433565020711885 0.7679567494459384
845 921 1650 8.439677067281599 0.9452596952370352
845 922 1650 7.447425662603087 1.1773624339321664
845 923 1650 6.457565253251348 1.4871643869615618
845 924 1650 5.471393698135718 1.910489181952638
845 925 1650 4.491341559044397 2.505766114617018
845 926 1650 3.522520262539231 3.372752155804373
845 927 1650 2.577624681756356 4.68777232662706
845 928 1650 1.6971001738258291 6.739676862636542
845 929 1650 1.0564795312734474 9.528921185498525
845 930 1650 1.1628194184824516 9.977732797524107
845 931 1650 1.8942410089531825 7.247326225881353
845 932 1650 2.7971680321353727 5.018074135917044
845 933 1650 3.7496865202307483 3.585776424614668
845 934 1650 4.721879816344364 2.6487771813213654
845 935 1650 5.703696082366275 2.010291451349613
845 936 1650 6.6909004625685835 1.5590858225130562
845 937 1650 7.681415820016554 1.2305662824528036
845 938 1650 8.674107965664291 0.9854736645358968
845 939 1650 9.668306418396181 0.7989033667925105
845 940 1650 10.663589873959 0.6544633290489865
845 941 1650 11.65968048447302 0.5410218200294419
845 942 1650 12.656387675794429 0.45081595929191776
845 943 1650 13.653576417920736 0.3783077500560739
845 944 1650 14.651148385024339 0.3194681007507245
845 945 1650 15.649030289446097 0.271315121279207
845 946 1650 16.64716639551613 0.2316085036744714
845 947 1650 17.645513565776476 0.19864251566170313
845 909 1651 20.382005519575298 0.12940122536636614
845 910 1651 19.382005804353636 0.14914938671349673
845 911 1651 18.382006120116436 0.1725510806245569
845 912 1651 17.382006472211376 0.2004290269375747
845 913 1651 16.38200686729188 0.23383170471095893
845 914 1651 15.382007313741546 0.27410875573415144
845 915 1651 14.382007822275668 0.3230169628328214
845 916 1651 13.382008406812432 0.38287180726303677
845 917 1651 12.38200908576628 0.4567684962009423
845 918 1651 11.382009884023068 0.548911579074788
845 919 1651 10.38201083605671 0.6651192896056675
845 920 1651 9.38201199103897 0.8136186579805641
845 921 1651 8.382013421606954 1.006344079270585
845 922 1651 7.382015239756637 1.2611499623058637
845 923 1651 6.382017627678517 1.6057820234535267
845 924 1651 5.38202090296939 2.08548694465657
845 925 1651 4.382025673133323 2.7788917995902103
845 926 1651 3.3820332641769877 3.835241958508863
845 927 1651 2.382047228750882 5.578104448608307
845 928 1651 1.3820814013652958 8.890711335765955
845 929 1651 0.3822943891819018 18.03523095554158
845 930 1651 0.6181820120321094 14.493301881844358
845 931 1651 1.6180695287904567 7.842167134051223
845 932 1651 2.6180429713815383 5.061629837129295
845 933 1651 3.618031094393797 3.5329294958028084
845 934 1651 4.61802436113112 2.584794773813383
845 935 1651 5.618020024884264 1.953280627503355
845 936 1651 6.618016999071601 1.511901127258761
845 937 1651 7.618014767641291 1.192368104503212
845 938 1651 8.618013054063036 0.9547019426651865
845 939 1651 9.618011696811404 0.7740694414184438
845 940 1651 10.618010595210437 0.6343295393249316
845 941 1651 11.618009683246145 0.5246058957960439
845 942 1651 12.618008915831423 0.4373509963911362
845 943 1651 13.618008261122528 0.367197382621754
845 944 1651 14.61800769598927 0.3102478026926204
845 945 1651 15.618007203225437 0.263621472681283
845 946 1651 16.618006769766396 0.2251555745864944
845 909 1652 20.407257263042432 0.13283810882070812
845 910 1652 19.408558653336375 0.1531767067997633
845 911 1652 18.410001330798384 0.17728910553347554
845 912 1652 17.411609603939507 0.2060268175344574
845 913 1652 16.413413691246515 0.24047507410226154
845 914 1652 15.415451631398886 0.28203068261324094
845 915 1652 14.417771984602846 0.33251123464187904
845 916 1652 13.420437735036767 0.3943108481643682
845 917 1652 12.423532066203995 0.47062642356239953
845 918 1652 11.427167146760347 0.5657932526178906
845 919 1652 10.431497926951772 0.6857946846928019
845 920 1652 9.436744618776077 0.8390570977287547
845 921 1652 8.443230957400095 1.0377282996076802
845 922 1652 7.451452811365005 1.2998061894619695
845 923 1652 6.462209297136664 1.6528255605482998
845 924 1652 5.476874017174363 2.140523883527039
845 925 1652 4.498016118245882 2.8353967552835586
845 926 1652 3.5310266212533503 3.8626755134572286
845 927 1652 2.5892371463425197 5.439343558707907
845 928 1652 1.714686268680093 7.83406322228933
845 929 1652 1.084504034109677 10.134526223921721
845 930 1652 1.1883387564159755 8.733172806935213
845 931 1652 1.9100128271821555 6.110688382739462
845 932 1652 2.80787268229891 4.294741579926977
845 933 1652 3.7576786717334647 3.1204538401104354
845 934 1652 4.728228949617466 2.3361389111672017
845 935 1652 5.70895340671132 1.7918054143543722
845 936 1652 6.69538266270128 1.401412873908345
845 937 1652 7.685320357668963 1.1137769493985663
845 938 1652 8.677565845327887 0.8970973981257575
845 939 1652 9.671408842562762 0.730824444931393
845 940 1652 10.666402814445052 0.6012221775803469
845 941 1652 11.66225316994968 0.49884133145433296
845 942 1652 12.65875779845722 0.4170198431381732
845 943 1652 13.655773467658344 0.35096032304711267
845 944 1652 14.653195863019157 0.2971441125499039
845 945 1652 15.65094722373064 0.25294859820699905
845 946 1652 16.648968406480982 0.21639107602704608
845 909 1653 20.481361014346636 0.13517094309414615
845 910 1653 19.486460658621372 0.15582376842186152
845 911 1653 18.49211045283903 0.18028784122907857
845 912 1653 17.498404184382032 0.20941378495099014
845 913 1653 16.50545815783369 0.24428123582345632
845 914 1653 15.513418353154755 0.28627274600551056
845 915 1653 14.522470485423577 0.3371759855753422
845 916 1653 13.532854429129097 0.399326915792267
845 917 1653 12.544885372134697 0.47581309665789207
845 918 1653 11.558985638887142 0.5707664349220676
845 919 1653 10.575733969800835 0.6897905196835032
845 920 1653 9.595944403757215 0.8405919831624757
845 921 1653 8.620797468911999 1.0339202995432717
845 922 1653 7.652068282497199 1.2849611480221235
845 923 1653 6.692544284500457 1.6153338010640783
845 924 1653 5.746838174161497 2.055616152663443
845 925 1653 4.8230850085811205 2.647022526424052
845 926 1653 3.9367688527522224 3.4351096562396566
845 927 1653 3.1199597753817523 4.426729279318103
845 928 1653 2.4433888352041433 5.433974669324947
845 929 1653 2.050889806888796 5.873311623250756
845 930 1653 2.107640624015505 5.33179082995707
845 931 1653 2.5842114851537543 4.3040222346577135
845 932 1653 3.303656913179798 3.3324268694911092
845 933 1653 4.1412738378427445 2.5690538053208307
845 934 1653 5.038466929533317 1.9976074333668599
845 935 1653 5.968429357879758 1.5720032042796097
845 936 1653 6.917958441621422 1.2522184178273463
845 937 1653 7.879984073588042 1.0088452953142553
845 938 1653 8.850432136342343 0.8211350231065909
845 939 1653 9.82680767085636 0.6745070923850409
845 940 1653 10.807504291000837 0.558626770567232
845 941 1653 11.79144388953285 0.4660728492399628
845 942 1653 12.7778773276316 0.39144037387107256
845 943 1653 13.766268521280624 0.3307375708872003
845 944 1653 14.756224076639725 0.2809771507859434
845 945 1653 15.747448968007548 0.23989589728528207
845 946 1653 16.739717709686808 0.2057596118229911
845 908 1654 21.5935209958913 0.11874214979843532
845 909 1654 20.60378967568827 0.13630549776745388
845 910 1654 19.615100025235623 0.1569740234629497
845 911 1654 18.62761790997439 0.18140270885125753
845 912 1654 17.641546105713036 0.21041020457743626
845 913 1654 16.65713507779771 0.2450266445593109
845 914 1654 15.674697732332799 0.2865574363150879
845 915 1654 14.694629937497545 0.3366688959814301
845 916 1654 13.717439593451804 0.3975037639973979
845 917 1654 12.743788643884491 0.47183736278934235
845 918 1654 11.774555150832638 0.5632880899968841
845 919 1654 10.810927296027826 0.6765976119407391
845 920 1654 9.854549659928638 0.8179918795045354
845 921 1654 8.90775779868311 0.9956104819486618
845 922 1654 7.973966955035607 1.2199115755431424
845 923 1654 7.0583389689076235 1.503722422989026
845 924 1654 6.168966607139323 1.8609571061518237
845 925 1654 5.31903647289621 2.3014151220085637
845 926 1654 4.530800039728111 2.815948955584619
845 927 1654 3.8424144753007003 3.344838099325967
845 928 1654 3.316647252874574 3.743431925641093
845 929 1654 3.0391033217053613 3.8282760265553657
845 930 1654 3.077685656463419 3.5507598624972534
845 931 1654 3.421717258921428 3.057110295703654
845 932 1654 3.9930125218938235 2.5242066884805663
845 933 1654 4.709580554571816 2.047430000091436
845 934 1654 5.515083770896058 1.6535756657309664
845 935 1654 6.3759037790733 1.3386059093231302
845 936 1654 7.2724238737852245 1.0894056419638352
845 937 1654 8.192932869247825 0.8923571355376552
845 938 1654 9.130177928167747 0.7359043034168654
845 939 1654 10.079491505031472 0.6109119862077791
845 940 1654 11.03776014415976 0.5103540097369303
845 941 1654 12.002839205788012 0.4288746015849389
845 942 1654 12.973208893716384 0.36239249463736806
845 943 1654 13.947765018095264 0.30778526687529034
845 944 1654 14.92568755535242 0.2626495588353145
845 945 1654 15.9063556165453 0.22512247477795125
845 946 1654 16.889290956105953 0.1937494055039219
845 947 1654 17.874119530762975 0.16738617845056925
845 907 1655 22.739264477990456 0.1039620415339591
845 908 1655 21.755692335570444 0.11882306054853545
845 909 1655 20.773688863560047 0.1361947567801329
845 910 1655 19.793487540097598 0.1565755603309514
845 911 1655 18.815370020278603 0.1805786772969567
845 912 1655 17.839679061014497 0.20896202781289347
845 913 1655 16.86683577319703 0.24266663854166975
845 914 1655 15.89736295742156 0.2828658048485253
845 915 1655 14.931917124066798 0.331027694609298
845 916 1655 13.971333114631523 0.3889940734001236
845 917 1655 13.016687328195278 0.45907683152250534
845 918 1655 12.069388924050779 0.5441704826922477
845 919 1655 11.131313893696454 0.6478694351468963
845 920 1655 10.205006075451392 0.7745563348803638
845 921 1655 9.293984559918309 0.9293768703333717
845 922 1655 8.403222536622486 1.117907108737167
845 923 1655 7.539903779226903 1.3451016876513169
845 924 1655 6.7146220295710055 1.6127398923947405
845 925 1655 5.943243979511555 1.9141949682169221
845 926 1655 5.249585602692888 2.2258707956783184
845 927 1655 4.6684203966652955 2.4988121333125726
845 928 1655 4.2461922942797425 2.663763964131237
845 929 1655 4.033131413678554 2.6646668882807294
845 930 1655 4.062283717319714 2.501181931866232
845 931 1655 4.328758367014839 2.2289822025400903
845 932 1655 4.7931356125193325 1.9174084638091442
845 933 1655 5.404641431214579 1.6156904265679661
845 934 1655 6.119325861563615 1.3476500131344515
845 935 1655 6.905226209183982 1.1200397681560215
845 936 1655 7.740681429951855 0.931134559061851
845 937 1655 8.61128033453804 0.7759959167826629
845 938 1655 9.507373401734135 0.6490470595538247
845 939 1655 10.422386914714009 0.5451353978785567
845 940 1655 11.351746517606967 0.4598700006828359
845 941 1655 12.292198704869767 0.38964870537740165
845 942 1655 13.241380177307882 0.3315703876975532
845 943 1655 14.19754024470444 0.28331776073337583
845 944 1655 15.159358462679162 0.24304474627629574
845 945 1655 16.125822428639182 0.20927976478242286
845 946 1655 17.096144272905587 0.18084683252017295
845 906 1656 23.913764843704527 0.09080736566017542
845 907 1656 22.936960326076314 0.1033401404223242
845 908 1656 21.962243715066975 0.1178932730756111
845 909 1656 20.98990588354314 0.13484334363516975
845 910 1656 20.020293429418036 0.15464644910200756
845 911 1656 19.053822424909892 0.17785648879661684
845 912 1656 18.090996351776738 0.20514763130364028
845 913 1656 17.13242974595254 0.23734162674941986
845 914 1656 16.178879720178386 0.275440391948839
845 915 1656 15.231288487846308 0.320663616992599
845 916 1656 14.290841437788036 0.37448956158526797
845 917 1656 13.359047458557804 0.4386938532982993
845 918 1656 12.437851462370814 0.515374339532921
845 919 1656 11.52979397040554 0.6069369639289504
845 920 1656 10.63823993901247 0.7159933788603964
845 921 1656 9.767709506327476 0.8450786863870197
845 922 1656 8.924357063676926 0.9960316737850562
845 923 1656 8.116658733740156 1.168800859639347
845 924 1656 7.356367921739671 1.3594207175597695
845 925 1656 6.65974091087638 1.5571743689162032
845 926 1656 6.048813850665323 1.741963534474882
845 927 1656 5.551950017786612 1.8848070504453465
845 928 1656 5.201937043063945 1.9553383468947698
845 929 1656 5.029527711425891 1.9357055160383343
845 930 1656 5.052934691840086 1.8310770504535958
845 931 1656 5.2695492217077895 1.6664384793717184
845 932 1656 5.657220960860666 1.4730140165058494
845 933 1656 6.183861980995483 1.276433079502769
845 934 1656 6.817341784009474 1.0925798376950429
845 935 1656 7.530746908507919 0.9289154067508254
845 936 1656 8.30350221292207 0.7874288088545541
845 937 1656 9.120534468988197 0.6671709784217024
845 938 1656 9.970965299307881 0.565899772329221
845 939 1656 10.84694191926932 0.4809958188224537
845 940 1656 11.742748783824089 0.4099138969764477
845 941 1656 12.65417516079188 0.35037360055234146
845 942 1656 13.578076041914123 0.30041584050204106
845 943 1656 14.512069080596412 0.25839605702766
845 944 1656 15.454324605106576 0.22295131011735617
845 945 1656 16.403418820477718 0.19295966546835194
845 906 1657 24.14328372446463 0.08974278275634694
845 907 1657 23.176154750087402 0.10191302184809849
845 908 1657 22.21193708346931 0.11598840074004889
845 909 1657 21.251027010476438 0.1323070816287083
845 910 1657 20.293894377373682 0.15127286817727123
845 911 1657 19.341099994571127 0.17336803908452195
845 912 1657 18.39331805303218 0.19916806079905944
845 913 1657 17.451365247452692 0.22935782997260398
845 914 1657 16.516238948380458 0.26474842921081065
845 915 1657 15.589167681438278 0.30629213474972744
845 916 1657 14.67167846566983 0.3550911733761752
845 917 1657 13.765687378405769 0.4123918179068654
845 918 1657 12.87362221754235 0.47954883932187503
845 919 1657 11.998589458765565 0.5579348328562591
845 920 1657 11.144601787412606 0.6487535204919233
845 921 1657 10.316886594317122 0.7526970632265869
845 922 1657 9.522297464372787 0.8693734247178447
845 923 1657 8.769843157092408 0.9964479343056422
845 924 1657 8.071316435377852 1.1285528047196223
845 925 1657 7.441918368270425 1.2563037359031854
845 926 1657 6.900590481980571 1.3662296259734277
845 927 1657 6.469478263353309 1.4427304291131655
845 928 1657 6.1717217208815445 1.4725025011330373
845 929 1657 6.027117802067681 1.4497857530022111
845 930 1657 6.046664287026465 1.3790055545822923
845 931 1657 6.228816019116423 1.2727240094969476
845 932 1657 6.56004184437885 1.1465354560426138
845 933 1657 7.019269833821861 1.0143747605654567
845 934 1657 7.583280886265633 0.8862144411983436
845 935 1657 8.230561888474066 0.7679230414101595
845 936 1657 8.943050318543548 0.6621825960998318
845 937 1657 9.706397323415212 0.5695934846648706
845 938 1657 10.50952658305797 0.4895719420175668
845 939 1657 11.343991757754509 0.4209596119430881
845 940 1657 12.20336629787053 0.36239319226731215
845 941 1657 13.082742411283744 0.31250848443396617
845 942 1657 13.978345717573395 0.27004137675933454
845 943 1657 14.88724786520338 0.23386913311425284
845 906 1658 24.41163962129539 0.08804573022373668
845 907 1658 23.455578206473593 0.09973054438049263
845 908 1658 22.50333639707675 0.11317970334322884
845 909 1658 21.555420408797396 0.1286877634731658
845 910 1658 20.612427052630153 0.14660035803087668
845 911 1658 19.67506414220801 0.1673218446614786
845 912 1658 18.744176402285582 0.19132293098859246
845 913 1658 17.820778574461883 0.21914727264714212
845 914 1658 16.90609798268068 0.2514152228069481
845 915 1658 16.00162957326534 0.2888215924639384
845 916 1658 15.109207424613642 0.33212221078305193
845 917 1658 14.231097954831178 0.3821009646456038
845 918 1658 13.37012150281366 0.43950462555541525
845 919 1658 12.529810413569725 0.5049273251316893
845 920 1658 11.714612626971514 0.5786214120319221
845 921 1658 10.930148626619884 0.6602108170859404
845 922 1658 10.18352340793699 0.7482964248798721
845 923 1658 9.483678031228218 0.8399867176652674
845 924 1658 8.841727715780488 0.9304793822477659
845 925 1658 8.271163702889755 1.0129562010292767
845 926 1658 7.78769214851236 1.07915643351617
845 927 1658 7.408383696866757 1.1208805620950026
845 928 1658 7.149835592515485 1.1321850245429852
845 929 1658 7.025393156258328 1.111351415625456
845 930 1658 7.042169339060334 1.0615104458743794
845 931 1658 7.199176966848472 0.9895231315797363
845 932 1658 7.487599682141245 0.9038184803748321
845 933 1658 7.893044342964366 0.812338594076105
845 934 1658 8.398580177625375 0.7213188445414478
845 935 1658 8.987332696634859 0.6349562525608043
845 936 1658 9.644073257706106 0.5556444698304087
845 937 1658 10.355875095809248 0.48442833170742045
845 938 1658 11.11216221083918 0.4214587081516493
845 939 1658 11.904459206532753 0.3663554268801837
845 940 1658 12.726042157717478 0.3184625263077002
845 941 1658 13.57159345839694 0.2770126675101997
845 942 1658 14.436902333949714 0.24122530452595217
845 943 1658 15.318620988848924 0.21036054740362836
845 906 1659 24.717567619003272 0.0857700769874453
845 907 1659 23.773812252139944 0.09686637551717805
845 908 1659 22.834845061878553 0.10956811246372453
845 909 1659 21.90128190312155 0.12412399788909771
845 910 1659 20.973844402016518 0.14081977199345963
845 911 1659 20.053382482763343 0.15998142408358637
845 912 1659 19.140902512682096 0.18197706663902333
845 913 1659 18.237602611088988 0.20721618536789402
845 914 1659 17.344917094065337 0.23614425237556225
845 915 1659 16.46457254227999 0.26922963594869587
845 916 1659 15.598658564120193 0.3069383069227647
845 917 1659 14.749716912537687 0.34969005748610704
845 918 1659 13.920853027023897 0.39778808743281574
845 919 1659 13.115873931995555 0.45131268893741716
845 920 1659 12.339454971756275 0.5099711969785891
845 921 1659 11.5973337021921 0.5729037265135722
845 922 1659 10.896520040820409 0.6384623754955886
845 923 1659 10.245494082766381 0.7040148873728101
845 924 1659 9.654333172208272 0.7658695531883438
845 925 1659 9.134667426896348 0.819455216895978
845 926 1659 8.699318881383833 0.8598715982202835
845 927 1659 8.361468112718086 0.8827991533310531
845 928 1659 8.1332741869435 0.885535812047075
845 929 1659 8.024098017846091 0.867746517500293
845 930 1659 8.038790269686208 0.8315613075783457
845 931 1659 8.176683251783805 0.7809709757981166
845 932 1659 8.431734637665127 0.7208224592991087
845 933 1659 8.793756250886306 0.6558432834537675
845 934 1659 9.250197241140434 0.5899876339808943
845 935 1659 9.787857222089123 0.5261671336383
845 936 1659 10.394140127976064 0.4662724977954414
845 937 1659 11.057764195351716 0.4113493056692943
845 938 1659 11.769033477733101 0.36181903277294725
845 939 1659 12.51983023047847 0.31768307982474814
845 940 1659 13.3034637970719 0.2786849154716087
845 941 1659 14.114465948097463 0.24442730013152145
845 942 1659 14.948382822232073 0.21445124025305937
845 943 1659 15.80158691397807 0.1882859185313244
845 906 1660 25.059691717976087 0.08298497955783014
845 907 1660 24.12932135390466 0.09341250433945147
845 908 1660 23.204744105462563 0.10527624805626173
845 909 1660 22.286680977660172 0.11877957192361985
845 910 1660 21.375971299569052 0.1341502846785148
845 911 1660 20.473596386565795 0.15164047124123667
845 912 1660 19.580708592898265 0.1715242563227549
845 913 1660 18.698667038053813 0.19409226056990922
845 914 1660 17.82908155234027 0.2196409804719058
845 915 1660 16.973866648468764 0.24845467106680394
845 916 1660 16.135307527283153 0.2807765949368939
845 917 1660 15.31614014691693 0.3167659081756265
845 918 1660 14.519646999841305 0.35643639779327263
845 919 1660 13.749769052605965 0.3995745414216433
845 920 1660 13.011231648080086 0.44563816480399215
845 921 1660 12.309677046941603 0.4936448825636044
845 922 1660 11.651787373617879 0.5420726298930796
845 923 1660 11.045367762098333 0.5888116843905176
845 924 1660 10.499340407854259 0.631222084295273
845 925 1660 10.023579650005349 0.6663484618052485
845 926 1660 9.628507101311264 0.6913091951627175
845 927 1660 9.324384644575831 0.7038037961458482
845 928 1660 9.12031518095738 0.7025987434180407
845 929 1660 9.023089770139814 0.68781543252686
845 930 1660 9.036157867146958 0.660901016442522
845 931 1660 9.159047384963241 0.6242946488090148
845 932 1660 9.387446351378104 0.5809252177110392
845 933 1660 9.713915225078 0.5337165729613339
845 934 1660 10.128975713269446 0.4852270653428505
845 935 1660 10.622247831791649 0.4374647732584457
845 936 1660 11.183387188146643 0.3918525137622132
845 937 1660 11.802717864966636 0.3492883385406106
845 938 1660 12.471573637677112 0.3102494274645456
845 939 1660 13.182418177254233 0.2749030379139214
845 940 1660 13.92882439403997 0.24320485094922226
845 941 1660 14.705378233830064 0.21497726150725208
845 942 1660 15.507551354098528 0.18996724781636706
845 943 1660 16.33156909179284 0.1678867095753144
845 907 1661 24.520484273358054 0.08947287544439754
845 908 1661 23.611229298789162 0.10043951110215724
845 909 1661 22.709604774191906 0.11283099454752817
845 910 1661 21.81655676315582 0.12682200908731453
845 911 1661 20.9331829638973 0.14259870607941197
845 912 1661 20.060761426227078 0.16035397310547325
845 913 1661 19.200785114156147 0.1802794126185374
845 914 1661 18.355003377825906 0.20255272176151828
845 915 1661 17.525471434457916 0.22731888535097164
845 916 1661 16.714608849745797 0.2546634378089473
845 917 1661 15.925267627264564 0.2845762182421201
845 918 1661 15.16080964196836 0.3169048697460592
845 919 1661 14.425191471866187 0.3512992932249004
845 920 1661 13.72305173786068 0.3871518849873856
845 921 1661 13.059791307674145 0.42354395593992983
845 922 1661 12.441629676212084 0.4592156961129066
845 923 1661 11.875611521096559 0.49258315918906753
845 924 1661 11.369527210926647 0.5218264765699391
845 925 1661 10.931703847068011 0.5450630403833755
845 926 1661 10.570626708005616 0.5605943817104889
845 927 1661 10.294374628893285 0.5671809355029016
845 928 1661 10.109903510914526 0.5642710960859831
845 929 1661 10.022282624232963 0.55211048021267
845 930 1661 10.034049481640105 0.5316927290548221
845 931 1661 10.14485825430805 0.5045695064234235
845 932 1661 10.351528824284955 0.4725839701333564
845 933 1661 10.64848106539155 0.43760567543165707
845 934 1661 11.028424592842011 0.40132553030304047
845 935 1661 11.483124531241598 0.3651350598724942
845 936 1661 12.004088845056199 0.3300842849069156
845 937 1661 12.583089803383062 0.29689645296931166
845 938 1661 13.212499725638708 0.26601490473830924
845 939 1661 13.885465386511285 0.23766203139694064
845 940 1661 14.595963448844449 0.2118973010185398
845 941 1661 15.338779253904242 0.18866758405581208
845 942 1661 16.10944285194256 0.16784738128997553
845 907 1662 24.94562384467464 0.08515688304448037
845 908 1662 24.052445800791237 0.09519732345900561
845 909 1662 23.167998381388067 0.10645576189076579
845 910 1662 22.293320726172677 0.11906040786010359
845 911 1662 21.429609165824754 0.13314143535055104
845 912 1662 20.578244555841017 0.14882511614753238
845 913 1662 19.740824425540097 0.16622511403126572
845 914 1662 18.919200538077728 0.18543012216903057
845 915 1662 18.115522322030923 0.20648701112797374
845 916 1662 17.332286317736642 0.22937882522866884
845 917 1662 16.572391167239594 0.2539974673071856
845 918 1662 15.839196602100783 0.2801119358203851
845 919 1662 15.136583134908655 0.3073347119973159
845 920 1662 14.46900649664659 0.3350914124250168
845 921 1662 13.8415370894999 0.3626018761009353
845 922 1662 13.259869871156408 0.388883601077337
845 923 1662 12.73028471794726 0.41278926304498875
845 924 1662 12.259532984579863 0.4330867803561464
845 925 1662 11.854625637277701 0.4485813917606032
845 926 1662 11.522506194400671 0.4582651539276454
845 927 1662 11.269611750189176 0.46146462502601443
845 928 1662 11.101357979995154 0.4579498073077627
845 929 1662 11.021621886092907 0.4479731647731122
845 930 1662 11.032322919494437 0.43222684305474535
845 931 1662 11.133200303596553 0.41173109050777273
845 932 1662 11.32184388692948 0.38768567344480165
845 933 1662 11.593970372568776 0.36132111754382623
845 934 1662 11.94387495748355 0.33377840979915574
845 935 1662 12.364956490016565 0.30603102580083585
845 936 1662 12.850219803567676 0.27884925837782026
845 937 1662 13.392690133054037 0.2527981069052962
845 938 1662 13.985712316503694 0.22825695894811546
845 939 1662 14.623137454048745 0.2054502511478647
845 940 1662 15.299416622865177 0.18448108720888565
845 941 1662 16.009626760171624 0.16536283242192462
845 942 1662 16.74945219999757 0.14804618684790538
845 907 1663 25.40303424790039 0.08057337272871819
845 908 1663 24.526519300544873 0.08968539021395758
845 909 1663 23.659800273882286 0.09982249909206076
845 910 1663 22.803994145763156 0.11107396414708505
845 911 1663 21.960376795492387 0.12352456103761847
845 912 1663 21.13040815980611 0.13724857476570682
845 913 1663 20.31576109822127 0.15230159837022073
845 914 1663 19.518354157049224 0.16870972720150473
845 915 1663 18.740388176342584 0.18645587179373876
845 916 1663 17.984386255860972 0.2054632102202347
845 917 1663 17.253235899390035 0.22557634773130844
845 918 1663 16.550231086000014 0.24654161784687437
845 919 1663 15.879110459972289 0.2679891610952414
845 920 1663 15.244085705610601 0.28942084095242926
845 921 1663 14.649851500953911 0.31020936176375535
845 922 1663 14.101565480470656 0.3296145124984057
845 923 1663 13.60478404826779 0.3468214235474085
845 924 1663 13.165338924615721 0.3610023344004301
845 925 1663 12.789141839857823 0.3713975464979517
845 926 1663 12.481912874235345 0.37740418732122344
845 927 1663 12.24884276166537 0.3786557478161356
845 928 1663 12.09421965237949 0.37507416501009555
845 929 1663 12.021071042132741 0.3668812687934409
845 930 1663 12.030883134666485 0.35456657691262305
845 931 1663 12.123454499440436 0.3388198162787623
845 932 1663 12.29691623944811 0.32044457983312663
845 933 1663 12.54791412944808 0.3002714954321808
845 934 1663 12.871913183361784 0.2790855783477614
845 935 1663 13.263564716922934 0.25757571367587223
845 936 1663 13.71707508909983 0.23630751228469957
845 937 1663 14.226529759572543 0.2157160789607482
845 938 1663 14.78614719932151 0.19611304878997252
845 939 1663 15.390456425980465 0.1777020946889282
845 940 1663 16.034405165144218 0.1605981256189377
845 941 1663 16.71341224884983 0.14484681748093228
845 907 1664 25.891005175543114 0.07582562264904431
845 908 1664 25.03158303024402 0.08402955807237447
845 909 1664 24.182972294571247 0.09308362950468534
845 910 1664 23.346351942005853 0.10304575701930102
845 911 1664 22.523058162691868 0.11396547756937457
845 912 1664 21.71460681200562 0.1258784430337074
845 913 1664 20.92271848971832 0.13879937120563318
845 914 1664 20.149346118422827 0.15271333722909383
845 915 1664 19.396704591244387 0.16756546914655857
845 916 1664 18.6673015993207 0.18324941053220245
845 917 1664 17.963968075010634 0.19959536298012673
845 918 1664 17.289885742826684 0.21635912286492034
845 919 1664 16.64860801989168 0.23321422593413751
845 920 1664 16.044068966443696 0.2497499646700806
845 921 1664 15.480573277498536 0.2654783871388274
845 922 1664 14.962758736275935 0.279853067627901
845 923 1664 14.495521687749012 0.2923011112164629
845 924 1664 14.083896797406677 0.3022673753291981
845 925 1664 13.732885676361038 0.3092665686576594
845 926 1664 13.447235738247555 0.31293561046216006
845 927 1664 13.231180937467462 0.3130767009554083
845 928 1664 13.088168282842426 0.3096821303647826
845 929 1664 13.020604786260987 0.30293526473579274
845 930 1664 13.029664193677544 0.29318748194704664
845 931 1664 13.115187722636788 0.28091624756883493
845 932 1664 13.27569768411449 0.2666731323252428
845 933 1664 13.508521347653227 0.25103137750721094
845 934 1664 13.810001774076753 0.23454084529799304
845 935 1664 14.17575920365478 0.21769497016256564
845 936 1664 14.60096397502587 0.20091096849095844
845 937 1664 15.080588483212562 0.18452199926319315
845 938 1664 15.60961719581885 0.16877854998481012
845 939 1664 16.183205770180507 0.15385593524221927
845 940 1664 16.796789842109824 0.13986510031959612
845 908 1665 25.565800378630836 0.07834151953172282
845 909 1665 24.735524029217586 0.08637073431282674
845 910 1665 23.918238835666827 0.09512887480055002
845 911 1665 23.115322818425028 0.10463930561321454
845 912 1665 22.32832615759634 0.11491041630332252
845 913 1665 21.558992300198103 0.1259299638367078
845 914 1665 20.80928035757126 0.1376584957532032
845 915 1665 20.08138812433048 0.1500220845706118
845 916 1665 19.377774614232703 0.16290484572273842
845 917 1665 18.701180417289212 0.1761420251775173
845 918 1665 18.054643419353415 0.18951480218049205
845 919 1665 17.441506500299845 0.20274829178567894
845 920 1665 16.86541280253768 0.21551443717944613
845 921 1665 16.330283187991625 0.22744139738193608
845 922 1665 15.840269852499421 0.23813049903923778
845 923 1665 15.39968015901636 0.24718073418156486
845 924 1665 15.01286611543586 0.2542192125793126
845 925 1665 14.684078077972833 0.2589342177454022
845 926 1665 14.41728646451899 0.2611060931330874
845 927 1665 14.215982167968647 0.2606306937751724
845 928 1665 14.082973727164397 0.25753097664210356
845 929 1665 14.020205027031622 0.25195442008483143
845 930 1665 14.028618927036362 0.24415679322554953
845 931 1665 14.108088070323454 0.23447546327795138
845 932 1665 14.25742434663439 0.22329712825232373
845 933 1665 14.474465413271854 0.21102520359845647
845 934 1665 14.756224076639771 0.19805120478994084
845 935 1665 15.099077753293523 0.1847328553310571
845 910 1666 24.51758856413087 0.08744511243477271
845 911 1666 23.734956267075805 0.09567933765971022
845 912 1666 22.969200007836605 0.1044853362160466
845 913 1666 22.22206446305116 0.11383453820064669
845 914 1666 21.49549136446993 0.12367483984109669
845 915 1666 20.791636515676238 0.13392579626453602
845 916 1666 20.112885148580787 0.14447414770472722
845 917 1666 19.46186396520132 0.1551703219891484
845 918 1666 18.841447635465855 0.16582673953922342
845 919 1666 18.2547568869049 0.17621886946168125
845 920 1666 17.705144704294344 0.18608997481459988
845 921 1666 17.196166694935304 0.19516026356070368
845 922 1666 16.731531579625408 0.2031406717520122
845 923 1666 16.31502831747473 0.2097507496181345
845 924 1666 15.950427862599875 0.21473919875374087
845 925 1666 15.64136020300033 0.21790472700595795
845 926 1666 15.391171138025937 0.2191143244719217
845 927 1666 15.20276780721204 0.2183160738499362
845 928 1666 15.078466400798288 0.21554430497882618
845 929 1666 15.019858488015224 0.21091617683708888
845 930 1666 15.02771270020834 0.20462029708896606
845 931 1666 15.101925340829995 0.1968993467211982
845 932 1666 15.241527121650352 0.1880295093593049
845 912 1667 23.63501954727352 0.09469585470228244
845 913 1667 22.909608224498328 0.10259538241116216
845 914 1667 22.205543204344306 0.1108222801026515
845 915 1667 21.52491925652688 0.11929739215773535
845 916 1667 20.87002992331352 0.1279167038888543
845 917 1667 20.243372964997754 0.13654999529988898
845 918 1667 19.64764996125496 0.14504108823349315
845 919 1667 19.08575775283764 0.1532102449599243
845 920 1667 18.560769084281024 0.16085918412326747
845 921 1667 18.075899673322 0.16777895353576205
845 922 1667 17.634459135454154 0.17376052940476625
845 923 1667 17.239783902358017 0.17860752931851465
845 925 1667 16.603678779114066 0.1842571291584347
845 926 1667 16.368205430040366 0.18484897029686395
845 927 1667 16.191175034567532 0.18390256560581877
845 928 1667 16.07451862420779 0.1814544156298383
845 929 1667 16.019555206059973 0.17759715168583218
845 930 1667 16.026919510623472 0.17247153230307183
845 931 1667 16.096525991654328 0.16625490415458272
845 914 1668 22.937221911120837 0.09910838990130601
845 915 1668 22.27896202698864 0.10610195510254951
845 916 1668 21.646896983170635 0.11313699862059501
845 917 1668 21.043387298626666 0.1201032860692508
845 918 1668 20.470958673203416 0.12687333754954613
845 919 1668 19.932289105870463 0.13330520738252702
845 928 1668 17.071032452666806 0.15356523890273213
