# %ECSV 0.9
# ---
# datatype:
# - name: sexcat_id
#   datatype: int32
# - name: x
#   datatype: int32
# - name: y
#   datatype: int32
# - name: sep
#   datatype: float64
# - name: weight
#   datatype: float64
# schema: astropy-2.0
sexcat_id x y sep weight
817 929 1628 23.032070532194812 0.08379587493735431
817 930 1628 23.056241519380315 0.0854336674274069
817 931 1628 23.123673432220855 0.08670326458057107
817 932 1628 23.233989605747798 0.08757857134225196
817 933 1628 23.386583183526334 0.08804116670732237
817 934 1628 23.580633430847374 0.08808117285245289
817 935 1628 23.815126978456295 0.08769773088697481
817 936 1628 24.088882767783083 0.08689904253706314
817 937 1628 24.400579357875845 0.08570197416316408
817 938 1628 24.74878326302117 0.08413125708064936
817 939 1628 25.131977100896716 0.08221835118542667
817 940 1628 25.5485865166744 0.0800000632234915
817 924 1629 22.579687176752394 0.08121971757796329
817 925 1629 22.3820524751417 0.08467228113214635
817 926 1629 22.227691580548722 0.08792283458020361
817 927 1629 22.11751055159682 0.09091617424076967
817 928 1629 22.05217161641902 0.0935975961347868
817 929 1629 22.032073733536674 0.09591489843707722
817 930 1629 22.05734056952462 0.09782050054616138
817 931 1629 22.1278167246567 0.09927354156434409
817 932 1629 22.24307247212032 0.10024180363261122
817 933 1629 22.402416677671113 0.10070330454273585
817 934 1629 22.604917009358758 0.10064742186013466
817 935 1629 22.84942609782567 0.10007544683988068
817 936 1629 23.134612013171886 0.09900051672363142
817 937 1629 23.458991303975477 0.09744693174595827
817 938 1629 23.820962889858105 0.09544891999613317
817 939 1629 24.21884128111824 0.09304896101011419
817 940 1629 24.650887874476187 0.0902958113103526
817 941 1629 25.115339396472372 0.08724238879931454
817 922 1630 22.14836953366989 0.08398696319956493
817 923 1630 21.85553186266572 0.08838050194414918
817 924 1630 21.6050520249315 0.09266613401579524
817 925 1630 21.398417534948624 0.09677945750417405
817 926 1630 21.236908273098436 0.10065212466127
817 927 1630 21.121559435799167 0.10421381156241062
817 928 1630 21.053129767329057 0.10739462692090865
817 929 1630 21.03207723930275 0.11012785721152685
817 930 1630 21.058543943017447 0.11235289011826696
817 931 1630 21.132351336280514 0.11401811217119405
817 932 1630 21.253006210886895 0.1150835488607604
817 933 1630 21.419716921565442 0.11552301452992832
817 934 1630 21.63141865435545 0.11532556910716839
817 935 1630 21.886805911324682 0.1144961378781747
817 936 1630 22.184370015846675 0.11305523165207096
817 937 1630 22.52243932170752 0.11103779571255379
817 938 1630 22.899219921211227 0.10849130248253268
817 939 1630 23.312834941293545 0.10547327151831343
817 940 1630 23.76136092482914 0.1020484418864962
817 941 1630 24.242860247916237 0.09828583247795705
817 942 1630 24.755408964507076 0.09425590757522438
817 919 1631 22.363905584669165 0.07989124755658689
817 920 1631 21.937599526839684 0.08508358683074428
817 921 1631 21.549298666081842 0.09035206277991147
817 922 1631 21.201091316250604 0.09564102009472578
817 923 1631 20.89498200525659 0.10088536712101048
817 924 1631 20.632844520327215 0.1060111701182626
817 925 1631 20.416372669992015 0.11093687826437366
817 926 1631 20.247031214476774 0.11557524827375569
817 927 1631 20.126009862861462 0.11983598341870062
817 928 1631 20.05418342890074 0.12362902834475124
817 929 1631 20.03208109508338 0.12686837454883662
817 930 1631 20.05986722289051 0.12947614302161717
817 931 1631 20.137335300381654 0.13138663566605072
817 932 1631 20.26391553969758 0.13255000237314443
817 933 1631 20.43869548185493 0.13293517008922393
817 934 1631 20.6604519069646 0.13253173089553574
817 935 1631 20.92769153537956 0.13135058495034718
817 936 1631 21.238697535395083 0.1294232672692766
817 937 1631 21.591578751911523 0.12680003269425472
817 938 1631 21.98431879772483 0.12354690595734052
817 939 1631 22.414822618080144 0.11974200157485636
817 940 1631 22.880958743024678 0.11547146779632673
817 941 1631 23.38059607879999 0.1108254071455454
817 942 1631 23.911634678540853 0.10589408048183
817 943 1631 24.47203042250474 0.10076462611625071
817 917 1632 22.468917931222162 0.07862861860912286
817 918 1632 21.953730275285718 0.08440984874889255
817 919 1632 21.472779815384797 0.09040405079899541
817 920 1632 21.028415846182916 0.09656797451538834
817 921 1632 20.623003491247264 0.10284632310681438
817 922 1632 20.258881336342263 0.10917107896934103
817 923 1632 19.938311688806476 0.11546137034227419
817 924 1632 19.663424752570364 0.12162406116194209
817 925 1632 19.43615890550386 0.12755523230847374
817 926 1632 19.25820014954661 0.13314267844955707
817 927 1632 19.13092452026292 0.13826946585937958
817 928 1632 19.05534762212427 0.14281848370402733
817 929 1632 19.032085356050636 0.14667778342412288
817 930 1632 19.06132925585194 0.1497463565913873
817 931 1632 19.142838687091242 0.15193987754274282
817 932 1632 19.275950638035916 0.15319586291563994
817 933 1632 19.45960618820425 0.1534777010933135
817 934 1632 19.692391246367144 0.15277709271368278
817 935 1632 19.972588039610624 0.15111461194724154
817 936 1632 20.298233248241026 0.14853832052034233
817 937 1632 20.667178641507828 0.14512060160988788
817 938 1632 21.077150495263762 0.14095358443748612
817 939 1632 21.52580481654513 0.13614366676928036
817 940 1632 22.01077629253447 0.13080569304463985
817 941 1632 22.52971977189236 0.12505731225208538
817 942 1632 23.08034386658911 0.11901394063894248
817 943 1632 23.660436872551564 0.11278461804537232
817 944 1632 24.26788563101445 0.10646890227124067
817 945 1632 24.90068820334084 0.10015481697042178
817 916 1633 22.196267096068134 0.082027310857408
817 917 1633 21.628413557170507 0.08853154033012936
817 918 1633 21.0927066304919 0.09535646860841913
817 919 1633 20.59165542155358 0.10246623358343511
817 920 1633 20.12784819596961 0.1098107351397751
817 921 1633 19.703915169326045 0.11732397820312346
817 922 1633 19.32248102599656 0.12492285703018838
817 923 1633 18.98610736828371 0.13250664178433533
817 924 1633 18.697226345102557 0.13995745311470986
817 925 1633 18.458067964984775 0.147142002448105
817 926 1633 18.27058491127192 0.15391482013381877
817 927 1633 18.136379820680787 0.16012307923156568
817 928 1633 18.056640689784942 0.16561294759365208
817 929 1633 18.03209008961516 0.17023717777719558
817 930 1633 18.062953053141594 0.17386340411125775
817 931 1633 18.148946884048048 0.17638240597413277
817 932 1633 18.28929394481912 0.17771547029382265
817 933 1633 18.482756098590855 0.17781999090327474
817 934 1633 18.727687337202035 0.1766925992578462
817 935 1633 19.022099594944756 0.17436941490974617
817 936 1633 19.363736028979467 0.17092338230015816
817 937 1633 19.750146151357907 0.16645904557140295
817 938 1633 20.178757964750893 0.16110542583758697
817 939 1633 20.646943429960707 0.15500784754501154
817 940 1633 21.152074910041275 0.14831959029207112
817 941 1633 21.691571473731397 0.14119413573119224
817 942 1633 22.262934959254537 0.1337785793281035
817 943 1633 22.863776437850284 0.12620853795032252
817 944 1633 23.491834177007078 0.11860465558245686
817 945 1633 24.14498442741262 0.11107062484498743
817 946 1633 24.821246403031374 0.10369251717026216
817 915 1634 22.01127604206528 0.08490862427831124
817 916 1634 21.39182724780651 0.0921244926740285
817 917 1634 20.802025694628806 0.09978366582112601
817 918 1634 20.24446277380551 0.10786293011375694
817 919 1634 19.721872958722685 0.11632345949127987
817 920 1634 19.237106669143287 0.12510801739088523
817 921 1634 18.793091097528293 0.13413835314102468
817 922 1634 18.392777740189143 0.14331310255453963
817 923 1634 18.03907627901155 0.15250658286676286
817 924 1634 17.73477580912703 0.1615689305800575
817 925 1634 17.482456148951076 0.170328042196338
817 926 1634 17.284393914742783 0.17859371391757953
817 927 1634 17.142469862887243 0.1861642126322707
817 928 1634 17.058085267696296 0.192835236866497
817 929 1634 17.032095379018912 0.1984108594266952
817 930 1634 17.06476700690629 0.20271563480324142
817 931 1634 17.15576500771672 0.2056066890965241
817 932 1634 17.304169237498733 0.20698439024349666
817 933 1634 17.508520011697094 0.20680020995174472
817 934 1634 17.76688698112299 0.20506067521444257
817 935 1634 18.076954195881495 0.20182683223367923
817 936 1634 18.43611328344447 0.19720930192940395
817 937 1634 18.841557074721763 0.19135964429142366
817 938 1634 19.290367363013015 0.1844592249899338
817 939 1634 19.779592336547225 0.17670700019505908
817 940 1634 20.306311161803805 0.16830758843262683
817 941 1634 20.867684897946823 0.1594607351540306
817 942 1634 21.46099422207643 0.15035289125538875
817 943 1634 22.083665298133777 0.1411512213623723
817 944 1634 22.733285574241087 0.1320000093925297
817 945 1634 23.407611433036006 0.12301918075776751
817 946 1634 24.10456954604247 0.11430452190190296
817 947 1634 24.822253584233604 0.10592913415728361
817 914 1635 21.91616465077768 0.08717319887836243
817 915 1635 21.246935614342064 0.09506318420897145
817 916 1635 20.604520693284694 0.10353000175712486
817 917 1635 19.991505020883174 0.11256868065162123
817 918 1635 19.410674202613293 0.1221585723830696
817 919 1635 18.865001272197073 0.1322594165630654
817 920 1635 18.357621659681225 0.14280720129244243
817 921 1635 17.891793453983233 0.15371011204746513
817 922 1635 17.47084064949358 0.16484500237771468
817 923 1635 17.098078049886116 0.17605496589589595
817 924 1635 16.776718183244224 0.18714871363659086
817 925 1635 16.5097629601396 0.19790252102566988
817 926 1635 16.29988567444562 0.20806545094701553
817 927 1635 16.14931184292376 0.21736833127725255
817 928 1635 16.059709617549053 0.22553653600626306
817 929 1635 16.03210132827252 0.23230600561534592
817 930 1635 16.066806558865316 0.23744123091163516
817 931 1635 16.163423925641425 0.24075327228876922
817 932 1635 16.32085392986524 0.24211549085626136
817 933 1635 16.53735991626226 0.24147470265836557
817 934 1635 16.81065950520674 0.23885600550439123
817 935 1635 17.138035855954957 0.23436049076575358
817 936 1635 17.51645720458329 0.22815621572519268
817 937 1635 17.942694139955623 0.22046387905675632
817 938 1635 18.413426432904817 0.21153935123907228
817 939 1635 18.925334158212316 0.20165542724992797
817 940 1635 19.475170679611463 0.19108491244318368
817 941 1635 20.059817372049977 0.18008656983177393
817 942 1635 20.67632155389343 0.1688947456411545
817 943 1635 21.321920012043897 0.15771282723125074
817 944 1635 21.994050854719738 0.1467101864569648
817 945 1635 22.69035638768149 0.1360219623935281
817 946 1635 23.408679437336875 0.12575092350398503
817 947 1635 24.1470551620689 0.11597067335674398
817 913 1636 21.91210334495521 0.08873820610951481
817 914 1636 21.195619193597466 0.0972374785014167
817 915 1636 20.502884504381264 0.10645237599620154
817 916 1636 19.836387599560496 0.11640147083029996
817 917 1636 19.19886124227157 0.12708931813474447
817 918 1636 18.593285696723896 0.13850161788173668
817 919 1636 18.022881928259903 0.15059965997472527
817 920 1636 17.491091246688914 0.1633142392293025
817 921 1636 17.00153737166135 0.17653940417849803
817 922 1636 16.557967055167055 0.1901266306285884
817 923 1636 16.164166325548546 0.2038802705542141
817 924 1636 15.82385139591489 0.21755537798479221
817 925 1636 15.540536445052263 0.23085918440954503
817 926 1636 15.31738466579715 0.24345748700773132
817 927 1636 15.157053572511964 0.25498691323599765
817 928 1636 15.06154948868136 0.2650733529296919
817 929 1636 15.032108069063293 0.2733558069489028
817 930 1636 15.069116530175146 0.27951363151493747
817 931 1636 15.17208861693069 0.2832939572293771
817 932 1636 15.339695987860967 0.28453532665314035
817 933 1636 15.569851412264597 0.2831836786139238
817 934 1636 15.859832060901462 0.27929785187016815
817 935 1636 16.206426904163607 0.2730435986973197
817 936 1636 16.606091442600153 0.26467720551753116
817 937 1636 17.05509522107684 0.2545216108538053
817 938 1636 17.549651648964378 0.24293891571461268
817 939 1636 18.086024245256283 0.23030322588469784
817 940 1636 18.66060751958516 0.21697700249352433
817 941 1636 19.269983731181462 0.20329288633888282
817 942 1636 19.910958615797437 0.189541696229644
817 943 1636 20.580579996686154 0.1759662734950017
817 944 1636 21.276143283029427 0.16276018909457354
817 945 1636 21.99518749635925 0.15007004444909328
817 946 1636 22.73548488596622 0.1380000978639278
817 947 1636 23.49502655882726 0.1266181245900656
817 948 1636 24.272005953361134 0.11596167123501853
817 910 1637 23.574016904210392 0.07385315022188486
817 911 1637 22.778241218320552 0.08132643220623383
817 912 1637 21.999142551472257 0.08954394167196854
817 913 1637 21.23855628332579 0.09856149951154866
817 914 1637 20.498543192139227 0.10843178419878445
817 915 1637 19.781412310550465 0.11920119049892026
817 916 1637 19.08974261219877 0.13090570407058325
817 917 1637 18.426401520644163 0.14356563857114285
817 918 1637 17.794557398260782 0.15717912669552206
817 919 1637 17.197682198482376 0.17171435192430415
817 920 1637 16.639539446751453 0.1871006744759389
817 921 1637 16.124151853663424 0.20321906305044704
817 922 1637 15.655742492772347 0.2198926043370115
817 923 1637 15.238644066976489 0.23687831295123044
817 924 1637 14.877172883313474 0.2538619517138237
817 925 1637 14.575468191450929 0.2704579813140108
817 926 1637 14.337303547041119 0.28621690602763616
817 927 1637 14.16588412348477 0.30064193828003855
817 928 1637 14.063650770692433 0.31321586383942507
817 929 1637 14.032115770616986 0.32343719244057956
817 930 1637 14.071754439301374 0.33086235065968667
817 931 1637 14.181969997147716 0.33514839038408395
817 932 1637 14.361137594215787 0.33608926824579266
817 933 1637 14.60672013150105 0.33363895317854514
817 934 1637 14.915437405587477 0.3279167201478224
817 935 1637 15.283464037972482 0.3191935315563343
817 936 1637 15.70663149755536 0.30786230631803
817 937 1637 16.18061411071898 0.29439788008716505
817 938 1637 16.70108598265389 0.27931372309338304
817 939 1637 17.263842938349452 0.26312188860792685
817 940 1637 17.864889392324777 0.24630075408023253
817 941 1637 18.500493858273035 0.22927272180028113
817 942 1637 19.167218707991996 0.21239190480981773
817 943 1637 19.861930243558866 0.19594035636870089
817 944 1637 20.58179469822781 0.18013069092349218
817 945 1637 21.32426488768132 0.16511284931377485
817 946 1637 22.08706121239307 0.15098305202020784
817 947 1637 22.868149750253046 0.13779344691142126
817 948 1637 23.66571936367028 0.12556143902528819
817 908 1638 24.666622650861576 0.0664029601131906
817 909 1638 23.823439571145 0.07334510356448357
817 910 1638 22.99283090443622 0.08103913984997023
817 911 1638 22.176209617515738 0.0895588762379573
817 912 1638 21.37517889983608 0.09898110720933094
817 913 1638 20.591558294602123 0.10938390088365323
817 914 1638 19.8274121609452 0.12084404454489953
817 915 1638 19.085079853120803 0.13343340227823774
817 916 1638 18.367206456072672 0.1472139041207855
817 917 1638 17.676772131811784 0.16223087163376734
817 918 1638 17.017117059008488 0.17850440946747254
817 919 1638 16.391957570711245 0.1960186858861922
817 920 1638 15.805387467569334 0.21470912691170027
817 921 1638 15.261856800533735 0.23444790483507963
817 922 1638 14.766119090675039 0.2550286538267387
817 923 1638 14.323137679991696 0.2761521066725501
817 924 1638 13.93794364316336 0.2974152639917024
817 925 1638 13.615442445987496 0.3183076110527624
817 926 1638 13.360174886579815 0.3382184610255106
817 927 1638 13.176049218183651 0.3564592545910635
817 928 1638 13.066073358128602 0.37230308493194253
817 929 1638 13.032124654099887 0.38504058068348235
817 930 1638 13.0747953330061 0.39404688820584255
817 931 1638 13.193341995112464 0.3988499849884431
817 932 1638 13.38574887707065 0.39918770374508994
817 933 1638 13.648892738973306 0.39504133476305553
817 934 1638 13.978779381619779 0.3866380755208275
817 935 1638 14.370813233773456 0.3744217483787146
817 936 1638 14.820063191498148 0.35899857184819595
817 937 1638 15.321497087425834 0.3410697006797894
817 938 1638 15.87016928076063 0.32136332585922295
817 939 1638 16.461356961077005 0.3005766814535662
817 940 1638 17.09064870038579 0.27933392208226754
817 941 1638 17.75399315647042 0.25816133337786407
817 942 1638 18.44771728426036 0.23747797477047974
817 943 1638 19.16852297387565 0.21759806394873085
817 944 1638 19.91346963740871 0.1987409969053313
817 945 1638 20.67994857343699 0.18104537240101362
817 946 1638 21.465653332708012 0.1645842674260513
817 947 1638 22.26854896485172 0.14937993981332073
817 948 1638 23.08684198845738 0.1354169244256513
817 949 1638 23.918952171865698 0.1226530728809652
817 908 1639 24.15322489855128 0.07225961920417295
817 909 1639 23.29146352207172 0.08007489968975368
817 910 1639 22.441173610130054 0.08878242030738914
817 911 1639 21.603709704585405 0.09847885017127814
817 912 1639 20.78062253639187 0.10926708515430003
817 913 1639 19.973689518964633 0.12125467119656627
817 914 1639 19.184949126854566 0.13455119898190082
817 915 1639 18.416738935001433 0.14926430298560905
817 916 1639 17.671736558697276 0.16549381753818396
817 917 1639 16.953001887571354 0.1833235733747161
817 918 1639 16.26401773855396 0.20281028695970305
817 919 1639 15.608724259208307 0.22396904667082396
817 920 1639 14.991540047640132 0.24675510316358568
817 921 1639 14.4173601259037 0.27104211905690456
817 922 1639 13.891518023599797 0.29659783280759294
817 923 1639 13.419697202247077 0.3230593307262862
817 924 1639 13.007777404306935 0.34991179549189755
817 925 1639 12.66160625671159 0.3764764990677039
817 926 1639 12.386697421023818 0.40191538392737497
817 927 1639 12.187874014773788 0.425259878296064
817 928 1639 12.068896925568557 0.4454694289376994
817 929 1639 12.032135014202519 0.4615197271040459
817 930 1639 12.078339000044595 0.4725120672695211
817 931 1639 12.206566798244225 0.4777859935728126
817 932 1639 12.414276982571248 0.477011371627322
817 933 1639 12.697569570590995 0.4702372350315322
817 934 1639 13.051523780769752 0.4578844137430223
817 935 1639 13.470570626369115 0.44068394542069067
817 936 1639 13.948844862568315 0.4195774228281651
817 937 1639 14.480479032131447 0.39560305987007083
817 938 1639 15.059823139731705 0.36979036294495177
817 939 1639 15.681590257368624 0.3430790229767671
817 940 1639 16.340938559336138 0.3162682187954361
817 941 1639 17.03350442510286 0.2899946255354843
817 942 1639 17.755401234553915 0.26473279915773773
817 943 1639 18.503196291451882 0.2408101821668023
817 944 1639 19.273875401693317 0.21842971092981395
817 945 1639 20.064801843028473 0.19769473790282255
817 946 1639 20.873674161488648 0.17863286086655364
817 947 1639 21.69848550014491 0.16121682436959917
817 948 1639 22.537485951188053 0.1453817809964024
817 949 1639 23.38914861639899 0.1310389003112779
817 908 1640 23.67095843011004 0.07846926268663276
817 909 1640 22.790969110592854 0.08724497653397245
817 910 1640 21.921274438316715 0.09707560051654218
817 911 1640 21.063149645767552 0.10808648384504167
817 912 1640 20.218067983860323 0.12041391767525296
817 913 1640 19.38773511785216 0.1342040152417319
817 914 1640 18.57412913167123 0.14961040275357176
817 915 1640 17.779546479030277 0.1667902031508568
817 916 1640 17.006653786092016 0.1858976388719106
817 917 1640 16.25854461506312 0.20707441165525906
817 918 1640 15.538798956161251 0.230435867014232
817 919 1640 14.851541098485303 0.2560518786355757
817 920 1640 14.201488407909858 0.2839215002114863
817 921 1640 13.593979292319013 0.31394089775339706
817 922 1640 13.03496348287935 0.3458651281178172
817 923 1640 12.53093264685427 0.37926623397243747
817 924 1640 12.088766396948788 0.4134930639651145
817 925 1640 11.715471522734296 0.44764206229198195
817 926 1640 11.417805086793095 0.4805521870624913
817 927 1640 11.201797757502957 0.5108392740267633
817 928 1640 11.072229811560016 0.5369827750444761
817 929 1640 11.032147252461705 0.5574681927338051
817 930 1640 11.082521057954205 0.5709714188154799
817 931 1640 11.222133175114188 0.5765511509894288
817 932 1640 11.447719117798028 0.5738021567196151
817 933 1640 11.75432996814359 0.5629252846630278
817 934 1640 12.135826012266266 0.5446924664337708
817 935 1640 12.585399199071858 0.5203177034267382
817 936 1640 13.09604035577161 0.49127245748366055
817 937 1640 13.660903081421763 0.45909382431214185
817 938 1640 14.273551520206828 0.4252252038864289
817 939 1640 14.928103462931878 0.39091017752146723
817 940 1640 15.619291693287463 0.35714138588627165
817 941 1640 16.342468387608978 0.3246538581468056
817 942 1640 17.093574026516478 0.29394762594346613
817 943 1640 17.869087077967883 0.2653254025963804
817 944 1640 18.6659656326695 0.23893468536157572
817 945 1640 19.48158805128573 0.21480763915145556
817 946 1640 20.313696684749402 0.1928954064231418
817 947 1640 21.160346712660427 0.17309573505221174
817 948 1640 22.01986087603641 0.15527413077215482
817 949 1640 22.89079013489921 0.13927937781790026
817 908 1641 23.22176291757363 0.08500527132054554
817 909 1641 22.324073844170957 0.09482860068750013
817 910 1641 21.435444315432278 0.10589351909038472
817 911 1641 20.557049228914103 0.11836086319792587
817 912 1641 19.690258327406422 0.13240905569822384
817 913 1641 18.836673618237324 0.14823394610631227
817 914 1641 17.998174157397134 0.16604739150019768
817 915 1641 17.17696926119384 0.18607388919686968
817 916 1641 16.375660994292662 0.20854430595695106
817 917 1641 15.59731621145119 0.2336854188172656
817 918 1641 14.845547244881145 0.26170361204514236
817 919 1641 14.124598153575846 0.29276072701373057
817 920 1641 13.439429787010988 0.32693987943576763
817 921 1641 12.79579122211668 0.36419931087411433
817 922 1641 12.200257087455096 0.404313475346686
817 923 1641 11.660200384212885 0.4468032106673926
817 924 1641 11.183660983774425 0.4908617037229174
817 925 1641 10.779066425252159 0.5352903713927427
817 926 1641 10.454772737845543 0.5784678749546096
817 927 1641 10.218428108079953 0.6183829941388451
817 928 1641 10.07622315155825 0.6527616495223959
817 929 1641 10.032161930511215 0.6793021946285526
817 930 1641 10.087530569965999 0.6959977385949708
817 931 1641 10.240716430015947 0.7014786939641431
817 932 1641 10.48743405223597 0.6952769290163572
817 933 1641 10.821287954767614 0.677921453728328
817 934 1641 11.234512583997521 0.6508304894435504
817 935 1641 11.718714647946621 0.6160394783999618
817 936 1641 12.265491143855543 0.575857089974305
817 937 1641 12.866867256640164 0.5325468226674299
817 938 1641 13.515556703295607 0.4880982728291779
817 939 1641 14.205079126847512 0.44410663972073333
817 940 1641 14.929778062650458 0.40174477090943195
817 941 1641 15.684778385428304 0.361797048701839
817 942 1641 16.465912455737122 0.3247247063466926
817 943 1641 17.26963441998698 0.2907399243387221
817 944 1641 18.09293433912805 0.2598751133001105
817 945 1641 18.933258383067585 0.232041050922986
817 946 1641 19.788437861539226 0.20707224571134975
817 947 1641 20.65662782256579 0.1847604340067035
817 948 1641 21.536254850832332 0.16487817915607672
817 949 1641 22.425973178437523 0.14719475614810204
817 950 1641 23.32462803561933 0.1314863061338658
817 908 1642 22.807592441991723 0.09182624476793089
817 909 1642 21.892927465279694 0.10278085054752358
817 910 1642 20.986049485312808 0.11518871128965594
817 911 1642 20.088013167060552 0.12925387258381107
817 912 1642 19.20005919261704 0.1452070435670117
817 913 1642 18.323653374804877 0.16330714315439215
817 914 1642 17.460534728352343 0.1838417069406957
817 915 1642 16.612774392015268 0.20712531038003873
817 916 1642 15.782847430042471 0.23349474953627092
817 917 1642 14.973719411021374 0.2632991552365374
817 918 1642 14.18894897446595 0.29688248489743985
817 919 1642 13.432805849858708 0.3345549698420187
817 920 1642 12.710400190395202 0.37654923393935685
817 921 1642 12.027812477753319 0.42295629767520665
817 922 1642 11.392202289285352 0.4736372741359578
817 923 1642 10.811857980939191 0.5281095391558204
817 924 1642 10.296129029882954 0.585413395328743
817 925 1642 9.855164788069175 0.6439787078605319
817 926 1642 9.499382769422366 0.7015309900694383
817 927 1642 9.238629389687553 0.7550982099273498
817 928 1642 9.08109426225709 0.8011894132806235
817 929 1642 9.032179858705131 0.8361920486490808
817 930 1642 9.09363915052707 0.8569599327179731
817 931 1642 9.263275500599057 0.8614537757749223
817 932 1642 9.535317142077592 0.8492149112200086
817 933 1642 9.901326830278798 0.8214778927761595
817 934 1642 10.351341603869463 0.7808724325867878
817 935 1642 10.874937838902753 0.7308430946934856
817 936 1642 11.462036162916208 0.6750092182030333
817 937 1642 12.103399233273226 0.616655590705478
817 938 1642 12.790866780636836 0.5584393410607822
817 939 1642 13.51740629706746 0.5022997701373156
817 940 1642 14.277054072882088 0.44950724801340836
817 941 1642 15.064802454728673 0.40078188166458834
817 942 1642 15.876469160364312 0.35643043015992343
817 943 1642 16.708568849545408 0.31647199183948616
817 944 1642 17.558196746818826 0.2807401223592846
817 945 1642 18.42292791605067 0.24895940240468356
817 946 1642 19.300732447241458 0.22079946393586197
817 947 1642 20.189905225136627 0.1959111480059158
817 948 1642 21.089008345581338 0.17394942669196037
817 949 1642 21.99682415713685 0.15458698806459129
817 950 1642 22.91231705873501 0.13752149111911574
817 907 1643 23.366819916282964 0.08818042799637231
817 908 1643 22.43038726816811 0.09887368120907737
817 909 1643 21.499680765071798 0.11103531426731485
817 910 1643 20.57547746712086 0.1248867307478118
817 911 1643 19.658694590434997 0.1406835964305267
817 912 1643 18.750420608615645 0.1587202595338713
817 913 1643 17.85195431878533 0.1793340381112072
817 914 1643 16.96485405183311 0.20290882988228104
817 915 1643 16.09099975141378 0.2298771238834762
817 916 1643 15.232671236523107 0.2607189157290364
817 917 1643 14.392646490482507 0.295955163792003
817 918 1643 13.574324034735522 0.33613217398143996
817 919 1643 12.78187282834556 0.38179158469198965
817 920 1643 12.0204106834999 0.4334184580702456
817 921 1643 11.29620613303416 0.49135766882191295
817 922 1643 10.616886219603119 0.555687260959195
817 923 1643 9.991610130504423 0.6260388987720671
817 924 1643 9.431133176877456 0.7013641040355345
817 925 1643 8.947640638738163 0.7796668572929225
817 926 1643 8.554196221738119 0.8577642336725907
817 927 1643 8.263671883611954 0.9311944213776786
817 928 1643 8.087167180168763 0.9944394682369281
817 929 1643 8.032202250939577 1.041607792136674
817 930 1643 8.101251323098108 1.06756081190935
817 931 1643 8.29121661760196 1.0691838878738316
817 932 1643 8.59408360443386 1.046275250461007
817 933 1643 8.998459479266378 1.0016065229958961
817 934 1643 9.491378877697327 0.9401225145981289
817 935 1643 10.05983464078804 0.8676879913822118
817 936 1643 10.69178530461583 0.7899187753563631
817 937 1643 11.376654736784406 0.7114353548939385
817 938 1643 12.105464592488762 0.6355867122628759
817 939 1643 12.870752619796527 0.564511389894472
817 940 1643 13.666392098867908 0.49936574303139797
817 941 1643 14.487383235077314 0.4405922923720387
817 942 1643 15.329653388123269 0.3881596930780745
817 943 1643 16.18988180932768 0.34174956508064475
817 944 1643 17.06535299957195 0.3008895480368096
817 945 1643 17.953837277863453 0.26504185696091787
817 946 1643 18.85349498103732 0.2336587130271448
817 947 1643 19.76280023174852 0.2062147321736289
817 948 1643 20.680480482812758 0.1822240696644058
817 949 1643 21.605468590150956 0.16124790773611034
817 950 1643 22.5368647553292 0.14289609433887845
817 907 1644 23.042228038972237 0.09431882412776915
817 908 1644 22.092040942384617 0.10607001544436166
817 909 1644 21.146448236051327 0.11950113947982811
817 910 1644 20.206094946822315 0.13488175263569518
817 911 1644 19.271748052524927 0.15252781369917243
817 912 1644 18.344325362356567 0.17280935090114047
817 913 1644 17.42493251062966 0.19615883942989407
817 914 1644 16.514910626461123 0.22307990038276385
817 915 1644 15.615898084964519 0.2541555161526051
817 916 1644 14.72991082797172 0.2900542535069459
817 917 1644 13.859447066892624 0.3315318251885085
817 918 1644 13.007623649229654 0.3794234579989515
817 919 1644 12.178352639006583 0.43461964338075737
817 920 1644 11.376566837143736 0.4980135695692747
817 921 1644 10.608500035348952 0.5704026952671689
817 922 1644 9.88201765835291 0.6523201030441018
817 923 1644 9.206968719399386 0.7437661243971646
817 924 1644 8.59547980045319 0.8438144766635606
817 925 1644 8.06202660625719 0.9500948791078041
817 926 1644 7.623009445094428 1.058229282301875
817 927 1644 7.295496761701624 1.1614396319707858
817 928 1644 7.0949470047350545 1.2507183838161613
817 929 1644 7.032231011563752 1.3160033725102616
817 930 1644 7.1109966249463925 1.3484640256497182
817 931 1644 7.326682264162888 1.3432143538413275
817 932 1644 7.667742366563906 1.3010675615997882
817 933 1644 8.118391035174339 1.2282321237307416
817 934 1644 8.661539874641178 1.1341492953583456
817 935 1644 9.280962934954495 1.0287775115070072
817 936 1644 9.962443124053415 0.9205815445432761
817 937 1644 10.694123292724804 0.8156668711311824
817 938 1644 11.46639755982668 0.7178097695124807
817 939 1644 12.271604336841996 0.6289284710697796
817 940 1644 13.103674026775822 0.549648750528692
817 941 1644 13.95780330137946 0.47979085942794053
817 942 1644 14.830181151961678 0.41872740569042144
817 943 1644 15.717769339190578 0.3656214249750605
817 944 1644 16.618130851572914 0.3195730040337074
817 945 1644 17.52929756151111 0.27970301883981485
817 946 1644 18.449668642010877 0.24519647810520295
817 947 1644 19.377932629669232 0.21532126798766574
817 948 1644 20.31300748289134 0.18943267294569321
817 949 1644 21.253994283428224 0.16697018152169762
817 950 1644 22.200141283334204 0.14745051176911658
817 906 1645 23.722695314824545 0.08927314551744428
817 907 1645 22.756982950294585 0.100478959853199
817 908 1645 21.794363330916514 0.11331734322918832
817 909 1645 20.83526512910259 0.1280608853710109
817 910 1645 19.880198012092293 0.14503307264776252
817 911 1645 18.929772132807052 0.16461841206418965
817 912 1645 17.984723322864838 0.1872744542765917
817 913 1645 17.045945940310812 0.21354588667832303
817 914 1645 16.11453607771563 0.24408070639487184
817 915 1645 15.191848899985764 0.2796481343914634
817 916 1645 14.279575378840882 0.3211572430385371
817 917 1645 13.37984577639065 0.36967397652740613
817 918 1645 12.495370062547117 0.42643190097609646
817 919 1645 11.629629099846596 0.4928279032380631
817 920 1645 10.787134605630857 0.5703870547020518
817 921 1645 9.973779273675493 0.6606694760008345
817 922 1645 9.197297048589812 0.7650748660258235
817 923 1645 8.467837563392374 0.8844779299177862
817 924 1645 7.7986071192232105 1.0186081095105177
817 925 1645 7.206404998333009 1.165096982937534
817 926 1645 6.711652032100518 1.3182213935644427
817 927 1645 6.337213346574268 1.46767423617074
817 928 1645 6.105266005670766 1.5982433617941267
817 929 1645 6.032269307648582 1.691747888967694
817 930 1645 6.123909943818503 1.7319963235652562
817 931 1645 6.373089753016128 1.7111361811560815
817 932 1645 6.762416210201735 1.6333058121473727
817 933 1645 7.26940664703793 1.5126657198651026
817 934 1645 7.8713577608948295 1.3674272050501446
817 935 1645 8.548232156416864 1.214115681983905
817 936 1645 9.283656230171351 1.0646639225766328
817 937 1645 10.064803674190538 0.9261580398581832
817 938 1645 10.881832244617604 0.8019007584764285
817 939 1645 11.727244902363019 0.6927177065552578
817 940 1645 12.595327427264424 0.5980206833768974
817 941 1645 13.481701413397328 0.5165289287753162
817 942 1645 14.382985538475646 0.4467061102118539
817 943 1645 15.296544479064531 0.38700185239381096
817 944 1645 16.220304343630534 0.3359720113004455
817 945 1645 17.15261708894592 0.2923288355318722
817 946 1645 18.09216053985813 0.25495303731084434
817 947 1645 19.037864192182894 0.22288666797835863
817 948 1645 19.988853719010496 0.19531745537688336
817 949 1645 20.944409110786577 0.17156035465215685
817 950 1645 21.903932820386384 0.15103924519017842
817 906 1646 23.488343343028653 0.0944509661351562
817 907 1646 22.512580327452437 0.10656373090831428
817 908 1646 21.539040670373378 0.12049721762072949
817 909 1646 20.568040086503103 0.13656973198802175
817 910 1646 19.599955943828 0.1551632981453051
817 911 1646 18.635242767401735 0.1767378591787257
817 912 1646 17.67445255163505 0.2018488113548838
817 913 1646 16.718261662026908 0.23116858205444307
817 914 1646 15.767506873313827 0.26551300140309914
817 915 1646 14.823234228736952 0.30587312970771346
817 916 1646 13.88676611022159 0.35345282656679505
817 917 1646 12.9597944813951 0.40971136603819003
817 918 1646 12.044512152843671 0.47640820097190717
817 919 1646 11.143799755918037 0.5556423880998852
817 920 1646 10.261494676702753 0.6498700289328025
817 921 1646 9.402780067618247 0.761865485945775
817 922 1646 8.5747462353121 0.8945597478331438
817 923 1646 7.787186462388008 1.050633589097323
817 924 1646 7.053670888267972 1.2316590760493202
817 925 1646 6.392829811593542 1.4364932699329032
817 926 1646 5.829431618948725 1.6586533550438136
817 927 1646 5.39409612446786 1.8828904771354928
817 928 1646 5.119596956792519 2.0826971463350876
817 929 1646 5.032322823507972 2.2228574762532114
817 930 1646 5.141816118843543 2.271034627746718
817 931 1646 5.436200235458524 2.214512956770263
817 932 1646 5.887807146977502 2.068124736039547
817 933 1646 6.463766162230761 1.8650735635080655
817 934 1646 7.134022217515125 1.640168727489886
817 935 1646 7.874533192513665 1.41899229275133
817 936 1646 8.667310597872877 1.2159514383484071
817 937 1646 9.499277498841662 1.0369702082960157
817 938 1646 10.36099768362099 0.8828862716174745
817 939 1646 11.245633508166605 0.7519891270790557
817 940 1646 12.148179822508375 0.6415532229755673
817 941 1646 13.064925296380368 0.5486494954454854
817 942 1646 13.993079468079916 0.4705257637751362
817 943 1646 14.930514827024544 0.40475469085473337
817 944 1646 15.875587327717982 0.34926604584078474
817 945 1646 16.827010221664445 0.30232649864813427
817 946 1646 17.783764309054476 0.26249930043571584
817 947 1646 18.74503328884747 0.22859949803287374
817 948 1646 19.71015659501466 0.19965166310869972
817 949 1646 20.678594560559475 0.17485278455324518
817 950 1646 21.649902378532794 0.15354090488064892
817 904 1647 25.266782007212527 0.07832465408681227
817 905 1647 24.28012094286185 0.08816557735243308
817 906 1647 23.294597506718134 0.09946061066036861
817 907 1647 22.310362457835566 0.11246176536735461
817 908 1647 21.327594168119354 0.12747192387547399
817 909 1647 20.346505179022728 0.14485665864618671
817 910 1647 19.367350696468495 0.16505915376336722
817 911 1647 18.390439717418364 0.18861912183623575
817 912 1647 17.416149775423925 0.21619687445051342
817 913 1647 16.444946731443032 0.2486040385351789
817 914 1647 15.47741170221943 0.28684281505418757
817 915 1647 14.514278245920428 0.332156126571522
817 916 1647 13.556484536929144 0.38609141033484895
817 917 1647 12.605247835722986 0.45058095147008287
817 918 1647 11.66217273924542 0.5280409538498958
817 919 1647 10.72941158684851 0.6214887153781711
817 920 1647 9.809906880291937 0.7346693942477318
817 921 1647 8.907764758905522 0.8721645140644761
817 922 1647 8.028840078118332 1.0394098379534922
817 923 1647 7.181662272761035 1.242452599722495
817 924 1647 6.378892772260656 1.4870765960859234
817 925 1647 5.6395277284538 1.7765535425040684
817 926 1647 4.991820609757457 2.1067798586287254
817 927 1647 4.475742731659108 2.4575932673649334
817 928 1647 4.140805839447119 2.782147850499213
817 929 1647 4.032402881657461 3.006109984903792
817 930 1647 4.168245794096053 3.056838661188823
817 931 1647 4.526397353304222 2.9151634771974106
817 932 1647 5.059868871818666 2.632052251825195
817 933 1647 5.719814070404696 2.2869231348233567
817 934 1647 6.467632719936991 1.9421297056687232
817 935 1647 7.276281536609177 1.6304131869551628
817 936 1647 8.127624068570078 1.3628112748266328
817 937 1647 9.009565638808546 1.1390153373511753
817 938 1647 9.913943362759326 0.9541229219138959
817 939 1647 10.835140654370838 0.8020495376261394
817 940 1647 11.769208681980269 0.6769867373264831
817 941 1647 12.713310859095667 0.5739049798513238
817 942 1647 13.665367649646308 0.48863912765828854
817 943 1647 14.623825525490924 0.4178130883273803
817 944 1647 15.587503744987519 0.3587169854804676
817 945 1647 16.555490720603842 0.30918314748844783
817 946 1647 17.527072573593113 0.2674773160592864
817 947 1647 18.50168297750234 0.2322088418411423
817 948 1647 19.478867343867815 0.2022587289020858
817 949 1647 20.45825684167642 0.17672283032073846
817 950 1647 21.439549272314473 0.15486730880645802
817 904 1648 25.126604884066584 0.08178422360167087
817 905 1648 24.134213743148933 0.09220788235768831
817 906 1648 23.14247767634224 0.10420308544400872
817 907 1648 22.151484668075835 0.11804999327082362
817 908 1648 21.16133911169137 0.13408759750607596
817 909 1648 20.172165798446105 0.1527281706732709
817 910 1648 19.1841151216312 0.17447582396664707
817 911 1648 18.19736994733027 0.19995050620108415
817 912 1648 17.212154804091178 0.2299192602913095
817 913 1648 16.228748349764963 0.2653372266242579
817 914 1648 15.247500549270331 0.30740181978917325
817 915 1648 14.268856751681232 0.3576248039908606
817 916 1648 13.293392080278048 0.4179287680878697
817 917 1648 12.32186158825034 0.4907768527480302
817 918 1648 11.35527511775911 0.5793474802494006
817 919 1648 10.395011928805047 0.6877687912680361
817 920 1648 9.443001270782466 0.82142862062991
817 921 1648 8.502015819792344 0.9873693232691428
817 922 1648 7.57616479493413 1.1947458948315282
817 923 1648 6.6717518688871635 1.4552243589790168
817 924 1648 5.79881651718688 1.782900841387467
817 925 1648 4.973959489179563 2.1925146816182033
817 926 1648 4.225431693921871 2.692745133037562
817 927 1648 3.601148844466094 3.2676865452252635
817 928 1648 3.17525951695283 3.8391489262175518
817 929 1648 3.03253573762941 4.233347736768572
817 930 1648 3.210961382514524 4.256648979651292
817 931 1648 3.6639149826380546 3.8954589492306764
817 932 1648 4.30560948066585 3.33337394806767
817 933 1648 5.064807301368896 2.7533747776144346
817 934 1648 5.896293157569399 2.2433624614283474
817 935 1648 6.77349784085001 1.8239255426227734
817 936 1648 7.680772942874941 1.4878862005907332
817 937 1648 8.608616207033498 1.2207058737612482
817 938 1648 9.551035179497552 1.0080779348997804
817 939 1648 10.504107434713331 0.8380475513531278
817 940 1648 11.465176535928258 0.701198155232358
817 941 1648 12.432388065050091 0.590276820909397
817 942 1648 13.404412445161482 0.49973366686326826
817 943 1648 14.380273745655888 0.42531798753526867
817 944 1648 15.359240638781595 0.36375909256933325
817 945 1648 16.340754970318844 0.31252427438617103
817 946 1648 17.324383769704482 0.2696382453399951
817 947 1648 18.30978626308893 0.23354906770224781
817 948 1648 19.296690726650517 0.20302848490549388
817 949 1648 20.28487793899683 0.17709750482325182
817 950 1648 21.27416914946387 0.1549705036121067
817 904 1649 25.02563231968373 0.0849771530949667
817 905 1649 24.029071413602292 0.0959358931515172
817 906 1649 23.03280862161623 0.10857400958199036
817 907 1649 22.03688437597291 0.12319768878572178
817 908 1649 21.041346748723072 0.14017942214137044
817 909 1649 20.0462533407118 0.1599749888612866
817 910 1649 19.051673758491642 0.18314555212257844
817 911 1649 18.057692903579877 0.21038666431424907
817 912 1649 17.06441540164793 0.24256670632618538
817 913 1649 16.07197165876045 0.2807783533829586
817 914 1649 15.080526283919909 0.32640824322723044
817 915 1649 14.090290025403993 0.3812324012519224
817 916 1649 13.101537047232256 0.4475485969112545
817 917 1649 12.114630535018364 0.5283623784448503
817 918 1649 11.130061679972817 0.6276521903928984
817 919 1649 10.148510875985668 0.7507524722946574
817 920 1649 9.170947224796324 0.9049144717670152
817 921 1649 8.198797045908591 1.1001354232376384
817 922 1649 7.234243084110422 1.3503871348313254
817 923 1649 6.280786017689148 1.6754045271585334
817 924 1649 5.344368344341502 2.10310475872504
817 925 1649 4.435794517332782 2.672020850716787
817 926 1649 3.576349116067893 3.429867313555091
817 927 1649 2.8114538943400142 4.410945111511491
817 928 1649 2.240150218177269 5.533079756281831
817 929 1649 2.0327993014559254 6.350091638687194
817 930 1649 2.2904744050086503 6.187563643483488
817 931 1649 2.891413668086904 5.205830415624899
817 932 1649 3.670731943359498 4.100648307241721
817 933 1649 4.537430219849098 3.185203179519323
817 934 1649 5.449979174272124 2.4878092978561748
817 935 1649 6.388761460564942 1.9649703343956946
817 936 1649 7.343723374419813 1.5708700045931656
817 937 1649 8.309288357013491 1.2702566319381274
817 938 1649 9.282148081128634 1.0378918107514796
817 939 1649 10.260227726517575 0.8559548889788913
817 940 1649 11.242164960540299 0.7117970486921334
817 941 1649 12.227030424432586 0.5963329672356914
817 942 1649 13.214169402576923 0.5029454010545447
817 943 1649 14.203107864126082 0.4267463777249752
817 944 1649 15.193494430182946 0.36407630368651367
817 945 1649 16.185063268334794 0.312160557742145
817 946 1649 17.177609641623604 0.2688708810301854
817 947 1649 18.170973364132156 0.23255725764332402
817 948 1649 19.16502734148846 0.20192782955090835
817 949 1649 20.159669466536407 0.17596199238100144
817 950 1649 21.15481678010945 0.15384672351684514
817 904 1650 24.96434002732696 0.08783538690834825
817 905 1650 23.965230501708074 0.09926510679747745
817 906 1650 22.966198488213045 0.11246777891258634
817 907 1650 21.967254562188675 0.12777196044354916
817 908 1650 20.968411313211096 0.14557891793968206
817 909 1650 19.96968384827359 0.1663817916645018
817 910 1650 18.97109045363495 0.19079075112851546
817 911 1650 17.972653476879792 0.21956635215732087
817 912 1650 16.974400519605965 0.253664263141837
817 913 1650 15.976366076176376 0.29429596959125115
817 914 1650 14.978593825856931 0.3430122763943012
817 915 1650 13.981139903455635 0.4018198845299389
817 916 1650 12.984077672287679 0.47334684698052515
817 917 1650 11.987504869654881 0.5610817646251408
817 918 1650 10.99155462161743 0.6697268231336674
817 919 1650 9.99641300667392 0.805731197113185
817 920 1650 9.002348193665892 0.9781187094186893
817 921 1650 8.009761107548687 1.199811669348472
817 922 1650 7.019278666643719 1.4898230011045395
817 923 1650 6.031937748352486 1.877031101295537
817 924 1650 5.049581467804998 2.4069630766789607
817 925 1650 4.07581562389661 3.1544842597614973
817 926 1650 3.1186973242044105 4.2478180332739255
817 927 1650 2.200062044579603 5.9068607147777055
817 928 1650 1.3979531465681585 8.396885738061888
817 929 1650 1.0335729292119875 10.748810777330114
817 930 1650 1.4772518404117425 9.272921715376652
817 931 1650 2.301363291616496 6.56657249478762
817 932 1650 3.2264954672213544 4.677358290633254
817 933 1650 4.186200305766552 3.441146653454785
817 934 1650 5.161227857787332 2.6058097607854336
817 935 1650 6.144287835054608 2.0197326643304065
817 936 1650 7.132059520222758 1.5951352515180675
817 937 1650 8.122824200978384 1.2793333806907659
817 938 1650 9.115606013864364 1.0393189621881922
817 939 1650 10.109810730176909 0.8535911568782354
817 940 1650 11.105056190762847 0.7076690205736251
817 941 1650 12.10108561245644 0.591518383714222
817 942 1650 13.097720145124505 0.498015527625598
817 943 1650 14.094831428576942 0.4219962558403518
817 944 1650 15.092324969997179 0.35964839945975535
817 945 1650 16.09012967629535 0.30811282607774215
817 946 1650 17.08819103942838 0.26521493601353063
817 947 1650 18.086466570339283 0.2292800470000019
817 948 1650 19.084922661619576 0.19900401338895093
817 949 1650 20.083532383522588 0.17336099656574872
817 950 1650 21.0822739048709 0.15153670534573305
817 905 1651 23.943021384111056 0.10211414876591857
817 906 1651 22.943022316163997 0.11578256625764681
817 907 1651 21.943023333169002 0.13164445641139186
817 908 1651 20.943024447295077 0.15012301810325657
817 909 1651 19.943025673151986 0.17173962509921994
817 910 1651 18.943027028434482 0.1971411528507085
817 911 1651 17.943028534781952 0.22713639942478506
817 912 1651 16.943030218942518 0.2627452036313929
817 913 1651 15.943032114375217 0.30526555567336694
817 914 1651 14.943034263495468 0.3563666265839933
817 915 1651 13.943036720886866 0.4182198254664304
817 916 1651 12.943039558001805 0.4936868120204456
817 917 1651 11.943042870223636 0.5865948254300232
817 918 1651 10.943046787800903 0.7021494896210081
817 919 1651 9.94305149337967 0.8475708302061058
817 920 1651 8.943057251298333 1.03310496693973
817 921 1651 7.94306445901075 1.2736956081254505
817 922 1651 6.943073742946979 1.5918755102371398
817 923 1651 5.943086151150747 2.0230614040683434
817 924 1651 4.943103579736098 2.6259812562410287
817 925 1651 3.943129848229686 3.5052901101576475
817 926 1651 2.943173966995478 4.8677571496951515
817 927 1651 1.943263492169791 7.1943586730420295
817 928 1651 0.9435427918223764 12.015767750856822
817 929 1651 0.06536818798159463 29.09312100367236
817 930 1651 1.057484278842967 11.299668608390869
817 931 1651 2.0572488911164983 6.888328951578323
817 932 1651 3.0571674798741557 4.698006713086889
817 933 1651 4.057126199664009 3.3991753168535586
817 934 1651 5.057101244784422 2.554762295583061
817 935 1651 6.057084529705706 1.972914571328276
817 936 1651 7.0570725517030235 1.5553097406200183
817 937 1651 8.057063546975428 1.2463075522417653
817 938 1651 9.057056530683703 1.012147751075957
817 939 1651 10.05705090968522 0.831251038610535
817 940 1651 11.057046305410879 0.6892530999037696
817 941 1651 12.057042464883352 0.576275443030425
817 942 1651 13.057039212623987 0.4853396858979495
817 943 1651 14.05703642308721 0.4114037835450415
817 944 1651 15.057034004079306 0.35075402926888044
817 945 1651 16.05703188637304 0.3006092700158228
817 946 1651 17.05703001697542 0.2588562599078767
817 947 1651 18.057028354632457 0.22386854342411133
817 948 1651 19.057026866749194 0.19437996006594105
817 949 1651 20.057025527231115 0.16939469881316688
817 905 1652 23.96255981734838 0.1044088811265295
817 906 1652 22.963411615001796 0.1184258280068632
817 907 1652 21.964340941626258 0.13469881973667602
817 908 1652 20.96535888078235 0.15366427219941134
817 909 1652 19.96647873311665 0.17586003192785074
817 910 1652 18.967716599527723 0.20195362501516995
817 911 1652 17.96909215848145 0.23277989359825493
817 912 1652 16.97062971724973 0.26939172342943335
817 913 1652 15.972359656606773 0.3131292914220911
817 914 1652 14.974320452027186 0.36571593180737466
817 915 1652 13.976561558552222 0.42939293816908763
817 916 1652 12.979147622243909 0.5071124412378718
817 917 1652 11.982164787716775 0.6028188242857742
817 918 1652 10.98573042633032 0.7218684737482218
817 919 1652 9.990008658654897 0.8716717605962251
817 920 1652 8.995236128084679 1.0627034701134668
817 921 1652 8.00176686738622 1.310146424702969
817 922 1652 7.0101549911538985 1.6366684287519446
817 923 1652 6.021318211156088 2.077321327770031
817 924 1652 5.036891203907424 2.688603242669432
817 925 1652 4.0600828809274345 3.565976192244533
817 926 1652 3.0981079710042465 4.877833622569149
817 927 1652 2.170777049814209 6.913276945312126
817 928 1652 1.3513966849153187 9.853323960485218
817 929 1652 0.9696767502627596 11.065140189353716
817 930 1652 1.4332735258840787 8.286235366163158
817 931 1652 2.273383601594815 5.772094971177118
817 932 1652 3.206598353395736 4.146360757922325
817 933 1652 4.170883959066744 3.0814469227826007
817 934 1652 5.148812775776597 2.3538579804814215
817 935 1652 6.133862812290502 1.8376727499562187
817 936 1652 7.1230803027903855 1.4600867607671666
817 937 1652 8.114941342979654 1.1769519341742218
817 938 1652 9.108582381468613 0.960275395226103
817 939 1652 10.103478262459937 0.7916166762566595
817 940 1652 11.099291553968682 0.658430683812134
817 941 1652 12.095795674530905 0.5519476259114412
817 942 1652 13.092832886736185 0.4658930777976762
817 943 1652 14.090290025404041 0.39568746479978606
817 944 1652 15.088083808091756 0.33792977873625096
817 945 1652 16.08615159073172 0.29005557194782616
817 946 1652 17.08444535242513 0.25010501703262694
817 947 1652 18.082927666724785 0.21656231697568482
817 948 1652 19.081568934445635 0.18824245119811714
817 949 1652 20.080345440255773 0.16420998018632033
817 904 1653 25.020517041020543 0.09377871059419042
817 905 1653 24.02374394219185 0.1060865320823974
817 906 1653 23.02725066090174 0.12031985128237259
817 907 1653 22.031075166682164 0.13683821798668688
817 908 1653 21.035262608296563 0.15608118333131904
817 909 1653 20.039867090377612 0.17858941974331796
817 910 1653 19.044954003619953 0.20503241423778887
817 911 1653 18.05060312011761 0.23624512797724978
817 912 1653 17.056912762865373 0.27327702432008577
817 913 1653 16.064005509212198 0.3174583645979387
817 914 1653 15.072036126549055 0.370490921528892
817 915 1653 14.081202825043032 0.434573690403006
817 916 1653 13.091763555762833 0.5125794753355687
817 917 1653 12.104060186565494 0.6083065025913791
817 918 1653 11.118555346806524 0.7268422368199763
817 919 1653 10.135890340764346 0.8750970487068573
817 920 1653 9.156979469235475 1.062596875587503
817 921 1653 8.183170106993991 1.3026689444849628
817 922 1653 7.216527766176755 1.6142032861455304
817 923 1653 6.26037323168516 2.024154473679058
817 924 1653 5.3203639913073735 2.570521841497337
817 925 1653 4.406843881963617 3.303211320696099
817 926 1653 3.5403775222425358 4.269721053218205
817 927 1653 2.765551120482178 5.434165175190544
817 928 1653 2.1822632746761474 6.427281432415758
817 929 1653 1.9688252842749394 6.481856304318062
817 930 1653 2.23389189532536 5.541714803365951
817 931 1653 2.8468004847548345 4.369733424061981
817 932 1653 3.635694294079247 3.381119721332951
817 933 1653 4.509132178146968 2.6287574483371268
817 934 1653 5.426442020329754 2.0676277864102754
817 935 1653 6.368694764235486 1.6470056537804747
817 936 1653 7.326272790444028 1.3277628930870073
817 937 1653 8.293869603508398 1.0820613085591113
817 938 1653 9.268347911035741 0.8903911412020253
817 939 1653 10.247744776291055 0.7390014004376364
817 940 1653 11.230773481822196 0.6180760446837127
817 941 1653 12.21655733011558 0.5205039537118525
817 942 1653 13.204479277881454 0.44105677266438315
817 943 1653 14.194092891058617 0.37583591110993203
817 944 1653 15.185067434819011 0.3218960179519141
817 945 1653 16.17715280882272 0.27698492680892883
817 946 1653 17.170156464051246 0.2393613875834314
817 947 1653 18.16392779659732 0.20766547520218548
817 948 1653 19.15834734521746 0.18082518850535495
817 949 1653 20.153319155910793 0.1579882667776051
817 903 1654 26.11222458926086 0.08396223256087545
817 904 1654 25.118962418857983 0.09471551195960705
817 905 1654 24.126256920624876 0.10709946506887233
817 906 1654 23.13417975636914 0.1214067891793932
817 907 1654 22.1428153810666 0.13799213676274075
817 908 1654 21.15226401593928 0.15728747245420566
817 909 1654 20.1626454861459 0.1798218422824477
817 910 1654 19.174104229402733 0.20624700402638416
817 911 1654 18.186815911533273 0.2373709005177567
817 912 1654 17.200996279285683 0.27420170308723496
817 913 1654 16.216913177297336 0.31800619579370776
817 914 1654 15.234903117512758 0.37038772585096874
817 915 1654 14.255394522776282 0.4333909474787602
817 916 1654 13.278940959278343 0.5096432569804187
817 917 1654 12.306269662249404 0.6025461351428678
817 918 1654 11.3383540692642 0.7165330264017633
817 919 1654 10.37652509272734 0.8574116997410065
817 920 1654 9.422646814987822 1.0328013259608044
817 921 1654 8.479402868126988 1.2526375296778867
817 922 1654 7.550779628621155 1.529595344631018
817 923 1654 6.6429114851848095 1.8789141027931653
817 924 1654 5.765611242531036 2.316099386534276
817 925 1654 4.935207493105058 2.84849106045539
817 926 1654 4.179745566419127 3.4522775272579738
817 927 1654 3.54743188800016 4.028125124818296
817 928 1654 3.114205034996959 4.374349423494608
817 929 1654 2.9685472878161208 4.3049536117159635
817 930 1654 3.1505988319683733 3.8615388339769443
817 931 1654 3.6111318170347246 3.2597032611465835
817 932 1654 4.260783143977236 2.672182793734943
817 933 1654 5.026755713181274 2.169158794335943
817 934 1654 5.863639910499332 1.7609038936125414
817 935 1654 6.745092512338185 1.4359564580336879
817 936 1654 7.655734647961662 1.178397098322747
817 937 1654 8.586284004154574 0.9736896130292123
817 938 1654 9.53091144644628 0.8100420279971831
817 939 1654 10.485812939395819 0.6782978442100485
817 940 1654 11.448417925634999 0.5714567806975078
817 941 1654 12.416934927750924 0.4841834093739574
817 942 1654 13.39008114239794 0.41239952009992675
817 943 1654 14.366915918178156 0.3529699538410367
817 944 1654 15.346734929619425 0.30346748475759133
817 945 1654 16.329000979851795 0.2619987239122408
817 946 1654 17.313297577295927 0.22707541322508876
817 947 1654 18.2992970630022 0.19751898536893997
817 948 1654 19.286738267524683 0.1723894029483659
817 949 1654 20.275410550713914 0.1509317430102083
817 979 1654 50.14491273299817 0.0067677509956981284
817 980 1654 51.14319380914729 0.006217548086298841
817 903 1655 26.244699903028035 0.0843441151251553
817 904 1655 25.256648095105568 0.09507654013238465
817 905 1655 24.26957504778359 0.10741819906958584
817 906 1655 23.28360524059794 0.12165262298728523
817 907 1655 22.298885016968892 0.13812161551833044
817 908 1655 21.31558755934257 0.15723904936194794
817 909 1655 20.33391927297834 0.17950835219913125
817 910 1655 19.354128060958985 0.2055447603791883
817 911 1655 18.376514168905917 0.23610374086053842
817 912 1655 17.401444566472062 0.27211738376347827
817 913 1655 16.429372264331953 0.3147410433297968
817 914 1655 15.460862621471032 0.36541300674228594
817 915 1655 14.496629711764047 0.42593034985041955
817 916 1655 13.537587414306886 0.49854401288413464
817 917 1655 12.584922447119022 0.5860745801077882
817 918 1655 11.640200728509805 0.6920451627077769
817 919 1655 10.705525349089612 0.820814414887776
817 920 1655 9.783776009292133 0.977660615273698
817 921 1655 8.878979276921438 1.1686947366529636
817 922 1655 7.996891458560655 1.400322743847489
817 923 1655 7.145927021737656 1.6776637071507374
817 924 1655 6.338633370057021 2.0008121930655607
817 925 1655 5.593949678000372 2.3574032367837274
817 926 1655 4.940270539150715 2.711292707811975
817 927 1655 4.418175302090279 2.99458820900189
817 928 1655 4.078513577273044 3.12359127043001
817 929 1655 3.9684093790838406 3.0500996064880876
817 930 1655 4.106369807993507 2.802394783540639
817 931 1655 4.469482408512272 2.4603055207040865
817 932 1655 5.009019165465499 2.099478359910964
817 933 1655 5.674880879807146 1.76479833814612
817 934 1655 6.427929137755079 1.4741230801490979
817 935 1655 7.241013257825233 1.2299386144909794
817 936 1655 8.096065278887073 1.0280390114399105
817 937 1655 8.981106446312774 0.8621546632582184
817 938 1655 9.888087428820645 0.7260057589993194
817 939 1655 10.811488010445228 0.6140567996027381
817 940 1655 11.747436869377122 0.5216928458397713
817 941 1655 12.693158511576266 0.44516673427099246
817 942 1655 13.646621303458268 0.3814728049711212
817 943 1655 14.606309355891414 0.32821134170166627
817 944 1655 15.571071671532474 0.2834672133321282
817 945 1655 16.540020344606624 0.24570895385221
817 946 1655 17.51246050673637 0.21370773944751825
817 947 1655 18.48784122065097 0.1864734627289244
817 948 1655 19.46572045931003 0.16320470325233533
817 978 1655 49.217215209721104 0.007194519657773826
817 979 1655 50.21402466443018 0.00660662469351642
817 980 1655 51.21095852451897 0.006071722191527932
817 981 1655 52.208009663269124 0.0055845570022716095
817 903 1656 26.41439518520157 0.08423640483398866
817 904 1656 25.432936774977442 0.09485186570663812
817 905 1656 24.45298086123653 0.1070333449759294
817 906 1656 23.47471561063094 0.12104957519723918
817 907 1656 22.498361562567172 0.13722224183526271
817 908 1656 21.524178799666203 0.15593769717775424
817 909 1656 20.552476079538447 0.17766146585898374
817 910 1656 19.58362257091369 0.20295619417702773
817 911 1656 18.61806308400528 0.2325037965294201
817 912 1656 17.656338040488468 0.2671326099251999
817 913 1656 16.69910994634146 0.3078503038409141
817 914 1656 15.74719889377156 0.3558829482093582
817 915 1656 14.801630754751326 0.41271969884237714
817 916 1656 13.863703437393644 0.48016039393245863
817 917 1656 12.93507916481381 0.5603587687241964
817 918 1656 12.017914669359255 0.6558447358235502
817 919 1656 11.115047143399815 0.769491178775259
817 920 1656 10.230262606600109 0.9043571677127971
817 921 1656 9.36868576695795 1.063280931086231
817 922 1656 8.537345781916093 1.2480056156277206
817 923 1656 7.745984314469049 1.4575198664908413
817 924 1656 7.008157603821462 1.6853073883637844
817 925 1656 6.342576211603658 1.915696878051574
817 926 1656 5.774276837838713 2.1211212022870125
817 927 1656 5.3344421451545125 2.2647096376746574
817 928 1656 5.056705745838956 2.3126193395982733
817 929 1656 4.9683269819931075 2.251930240628644
817 930 1656 5.079200035438728 2.098866890748857
817 931 1656 5.377013390349777 1.888590500535117
817 932 1656 5.833204350955043 1.6572968453035337
817 933 1656 6.414068365709932 1.431097726755471
817 934 1656 7.089024827153655 1.2243670324470428
817 935 1656 7.8337904618390795 1.0427741838972888
817 936 1656 8.630311292184134 0.8868760433272903
817 937 1656 9.465530782792953 0.7547284093379136
817 938 1656 10.330066456707867 0.6434319448930884
817 939 1656 11.21714192653374 0.5499350051597945
817 940 1656 12.121809807120432 0.47140107317270996
817 941 1656 13.040409234376089 0.40534538120535996
817 942 1656 13.970192303615622 0.34965867578791293
817 943 1656 14.909066805135767 0.3025810506247308
817 944 1656 15.855417780683082 0.2626575705372438
817 945 1656 16.807982419076993 0.22869076202308197
817 946 1656 17.76576125585395 0.199696520684162
817 947 1656 18.72795431967948 0.17486578366776442
817 978 1656 49.30791288424204 0.007007304782986303
817 979 1656 50.30292509387503 0.006437474170177124
817 980 1656 51.298131281753356 0.005918709131500233
817 981 1656 52.29352037298696 0.005445980697714382
817 904 1657 25.647032440420862 0.09404767640160236
817 905 1657 24.67558049975725 0.10595623287650192
817 906 1657 23.706502757682333 0.11961666965886793
817 907 1657 22.740102748228736 0.1353244950168981
817 908 1657 21.77673696860942 0.15343092176214487
817 909 1657 20.81682667939569 0.17435401310066156
817 910 1657 19.860872916364986 0.19859189940431776
817 911 1657 18.90947574630244 0.22673821765602595
817 912 1657 17.963359179173597 0.2594997099736935
817 913 1657 17.023403684339993 0.29771546287747447
817 914 1657 16.09068901570099 0.3423763801379288
817 915 1657 15.166551124102027 0.39464182296943734
817 916 1657 14.25265845377628 0.4558473563156807
817 917 1657 13.351115047066314 0.5274922962890719
817 918 1657 12.464600795853853 0.6111868983335346
817 919 1657 11.59656298219436 0.7085248363709026
817 920 1657 10.751477712389148 0.8208258616424102
817 921 1657 9.935203722118668 0.9486684538423619
817 922 1657 9.15545045314542 1.0911167071158643
817 923 1657 8.422367422524424 1.2445815373164646
817 924 1657 7.749211121140056 1.4014332117275419
817 925 1657 7.152920592317572 1.5489151907204868
817 926 1657 6.654192137292159 1.6695509629012482
817 927 1657 6.2763263936797316 1.7444619394250347
817 928 1657 6.042042121667215 1.7596126717868714
817 929 1657 5.968272195535396 1.711935421147289
817 930 1657 6.060880546587346 1.6108204600435168
817 931 1657 6.3125488512961985 1.4737224828635542
817 932 1657 6.705391338318815 1.3194091963035777
817 933 1657 7.21638919404996 1.1630832767838029
817 934 1657 7.822421172501584 1.0147335742943266
817 935 1657 8.50319193009314 0.8796963358063143
817 936 1657 9.242200657852063 0.7600057090994811
817 937 1657 10.026578329619788 0.6556849016428361
817 938 1657 10.846486666197547 0.5656918860535485
817 939 1657 11.694454797039544 0.48852044643387876
817 940 1657 12.564802943142453 0.4225459205239537
817 941 1657 13.453188209491508 0.3662060752912783
817 942 1657 14.35626250108298 0.3180840477632698
817 943 1657 15.271420136974864 0.2769367520693072
817 944 1657 16.196613010132747 0.24169488957248184
817 945 1657 17.130215205886977 0.21144952686559426
817 946 1657 18.07092341304122 0.1854334437713328
817 978 1657 49.41868344057744 0.006812413035034072
817 979 1657 50.41150933070743 0.0062614324030385955
817 980 1657 51.404613343551205 0.005759503881642267
817 981 1657 52.39797966525048 0.005301834882200067
817 904 1658 25.897997470847052 0.09268589177552318
817 905 1658 24.936324368278502 0.10421815572536867
817 906 1658 23.977787074707297 0.11739836699632081
817 907 1658 23.02277726513464 0.13249139124836193
817 908 1658 22.07175283025796 0.14980798876670504
817 909 1658 21.12525202216533 0.16971256107286065
817 910 1658 20.18391124138234 0.19263171726977818
817 911 1658 19.248487550973984 0.21906334312937395
817 912 1658 18.31988736319087 0.24958548056751065
817 913 1658 17.399203228883803 0.28486368217388636
817 914 1658 16.487761309528974 0.32565443290326973
817 915 1658 15.5871829719164 0.37280048812798294
817 916 1658 14.699465058293809 0.4272112320191581
817 917 1658 13.827084761438352 0.48981702040890046
817 918 1658 12.973136590663056 0.5614806479244301
817 919 1658 12.141510326149737 0.642841873422215
817 920 1658 11.33711925490778 0.734064435587438
817 921 1658 10.566185357071907 0.8344554419755731
817 922 1658 9.836578317687549 0.9419484276641362
817 923 1658 9.158180659934638 1.052507622291382
817 924 1658 8.543200395636338 1.1596461918668417
817 925 1658 8.006264609666665 1.2544387444840206
817 926 1658 7.56401170014966 1.3265131612540058
817 927 1658 7.233828377837075 1.366253288689229
817 928 1658 7.031519963706354 1.3676684913904986
817 929 1658 6.968233133298645 1.3305360520407734
817 930 1658 7.047714026547975 1.2604857478401943
817 931 1658 7.2652785906667825 1.1669701020424679
817 932 1658 7.6090914700771695 1.060393752737516
817 933 1658 8.063018851522125 0.9498331037565665
817 934 1658 8.609661607752143 0.8419590743677535
817 935 1658 9.23256589470128 0.7409703282772157
817 936 1658 9.917372283019391 0.6490544988898648
817 937 1658 10.652148750369632 0.5669842341162945
817 938 1658 11.427260082802059 0.49464287120687694
817 939 1658 12.235042827877692 0.4314149927709174
817 940 1658 13.069440424134516 0.3764476459282624
817 941 1658 13.925669570975804 0.32881173227644994
817 942 1658 14.799941655290452 0.28759444847421833
817 943 1658 15.689240676336173 0.25194737585540217
817 944 1658 16.591150442329234 0.22110756035316917
817 945 1658 17.50372168997215 0.19440297843616552
817 946 1658 18.425370362627763 0.17124953073835067
817 903 1659 27.139054386621513 0.0810649077870092
817 904 1659 26.184771776740778 0.09080281819779665
817 905 1659 25.23403005863313 0.10186831917950159
817 906 1659 24.28724506814226 0.11446144949767492
817 907 1659 23.344898222095562 0.12881375429126873
817 908 1659 22.407549464410437 0.14519273703950067
817 909 1659 21.475853254294705 0.16390646906274214
817 910 1659 20.550578410351388 0.18530801377097222
817 911 1659 19.632632859603945 0.20979905646518282
817 912 1659 18.72309464271333 0.23783171149993265
817 913 1659 17.823250909977133 0.26990683459593007
817 914 1659 16.93464711766976 0.306566204802429
817 915 1659 16.059149199132584 0.34837455153688374
817 916 1659 15.199022106701497 0.3958855058331438
817 917 1659 14.357028696774302 0.44958319446690126
817 918 1659 13.536553217122918 0.5097887604932938
817 919 1659 12.741753136833285 0.5765197484083835
817 920 1659 11.977740730204545 0.6492926635299084
817 921 1659 11.250789883381563 0.7268699508005385
817 922 1659 10.568551130595004 0.8069790974006198
817 923 1659 9.940235057582944 0.8860792124710148
817 924 1659 9.37668774141493 0.9593132810582584
817 925 1659 8.89023469881426 1.0208273998235775
817 926 1659 8.494131680166083 1.0645903299108526
817 927 1659 8.201479927427801 1.0856421092670523
817 928 1659 8.023607231164869 1.0813880542129977
817 929 1659 7.968203875403866 1.0523636857568945
817 930 1659 8.037802747019935 1.002072096036653
817 931 1659 8.229232831801593 0.9359816258742382
817 932 1659 8.534299795531048 0.8601867546233051
817 933 1659 8.941379815218752 0.7802752420509802
817 934 1659 9.437281017327043 0.7006804192204273
817 935 1659 10.008809769398226 0.6245038333022371
817 936 1659 10.643790349307027 0.5536437224887286
817 937 1659 11.331560925133017 0.48905634908197
817 938 1659 12.06309549825423 0.4310331932899839
817 939 1659 12.830910840622403 0.3794368780408597
817 940 1659 13.628876439384193 0.33387908456475385
817 941 1659 14.4519989274841 0.293844197702542
817 942 1659 15.296217604362251 0.25876981855783027
817 943 1659 16.1582261712108 0.2280960031295756
817 944 1659 17.035324270468163 0.20129317554753062
817 945 1659 17.925297012881032 0.17787617485583437
817 903 1660 27.44930368880057 0.07914613751039515
817 904 1660 26.50619310651759 0.08844699008309018
817 905 1660 25.567406458223342 0.09897073516317385
817 906 1660 24.633438107580528 0.11089054122756145
817 907 1660 23.70485758236064 0.12440373818616166
817 908 1660 22.78232369623434 0.13973418743730598
817 909 1660 21.86660177073705 0.15713423610707192
817 910 1660 20.95858470889675 0.17688578816816164
817 911 1660 20.059318856830625 0.19929976565530483
817 912 1660 19.170035811129846 0.22471286017749031
817 913 1660 18.292191585482612 0.2534799551349709
817 914 1660 17.427514825700218 0.2859599061259811
817 915 1660 16.578066021101524 0.3224915052965363
817 916 1660 15.746309821669358 0.3633555095579558
817 917 1660 14.935202476029609 0.4087178401451307
817 918 1660 14.148295763094614 0.45854904216647413
817 919 1660 13.389857094084352 0.5125169267240525
817 920 1660 12.665001894986082 0.5698547638653846
817 921 1660 11.979827753352762 0.6292186508891526
817 922 1660 11.341528688849715 0.688566184587803
817 923 1660 10.758451236121358 0.7451120595011739
817 924 1660 10.240032861275454 0.7954343047529889
817 925 1660 9.796543931407708 0.8357967042714777
817 926 1660 9.438552484359095 0.8626953587691881
817 927 1660 9.176070673223984 0.8735297662227137
817 928 1660 9.017442708440198 0.8671902869670016
817 929 1660 8.96818114223845 0.8443305960641136
817 930 1660 9.030076024043284 0.8072056455659367
817 931 1660 9.200884359668988 0.7591470422784875
817 932 1660 9.47471756835007 0.7038906510090125
817 933 1660 9.842980900113616 0.6449824340363628
817 934 1660 10.295546270111242 0.5853939573030545
817 935 1660 10.821842403214045 0.5273641363853624
817 936 1660 11.411672664425737 0.4724113845064797
817 937 1660 12.055715366580351 0.4214410097737214
817 938 1660 12.745755097286377 0.3748862639075561
817 939 1660 13.474727195754342 0.3328449552693882
817 940 1660 14.236652450629036 0.29519382832596375
817 941 1660 15.026518991436498 0.2616760237154338
817 942 1660 15.840147505626385 0.2319636969283672
817 943 1660 16.674059883543713 0.20570046286346738
817 944 1660 17.525360852205065 0.18252867106684031
817 945 1660 18.391635952247476 0.16210586894791004
817 903 1661 27.79209011571459 0.0768644393282222
817 904 1661 26.861017720853404 0.08567642223145511
817 905 1661 25.935078041139587 0.09560040191715982
817 906 1661 25.014841054861826 0.10678278692343995
817 907 1661 24.100960001626508 0.11938740320385201
817 908 1661 23.194186189646768 0.13359617483996655
817 909 1661 22.29538680983133 0.14960902304165466
817 910 1661 21.40556640222353 0.16764249049448254
817 911 1661 20.525892745505637 0.1879263858242217
817 912 1661 19.657728073203195 0.21069746533975817
817 913 1661 18.802666645984047 0.2361888253132642
817 914 1661 17.962579798013454 0.26461328831157
817 915 1661 17.139669570910666 0.29613869645080304
817 916 1661 16.336531853487173 0.3308528196125643
817 917 1661 15.556229395325884 0.368715828083874
817 918 1661 14.802373897453108 0.4094994354642698
817 919 1661 14.079214218130257 0.4527145596895375
817 920 1661 13.391724048829605 0.49753442277922777
817 921 1661 12.745676639551203 0.5427277949323682
817 922 1661 12.14768591131666 0.5866266882471359
817 923 1661 11.605183023115202 0.6271607595351142
817 924 1661 11.126287476063222 0.6619902169783579
817 925 1661 10.719527648175612 0.6887518331359169
817 926 1661 10.393376400381225 0.7053951102845791
817 927 1661 10.155603034778458 0.710537518296128
817 928 1661 10.01250583021061 0.7037348142945493
817 929 1661 9.968162970176676 0.6855729365168326
817 930 1661 10.023885125040167 0.6575473080559479
817 931 1661 10.1780289349167 0.6217741869555828
817 932 1661 10.426230047337416 0.5806322335319393
817 933 1661 10.761982763413144 0.5364357713220469
817 934 1661 11.177400100202266 0.49120428183551906
817 935 1661 11.663973293865247 0.44654478200831466
817 936 1661 12.213200768021531 0.4036288274406509
817 937 1661 12.817030584343698 0.36323145361001935
817 938 1661 13.468120618705559 0.3258005902388689
817 939 1661 14.159953142577903 0.2915340025153446
817 940 1661 14.88684899500233 0.2604502944108797
817 941 1661 15.643921279525856 0.23244792652974378
817 942 1661 16.426998295489103 0.20735090875314904
817 943 1661 17.232535303895418 0.18494230199105352
817 944 1661 18.0575267686359 0.16498765547730967
817 945 1661 18.899425202899742 0.1472506615622694
817 904 1662 27.247940711180373 0.08255554106648634
817 905 1662 26.335608460789373 0.09183916074361584
817 906 1662 25.429869700806588 0.10224225808310528
817 907 1662 24.531454767298268 0.11389717148155859
817 908 1662 23.641198637125 0.12694719987575057
817 909 1662 22.760058721365397 0.14154506766949745
817 910 1662 21.889135958278505 0.15784998347261847
817 911 1662 21.029699783877113 0.1760226974095261
817 912 1662 20.183217607705693 0.19621779134781275
817 913 1662 19.3513894333198 0.2185722614840546
817 914 1662 18.536188200382547 0.2431893146899197
817 915 1662 17.73990622861353 0.2701162783723885
817 916 1662 16.965207720508502 0.2993157538305294
817 917 1662 16.215186492914636 0.33062983070696406
817 918 1662 15.493426767503736 0.36373859334476044
817 919 1662 14.804062719402445 0.3981165570226858
817 920 1662 14.151829316381729 0.432994174669283
817 921 1662 13.542092637402884 0.46733577680786886
817 922 1662 12.980842538140635 0.4998489860350692
817 923 1662 12.474625164709417 0.5290413746399601
817 924 1662 12.030389561439874 0.5533347852760707
817 925 1662 11.65522513725074 0.571234156041463
817 926 1662 11.355979614282582 0.5815274732330853
817 927 1662 11.138773406439398 0.5834739434445956
817 928 1662 11.008463698445919 0.5769298216261554
817 929 1662 10.968148111691493 0.562373746719726
817 930 1662 11.018814500662113 0.5408235320522103
817 931 1662 11.159223673715019 0.5136704013807307
817 932 1662 11.386056077501188 0.4824782209633937
817 933 1662 11.694283774562757 0.4487962647156383
817 934 1662 12.077676639155472 0.4140185244396956
817 935 1662 12.529336494802982 0.37930142510657716
817 936 1662 13.042172863445796 0.3455346728604496
817 937 1662 13.60927158227074 0.3133509720921853
817 938 1662 14.224144016425099 0.28315868882238676
817 939 1662 14.880869363044686 0.2551842340937271
817 940 1662 15.574154005916405 0.22951513950423372
817 941 1662 16.299333513981548 0.20613871818862273
817 942 1662 17.052339223696027 0.18497411860433574
817 943 1662 17.829645902260708 0.16589741637577807
817 944 1662 18.62821174992388 0.14876037235291084
817 945 1662 19.44541778928913 0.1334038940284125
817 904 1663 27.665615355527535 0.07915206632130717
817 905 1663 26.76752272811216 0.08777160778776517
817 906 1663 25.876906171333562 0.09737461022313164
817 907 1663 24.994564869187084 0.10806488098730208
817 908 1663 24.121406944869552 0.11995147085148922
817 909 1663 23.25846669494791 0.13314627175013885
817 910 1663 22.406924666272282 0.14776026684396817
817 911 1663 21.568130957503044 0.16389798668155978
817 912 1663 20.74363210722754 0.18164964808446918
817 913 1663 19.935201855010177 0.20108040699870203
817 914 1663 19.144875894087203 0.2222161854122642
817 915 1663 18.37499042176625 0.24502570181924901
817 916 1663 17.628223761910938 0.26939873754272897
817 917 1663 16.907639486338756 0.29512141966683014
817 918 1663 16.216728184193055 0.3218504972621224
817 919 1663 15.55944320983246 0.34909025596950016
817 920 1663 14.940223324970798 0.37617769153023645
817 921 1663 14.363992237536246 0.4022833476143033
817 922 1663 13.836122036177679 0.42643589278458816
817 923 1663 13.362345340545634 0.4475768252199261
817 924 1663 12.948601198585184 0.46464659331858876
817 925 1663 12.60080445844636 0.47669493309356264
817 926 1663 12.324539464012508 0.4829983631534785
817 927 1663 12.124696820951925 0.4831605610557726
817 928 1663 12.005093627290117 0.47717116529515247
817 929 1663 11.968135736195583 0.46540734800732136
817 930 1663 12.01458584388167 0.44857772733258416
817 931 1663 12.143486855100633 0.4276235953376239
817 932 1663 12.352257809809586 0.403601678294831
817 933 1663 12.636940808597702 0.37757292143340176
817 934 1663 12.992546825007096 0.35051484049304305
817 935 1663 13.413436286052951 0.32326514768381637
817 936 1663 13.893677446954138 0.2964957311874495
817 937 1663 14.427344627477437 0.27071077523308235
817 938 1663 15.008739887145826 0.24626096443378187
817 939 1663 15.632538917271312 0.22336629457643217
817 940 1663 16.29387225308957 0.20214176520464672
817 941 1663 16.988356983534405 0.18262221071473253
817 942 1663 17.71209397558635 0.16478421746661695
817 943 1663 18.461643290888336 0.14856429548683375
817 944 1663 19.233987444105352 0.13387324293077213
817 905 1664 27.229327443034673 0.08348137861574785
817 906 1664 26.354321713904937 0.09228240384540728
817 907 1664 25.488512569390966 0.10201595973592806
817 908 1664 24.6328697678529 0.11276176951111068
817 909 1664 23.78849034722467 0.12459767633049078
817 910 1664 22.956617194177397 0.13759566752127717
817 911 1664 22.13866014464293 0.15181643015297286
817 912 1664 21.33621974483768 0.1673021321401095
817 913 1664 20.55111366812031 0.18406715889658853
817 914 1664 19.78540555561097 0.2020866501066837
817 915 1664 19.041435686418225 0.2212829177719974
817 916 1664 18.321852335394517 0.24151023421021525
817 917 1664 17.62964188518875 0.262539097619154
817 918 1664 16.968154672798146 0.2840419174578431
817 919 1664 16.34112214629098 0.3055830362440245
817 920 1664 15.752659235824334 0.32661690898509715
817 921 1664 15.207244096153705 0.34649871694466594
817 922 1664 14.709665971734427 0.36451117960905366
817 923 1664 14.26493158062813 0.37990934641893354
817 924 1664 13.878122099189133 0.3919815235569649
817 925 1664 13.554197615499112 0.40011973984415367
817 926 1664 13.297754434490127 0.40388866749531654
817 927 1664 13.112752304531718 0.40307962447916107
817 928 1664 13.00224107606077 0.3977377873675864
817 929 1664 12.968125269290159 0.3881562284994265
817 930 1664 13.011005841210048 0.3748381986058196
817 931 1664 13.130128445677979 0.358436356920494
817 932 1664 13.323448239851501 0.339681831517225
817 933 1664 13.587798681169886 0.319316048611916
817 934 1664 13.919133342273941 0.2980349841936774
817 935 1664 14.312801018668644 0.2764507041575513
817 936 1664 14.763816342667033 0.25507058921343223
817 937 1664 15.267097726811151 0.23429157622103775
817 938 1664 15.817657000959473 0.21440532671268414
817 939 1664 16.41073651607393 0.195610124240411
817 940 1664 17.0418975762678 0.17802596944940918
817 941 1664 17.707068447374407 0.1617103051444332
817 942 1664 18.40256158799645 0.14667274474480374
817 905 1665 27.719528729760203 0.07904803230966156
817 906 1665 26.860496514398264 0.08706135502809738
817 907 1665 26.011541150035715 0.09586501077854312
817 908 1665 25.17368215021397 0.10551441667992215
817 909 1665 24.348065077126794 0.11606000289363731
817 910 1665 23.535978267325145 0.1275434117845849
817 911 1665 22.7388714099887 0.13999258514007024
817 912 1665 21.958375918997323 0.15341560237396618
817 913 1665 21.19632687519235 0.1677932076214076
817 914 1665 20.454786065857586 0.18307010402420984
817 915 1665 19.736065286677626 0.19914532143231653
817 916 1665 19.04274856736815 0.21586229594926812
817 917 1665 18.3777113101714 0.23299973547399624
817 918 1665 17.744133481238293 0.2502648482673517
817 919 1665 17.145502996412844 0.267290988449647
817 920 1665 16.585604390555137 0.28364205828904293
817 921 1665 16.06848695428421 0.29882587386433274
817 922 1665 15.598406104471119 0.3123179098723152
817 923 1665 15.179732309892751 0.32359525327397937
817 924 1665 14.81682398491667 0.33217832419981574
817 925 1665 14.51386485399399 0.33767543541391803
817 926 1665 14.274672430567435 0.3398233537583059
817 927 1665 14.10249173018733 0.33851656468554336
817 928 1665 13.999795462791663 0.3338194419876368
817 929 1665 13.968116301062292 0.3259587935502585
817 930 1665 14.007936072098635 0.31529834022378206
817 931 1665 14.118649829215334 0.302300264761416
817 932 1665 14.298610876585256 0.28748095042454713
817 933 1665 14.545249155652241 0.2713680214235229
817 934 1665 14.855243956260102 0.25446416854300047
817 935 1665 15.22472571181505 0.2372208156113524
817 936 1665 15.649481556907958 0.22002230051442437
817 937 1665 16.125144123387003 0.20317946815008167
817 938 1665 16.647350329707198 0.1869305932941401
817 939 1665 17.211864309249084 0.1714472777868572
817 940 1665 17.814664549185384 0.1568431727161315
817 941 1665 18.451999159982705 0.14318382454770054
817 906 1666 27.39383640529383 0.08179763145749476
817 907 1666 26.561932779826122 0.08971288068280352
817 908 1666 25.741994347757938 0.09832630629983241
817 909 1666 24.93520148304404 0.10766701946685686
817 910 1666 24.142872095092613 0.11775395743618532
817 911 1666 23.36647754797461 0.12859171663057076
817 912 1666 22.607659609079434 0.14016558394840273
817 913 1666 21.8682480551141 0.1524358289346867
817 914 1666 21.150278319681796 0.16533145021053638
817 915 1666 20.456008237190407 0.17874375376352475
817 916 1666 19.78793250948673 0.19252037683332027
817 917 1666 19.148792990682256 0.20646064112806514
817 918 1666 18.54158226797276 0.22031337949513366
817 919 1666 17.96953736188002 0.23377855555607885
817 920 1666 17.43611978050168 0.24651398117780363
817 921 1666 16.94497781054912 0.25814811643192614
817 922 1666 16.499887060219596 0.2682992263774556
817 923 1666 16.10466618716458 0.2766000749857273
817 924 1666 15.76306673842378 0.2827260127947248
817 925 1666 15.478639248977997 0.2864230782584801
817 926 1666 15.254582032950038 0.2875319988098544
817 927 1666 15.093583835524358 0.28600411149839594
817 928 1666 14.997675586570148 0.2819063576830909
817 929 1666 14.96810853114054 0.2754144279339643
817 930 1666 15.005274839202455 0.2667953213863993
817 931 1666 15.108682040469391 0.2563824085868602
817 932 1666 15.276985075596636 0.24454706678923888
817 933 1666 15.508071221141666 0.2316709352173923
817 934 1666 15.799185833453647 0.2181219957165782
817 935 1666 16.147082491893155 0.20423640701368317
817 936 1666 16.548180353138605 0.19030671640367253
817 937 1666 16.998713863113366 0.17657603385570111
817 938 1666 17.49486418924144 0.16323710811939401
817 939 1666 18.03286646653833 0.1504349800395649
817 940 1666 18.60909113847322 0.13827191179832596
817 941 1666 19.220100754158462 0.12681348613676427
817 906 1667 27.952786497950463 0.07656618049950879
817 907 1667 27.13802264351627 0.08364511235091582
817 908 1667 26.336026142909294 0.0912937579599011
817 909 1667 25.547999393298916 0.09952523242068405
817 910 1667 24.775275437419495 0.10834219487665721
817 911 1667 24.019331235486174 0.11773348491444884
817 912 1667 23.28180132635793 0.12767030362513412
817 913 1667 22.564491419041598 0.13810206279684362
817 914 1667 21.869391235240222 0.14895213088386733
817 915 1667 21.19868564321859 0.16011383666106574
817 916 1667 20.554762781409128 0.17144724155650173
817 917 1667 19.940217476246392 0.1827773383843592
817 918 1667 19.357847840088063 0.19389444155591432
817 919 1667 18.810642546175877 0.20455755150344163
817 920 1667 18.301756008645786 0.2145013465535489
817 921 1667 17.834468677255348 0.22344713060063448
817 922 1667 17.41213005350012 0.23111753061245108
817 923 1667 17.038083020105347 0.2372540414285868
817 924 1667 16.715569777904737 0.24163578061064622
817 925 1667 16.447622107769934 0.24409723237453065
817 926 1667 16.236941614725424 0.24454253187004749
817 927 1667 16.085778594771295 0.24295411290244862
817 928 1667 15.995820485364368 0.23939432177483913
817 929 1667 15.968101734395432 0.23399973024470108
817 930 1667 16.002945760078124 0.22696907987223308
817 931 1667 16.099946366370368 0.2185467511721069
817 932 1667 16.257991050557337 0.20900415329484795
817 933 1667 16.475323153128212 0.1986214092568139
817 934 1667 16.749635010948822 0.18767125990074882
817 935 1667 17.078181197071384 0.17640641524947767
817 936 1667 17.45790001689787 0.16505084892190736
817 937 1667 17.88553250535199 0.15379491590742622
817 938 1667 18.357730605932822 0.14279375635713654
817 939 1667 18.87114922308662 0.13216823780257092
817 940 1667 19.42251973869515 0.1220076486260181
817 907 1668 27.73820962138692 0.07773157092536769
817 908 1668 26.954077112748674 0.08449281730068633
817 909 1668 26.184657206081617 0.09171529786557728
817 910 1668 25.43128531946433 0.09939057917178148
817 911 1668 24.695430204797038 0.10749761472562983
817 912 1668 23.97870457301649 0.11599993505997185
817 913 1668 23.2828751016708 0.12484277153716214
817 914 1668 22.609871140720863 0.1339503316240294
817 915 1668 21.96179120654784 0.1432235294069978
817 916 1668 21.340906096040115 0.15253856017046422
817 917 1668 20.749657177890967 0.16174677404872811
817 918 1668 20.19064815700581 0.17067632605841404
817 919 1668 19.666628409567366 0.17913602888628125
817 920 1668 19.180465922390994 0.1869216837010526
817 921 1668 18.735108032781724 0.19382489913872522
817 922 1668 18.333528656535332 0.19964404145718567
817 923 1668 17.9786616020215 0.2041965374010234
817 924 1668 17.673320938635225 0.20733135949565465
817 925 1668 17.42011116497258 0.20894026667335708
817 926 1668 17.221331917131216 0.20896634786785656
817 927 1668 17.078883833553128 0.20740867289776851
817 928 1668 16.994183504952584 0.20432236937960035
817 929 1668 16.96809573876817 0.1998141142322232
817 930 1668 17.000890359037157 0.19403370081343058
817 931 1668 17.09222843867945 0.18716286424144393
817 932 1668 17.24117957101551 0.17940281341261868
817 933 1668 17.44626816829326 0.17096190174614528
817 911 1669 25.392917772481407 0.09793042628289082
817 912 1669 24.696442517091448 0.10518614792193741
817 913 1669 24.021412801914924 0.11266595541197005
817 914 1669 23.3696870539595 0.12029872689754689
817 915 1669 22.74326874044279 0.12799567923117489
817 916 1669 22.144305656308177 0.13565005203921982
817 917 1669 21.575084542128735 0.14313787573628298
817 918 1669 21.038019702434028 0.1503201010728452
817 919 1669 20.535634224440265 0.15704629675458415
817 920 1669 20.07053245432224 0.163159988075216
817 921 1669 19.645362633456333 0.16850551448340367
817 922 1669 19.26276908961955 0.17293604530654927
817 923 1669 18.925334158212436 0.17632214719787137
817 924 1669 18.635511074290463 0.17856009623607633
817 925 1669 18.395550358714537 0.1795790280655338
817 926 1669 18.207423568424023 0.17934606431764827
817 927 1669 18.0727494587847 0.177868756144615
817 928 1669 17.99272833674767 0.17519451940294012
817 929 1669 17.9680904105028 0.1714071373419276
817 930 1669 17.999063114506896 0.16662079205296182
817 931 1669 18.085360737347838 0.16097237665955544
817 932 1669 18.226197436657014 0.15461298516507985
817 912 1670 25.433251325774343 0.09523105659169406
817 913 1670 24.77830246405113 0.10154844172791247
817 914 1670 24.14701374911611 0.10793912058970666
817 915 1670 23.541288686051203 0.11432550269333634
817 916 1670 22.96315032829778 0.12061717743250507
817 917 1670 22.414733391231813 0.12671208586452704
817 918 1670 21.898271004807718 0.13249869642031592
817 919 1670 21.416075107264692 0.13785926424941267
817 920 1670 20.970509602773188 0.14267414924771316
817 921 1670 20.56395567491825 0.14682703287680493
817 922 1670 20.198769096160355 0.15021072451613413
817 923 1670 19.877230013258956 0.15273310939232285
817 924 1670 19.60148649975309 0.15432269261702675
817 925 1670 19.373494083412073 0.15493316629349907
817 929 1670 18.96808564404966 0.1476588551836875
817 930 1670 18.997428062766886 0.14367011088061418
817 914 1671 24.94021397261865 0.0967939548880513
817 915 1671 24.35422495174097 0.10209354113064636
817 916 1671 23.795845708862768 0.10726878179330444
817 917 1671 23.26706412506749 0.11223642110458133
817 918 1671 22.769942314375825 0.11690752660601374
817 919 1671 22.306597073511742 0.1211902250424682
817 920 1671 21.879174413126346 0.12499310458052915
817 921 1671 21.48981789127127 0.12822912896282043
817 922 1671 21.140630856244634 0.1308198184578403
817 923 1671 20.833633216508414 0.13269937666747786
817 924 1671 20.570713964274617 0.13381839866281733
817 922 1672 22.087604510222533 0.11422691529184119
817 923 1672 21.793950376193916 0.1156259155985304
