# %ECSV 0.9
# ---
# datatype:
# - name: sexcat_id
#   datatype: int32
# - name: x
#   datatype: int32
# - name: y
#   datatype: int32
# - name: sep
#   datatype: float64
# - name: weight
#   datatype: float64
# schema: astropy-2.0
sexcat_id x y sep weight
497 919 1636 18.94428370247872 0.1890537892097266
497 920 1636 18.41194951655041 0.2017304396726255
497 921 1636 17.919650805749566 0.21448864238079016
497 922 1636 17.47077230691308 0.2271374650449983
497 923 1636 17.068739994504604 0.2394545576069027
497 924 1636 16.716934078951233 0.25119038437066254
497 925 1636 16.41858352599277 0.2620756477414755
497 926 1636 16.17664628407264 0.27183204259686394
497 927 1636 15.99368265910016 0.280186031420512
497 928 1636 15.87173226210678 0.2868847822132282
497 929 1636 15.812206835227057 0.29171286171816324
497 930 1636 15.815811234331337 0.294507861762856
497 919 1637 18.11833008309543 0.21432270983966728
497 920 1637 17.560976197239174 0.2296988288302778
497 921 1637 17.04411584682529 0.24528334305883334
497 922 1637 16.571538401729665 0.26083907245310906
497 923 1637 16.147132407954082 0.27608237738847075
497 924 1637 15.77478636939344 0.2906875656909621
497 925 1637 15.458262677286896 0.3042961663058514
497 926 1637 15.201048812499783 0.31653155039707065
497 927 1637 15.00619488744569 0.3270186652728625
497 928 1637 14.87615155206484 0.3354076981261389
497 929 1637 14.812625864444197 0.3413994713411507
497 930 1637 14.816473433310682 0.34476955025818806
497 931 1637 14.887642022832267 0.3453877072182419
497 919 1638 17.31074478467061 0.24320943871271994
497 920 1638 16.726502473619547 0.26192951161347766
497 921 1638 16.183012235056886 0.28105614192749934
497 922 1638 15.684510990145688 0.3002967531341482
497 923 1638 15.235415484981068 0.3192899649437887
497 924 1638 14.84021175724932 0.33760921429271656
497 925 1638 14.503306002425825 0.35477377628934387
497 926 1638 14.228839903519928 0.37026842227694207
497 927 1638 14.020480911866077 0.38357183304971115
497 928 1638 13.88120617957968 0.39419223445046625
497 929 1638 13.813105552336921 0.40170681169554334
497 930 1638 13.81723145206742 0.4057997946036562
497 931 1638 13.893519532501516 0.40629330642058425
497 932 1638 14.040793602927193 0.40316561671853945
497 933 1638 14.256853965724739 0.39655341375094666
497 934 1638 14.53863422058624 0.38673766449124497
497 919 1639 16.524221161676596 0.2761887136105569
497 920 1639 15.911124567421396 0.2990597543794981
497 921 1639 15.338770648262551 0.32264218517206317
497 922 1639 14.811883236104746 0.3465795894742938
497 923 1639 14.335476448308262 0.3704136485578243
497 924 1639 13.91473625333951 0.39358479643938094
497 925 1639 13.55484728796311 0.4154440172421933
497 926 1639 13.260764872359397 0.43527863390153
497 927 1639 13.036943084941385 0.45235325908495555
497 928 1639 12.887043299376355 0.46596420823037493
497 929 1639 12.81366009382179 0.4755020135398987
497 930 1639 12.818107699656805 0.48051321264253943
497 931 1639 12.900305616534869 0.4807506750265521
497 932 1639 13.058785739876473 0.4762025367717994
497 933 1639 13.290819575932899 0.4670936158731138
497 934 1639 13.592640839807443 0.453859001097072
497 935 1639 13.95972367205029 0.4370954321143899
497 936 1639 14.387073538423346 0.41750015275604185
497 937 1639 14.869495115840392 0.39580802883846566
497 938 1639 15.401814341174267 0.37273603688335005
497 918 1640 16.441529278020358 0.28718878173643886
497 919 1640 15.761912479137823 0.31375182877512836
497 920 1640 15.11793256368081 0.34178114769411266
497 921 1640 14.514333777338893 0.37098542426763165
497 922 1640 13.956356437122144 0.40093972263816025
497 923 1640 13.449679735964004 0.4310685476980531
497 924 1640 13.00030326569349 0.4606389509974481
497 925 1640 12.614352341678142 0.4887700492451738
497 926 1640 12.297800006505263 0.5144651467478124
497 927 1640 12.056114009082732 0.5366703707946661
497 928 1640 11.89385912981993 0.5543588056535786
497 929 1640 11.81430848589967 0.5666319895102695
497 930 1640 11.819132159342368 0.5728232108737132
497 931 1640 11.908227617911955 0.5725823802491752
497 932 1640 12.079730336394146 0.5659232901502481
497 933 1640 12.330202147572484 0.5532217187615917
497 934 1640 12.65495495843431 0.5351648515112891
497 935 1640 13.048443776941415 0.5126643288383647
497 936 1640 13.50466160257269 0.4867524177125731
497 937 1640 14.017484974131458 0.45848135229191006
497 938 1640 14.580942527834106 0.42884090938206454
497 939 1640 15.189400416079671 0.398701782927237
497 940 1640 15.837672966695623 0.368785317350649
497 915 1641 18.038012224189238 0.24140727488263206
497 916 1641 17.247721153822045 0.2666264907731795
497 917 1641 16.48022709188197 0.2941834488186807
497 918 1641 15.73886542924872 0.3241144296524901
497 919 1641 15.027504283812416 0.35637580612510295
497 920 1641 14.350605736344392 0.3908126927122087
497 921 1641 13.713274043786939 0.42712275310902703
497 922 1641 13.121276043129365 0.4648178650568442
497 923 1641 12.581012876553327 0.5031889167440554
497 924 1641 12.099416721478795 0.5412821953787657
497 925 1641 11.683744476836212 0.5778988844725335
497 926 1641 11.341247065468627 0.6116306098451777
497 927 1641 11.078713147292909 0.6409416196564138
497 928 1641 10.901921160969787 0.6643000860550117
497 929 1641 10.815076744988952 0.6803470383393893
497 930 1641 10.8203458817175 0.6880750186245045
497 931 1641 10.917595202241237 0.6869768237889753
497 932 1641 11.10440835884564 0.6771254142194216
497 933 1641 11.376373982952607 0.6591622160138693
497 934 1641 11.727569441278145 0.6341972257248251
497 935 1641 12.151126902472916 0.6036489664537303
497 936 1641 12.639773929940404 0.5690648418128189
497 937 1641 13.186276388730866 0.5319595222263269
497 938 1641 13.783754386958625 0.49369533125254417
497 939 1641 14.42587553668758 0.4554122380393146
497 940 1641 15.10694823582848 0.4180023769409069
497 941 1641 15.82194314867808 0.38211745315566664
497 942 1641 16.56646869432352 0.348196183892628
497 943 1641 17.336720710676552 0.316500933315381
497 944 1641 18.1294204264781 0.2871558960899865
497 915 1642 17.457316088104733 0.2670544491852466
497 916 1642 16.639467689803073 0.2966639656180173
497 917 1642 15.842534046042015 0.32936133250030375
497 918 1642 15.06983360890227 0.365281286278511
497 919 1642 14.325288304254139 0.40447162860739094
497 920 1642 13.613518465114023 0.44684842103264444
497 921 1642 12.939933732442393 0.4921401280018413
497 922 1642 12.310803588718347 0.5398227698031192
497 923 1642 11.733281084163993 0.5890523334427324
497 924 1642 11.215341501710975 0.6386068716866765
497 925 1642 10.765588000662138 0.6868581689618909
497 926 1642 10.392876647011676 0.7317990503188073
497 927 1642 10.105735252815636 0.7711525523257104
497 928 1642 9.911603553411563 0.8025772515793304
497 929 1642 9.816001477180041 0.8239557355181021
497 930 1642 9.82180660571164 0.8337157706244966
497 931 1642 9.928841070336498 0.831103002560517
497 932 1642 10.133897818707315 0.8163216509533501
497 933 1642 10.431197678119272 0.7904958030646427
497 934 1642 10.81313483685471 0.7554646133182626
497 935 1642 11.271108419317105 0.7134783561099104
497 936 1642 11.796265722676859 0.6668824517843658
497 937 1642 12.38005997562213 0.6178599960422025
497 938 1642 13.014602759977004 0.5682671297416436
497 939 1642 13.692840647579343 0.5195610012304405
497 940 1642 14.408604547283582 0.47279920947312715
497 941 1642 15.156578934574952 0.4286834427157961
497 942 1642 15.93222787308797 0.38762342822939067
497 943 1642 16.73170299162644 0.34980448452590546
497 944 1642 17.551748773270464 0.3152490683086483
497 914 1643 17.777285647702243 0.2635250177727898
497 915 1643 16.915847155847686 0.2944434138827534
497 916 1643 16.07046623468032 0.32907238676915207
497 917 1643 15.243814647259402 0.36774423976985715
497 918 1643 14.439109563958587 0.41075119440561275
497 919 1643 13.660230049307382 0.45830285138322824
497 920 1643 12.91185056450083 0.5104656065150189
497 921 1643 12.199585443776375 0.5670805593020041
497 922 1643 11.530129444199682 0.6276589376823887
497 923 1643 10.911364946696654 0.6912599001657299
497 924 1643 10.352385473889605 0.7563662968991075
497 925 1643 9.86336073557084 0.8207900347273887
497 926 1643 9.455151241519122 0.881657118659573
497 927 1643 9.138593163064028 0.9355338135561365
497 928 1643 8.92344580305168 0.978743254273487
497 929 1643 8.81713587283312 1.0078703581314592
497 930 1643 8.823598188947676 1.0203651879438909
497 931 1643 8.942588271859593 1.0150704046001566
497 932 1643 9.169726549903261 0.9924811654540884
497 933 1643 9.497256709176646 0.954632398216963
497 934 1643 9.915234994693813 0.9046598094674767
497 935 1643 10.412775086402322 0.8462032288683566
497 936 1643 10.979065761712192 0.7828452150626201
497 937 1643 11.604046061611482 0.717713075644864
497 938 1643 12.278757469711705 0.6532791443802745
497 939 1643 12.995456321345587 0.5913257098545843
497 940 1643 13.747577422949872 0.5330141861175781
497 941 1643 14.529620951697298 0.4790021660184606
497 942 1643 15.337010301880909 0.42956913010024167
497 943 1643 16.16594831737381 0.3847292717219229
497 944 1643 17.01328554395068 0.34432286865251954
497 945 1643 17.876405818844045 0.3080852959316478
497 914 1644 17.30375349454563 0.2876892829392984
497 915 1644 16.417487170696987 0.3232711205918053
497 916 1644 15.545027661602928 0.36354884738214105
497 917 1644 14.68883538610193 0.40906201693542427
497 918 1644 13.851927122245492 0.46034219717088476
497 919 1644 13.038016912092125 0.5178651612277744
497 920 1644 12.251689067226621 0.5819754937784847
497 921 1644 11.498603610873815 0.6527739744493343
497 922 1644 10.78572598391042 0.7299588304568134
497 923 1644 10.12155546346511 0.8126177404876825
497 924 1644 9.51629576043118 0.8989829461323919
497 925 1644 8.981864227430767 0.9861920971295038
497 926 1644 8.531581623591286 1.070143340727525
497 927 1644 8.179357248586257 1.1455810119925298
497 928 1644 7.938254531066674 1.2065586677498925
497 929 1644 7.818560289465101 1.2473404133946004
497 930 1644 7.825847238478441 1.2635926110764442
497 931 1644 7.959766642308095 1.2534720063698266
497 932 1644 8.214127159960498 1.2181343529792756
497 933 1644 8.57822155227998 1.1614123796278029
497 934 1644 9.038798869318908 1.0888240358007535
497 935 1644 9.581956219895853 1.0063623645459898
497 936 1644 10.194502685271157 0.9195030497263379
497 937 1644 10.864708233542256 0.8326381596751993
497 938 1644 11.582568152184596 0.7489139105174095
497 939 1644 12.339768433807862 0.6703351046293898
497 940 1644 13.129504369929618 0.5979920420394834
497 941 1644 13.946249854351564 0.5323093629949244
497 942 1644 14.785529581317034 0.4732646563358971
497 943 1644 15.643717109434096 0.42055885824026584
497 944 1644 16.517865630885883 0.37373899728316434
497 945 1644 17.405570516360594 0.3322814342722271
497 914 1645 16.876252101696043 0.31242029132855104
497 915 1645 15.966273359804413 0.3530607864623871
497 916 1645 15.067710011810027 0.3995646800824215
497 917 1645 14.182731930062 0.4527556801686317
497 918 1645 13.314048407603158 0.5135115250161197
497 919 1645 12.465066586264198 0.5827199019143368
497 920 1645 11.640098152507145 0.6611969544544549
497 921 1645 10.844624705355196 0.7495486644450176
497 922 1645 10.085627645317881 0.8479502139176613
497 923 1645 9.371973378109882 0.9558180963039531
497 924 1645 8.714808374255878 1.0713639368015293
497 925 1645 8.127846270691911 1.191064581477592
497 926 1645 7.6273117806997 1.309179646655449
497 927 1645 7.231174524238816 1.417594491206859
497 928 1645 6.957290061511055 1.5063907556062517
497 929 1645 6.82040211424521 1.5654622480478309
497 930 1645 6.828754278783252 1.5870045719766386
497 931 1645 6.981825334395054 1.5679442724000374
497 932 1645 7.270480383028389 1.5110070087451326
497 933 1645 7.679445618011802 1.4237671838718975
497 934 1645 8.190719443370082 1.3162663740866776
497 935 1645 8.786460322564526 1.1984927834730497
497 936 1645 9.45070817452326 1.078698953048904
497 937 1645 10.170048426630071 0.9627729862563352
497 938 1645 10.933612623465349 0.8543628857472141
497 939 1645 11.732769707106709 0.7553485848130471
497 940 1645 12.560727884959569 0.6663740367882197
497 941 1645 13.412154375789184 0.5873002838990551
497 942 1645 14.282852831279925 0.517540616871755
497 943 1645 15.16950510069465 0.4562871647686855
497 944 1645 16.069470588665983 0.4026538258487318
497 945 1645 16.980632644280398 0.3557606627564779
497 946 1645 17.90128165802664 0.31477983693594436
497 913 1646 17.437943829477142 0.2973368760128604
497 914 1646 16.49836007001908 0.3371532876433659
497 915 1646 15.566306080763027 0.3831341353666382
497 916 1646 14.64321976206053 0.43631646962444554
497 917 1646 13.730909838754316 0.4978948407451246
497 918 1646 12.831675066023147 0.569221487499052
497 919 1646 11.948467893416298 0.6517839795802944
497 920 1646 11.085119981308283 0.7471405612646579
497 921 1646 10.246652380167884 0.856780752315871
497 922 1646 9.439697293875488 0.9818609858924474
497 923 1646 8.673055113395755 1.1227449242273835
497 924 1646 7.958384572260899 1.2782682915621624
497 925 1646 7.310942825655274 1.4446840435910238
497 926 1646 6.7501025918129836 1.6143975658613958
497 927 1646 6.299038418679504 1.7749630285114648
497 928 1646 5.982631945891408 1.9093472885278846
497 929 1646 5.822876007610024 1.9987085212362
497 930 1646 5.832656770289204 2.027919997477795
497 931 1646 6.011146729202384 1.991553842137516
497 932 1646 6.34412208268414 1.8963302613702957
497 933 1646 6.8089562342550405 1.7581079209622037
497 934 1646 7.380778075514844 1.5957593106280863
497 935 1646 8.036783249534645 1.4258911260504852
497 936 1646 8.758075416437146 1.2603899251092714
497 937 1646 9.529841814007236 1.106362821048765
497 938 1646 10.340787445837996 0.9672096493215327
497 939 1646 11.182391738800817 0.8438790201209043
497 940 1646 12.048231612979592 0.7358888042763337
497 941 1646 12.933440570861292 0.6420272375189819
497 942 1646 13.834301030409916 0.5607869651638583
497 943 1646 14.747945111099408 0.49061243205053406
497 944 1646 15.672137218643824 0.43002888356355357
497 945 1646 16.605116229644434 0.3777010085488991
497 946 1646 17.54548047219001 0.332452007256332
497 913 1647 17.1309627575335 0.31704173039984457
497 914 1647 16.173555113208717 0.3611741998151416
497 915 1647 15.221625570220807 0.41259868651406234
497 916 1647 14.276269996045885 0.4726937095364715
497 917 1647 13.33888619788024 0.5431101423646505
497 918 1647 12.41128055439889 0.6258110409442749
497 919 1647 11.495820327405958 0.7231000231022015
497 920 1647 10.59565406192558 0.8376170748070169
497 921 1647 9.715033968031202 0.9722603316702989
497 922 1647 8.859790347406655 1.1299562628461124
497 923 1647 8.038027432150265 1.3131411892946079
497 924 1647 7.261121469855755 1.522733461586727
497 925 1647 6.545065698677153 1.756303220937697
497 926 1647 5.912011924886508 2.0052330253626285
497 927 1647 5.391278605303227 2.2512849695649844
497 928 1647 5.017956257282474 2.464658852867191
497 929 1647 4.826373897658611 2.6078426744513505
497 930 1647 4.838169591901508 2.648567587774717
497 931 1647 5.051918942342646 2.5765139578412204
497 932 1647 5.443885101653089 2.40958743464137
497 933 1647 5.979120754759892 2.1833063126326655
497 934 1647 6.622981579319132 1.9339105846722728
497 935 1647 7.346964339099555 1.6879648896341606
497 936 1647 8.129691568565232 1.4606528528584286
497 937 1647 8.955773835911703 1.258493963702428
497 938 1647 9.81426945829391 1.082724483759526
497 939 1647 10.697377482355229 0.9318501535579063
497 940 1647 11.599477789969715 0.8032183890959298
497 941 1647 12.516464556734892 0.6938739619659244
497 942 1647 13.445292298793687 0.600977148979821
497 943 1647 14.38366730010121 0.5219797099146627
497 944 1647 15.329836430960405 0.4546761712683166
497 945 1647 16.282441002503308 0.39719568368890534
497 946 1647 17.24041429316595 0.3479688562147236
497 913 1648 16.87773340825123 0.33535099481434877
497 914 1648 15.905089908579574 0.38363674022446065
497 915 1648 14.93605988873906 0.4403615407449492
497 916 1648 13.971395241707246 0.5072816149534648
497 917 1648 13.012066899612833 0.5865698011195868
497 918 1648 12.059348448403004 0.6809167887257033
497 919 1648 11.11493972093416 0.793647922689411
497 920 1648 10.181153421886933 0.9288442859577575
497 921 1648 9.26120321556546 1.09143513266855
497 922 1648 8.359658186792092 1.2871802403163628
497 923 1648 7.483173457831917 1.5223565056751922
497 924 1648 6.641677875356507 1.8027517670831037
497 925 1648 5.850289309085506 2.131187568175789
497 926 1648 5.132239764469329 2.5022925981577218
497 927 1648 4.52259715207979 2.8933312012925363
497 928 1648 4.070366691098022 3.2531522243652033
497 929 1648 3.8316947947351303 3.501583900957813
497 930 1648 3.846541953495415 3.560301472445489
497 931 1648 4.112163056105675 3.4076954812302067
497 932 1648 4.585181021508354 3.0974035471191748
497 933 1648 5.20940351671863 2.714873693916515
497 934 1648 5.937329787033937 2.3285283963322048
497 935 1648 6.735420179914575 1.9753857240400416
497 936 1648 7.581548984211638 1.6688687097366341
497 937 1648 8.461316977870558 1.4097239870264529
497 938 1648 9.36524879541385 1.1933283881627859
497 939 1648 10.286976475135956 1.0134761057808963
497 940 1648 11.222115887835084 0.8640559566970205
497 941 1648 12.167575148730362 0.7396723038061188
497 942 1648 13.12112361804433 0.6357902176065268
497 943 1648 14.081118030895158 0.5486879037591014
497 944 1648 15.046324634275335 0.475344887206013
497 945 1648 16.015801103909876 0.4133205105132536
497 946 1648 16.988816468488935 0.3606435755639344
497 912 1649 17.667254597135333 0.3073306443626088
497 913 1649 16.68070397195513 0.3515533069334209
497 914 1649 15.695855663199753 0.4036048150474863
497 915 1649 14.713051518974565 0.4651808558129133
497 916 1649 13.732730427704455 0.5384196583953372
497 917 1649 12.755464907246612 0.6260371897600715
497 918 1649 11.782015319969664 0.7315080315121381
497 919 1649 10.813412273653487 0.8593066029979682
497 920 1649 9.85108547318517 1.0152246245591559
497 921 1649 8.897071709276032 1.206774797452619
497 922 1649 7.95436263945767 1.4436620302233063
497 923 1649 7.027509160435155 1.7382089674331398
497 924 1649 6.12371496724007 2.1053450322005776
497 925 1649 5.254891530754947 2.5610047671675376
497 926 1649 4.441608379855221 3.115850981513199
497 927 1649 3.7204683844914133 3.7573210157423405
497 928 1649 3.1552947564372142 4.410600279718495
497 929 1649 2.8407543012376504 4.894942538394373
497 930 1649 2.8607490277897925 4.982781576901238
497 931 1649 3.2090317854456156 4.6228379275766
497 932 1649 3.7962988554643995 4.005285213321429
497 933 1649 4.53055018733932 3.3456990239874806
497 934 1649 5.351624519713652 2.755046818144586
497 935 1649 6.22526184188267 2.2631836823537634
497 936 1649 7.132172530162212 1.865014640329707
497 937 1649 8.061134225405286 1.5454094624644956
497 938 1649 9.00532536891369 1.2887272291855056
497 939 1649 9.960415904971063 1.0816302279541294
497 940 1649 10.92354727183439 0.9134824140534005
497 941 1649 11.892766078587464 0.7760148425594774
497 942 1649 12.866696740033964 0.6628492774332942
497 943 1649 13.844344874352151 0.5690643943436065
497 944 1649 14.824975042137533 0.49084673924886135
497 945 1649 15.808032293742341 0.42522302191563127
497 946 1649 16.79309039456409 0.3698587071550561
497 912 1650 17.536244894503486 0.3182636306318219
497 913 1650 16.541882752576853 0.36493486465072794
497 914 1650 15.548243791502616 0.4201224437629589
497 915 1650 14.555476117255653 0.48576131849849385
497 916 1650 13.563771046430993 0.5643308769869295
497 917 1650 12.573380014936308 0.6590425605221473
497 918 1650 11.584640046199096 0.7741053214947826
497 919 1650 10.598013257210042 0.9151068034138692
497 920 1650 9.61415024846189 1.0895687353120302
497 921 1650 8.633995888347403 1.3077667343501211
497 922 1650 7.658974148017468 1.5839502168461244
497 923 1650 6.691329090696402 1.938149075360414
497 924 1650 5.734795985909173 2.39874501076667
497 925 1650 4.79602804412151 3.005597135802302
497 926 1650 3.8879152511339585 3.8113142911724602
497 927 1650 3.0380725797781833 4.868166603059528
497 928 1650 2.311684450784773 6.148952642756552
497 929 1650 1.8595389213458615 7.281988809689549
497 930 1650 1.8899431208372814 7.4140342042555565
497 931 1650 2.3845093835001356 6.407475208011716
497 932 1650 3.130476800744613 5.108352728303105
497 933 1650 3.9892211019195543 3.999461031057297
497 934 1650 4.901824660266858 3.14751288455348
497 935 1650 5.843105766627909 2.5058089439280136
497 936 1650 6.801167914410022 2.0198309375774643
497 937 1650 7.7698059821336845 1.6471346912985534
497 938 1650 8.7455065605144 1.3573154589438166
497 939 1650 9.726144405672807 1.128919321816047
497 940 1650 10.710363439211598 0.9467178941382769
497 941 1650 11.697259721832312 0.799761160481697
497 942 1650 12.686208456430178 0.6800575606875474
497 943 1650 13.676764419993518 0.5816874025340055
497 944 1650 14.668602012461877 0.500203510250584
497 945 1650 15.661477739983564 0.43222101203076546
497 912 1651 17.461611752641836 0.3263929142557824
497 913 1651 16.46274232927186 0.3748440566544483
497 914 1651 15.464019044220024 0.43230670913540437
497 915 1651 14.465472166507377 0.5008893017274009
497 916 1651 13.467140936368033 0.5833204164376745
497 917 1651 12.469077151096615 0.6831771385903225
497 918 1651 11.471350617952522 0.8052180281769425
497 919 1651 10.474057714181248 0.9558799502167171
497 920 1651 9.477335332254512 1.1440391888907777
497 921 1651 8.481384615733434 1.3822133955708533
497 922 1651 7.486513541028282 1.6885279001048015
497 923 1651 6.49321838536175 2.090067886761654
497 924 1651 5.50235267862756 2.6288747450426198
497 925 1651 4.515516028096891 3.373276283563108
497 926 1651 3.5360832852182584 4.440525173382426
497 927 1651 2.5725250241737174 6.0430559368262475
497 928 1651 1.6528414927027992 8.557987461333804
497 929 1651 0.9197200661071009 12.084185669616822
497 930 1651 0.9797372096639397 12.164689886252939
497 931 1651 1.753249839583656 8.63738133635598
497 932 1651 2.681023125599656 6.093349293686545
497 933 1651 3.647174934109986 4.473221330475036
497 934 1651 4.627730005088911 3.3956129546793794
497 935 1651 5.615147816398091 2.6447784530263148
497 936 1651 6.606351867710369 2.1017658209179406
497 937 1651 7.599860853989388 1.6973575060065156
497 938 1651 8.594875508115306 1.389018932869942
497 939 1651 9.590927223162543 1.1493761353813932
497 940 1651 10.587723315236397 0.9601265201299846
497 941 1651 11.585071644146206 0.8086392102204404
497 942 1651 12.582840895441716 0.6859631295642679
497 943 1651 13.580938296008878 0.5856105767204183
497 944 1651 14.579296450789405 0.5027875793993745
497 945 1651 15.577865226018634 0.4338918537961127
497 913 1652 16.444144398538935 0.3807610172844803
497 914 1652 15.44421849754786 0.4394509314468768
497 915 1652 14.444302856143647 0.5095886903482313
497 916 1652 13.444399763470274 0.5940155080206849
497 917 1652 12.44451224435894 0.6964705261621861
497 918 1652 11.444644380669923 0.821951274545801
497 919 1652 10.444801817172007 0.977257231529679
497 920 1652 9.44499258866833 1.1718337786559332
497 921 1652 8.445228534503947 1.4191284687243035
497 922 1652 7.445527852341951 1.7388624556000558
497 923 1652 6.445920027428185 2.1610315657328303
497 924 1652 5.4464561872836 2.7334146355674345
497 925 1652 4.447233409660419 3.5368675982560553
497 926 1652 3.4484612510509485 4.720134870703877
497 927 1652 2.4506907189606575 6.592853419383028
497 928 1652 1.45598248615838 9.94629301039411
497 929 1652 0.4836165836693051 17.77749399860307
497 930 1652 0.589817768467518 16.022045210346658
497 931 1652 1.5690395151174605 9.2943608593092
497 932 1652 2.564348845223689 6.252142357761621
497 933 1652 3.5622864848296665 4.512547418983729
497 934 1652 4.561127601810777 3.399163718207125
497 935 1652 5.560385328374299 2.6369132333420935
497 936 1652 6.559869282234228 2.090726881640412
497 937 1652 7.559489731456763 1.6861272028289744
497 938 1652 8.559198852696452 1.3786573890759217
497 939 1652 9.558968825140099 1.1401950634940108
497 940 1652 10.558782363511444 0.9521412812481459
497 941 1652 11.55862816254595 0.8017533451747234
497 942 1652 12.558498516940647 0.6800458952216188
497 943 1652 13.558387994153303 0.5805293520686161
497 944 1652 14.558292654016833 0.49842059626168156
497 945 1652 15.558209569227447 0.43013224882060036
497 913 1653 16.48629385277356 0.3823598305493838
497 914 1653 15.489089224354007 0.4411183156875517
497 915 1653 14.492269836019458 0.5112649842895342
497 916 1653 13.495921050450743 0.5955927143060696
497 917 1653 12.500155399034027 0.697759092764921
497 918 1653 11.505124293113896 0.8226221203032466
497 919 1653 10.511036342816038 0.9767376900893292
497 920 1653 9.518187064772345 1.169114333373465
497 921 1653 8.527009147409167 1.4123884975886802
497 922 1653 7.538161911235369 1.7247073766914502
497 923 1653 6.552700588307061 2.1328356813014295
497 924 1653 5.572421825382544 2.67741997874625
497 925 1653 4.600639629442819 3.4219969572520714
497 926 1653 3.644157653011158 4.467482683183434
497 927 1653 2.7191699101012103 5.965729235211113
497 928 1653 1.8729348627221016 8.043828618066115
497 929 1653 1.273532488788523 10.049890273522925
497 930 1653 1.3175298858090174 9.549391729373951
497 931 1653 1.9621123821025022 7.320305220656959
497 932 1653 2.822035612815683 5.425681082259993
497 933 1653 3.7520507725775807 4.091652914083661
497 934 1653 4.710826360629317 3.1565411863564203
497 935 1653 5.68382661593403 2.484860364079466
497 936 1653 6.6648244538022245 1.9895659378244777
497 937 1653 7.6507440814603225 1.6157459620342955
497 938 1653 8.63990075174479 1.32796140903306
497 939 1653 9.631297160819004 1.1026523950578555
497 940 1653 10.624306330297534 0.923702428691385
497 941 1653 11.618514750173548 0.7798004486514044
497 942 1653 12.613638848484618 0.662826962720616
497 943 1653 13.609477763676326 0.5668372425206695
497 944 1653 14.605885286417951 0.48740269384783613
497 945 1653 15.602752481533521 0.42117333031391535
497 913 1654 16.588727648617276 0.3795504165709311
497 914 1654 15.598073118177108 0.4372044966074531
497 915 1654 14.608692104360314 0.5058007990556962
497 916 1654 13.620862123962617 0.5879274814659875
497 917 1654 12.634946972583599 0.6869270254865929
497 918 1654 11.65143274451685 0.8071612152930576
497 919 1654 10.670983319263481 0.9543838691900554
497 920 1654 9.69452861154164 1.1362676666074372
497 921 1654 8.72341017034047 1.3631461128834106
497 922 1654 7.759631756726577 1.649034874677135
497 923 1654 6.8063121438852345 2.0129387223546784
497 924 1654 5.868550502466486 2.4801525979756582
497 925 1654 4.9551876856482115 3.0821071957409334
497 926 1654 4.0826321166619595 3.8492398352277646
497 927 1654 3.28357807886454 4.778908162231187
497 928 1654 2.6260017136323004 5.738188563290667
497 929 1654 2.2382772393070103 6.32731531433736
497 930 1654 2.2636000088354487 6.117683081961612
497 931 1654 2.6903317639279876 5.2795354568659345
497 932 1654 3.3692558525585303 4.303702164446678
497 933 1654 4.179220621120635 3.44904366100627
497 934 1654 5.057656077670759 2.766349758231124
497 935 1654 5.974435956640594 2.2350198615114887
497 936 1654 6.914324623562307 1.8223322756233409
497 937 1654 7.86904600316964 1.4996393534474595
497 938 1654 8.833792220784916 1.2448779207950873
497 939 1654 9.805604774821393 1.0416797248107739
497 940 1654 10.782573208654794 0.8779916284380496
497 941 1654 11.763412982633918 0.7449010101984169
497 942 1654 12.747230483520735 0.6357590757520818
497 943 1654 13.7333857806442 0.5455533583165393
497 944 1654 14.721409069786775 0.4704636235357039
497 913 1655 16.750339847298598 0.3724904903276613
497 914 1655 15.769840994759562 0.4279529944981108
497 915 1655 14.791953386892459 0.4935753929774341
497 916 1655 13.817231452067354 0.5716175964532699
497 917 1655 12.846395798043876 0.664931240419083
497 918 1655 11.88039919362979 0.7771300090631945
497 919 1655 10.9205258573019 0.9128037009776383
497 920 1655 9.96854477845184 1.0777731296388955
497 921 1655 9.026953251235959 1.2793562803718832
497 922 1655 8.099375593217017 1.5265438227788894
497 923 1655 7.1912366808497925 1.8297981978522295
497 924 1655 6.310933766091954 2.1997475597073564
497 925 1655 5.471917853915535 2.6430710748635957
497 926 1655 4.696369342374983 3.1521786418305404
497 927 1655 4.02117955331513 3.684525491304707
497 928 1655 3.5048373714053693 4.137035773549787
497 929 1655 3.2245751658163795 4.357041560175719
497 930 1655 3.242203725862976 4.24389996673943
497 931 1655 3.553292135470963 3.851699857122827
497 932 1655 4.091440455389743 3.331143272602753
497 933 1655 4.780573710340618 2.807001005468437
497 934 1655 5.564879603369681 2.3396608312366554
497 935 1655 6.4095151922746805 1.9455266355400795
497 936 1655 7.293550918448432 1.6210980570816127
497 937 1655 8.204260173836516 1.3563910032804087
497 938 1655 9.133667664197116 1.140651866266437
497 939 1655 10.076600865371221 0.9643425568897789
497 940 1655 11.029591334224495 0.8195956546088091
497 941 1655 11.990241240275365 0.7001183636079906
497 942 1655 12.956847031589135 0.6009394650402471
497 943 1655 13.928168759747285 0.5181451324097918
497 912 1656 17.94011942546646 0.3168176491437189
497 913 1656 16.969439737363135 0.3615647317291396
497 914 1656 16.002371230539527 0.4139194563895626
497 915 1656 15.039610533521113 0.47540236877298053
497 916 1656 14.0820412227773 0.547872598636448
497 917 1656 13.130799099826303 0.6336005313868617
497 918 1656 12.187365794132845 0.7353458719698044
497 919 1656 11.253705389781594 0.8564279776020604
497 920 1656 10.332467517490647 1.0007569167832022
497 921 1656 9.4272946808721 1.172755874000301
497 922 1656 8.543294739150666 1.3770310196783149
497 923 1656 7.687775035730394 1.6175080690702632
497 924 1656 6.871381593245967 1.8955372666197916
497 925 1656 6.109818737082101 2.2062447421715135
497 926 1656 5.4262219821897775 2.5326198161528493
497 927 1656 4.853646567272857 2.838768709574805
497 928 1656 4.435299877122135 3.069007475931738
497 929 1656 4.217331502265342 3.1641599373252527
497 930 1656 4.230825569554916 3.0948215969549793
497 931 1656 4.473688075849692 2.882720090543061
497 932 1656 4.912014352584869 2.5846484865734376
497 933 1656 5.499262223244113 2.2585406449464718
497 934 1656 6.193212817270195 1.943733913195017
497 935 1656 6.9620316718613005 1.6598658407943767
497 936 1656 7.783565057221522 1.4133117744333656
497 937 1656 8.642793819130473 1.2034221491880093
497 938 1656 9.529527008199302 1.0265222477755445
497 939 1656 10.436756440580568 0.8780376040880996
497 940 1656 11.359572395121218 0.753483501140576
497 941 1656 12.294465624824857 0.6488574505050598
497 942 1656 13.23887778476711 0.5607451233138755
497 912 1657 18.199886950198316 0.30551086980600156
497 913 1657 17.243836145127307 0.3473361175326649
497 914 1657 16.293062480700154 0.39589412441527294
497 915 1657 15.348546673871084 0.4524039235720251
497 916 1657 14.411519177380265 0.5183057914944308
497 917 1657 13.483541263332834 0.5952841961855656
497 918 1657 12.56661788231023 0.6852749140427362
497 919 1657 11.663356506597886 0.7904361401024735
497 920 1657 10.777192816313498 0.913046731504953
497 921 1657 9.912713301614211 1.055267294907268
497 922 1657 9.076116184800597 1.2186590853170065
497 923 1657 8.275861586566041 1.4033077362513173
497 924 1657 7.5235553430542 1.606379872350708
497 925 1657 6.835048280736533 1.8200609784057313
497 926 1657 6.231523489484692 2.0293084212560237
497 927 1657 5.7398506078119755 2.2109142504908315
497 928 1657 5.390722122313442 2.3365244769153417
497 929 1657 5.212857661590192 2.381376349422193
497 930 1657 5.223780718981186 2.33551223675201
497 931 1657 5.422350505085377 2.209107519619557
497 932 1657 5.789290543754016 2.027031194786865
497 933 1657 6.295227160317545 1.817617414622193
497 934 1657 6.909695000504707 1.6039879506067278
497 935 1657 7.606437076581898 1.4010932138208612
497 936 1657 8.364919903979942 1.2166778358994064
497 937 1657 9.169835603760834 1.05353141495883
497 938 1657 10.009989260733493 0.9115446168402918
497 939 1657 10.877218624262357 0.7891453521020522
497 940 1657 11.765538024246911 0.6841695473539129
497 941 1657 12.670512420577156 0.5943387158857257
497 942 1657 13.588814701805305 0.5174968077219575
497 912 1658 18.510102241748932 0.2919649223088479
497 913 1658 17.570938648802997 0.33048035328791076
497 914 1658 16.63886669818588 0.3748016870411041
497 915 1658 15.715148265288464 0.4258559042096488
497 916 1658 14.801347404881728 0.4846914909313065
497 917 1658 13.899420311653257 0.5524673327957575
497 918 1658 13.011836342346117 0.6304168645334772
497 919 1658 12.141741431936325 0.7197691391570072
497 920 1658 11.293178693352868 0.8215985873507563
497 921 1658 10.471384101445196 0.936563157745567
497 922 1658 9.6831753572885 1.0644806911954519
497 923 1658 8.937442866950216 1.2036990309297213
497 924 1658 8.245719192405192 1.350265964015563
497 925 1658 7.622721626820657 1.4970482549546769
497 926 1658 7.08659897270894 1.6332198065706038
497 927 1658 6.658369545166401 1.7448514814623621
497 928 1658 6.3598651715267875 1.8173264378247762
497 929 1658 6.2098216560541815 1.8394472549707284
497 930 1658 6.218993889689837 1.8075114451731462
497 931 1658 6.386695937650356 1.7268208448180538
497 932 1658 6.701036113915489 1.6095444333723818
497 933 1658 7.142680519244832 1.4704440772042982
497 934 1658 7.689725937899195 1.322998596984052
497 935 1658 8.321411238485915 1.1773541448207254
497 936 1658 9.019971452282968 1.0400005115148376
497 937 1658 9.77107389185036 0.9143979609996002
497 938 1658 10.563516696630899 0.8018706929597268
497 939 1658 11.38867353996943 0.7024053574040513
497 940 1658 12.23992994260996 0.6152409890349899
497 941 1658 13.112203666813596 0.5392589570280256
497 913 1659 17.947865750556495 0.31171656711480594
497 914 1659 17.03642817611717 0.35160017559191314
497 915 1659 16.135485273148714 0.3970396953270864
497 916 1659 15.246897553272895 0.44874787399655164
497 917 1659 14.372956724348649 0.5074540973626733
497 918 1659 13.516504170827568 0.5738502923360841
497 919 1659 12.681083747061964 0.6484996187301829
497 920 1659 11.871136634711906 0.7316918326836324
497 921 1659 11.092244362616572 0.8232278234661302
497 922 1659 10.351419467879715 0.9221213111875344
497 923 1659 9.657426417011896 1.026226630643941
497 924 1659 9.021080035117704 1.1318495886586735
497 925 1659 8.455405667382214 1.2334804604098482
497 926 1659 7.975455159425029 1.3238848146658178
497 927 1659 7.5974920203972145 1.3948227600591523
497 928 1659 7.3372941197691794 1.4385117828204013
497 929 1659 7.207626863260848 1.4495381923734305
497 930 1659 7.215530819004202 1.4264575660467054
497 931 1659 7.360562818154565 1.3722569868457712
497 932 1659 7.634912245730105 1.2934152636018106
497 933 1659 8.02532771916509 1.1980864662420079
497 934 1659 8.51586079031354 1.0942820485617435
497 935 1659 9.090318201251241 0.9886655983291671
497 936 1659 9.733852526107 0.8860847121619801
497 937 1659 10.433689903385076 0.7896397907737904
497 938 1659 11.179261379894456 0.7010169076362488
497 939 1659 11.962018433358132 0.6208819152661686
497 940 1659 12.775127592317807 0.5492296137411298
497 941 1659 13.6131511781806 0.4856519677660038
497 913 1660 18.371550968821296 0.2917457485994769
497 914 1660 17.48221624966351 0.32719626124357487
497 915 1660 16.605477560130538 0.36712682331569324
497 916 1660 15.74343942726617 0.41198287534506856
497 917 1660 14.898653798246302 0.4621696327214134
497 918 1660 14.074227687514473 0.5179966253384269
497 919 1660 13.273955137787643 0.5795956850150861
497 920 1660 12.502475154944282 0.6468059369971292
497 921 1660 11.765453029951676 0.7190226211246695
497 922 1660 11.069773484584005 0.795015543347516
497 923 1660 10.423717427098603 0.8727408750182482
497 924 1660 9.837066890084623 0.9491984056198236
497 925 1660 9.321045274002223 1.0204199386973676
497 926 1660 8.887962927465393 1.0816942603351352
497 927 1660 8.550431860438351 1.1281058719145076
497 928 1660 8.320089242309802 1.1553581787402056
497 929 1660 8.20596642693591 1.160684845954805
497 930 1660 8.212909654927378 1.1435234595123465
497 931 1660 8.340616583922282 1.1056604316997187
497 932 1660 8.583698794808647 1.0507799320428237
497 933 1660 8.932742300100202 0.98362090166081
497 934 1660 9.375920488144056 0.9090775644505376
497 935 1660 9.900600234329206 0.8315137429144843
497 936 1660 10.49456454551591 0.7543954227550685
497 937 1660 11.146743246347768 0.6802040789589051
497 938 1660 11.847526535104263 0.6105302839172675
497 939 1660 12.588799982524135 0.5462490873857434
497 940 1660 13.363827483172614 0.48770914738115073
497 914 1661 17.972642682699693 0.30238635435688016
497 915 1661 17.121036329615062 0.33710719428234165
497 916 1661 16.28630974162038 0.37561277717174063
497 917 1661 15.471195331970923 0.41808075527562033
497 918 1661 14.67896062396786 0.4645725372265618
497 919 1661 13.913514473345652 0.5149691655309255
497 920 1661 13.179525219066086 0.5688902395902405
497 921 1661 12.48254321041986 0.6255992109327405
497 922 1661 11.829111758707795 0.6839056574479406
497 923 1661 11.226837711483988 0.7420860428658818
497 924 1661 10.684375742176005 0.7978573499969753
497 925 1661 10.211262654539794 0.848447374895801
497 926 1661 9.817529475382242 0.8908013513276493
497 927 1661 9.51303763263865 0.9219357931628833
497 928 1661 9.306550649945404 0.9393947037278974
497 929 1661 9.204666479563462 0.9416992235062419
497 930 1661 9.210856909104564 0.9286485649660962
497 931 1661 9.3249067019461 0.9013625597090552
497 932 1661 9.542949491640377 0.8620494944795167
497 933 1661 9.858087289124567 0.8135858885070917
497 934 1661 10.261378318724995 0.759048361305171
497 935 1661 10.742899282782066 0.701321621998114
497 936 1661 11.292647386684818 0.642847117217481
497 937 1661 11.901171580983089 0.5855155747150542
497 938 1661 12.559931727521434 0.5306693676493135
497 939 1661 13.261443548875045 0.4791701810518748
497 940 1661 13.999281588710172 0.43149405902658694
497 914 1662 18.504158586652856 0.27782497215083146
497 915 1662 17.678175386617216 0.3077589224785911
497 916 1662 16.87103686795802 0.34054274675895485
497 917 1662 16.08558003306063 0.376205549854867
497 918 1662 15.325138987950446 0.41466226349327406
497 919 1662 14.593624806743485 0.45566804136773986
497 920 1662 13.895606679810669 0.49876607013287116
497 921 1662 13.23638489165372 0.5432338360316887
497 922 1662 12.622039652924519 0.5880374416908013
497 923 1662 12.059431371337496 0.6318089336491506
497 924 1662 11.556118941928514 0.6728660192100798
497 925 1662 11.120156698536178 0.7092937743735293
497 926 1662 10.759734429808157 0.7390999260150677
497 927 1662 10.482646850867347 0.7604365898174266
497 928 1662 10.295624556091735 0.7718548408834804
497 929 1662 10.203621170937264 0.7725346441666555
497 930 1662 10.209205894681485 0.762426179051492
497 931 1662 10.312220178021764 0.7422586791090665
497 932 1662 10.509799474775875 0.713413938630464
497 933 1662 10.796753447217329 0.6777040887737142
497 934 1662 11.166193845711229 0.6371166049833874
497 935 1662 11.610249136000457 0.5935860657851332
497 936 1662 12.120721306918965 0.5488296960886982
497 937 1662 12.689597511347609 0.5042568347277145
497 938 1662 13.309390857586212 0.4609424851616171
497 916 1663 17.493424050196655 0.3073895508947933
497 917 1663 16.737200632124797 0.33717442705772327
497 918 1663 16.00774453194449 0.36884394314433017
497 919 1663 15.308882552296192 0.4021063761396359
497 920 1663 14.644995220210856 0.43650815190791975
497 921 1663 14.021051494092688 0.4714065756069915
497 922 1663 13.442614515041292 0.5059532184373546
497 923 1663 12.915799820375 0.5390970468088874
497 924 1663 12.447163733156197 0.569617094528278
497 925 1663 12.043499699007716 0.5961922574415818
497 926 1663 11.711527867874413 0.6175093581197714
497 927 1663 11.457481616830071 0.6324000848101873
497 928 1663 11.286624163141035 0.6399853287956211
497 929 1663 11.202762382555433 0.6397968473959806
497 930 1663 11.207849258443794 0.6318464448957963
497 931 1663 11.301764685216162 0.6166241919034328
497 932 1663 11.482329249764579 0.5950261716003074
497 933 1663 11.745547454248321 0.5682310008585851
497 934 1663 12.08602023000124 0.5375552022611851
497 935 1663 12.497435136859053 0.5043172530639902
497 936 1663 12.973044553997312 0.4697312399684343
497 937 1663 13.506068450885303 0.434838942486832
497 938 1663 14.089992370473427 0.400478785360293
497 917 1664 17.421879491030772 0.30131140810433293
497 918 1664 16.72231697463 0.32732436905948303
497 919 1664 16.054590776472587 0.35427268623891245
497 920 1664 15.422836477120502 0.38174475792398593
497 921 1664 14.83165145895759 0.40919865417475315
497 922 1664 14.286073113350596 0.4359601953787689
497 923 1664 13.791514963918896 0.461235742165476
497 924 1664 13.3536468801597 0.4841441697957228
497 925 1664 12.978208081241373 0.5037702349058978
497 926 1664 12.670749188583875 0.5192373394485954
497 927 1664 12.436313159453608 0.5297921142738674
497 928 1664 12.279083231251386 0.5348878627091002
497 929 1664 12.202044295936604 0.5342509900624252
497 930 1664 12.20671475049692 0.5279160375570767
497 931 1664 12.293001464247823 0.5162211945893623
497 932 1664 12.45920884326124 0.49976534984015386
497 933 1664 12.702200006298089 0.4793365372178941
497 934 1664 13.017675867834441 0.45582691852357504
497 936 1664 13.84513939980379 0.4031710120165951
497 917 1665 18.13587287670485 0.2687152311791648
497 918 1665 17.46493300874637 0.29005785519595134
497 919 1665 16.826701548431846 0.3118942158439643
497 920 1665 16.22503882892114 0.3338692869737381
497 921 1665 15.66415924970117 0.35554033482174546
497 922 1665 15.148593499067784 0.3763815058535557
497 923 1665 14.683115643486527 0.3957986118732144
497 924 1665 14.272627123273374 0.4131558803151895
497 925 1665 13.92199285303648 0.4278147367536944
497 926 1665 13.635830924443104 0.4391821693201646
497 927 1665 13.418266840393319 0.4467633606617668
497 928 1665 13.272674372559544 0.4502109188626859
497 929 1665 13.201434959882162 0.44936219181571935
497 930 1665 13.205751966472754 0.4442574946878364
497 931 1665 13.28555173863694 0.4351355476647312
497 923 1666 15.587876218394817 0.34070171506066443
497 924 1666 15.201838211216389 0.3539707889125798
497 925 1666 14.873126268542157 0.365033757201889
497 926 1666 14.605611421641983 0.37348411004290644
497 927 1666 14.40270408638596 0.37899130596060515
497 928 1666 14.267161070093756 0.38133040372437244
497 929 1666 14.200911414412769 0.38040356030792943
497 925 1667 15.830283794044838 0.3128519963045736
497 926 1667 15.579213234306753 0.31919803018270293
497 927 1667 15.389148287023513 0.3232371293705106
497 862 1671 70.1210944366957 0.002845458711230028
497 863 1671 69.15982854952719 0.0030372504462754697
497 861 1672 71.35994594308488 0.0026142101379693005
497 862 1672 70.40139121494686 0.0027880872759445366
497 863 1672 69.44400539283427 0.0029744987109253294
497 864 1672 68.48783749688697 0.0031744146271689877
497 861 1673 71.64935369561958 0.002559778306567263
497 862 1673 70.69472317648606 0.0027286411554640054
497 863 1673 69.74136423242662 0.0029095415076884974
497 864 1673 68.78932973216119 0.003103396854129291
497 862 1674 71.00092876153097 0.0026673688106429155
497 863 1674 70.05173720187099 0.002842654245028709
