# %ECSV 0.9
# ---
# datatype:
# - name: sexcat_id
#   datatype: int32
# - name: x
#   datatype: int32
# - name: y
#   datatype: int32
# - name: sep
#   datatype: float64
# - name: weight
#   datatype: float64
# schema: astropy-2.0
sexcat_id x y sep weight
655 926 1633 18.846758554191712 0.13634449527218412
655 927 1633 18.710860696397653 0.14040260583245812
655 924 1634 18.3088041116835 0.14621199998675058
655 925 1634 18.058469148850868 0.1525216537661656
655 926 1634 17.860691699931404 0.15823642719892975
655 927 1634 17.717231950843747 0.16321404929553152
655 928 1634 17.629415985789162 0.1673212822978174
655 923 1635 17.66692695405737 0.16116794196868456
655 924 1635 17.349821555278275 0.16950032923394062
655 925 1635 17.085441404892023 0.17729817187676739
655 926 1635 16.87626463409479 0.18436952117195693
655 927 1635 16.72436270833656 0.19052315204110343
655 928 1635 16.631305060036585 0.19557903944305674
655 922 1636 17.11806963416141 0.17612592458581208
655 923 1636 16.730938646710737 0.18685630774462697
655 924 1636 16.395740544421862 0.197199661119853
655 925 1636 16.11571618017638 0.20691209927931634
655 926 1636 15.893782054627488 0.21573527001052414
655 927 1636 15.732396765909469 0.22340901834728777
655 928 1636 15.633435578912227 0.22968680276027975
655 929 1636 15.598086677538326 0.2343525602693063
655 930 1636 15.626781754411194 0.2372371694082271
655 940 1636 19.05666046294571 0.17648159208777028
655 920 1637 17.17673740848358 0.17717506375074227
655 921 1637 16.67142189496742 0.19052921839184248
655 922 1637 16.212103749976407 0.20400353209330205
655 923 1637 15.80279430986808 0.21735423024385067
655 924 1637 15.447469307300757 0.23029284289229707
655 925 1637 15.149927656592915 0.24249312756617175
655 926 1637 14.913628264107928 0.25360355765722536
655 927 1637 14.74151647558686 0.2632655073920268
655 928 1637 14.6358569274231 0.27113626948876807
655 929 1637 14.598092615132934 0.2769148739839367
655 930 1637 14.628749365547236 0.28036762005830956
655 931 1637 14.727399906297059 0.2813496435709975
655 932 1637 14.892693107695418 0.27981902176662493
655 933 1637 15.122443850118888 0.27584095782329937
655 939 1637 17.665342000651965 0.21445388135058074
655 940 1637 18.247200004384187 0.20105290691769848
655 941 1637 18.864154049413354 0.18758568901970596
655 918 1638 17.522908091980604 0.17249252866810344
655 919 1638 16.910006150205838 0.18775542710339346
655 920 1638 16.33536984582838 0.20371778594300557
655 921 1638 15.803173984994254 0.2202014820654592
655 922 1638 15.317842798514388 0.23696419480974099
655 923 1638 14.883961435048098 0.25369486515376327
655 924 1638 14.50614724866665 0.2700142065735676
655 925 1638 14.188879730267608 0.28548238394050096
655 926 1638 13.936294629491691 0.29961560767227935
655 927 1638 13.751956515347148 0.31191236770459374
655 928 1638 13.638632922694226 0.321888317707097
655 929 1638 13.598099426022698 0.32911664127664353
655 930 1638 13.63100539211979 0.33326863269678986
655 931 1638 13.736823067944012 0.3341479608984484
655 932 1638 13.91388903218646 0.3317123347089763
655 933 1638 14.159530641938618 0.3260782845650479
655 934 1638 14.470255975621116 0.31750808483249404
655 935 1638 14.841977900535985 0.3063814601841506
655 936 1638 15.27024256519845 0.2931575077400566
655 937 1638 15.75043834310647 0.2783334520948251
655 938 1638 16.277970020859435 0.2624063226576391
655 939 1638 16.84839185204328 0.2458418876686902
655 940 1638 17.457500050121677 0.2290529566506461
655 941 1638 18.10138967040924 0.21238715446230405
655 917 1639 17.43445749084265 0.17896099120701536
655 918 1639 16.758768093150504 0.1963885619524889
655 919 1639 16.116833063601526 0.2149751400395355
655 920 1639 15.512843324162057 0.23459429472440696
655 921 1639 14.951398195486577 0.25504291143855734
655 922 1639 14.437461965317837 0.2760273078711552
655 923 1639 13.976276614320394 0.2971527611351857
655 924 1639 13.573220251657272 0.317919805704969
655 925 1639 13.233605253293566 0.33773119862829465
655 926 1639 12.96241906435674 0.35591322157328
655 927 1639 12.76402397365341 0.3717535292935376
655 928 1639 12.641847491565422 0.38455480740730813
655 929 1639 12.598107318164855 0.39369935394415484
655 930 1639 12.633618167413438 0.3987153929471113
655 931 1639 12.747717756524061 0.3993331187323923
655 932 1639 12.93832709433483 0.39551875869607434
655 933 1639 13.202132706498551 0.3874789378324984
655 934 1639 13.534855300297773 0.3756343260590536
655 935 1639 13.931557988968738 0.3605686173277138
655 936 1639 14.38694922490514 0.34296380498657364
655 937 1639 14.895647283686552 0.3235340368920906
655 938 1639 15.452388423800333 0.3029682475927728
655 939 1639 16.052174556738365 0.28188769377602835
655 940 1639 16.69036572397377 0.2608201894385215
655 941 1639 17.36272755070465 0.24018949854244062
655 917 1640 16.726156402473325 0.20254421633909214
655 918 1640 16.020621336265314 0.2236012449586275
655 919 1640 15.34784375734909 0.2462873973289674
655 920 1640 14.712318240168658 0.2704853794371583
655 921 1640 14.119076032092162 0.2959754406545147
655 922 1640 13.573662291364084 0.3224109203205158
655 923 1640 13.082060541061535 0.349296749619958
655 924 1640 12.650545758978115 0.37597636105191123
655 925 1640 12.285451070270035 0.40163406207710545
655 926 1640 11.992844033005646 0.4253204119652293
655 927 1640 11.778128374236676 0.4460063577281198
655 928 1640 11.645613251349154 0.46266691064907106
655 929 1640 11.598116571236856 0.47438710436778636
655 930 1640 11.63667942327187 0.48047383056853454
655 931 1640 11.760455263296523 0.4805506402945373
655 932 1640 11.966800240665792 0.47461271016250567
655 933 1640 12.251543086485016 0.46302756215293617
655 934 1640 12.609373814745869 0.4464813429258828
655 935 1640 13.034274356480253 0.42588476700794803
655 936 1640 13.519922632914684 0.40226141331499754
655 937 1640 14.060025177786796 0.37664137979179824
655 938 1640 14.648559929221665 0.3499769153689918
655 939 1640 15.279931544349228 0.3230875185505475
655 940 1640 15.949053514237093 0.29663389059600226
655 941 1640 16.651375558793887 0.2711150713966805
655 916 1641 16.81286138645054 0.20581271956121538
655 917 1641 16.048934793312593 0.22900263947780058
655 918 1641 15.312227401655173 0.2544571265079201
655 919 1641 14.606858252204665 0.2821914670624171
655 920 1641 13.937586161168635 0.3121244345840674
655 921 1641 13.309857549951444 0.3440410158568334
655 922 1641 12.729819637371119 0.3775507282212799
655 923 1641 12.204274169322783 0.4120462606489589
655 924 1641 11.74054121410079 0.44667086924493055
655 925 1641 11.346202360261307 0.4803069819620676
655 926 1641 11.0287038222993 0.5116012076490495
655 927 1641 10.794827835588633 0.5390397630394348
655 928 1641 10.650084882290804 0.5610803697186687
655 929 1641 10.598127570472016 0.5763309062721983
655 930 1641 10.640315220894495 0.5837449520173518
655 931 1641 10.775542120932895 0.5827885501638917
655 932 1641 11.000377629881573 0.573531519966654
655 933 1641 11.309478679408654 0.5566352836607381
655 934 1641 11.696166380485483 0.5332410384189675
655 935 1641 12.153036986695911 0.5047921075592975
655 936 1641 12.672502041822632 0.4728386215369461
655 937 1641 13.247200006038964 0.4388675729934677
655 938 1641 13.870267048618738 0.40418354159513975
655 939 1641 14.535484443251235 0.3698456346617301
655 940 1641 15.237332706218586 0.3366520869678763
655 941 1641 15.970983313496967 0.3051577361023338
655 914 1642 17.85173123257237 0.18380636365104278
655 915 1642 17.0170593229265 0.205965656771645
655 916 1642 16.201120578527885 0.23078187867656139
655 917 1642 15.406891574876473 0.2584747685324319
655 918 1642 14.637906544311576 0.2892272828344435
655 919 1642 13.898356305693117 0.3231540273803866
655 920 1642 13.193191729069943 0.360257931575768
655 921 1642 12.52822046421596 0.40037382234032076
655 922 1642 11.910176656960193 0.44309970991301584
655 923 1642 11.346731159236981 0.4877208285371071
655 924 1642 10.846396083492404 0.5331383316794133
655 925 1642 10.4182679942493 0.5778236499112295
655 926 1642 10.07155936287918 0.6198283954646366
655 927 1642 9.81490234286614 0.6568826958658838
655 928 1642 9.6554807234026 0.6866038700515179
655 929 1642 9.598140861646028 0.706806514521939
655 930 1642 9.6447036242696 0.7158589597283607
655 931 1642 9.793687150404544 0.7129904910162675
655 932 1642 10.040533252770942 0.6984480148671497
655 933 1642 10.378261318737305 0.673445081339088
655 934 1642 10.798347466163467 0.6399222064364801
655 935 1642 11.291603429097167 0.6002026743576454
655 936 1642 11.848894800782007 0.5566483553476806
655 937 1642 12.461633440283775 0.511394300646364
655 938 1642 13.12205425990911 0.4661941287628426
655 939 1642 13.82332478096347 0.42236783653780724
655 940 1642 14.559543536800827 0.3808226177266097
655 941 1642 15.325674797541499 0.34211402213368464
655 912 1643 19.09702353771393 0.1601494166859893
655 913 1643 18.20967621897764 0.18022104030814812
655 914 1643 17.334598582026636 0.20299215337251603
655 915 1643 16.473746022080096 0.22880361944094144
655 916 1643 15.629469216835222 0.2580147244110404
655 917 1643 14.804604283803055 0.2909888145679069
655 918 1643 14.00258219043901 0.3280690126714119
655 919 1643 13.227558656078592 0.36953983931413054
655 920 1643 12.48456278769904 0.41556977602249295
655 921 1643 11.779656531495288 0.46612977124109817
655 922 1643 11.120085791035946 0.5208845216077745
655 923 1643 10.51438576427551 0.5790588431849734
655 924 1643 9.972377249181834 0.6392928229160542
655 925 1643 9.504962282934079 0.6995182018491944
655 926 1643 9.12361266165982 0.7569123569439828
655 927 1643 8.839474418764915 0.8080048272849162
655 928 1643 8.662119140256575 0.8490033736709144
655 929 1643 8.598157244433208 0.8763483409959175
655 930 1643 8.65010450803915 0.8873946861154289
655 931 1643 8.815912204644462 0.881010152694904
655 932 1643 9.089351351994218 0.8578536987726938
655 933 1643 9.461094439862604 0.8202118632830014
655 934 1643 9.920096168888639 0.7714658348550592
655 935 1643 10.4548700613637 0.7154079014553012
655 936 1643 11.054424815430197 0.6556374966121524
655 937 1643 11.708813261812614 0.595170618017616
655 938 1643 12.409363722608783 0.5362793322896112
655 939 1643 13.148699859681901 0.48050440117412424
655 940 1643 13.920643232264766 0.42876452996642783
655 941 1643 14.720064809639894 0.38149963683422156
655 942 1643 15.54272524366299 0.33880950100588764
655 943 1643 16.385124595193002 0.3005697756883629
655 944 1643 17.24437032773301 0.26652065627284366
655 911 1644 19.58581905359079 0.1543344997931607
655 912 1644 18.66816295193504 0.1742820464381852
655 913 1644 17.759400552946598 0.19710064501019886
655 914 1644 16.860969960236567 0.22321820695431
655 915 1644 15.97461448674114 0.25311483159812576
655 916 1644 15.102460329363552 0.2873197325144765
655 917 1644 14.247115778289999 0.326400846383819
655 918 1644 13.411797344129525 0.3709424405134548
655 919 1644 12.600488403232621 0.42150388981234643
655 920 1644 11.818134708997004 0.4785502082424602
655 921 1644 11.070876568727504 0.5423424647534172
655 922 1644 10.366306381734992 0.6127754584067463
655 923 1644 9.713717516996239 0.6891543441943376
655 924 1644 9.124270272191609 0.7699171956548229
655 925 1644 8.610941179685268 0.8523444742236037
655 926 1644 8.18805886642246 0.9323532064135797
655 927 1644 7.870216515446028 1.004540152420286
655 928 1644 7.670482905267398 1.0626650146671897
655 929 1644 7.598177939479921 1.100668573782399
655 930 1644 7.6569124325670135 1.114053650952247
655 931 1644 7.8437432390408635 1.1011309722951026
655 932 1644 8.149865520362848 1.063532383288909
655 933 1644 8.562494262771752 1.005714685662245
655 934 1644 9.067100308257272 0.9337218913850154
655 935 1644 9.649264635193662 0.8538014962966509
655 936 1644 10.295839353836046 0.7713773841627225
655 937 1644 10.995467611702514 0.6905573975188817
655 938 1644 11.738667215659492 0.6140839658788071
655 939 1644 12.517679816962843 0.5435371178511922
655 940 1644 13.326226322556543 0.4796245590989268
655 941 1644 14.159248143881046 0.42245983499088796
655 942 1644 15.012671581034429 0.3717867949876117
655 943 1644 15.883208366070086 0.3271429547025468
655 944 1644 16.768193343350937 0.28796990961784813
655 912 1645 18.283990483480352 0.18868562384894555
655 913 1645 17.35512339339597 0.21443550713225532
655 914 1645 16.434607022986587 0.24416920763406447
655 915 1645 15.523926951644677 0.27854333928620423
655 916 1645 14.62492078611026 0.31831030548680517
655 917 1645 13.739880203262324 0.3643183116513517
655 918 1645 12.871686292013175 0.4174992655676283
655 919 1645 12.023988855616919 0.4788348905465211
655 920 1645 11.201442228570382 0.5492858222475255
655 921 1645 10.410009990389046 0.6296610254775467
655 922 1645 9.657344769655877 0.7203966920593733
655 923 1645 8.953228914754703 0.821209288388353
655 924 1645 8.310012515032671 0.9305979605785437
655 925 1645 7.742887575058777 1.0452194338037026
655 926 1645 7.269684174707973 1.1592745416822667
655 927 1645 6.909725609602708 1.2642398909353558
655 928 1645 6.681340284703322 1.3494646944526112
655 929 1645 6.598204907397119 1.4040705789655248
655 930 1645 6.665756371185447 1.419939339018705
655 931 1645 6.879557253195829 1.394534455645694
655 932 1645 7.226638776083893 1.3318777451157295
655 933 1645 7.688973143404732 1.2410213321717551
655 934 1645 8.247200009700213 1.1330309218010295
655 935 1645 8.88325998718934 1.0181780714645698
655 936 1645 9.581665199744725 0.9043607233311196
655 937 1645 10.329777732361867 0.7967588450154809
655 938 1645 11.117567539709352 0.6982251602452395
655 939 1645 11.937181744448687 0.6099230604793572
655 940 1645 12.782500068452922 0.5319286824621007
655 941 1645 13.648747488322837 0.4636926636441133
655 942 1645 14.53218180453296 0.4043546166595291
655 943 1645 15.429851198245524 0.35293990773047795
655 944 1645 16.33940965885851 0.3084737936074594
655 912 1646 17.94737607562733 0.20305702107878804
655 913 1646 17.000126705410175 0.23185600646345697
655 914 1646 16.05927482796157 0.26539715042698314
655 915 1646 15.126014280040863 0.3045517188552015
655 916 1646 14.201841711552769 0.3503527498750877
655 917 1646 13.288653355400614 0.4040151081718446
655 918 1646 12.388878399596953 0.46694773599308753
655 919 1646 11.50566417031194 0.5407469120291518
655 920 1646 10.643134312785868 0.6271501125197666
655 921 1646 9.806748084864822 0.7279149063308175
655 922 1646 9.003794089160403 0.8445642929667573
655 923 1646 8.244046821798126 0.9779101612443895
655 924 1646 7.540577431470332 1.1272427945964771
655 925 1646 6.91059389633045 1.289099698190072
655 926 1646 6.375916247881526 1.455701836126301
655 927 1646 5.962240183018427 1.6136162458779229
655 928 1646 5.695990519654993 1.7439671514054988
655 929 1646 5.598241509617061 1.8259089199214118
655 930 1646 5.677702704439488 1.8436067045734972
655 931 1646 5.9272513022479005 1.7933450060704867
655 932 1646 6.326792868428631 1.6853978509477152
655 933 1646 6.850131969531634 1.5390407765334637
655 934 1646 7.4712989499818105 1.374847660081843
655 935 1646 8.168005142015966 1.2092451889148155
655 936 1646 8.922572947306131 1.0528087048300045
655 937 1646 9.721538355630717 0.9110171949529782
655 938 1646 10.554823920842978 0.7858147885725465
655 939 1646 11.414916031228573 0.6770450188928743
655 940 1646 12.296190792273803 0.5834725718251641
655 941 1646 13.194404420056216 0.5034170927665599
655 942 1646 14.106321561626155 0.435108933794874
655 943 1646 15.02944802712325 0.37686981305555206
655 944 1646 15.961839117094211 0.327191791216247
655 912 1647 17.66103926726851 0.21702328696217904
655 913 1647 16.69755395260037 0.2488933935052168
655 914 1647 15.738624717553952 0.2863127907662612
655 915 1647 14.7851380784895 0.3304007860001475
655 916 1647 13.838219105072739 0.38252488256199657
655 917 1647 12.899314245338784 0.4443533240542153
655 918 1647 11.970309436267721 0.5179116782571881
655 919 1647 11.053701099631745 0.6056349424541535
655 920 1647 10.152847285367784 0.7103952149636131
655 921 1647 9.272341020475894 0.8354622318391827
655 922 1647 8.418569237109113 0.9843107511707448
655 923 1647 7.600546559294262 1.1601116090966788
655 924 1647 6.8311278717353705 1.3646227892513418
655 925 1647 6.128646506366619 1.5960647404708295
655 926 1647 5.518723403106893 1.8456089814308574
655 927 1647 5.035107546021205 2.0928945943335964
655 928 1647 4.7168112109771405 2.303396171678552
655 929 1647 4.598294031485982 2.4338359739625726
655 930 1647 4.6947106407104116 2.4499489801194083
655 931 1647 4.993626738153295 2.347073565419173
655 932 1647 5.461896007797977 2.15333576333296
655 933 1647 6.060388436395759 1.9118051228187363
655 934 1647 6.754576818720725 1.660317120921764
655 935 1647 7.517998935887086 1.4228876081989545
655 936 1647 8.331644975633521 1.2109318594111738
655 937 1647 9.182173381068301 1.0276788210173624
655 938 1647 10.060233993302504 0.8720403291728109
655 939 1647 10.959211102994558 0.7410755347775304
655 940 1647 11.874355056170383 0.6313218745545325
655 941 1647 12.80219934230049 0.5394280576233642
655 942 1647 13.74017132353156 0.46240969198718235
655 943 1647 14.686330651323326 0.3977181515723229
655 944 1647 15.639191411322996 0.34322506884949205
655 912 1648 17.427458449240394 0.23015095563066462
655 913 1648 16.450298112800276 0.2649892185895667
655 914 1648 15.476055957510631 0.3061931956423092
655 915 1648 14.505319989576247 0.35515100459433124
655 916 1648 13.538844411544149 0.41360271654076647
655 917 1648 12.57761137895428 0.4837385591008594
655 918 1648 11.622921663678206 0.5683230895507297
655 919 1648 10.676530709926334 0.6708473121595157
655 920 1648 9.740857662444313 0.7957028269140753
655 921 1648 8.819314485831653 0.9483506131622856
655 922 1648 7.916836994658913 1.1354036849106202
655 923 1648 7.0407604702901185 1.3644174675921519
655 924 1648 6.20228248308636 1.6429038194232317
655 925 1648 5.418884387030217 1.9755294756699353
655 926 1648 4.7180830853218145 2.3576123195195566
655 927 1648 4.142017382870305 2.7628455180380933
655 928 1648 3.7486408203507215 3.1279913921695095
655 929 1648 3.598375744693665 3.3540723021149934
655 930 1648 3.720794001285162 3.3553188541760393
655 931 1648 4.091492148348767 3.1312007254115
655 932 1648 4.651484494223276 2.766939897601695
655 933 1648 5.3415641903846405 2.361723361463858
655 934 1648 6.117867929270742 1.979218854163276
655 935 1648 6.951568743815991 1.6460378030906413
655 936 1648 7.8243407390015545 1.3670110436786926
655 937 1648 8.724466058160772 1.1375263311701698
655 938 1648 9.644288879953738 0.9500823614418079
655 939 1648 10.578672317450772 0.7971171816896895
655 940 1648 11.524075147273173 0.672006264183395
655 941 1648 12.47799294758573 0.5692769692674904
655 942 1648 13.438612577197064 0.48452753273201593
655 943 1648 14.404593295195776 0.41425862166113353
655 944 1648 15.374924650221836 0.3556990464289812
655 911 1649 18.237990788461335 0.210244446114614
655 912 1649 17.24877700012382 0.24196570529406472
655 913 1649 16.260882755865392 0.27952010044251774
655 914 1649 15.274564085433024 0.3242120669108831
655 915 1649 14.290147235070755 0.37769762561245024
655 916 1649 13.308054252970278 0.44209666665393416
655 917 1649 12.328840496981064 0.5201464786229671
655 918 1649 11.353250988153139 0.6154129552664644
655 919 1649 10.382307450658558 0.7325819146927776
655 920 1649 9.417447000116335 0.8778591785960882
655 921 1649 8.460751030493695 1.0595096879614827
655 922 1649 7.515338182676816 1.2885465615004907
655 923 1649 6.586069237413165 1.5794887816929197
655 924 1649 5.680872116145546 1.9507830288644696
655 925 1649 4.8133468605534695 2.4234674575823245
655 926 1649 4.008030439006158 3.01372550420976
655 927 1649 3.3106355885237293 3.7081218719349405
655 928 1649 2.802910630041532 4.404703724247864
655 929 1649 2.5985203481981385 4.85228467860749
655 930 1649 2.765557448327504 4.784317986220668
655 931 1649 3.2472000246365624 4.247220635905363
655 932 1649 3.9294157326502943 3.534036082906837
655 933 1649 4.726130340987181 2.8601627771363973
655 934 1649 5.588587299130216 2.2988811096099426
655 935 1649 6.490632326668914 1.8525882783870264
655 936 1649 7.41783715108383 1.502592586019953
655 937 1649 8.361836401174052 1.22815015008838
655 938 1649 9.317526925101928 1.0117481088606868
655 939 1649 10.281649089518634 0.8397782299271727
655 940 1649 11.25203572692512 0.7019612617884734
655 941 1649 12.227195426589013 0.5905874854624897
655 942 1649 13.20607087668392 0.49986201321559165
655 943 1649 14.187893007772479 0.42540163051196667
655 944 1649 15.1720897703645 0.3638638699972435
655 911 1650 18.12259109509456 0.21845481530574165
655 912 1650 17.126713286559117 0.2519828988140898
655 913 1650 16.13134551114694 0.2918394862678646
655 914 1650 15.136588387083812 0.3394968655863272
655 915 1650 14.142570770549478 0.396848487394069
655 916 1650 13.149460369155854 0.46635615099683014
655 917 1650 12.157479508516573 0.5512594029315057
655 918 1650 11.16692921084397 0.6558785106548265
655 919 1650 10.178227154077486 0.7860608466972612
655 920 1650 9.191969756260093 0.9498512502940258
655 921 1650 8.209038189702872 1.1585183216499015
655 922 1650 7.23078889195364 1.4281530661492905
655 923 1650 6.259417544788022 1.7821840983388082
655 924 1650 5.298708144444273 2.255286363632287
655 925 1650 4.3557212950325495 2.8989505520698935
655 926 1650 3.445041073775462 3.786374419879523
655 927 1650 2.600828329590392 4.998242414265749
655 928 1650 1.9131931423669448 6.491980887175904
655 929 1650 1.598845833718768 7.611706654436751
655 930 1650 1.8580387509413847 7.188909499297788
655 931 1650 2.5195848864445467 5.737479577881532
655 932 1650 3.3532533456331235 4.356091862565199
655 933 1650 4.25914404546262 3.3125682067699302
655 934 1650 5.199644987881351 2.5559204635115487
655 935 1650 6.158921009397637 2.004166860719031
655 936 1650 7.129397449995306 1.595067496622212
655 937 1650 8.107052978733982 1.2862083500118557
655 938 1650 9.089571387034677 1.049059874428284
655 939 1650 10.075530159748391 0.8642042035579431
655 940 1650 11.064009580617663 0.7181776495503406
655 941 1650 12.054389573926976 0.6014603666282123
655 942 1650 13.046237311960844 0.5071941945572436
655 943 1650 14.039241717414772 0.43035286641647036
655 911 1651 18.061902114672215 0.22485442811042525
655 912 1651 17.06248246885548 0.25974723214505685
655 913 1651 16.063135061375803 0.30133440430834
655 914 1651 15.06387426925758 0.35121099327206523
655 915 1651 14.064718553885127 0.41144437674327294
655 916 1651 13.06569202147366 0.4847477141696898
655 917 1651 12.066826757685735 0.5747320910797579
655 918 1651 11.068166424480633 0.6862812742268768
655 919 1651 10.069771993446544 0.8261230415790106
655 920 1651 9.071731257042414 1.0037262274516205
655 921 1651 8.074175375851103 1.232758610982881
655 922 1651 7.077309375744446 1.5335553314899948
655 923 1651 6.081472519053276 1.9375095037917724
655 924 1651 5.087269208524369 2.49536681617503
655 925 1651 4.095889158656533 3.2941056619467255
655 926 1651 3.110033440334697 4.494556631635752
655 927 1651 2.1373600538982744 6.4236707998708455
655 928 1651 1.2100859473607617 9.784466291405659
655 929 1651 0.6002566117919484 14.346945906355405
655 930 1651 1.120851462059049 10.986669667328504
655 931 1651 2.037721276328013 7.103312149506749
655 932 1651 3.0080405582371763 4.897468632558452
655 933 1651 3.993032431623838 3.552657442227411
655 934 1651 4.9840052166906625 2.6712187004031622
655 935 1651 5.977985279339495 2.0623123148028406
655 936 1651 6.973686829790943 1.6250330214656636
655 937 1651 7.970464729236283 1.301530007591875
655 938 1651 8.967960080196587 1.0564965116691876
655 939 1651 9.96595745525735 0.8673064755208107
655 940 1651 10.964319769142065 0.7188839333064988
655 941 1651 11.96295565485384 0.6008591874340623
655 942 1651 12.961801880911443 0.5059086873266205
655 943 1651 13.960813300091058 0.4287434595866408
655 912 1652 17.056737906176572 0.26487695087899854
655 913 1652 16.05703297623819 0.3074904907702487
655 914 1652 15.057367233351275 0.35865110924888016
655 915 1652 14.05774903745264 0.4205074708485052
655 916 1652 13.058189307863499 0.4958861985088084
655 917 1652 12.058702583611577 0.5885599475892852
655 918 1652 11.059308658320397 0.7036479199317108
655 919 1652 10.06003518880528 0.8482303230934743
655 920 1652 9.06092202813822 1.0323206469202806
655 921 1652 8.062028776927082 1.2704613513905463
655 922 1652 7.063448732736745 1.584460115832015
655 923 1652 6.065336594122398 2.0083408003326637
655 924 1652 5.06796882389782 2.597925649467339
655 925 1652 4.071892434728625 3.4510634606144195
655 926 1652 3.0783612523549215 4.75556866296134
655 927 1652 2.091006456231095 6.922178158416217
655 928 1652 1.1261918131473339 11.021950026161296
655 929 1652 0.40534923214437857 17.326883745396103
655 930 1652 1.0297125812575056 11.037871305562271
655 931 1652 1.989047007991504 6.930023297834095
655 932 1652 2.97528284369737 4.760062149403789
655 933 1652 3.968413788908595 3.453908497677816
655 934 1652 4.964303375097036 2.5998478711343243
655 935 1652 5.9615692564961265 2.0096998514995095
655 936 1652 6.9596198172026424 1.5854539058474046
655 937 1652 7.958159837550368 1.2712072751137848
655 938 1652 8.957025622381554 1.0328923711827749
655 939 1652 9.95611912343357 0.84867614376588
655 940 1652 10.95537804003128 0.7040006301873006
655 941 1652 11.954760892631835 0.5888424643307599
655 942 1652 12.954238997332089 0.4961149269667435
655 943 1652 13.953791886078832 0.42069439754768106
655 912 1653 17.109538509264382 0.26710571705275077
655 913 1653 16.113109817785045 0.3099542741545778
655 914 1653 15.117152774249545 0.36134170274216487
655 915 1653 14.121767169869383 0.4233882591155177
655 916 1653 13.127082996614314 0.49886895371564516
655 917 1653 12.133272765416619 0.5914634576663734
655 918 1653 11.140570362418641 0.7061227392858547
655 919 1653 10.149300862621057 0.8496182262108801
655 920 1653 9.159929475711072 1.0313830944324407
655 921 1653 8.173145538897522 1.2648321753781815
655 922 1653 7.190014464519554 1.5694823729632685
655 923 1653 6.2122707603581135 1.974425234283264
655 924 1653 5.242929333874369 2.524025689721783
655 925 1653 4.28769261957994 3.2867257385452247
655 926 1653 3.3586169772691035 4.364236484748683
655 927 1653 2.4852178978914923 5.8690983579200005
655 928 1653 1.7528000456413066 7.66612521922651
655 929 1653 1.4029640052403785 8.488838125884403
655 930 1653 1.6924266601540177 7.231400144426641
655 931 1653 2.4000641658089146 5.451468687042591
655 932 1653 3.2644000980272008 4.059604686447415
655 933 1653 4.189547469596204 3.0718359075216837
655 934 1653 5.142791848791852 2.370347063303086
655 935 1653 6.110998936344194 1.8620693251132496
655 936 1653 7.088039785441376 1.4855430652740511
655 937 1653 8.070706784414844 1.2009031877622391
655 938 1653 9.057168873329003 0.9818718552116882
655 939 1653 10.046308177634195 0.8107122860432807
655 940 1653 11.037404948628081 0.6751615238132467
655 941 1653 12.029975394821038 0.5665501566052321
655 942 1653 13.023682582127053 0.47862516938213795
655 943 1653 14.018284773823064 0.4067951255728186
655 944 1653 15.013604097617584 0.3476346023681093
655 912 1654 17.22034575727215 0.2663142613352055
655 913 1654 16.230721117683 0.30857981642143134
655 914 1654 15.242450852799259 0.3591052130441819
655 915 1654 14.255816637429117 0.41987336590579505
655 916 1654 13.271183368486804 0.49344592620569283
655 917 1654 12.289032020464456 0.5831644527308618
655 918 1654 11.31000919539859 0.6934317349409395
655 919 1654 10.335004015480624 0.8301068439488959
655 920 1654 9.365271378876354 1.0010580682782126
655 921 1654 8.402636967047938 1.2169217726804096
655 922 1654 7.449852884453525 1.4920835593902335
655 923 1654 6.511244735071817 1.8457322304325607
655 924 1654 5.59395280637944 2.3022122549076633
655 925 1654 4.71044668794801 2.887797367187646
655 926 1654 3.8838522114004723 3.6146893817198547
655 927 1654 3.159162547258418 4.429488299929684
655 928 1654 2.6222715343763037 5.111195423107202
655 929 1654 2.402562798346843 5.280052107627629
655 930 1654 2.5823067207441044 4.809014243606755
655 931 1654 3.092621541669806 4.018814510545401
655 932 1654 3.8026711664302617 3.233649274727509
655 933 1654 4.621288564891836 2.5768317668937253
655 934 1654 5.5002098141798195 2.05897308585677
655 935 1654 6.41469469265685 1.6573317089920505
655 936 1654 7.351483387725223 1.3457373319150627
655 937 1654 8.30303004932536 1.1023598019678966
655 938 1654 9.264788610648376 0.9105361333568268
655 939 1654 10.233880397972209 0.7578935608866428
655 940 1654 11.2084034545514 0.6352917887795806
655 941 1654 12.187054935463273 0.5359500952824607
655 942 1654 13.16891445791944 0.45479711731278694
655 943 1654 14.153314382150905 0.3880031080160534
655 944 1654 15.139759179062247 0.3326467404740257
655 912 1655 17.388050724563723 0.2625451851261116
655 913 1655 16.408543750132154 0.30344884842997233
655 914 1655 15.431665755841166 0.352089443043209
655 915 1655 14.457949647166464 0.4102226830074964
655 916 1655 13.488080219215812 0.4800691122737228
655 917 1655 12.522951249605693 0.5644492128800154
655 918 1655 11.563749737866207 0.6669546703704364
655 919 1655 10.612083113131028 0.7921563268955968
655 920 1655 9.670176213492734 0.9458329635001536
655 921 1655 8.74118458791488 1.1351602014614603
655 922 1655 7.829706763346926 1.3686853090656612
655 923 1655 6.94264416486979 1.65564228401409
655 924 1655 6.090673854344895 2.0035615763117147
655 925 1655 5.290775746523421 2.412018019183237
655 926 1655 4.570372851310976 2.859298436444033
655 927 1655 3.972947017013993 3.2821073133735585
655 928 1655 3.560942010199035 3.567494924136151
655 929 1655 3.402397390076635 3.602328148550952
655 930 1655 3.5316154943595226 3.3705015772877305
655 931 1655 3.9202433597928863 2.969676628193868
655 932 1655 4.501589497055476 2.520513518596949
655 933 1655 5.211555238122314 2.09920463772793
655 934 1655 6.004690499934204 1.7357562951028036
655 935 1655 6.852175420988582 1.4342755852359004
655 936 1655 7.73616881925414 1.1884000964760097
655 937 1655 8.645479049769305 0.9889923114907588
655 938 1655 9.57289444212146 0.8272298202422875
655 939 1655 10.513624874418904 0.6955808130824717
655 940 1655 11.464393049786798 0.5879348904489864
655 941 1655 12.42289450973483 0.49944401367534735
655 942 1655 13.387468319290237 0.42629515698410736
655 943 1655 14.356890610435107 0.3654946750896603
655 944 1655 15.330241615838926 0.3146876615020899
655 912 1656 17.611028022236553 0.25599762952697314
655 913 1656 16.644648028720855 0.29485943096986506
655 914 1656 15.682484114450778 0.3407446939741576
655 915 1656 14.725362745956412 0.39512425316787886
655 916 1656 13.774335120070258 0.45980389780139813
655 917 1656 12.830756330006462 0.5369928781797013
655 918 1656 11.896398950943132 0.62937140643861
655 919 1656 10.973618728569022 0.7401367772892056
655 920 1656 10.065600230488034 0.8729822652001107
655 921 1656 9.176726431576824 1.0319125278452277
655 922 1656 8.31314068207682 1.2207053609536072
655 923 1656 7.483602608369891 1.4416742706802326
655 924 1656 6.700769209575912 1.6931960281702827
655 925 1656 5.983001587832026 1.9654675090041083
655 926 1656 5.3565201390455455 2.234901854751916
655 927 1656 4.856779591457746 2.4607713167491467
655 928 1656 4.525959345818346 2.5923648007297433
655 929 1656 4.402307122407566 2.5920327731069737
655 930 1656 4.502922162329741 2.459878335236823
655 931 1656 4.813762353918222 2.2336819958437277
655 932 1656 5.297953189676203 1.964150761187198
655 933 1656 5.913062489099892 1.6919353986166243
655 934 1656 6.622711529275616 1.4405446698030733
655 935 1656 7.399750536335676 1.2197298020626584
655 936 1656 8.225102309394096 1.031086717141515
655 937 1656 9.085609941000111 0.8722902928470095
655 938 1656 9.97217669317988 0.7395594556419383
655 939 1656 10.878433159237591 0.6288901434170794
655 940 1656 11.799843558284996 0.5365911941544939
655 941 1656 12.73311854967195 0.4594678089957935
655 942 1656 13.675829334998292 0.3948421600609081
655 943 1656 14.626151510223043 0.3405070867483724
655 912 1657 17.887210738401926 0.24700300613978637
655 913 1657 16.936596706540577 0.2832859591366181
655 914 1657 15.992007628812622 0.32575695340855265
655 915 1657 15.05457764269729 0.37558090513988723
655 916 1657 14.12573212261938 0.43413329629419056
655 917 1657 13.20728238510864 0.5030148238556273
655 918 1657 12.301557137208318 0.5840426391267028
655 919 1657 11.411586568045694 0.6791920906989594
655 920 1657 10.541361771611903 0.7904427700794285
655 921 1657 9.69620069924302 0.9194518103728968
655 922 1657 8.883259987189431 1.0669378354898447
655 923 1657 8.112231998654915 1.2316306842346723
655 924 1657 7.396236069785813 1.408692586690292
655 925 1657 6.752800011846984 1.5877994905064792
655 926 1657 6.204539306024308 1.7517858638446273
655 927 1657 5.778607790809181 1.8777739386639591
655 928 1657 5.503481443595546 1.9427868704783142
655 929 1657 5.402250271877495 1.932935932641061
655 930 1657 5.484551759259861 1.85041892247128
655 931 1657 5.742500152372692 1.7123459629790088
655 932 1657 6.154048098609593 1.5424670206833155
655 933 1657 6.69091234436682 1.3625294516305564
655 934 1657 7.3255926722689315 1.1879096519117538
655 935 1657 8.034942936947356 1.0273463223819699
655 936 1657 8.80092654213181 0.8845839110931857
655 937 1657 9.610010822054267 0.7602528671265119
655 938 1657 10.452191540533502 0.6533134061113872
655 939 1657 11.32008427530467 0.561980851288793
655 940 1657 12.208206584097438 0.48425414280042084
655 941 1657 13.112448589031722 0.4181887285827104
655 942 1657 14.029693795660686 0.36202004122139014
655 911 1658 19.15359778214008 0.207195145095113
655 912 1658 18.214178762711242 0.23598704776151652
655 913 1658 17.281559767567312 0.26932003197022697
655 914 1658 16.35690398577925 0.3079546703009066
655 915 1658 15.441642011133439 0.3527615300374423
655 916 1658 14.53754821144202 0.404718017810882
655 917 1658 13.64684241866964 0.4648879122288319
655 918 1658 12.772325864931611 0.5343698954914047
655 919 1658 11.91756300591698 0.6141936058400481
655 920 1658 11.087123522356958 0.7051316896744377
655 921 1658 10.286899824534158 0.8073865902019048
655 922 1658 9.52451090607811 0.9201098848331
655 923 1658 8.809784787382766 1.040740143991534
655 924 1658 8.155262595404318 1.1642385809020257
655 925 1658 7.5765630730563265 1.2824974677066183
655 926 1658 7.092271004410413 1.3844651883168009
655 927 1658 6.722819944041388 1.4576507335431172
655 928 1658 6.487858506471962 1.4912086080974487
655 929 1658 6.402211180521973 1.4796021533312151
655 930 1658 6.471808711635451 1.4247876367464474
655 931 1658 6.691809022977305 1.33541948221421
655 932 1658 7.048142166557116 1.2236418385048269
655 933 1658 7.521456507884652 1.1015064010874636
655 934 1658 8.091248852927485 0.9786549682824335
655 935 1658 8.73866740412978 0.8615894553326393
655 936 1658 9.44776735530677 0.7539945862767097
655 937 1658 10.205699780024897 0.6574680092592647
655 938 1658 11.002377379457595 0.5722520820694701
655 939 1658 11.829974978840832 0.49780572915313553
655 940 1658 12.6824409322496 0.4331954027229323
655 941 1658 13.555084212206136 0.3773390112138755
655 942 1658 14.444248267043877 0.3291465415065933
655 911 1659 19.51062038993126 0.1971120996503835
655 912 1659 18.589252486315885 0.22342574787056246
655 913 1659 17.67643369008583 0.25360494028787234
655 914 1659 16.77355978914438 0.28821083923400775
655 915 1659 15.882326907603975 0.3278543331295804
655 916 1659 15.0048094956251 0.37317687157784957
655 917 1659 14.143560654941215 0.42481282850926944
655 918 1659 13.301740788332973 0.4833233594585895
655 919 1659 12.483281139187769 0.5490884734579387
655 920 1659 11.693088043797541 0.6221419505733852
655 921 1659 10.93728979226577 0.7019361381639094
655 922 1659 10.223517398625628 0.7870369685558801
655 923 1659 9.561187583140542 0.8747833189970543
655 924 1659 8.961713452236735 0.9610072342514132
655 925 1659 8.438501525745007 1.0399944812316624
655 926 1659 8.006516595873688 1.1049188431658374
655 927 1659 7.681165796934781 1.1489076340623479
655 928 1659 7.4763833502570405 1.1666053002897423
655 929 1659 7.4021826510834385 1.1556898254627241
655 930 1659 7.462459916140294 1.117604940201058
655 931 1659 7.654038672491835 1.0570997121103727
655 932 1659 7.967453043476348 0.9808358781739928
655 933 1659 8.389058826829174 0.8957718329985324
655 934 1659 8.903499761329835 0.807950324864566
655 935 1659 9.495699447644729 0.7219200958709086
655 936 1659 10.152059298487197 0.6406832650383524
655 937 1659 10.860953365151712 0.5659369787577859
655 938 1659 11.612764873190203 0.49841122511045294
655 939 1659 12.399689834830557 0.4381873124080189
655 940 1659 13.215457161975147 0.3849506763546815
655 941 1659 14.055045642046139 0.33817184033759423
655 911 1660 19.91151194661022 0.18604955825637962
655 912 1660 19.009584635125552 0.20980279695966025
655 913 1660 18.11795540341132 0.2367756581980912
655 914 1660 17.238222298137398 0.26735886463756703
655 915 1660 16.372303075621378 0.30195033322909776
655 916 1660 15.522509719758634 0.34092933400369363
655 917 1660 14.691640752482387 0.38461498958833024
655 918 1660 13.88309432367299 0.4332033203749241
655 919 1660 13.101004083657145 0.4866768324428921
655 920 1660 12.35039707863683 0.5446825541076198
655 921 1660 11.637366884308541 0.6063806183706568
655 922 1660 10.969243729628813 0.670278777320336
655 923 1660 10.354723946103102 0.7340906336085974
655 924 1660 9.803892492270656 0.7946843379602201
655 925 1660 9.328038807809545 0.8482110207337539
655 926 1660 8.939144701815765 0.8904915466771922
655 927 1660 8.648948375380723 0.9176666832320841
655 928 1660 8.467603438990325 0.9269805522452133
655 929 1660 8.40216091252725 0.9174372452338422
655 930 1660 8.455312412915369 0.8900568689853611
655 931 1660 8.624865680113555 0.847613400178357
655 932 1660 8.904173628136448 0.7939747033072125
655 933 1660 9.283334961101025 0.7333193308847764
655 934 1660 9.750708076852701 0.6694891143205387
655 935 1660 10.294285210737096 0.6056058372263591
655 936 1660 10.902674350818723 0.5439455634898863
655 937 1660 11.565652078460618 0.4859915662235667
655 938 1660 12.27437607375627 0.4325767314257324
655 939 1660 13.021378882437926 0.3840490448534864
655 940 1660 13.800445934824001 0.3404227050869187
655 941 1660 14.606447480479305 0.3014996935730759
655 912 1661 19.47224455475027 0.19557430391003747
655 913 1661 18.602803767174493 0.21941240916936672
655 914 1661 17.747121118649115 0.24613292812350493
655 915 1661 16.907285648500807 0.27597001218154055
655 916 1661 16.085779682688724 0.30911232198787714
655 917 1661 15.285558805617848 0.34566550064119167
655 918 1661 14.510145002721417 0.38560080975916566
655 919 1661 13.76373161609893 0.4286886543532111
655 920 1661 13.051295261390772 0.47441866335115934
655 921 1661 12.37870380936555 0.5219136111441847
655 922 1661 11.752800006806936 0.5698533081693133
655 923 1661 11.181426921462263 0.6164357680415836
655 924 1661 10.673345679776377 0.6594125735840998
655 925 1661 10.237983590531925 0.6962354528772012
655 926 1661 9.884953616482019 0.7243315792075834
655 927 1661 9.623321048369991 0.7414813522394677
655 928 1661 9.460671646347361 0.7462159992901205
655 929 1661 9.402143798092052 0.7381144200890841
655 930 1661 9.449672375273165 0.7178930332141825
655 931 1661 9.601682560884877 0.6872541655387406
655 932 1661 9.853339941360021 0.648550538188397
655 933 1661 10.197269634563982 0.6043820275469498
655 934 1661 10.624514483024653 0.5572392117206244
655 935 1661 11.125480124471059 0.5092617127646563
655 936 1661 11.690693221533124 0.46212393312776456
655 937 1661 12.311308135206449 0.41702315240679466
655 938 1661 12.979380108464367 0.37473149220368474
655 939 1661 13.68796215658125 0.3356768371727714
655 940 1661 14.431088247252886 0.3000284350443605
655 912 1662 19.97429117640978 0.18114388299227693
655 913 1662 19.12768433449281 0.20201109119559774
655 914 1662 18.296565470054798 0.2251352855119929
655 915 1662 17.483143538849113 0.2506320358950568
655 916 1662 16.690006231275092 0.2785607020668691
655 917 1662 15.920185551682538 0.30889425522790664
655 918 1662 15.17722991853261 0.34148145797251844
655 919 1662 14.46527939584996 0.37600248585708707
655 920 1662 13.789137318918879 0.41192160230860875
655 921 1662 13.154326588617193 0.4484442728375152
655 922 1662 12.567112158328229 0.4844907896701807
655 923 1662 12.03446334491078 0.5187027704674275
655 924 1662 11.563922690851973 0.549500175966456
655 925 1662 11.163346630827203 0.5752012064328708
655 926 1662 10.840493900187438 0.5942029127912611
655 927 1662 10.602467071394328 0.6051979873581026
655 928 1662 10.455061358021815 0.6073809472456201
655 929 1662 10.40212997419283 0.6005875158464224
655 930 1662 10.445109286168378 0.5853241662907887
655 931 1662 10.582830812216589 0.5626782445629696
655 932 1662 10.811674615895578 0.5341373353365879
655 933 1662 11.126019413968356 0.5013707277738124
655 934 1662 11.51886747905369 0.4660267158231329
655 935 1662 11.982500073023186 0.42958179130127533
655 936 1662 12.509049044591704 0.39325406995574796
655 937 1662 13.090924642667552 0.357974416158763
655 938 1662 13.72108989840095 0.324399140728953
655 939 1662 14.393203535002224 0.29294670170842063
655 913 1663 19.689395826180185 0.18496979027228339
655 914 1663 18.883016390396996 0.20482686665542046
655 915 1663 18.09597491156532 0.22645455811721393
655 916 1663 17.330906150573938 0.24983092900236945
655 917 1663 16.590850128911462 0.2748550293242689
655 918 1663 15.87930439282532 0.30132117645342366
655 919 1663 15.200273287016962 0.3288917162511321
655 920 1663 14.558307181812088 0.3570718497941236
655 921 1663 13.958520981823302 0.38519221470968673
655 922 1663 13.406577042631026 0.41240692028569576
655 923 1663 12.908613713331158 0.43771571409937804
655 924 1663 12.471098909077789 0.4600175771447149
655 925 1663 12.100591225225367 0.4781980670460387
655 926 1663 11.803402390836345 0.4912439605778519
655 927 1663 11.585176217908861 0.49836808155992257
655 928 1663 11.450428288933171 0.4991188228860189
655 929 1663 11.40211857507196 0.4934476872944814
655 930 1663 11.441342054147361 0.48171673924762554
655 931 1663 11.567208306242302 0.464643899733248
655 932 1663 11.776939670389794 0.44320094460567744
655 933 1663 12.066163764842612 0.4184897662089479
655 934 1663 12.429332564542667 0.39162346124802583
655 913 1664 20.284878801708473 0.16858813207162726
655 914 1664 19.503135850421636 0.1855346320790723
655 915 1664 18.74215323808878 0.20377703319379656
655 916 1664 18.00456353261588 0.22324708831184478
655 917 1664 17.293360228712103 0.2438095636851699
655 918 1664 16.61193269911727 0.2652459453266033
655 919 1664 15.964094336980144 0.2872391381740144
655 920 1664 15.354097433584348 0.30936198756675026
655 921 1664 14.786625984314387 0.33107343762584607
655 922 1664 14.26675534240359 0.35172674860748837
655 923 1664 13.79986623123577 0.3705939001919163
655 924 1664 13.391501334801909 0.3869085584392112
655 925 1664 13.047157084974536 0.3999265010793964
655 926 1664 12.77201268398999 0.4089975632366639
655 927 1664 12.57061287288735 0.41363828163864397
655 928 1664 12.446537992550423 0.41359146710347194
655 929 1664 12.402109014195975 0.4088597477226449
655 930 1664 12.438179448777905 0.39970521972492884
655 931 1664 12.554055440374675 0.38661528982032173
655 932 1664 12.7475608647302 0.37024270836790774
655 915 1665 19.41834977540578 0.1827917862624124
655 916 1665 18.707439910367256 0.1989536050760348
655 917 1665 18.023992565466777 0.2158096475441566
655 918 1665 17.371249465712065 0.23315168902812447
655 919 1665 16.75280000477537 0.25070028838461256
655 920 1665 16.172578891444665 0.26810110265726383
655 921 1665 15.634842755845085 0.2849274733876145
655 922 1665 15.144117934036352 0.3006916107908109
655 923 1665 14.705111628274075 0.314866081521441
655 924 1665 14.322580354112223 0.3269158940186003
655 925 1665 14.001153809597312 0.3363393089651749
655 926 1665 13.745119424726774 0.34271296459026634
655 927 1665 13.55818232655105 0.3457347398328792
655 928 1665 13.443225357033974 0.345256881663291
655 929 1665 13.402100880085971 0.3413029502405068
655 930 1665 13.435486891065807 0.33406508465068613
655 931 1665 13.542832347777221 0.3238821622047792
655 917 1666 18.779465061603904 0.19076686622097333
655 918 1666 18.153906136146066 0.20479658183270408
655 919 1666 17.563038119869855 0.2188171410846447
655 920 1666 17.01047641896022 0.23254179198730052
655 921 1666 16.500069939245762 0.2456390441423329
655 922 1666 16.035844474177267 0.25774355033057383
655 923 1666 15.621917551952498 0.2684733301353175
655 924 1666 15.262382120756952 0.2774528851393699
655 925 1666 14.961159981766167 0.2843404867236541
655 926 1666 14.721831000252699 0.28885662419937663
655 927 1666 14.54745022332097 0.29080967530577617
655 928 1666 14.440370770863236 0.29011469806664364
655 929 1666 14.402093875544669 0.2868020625687559
655 926 1667 15.701474707810139 0.24477114493309152
655 927 1667 15.53809216088003 0.24601211428690936
