# %ECSV 0.9
# ---
# datatype:
# - name: sexcat_id
#   datatype: int32
# - name: x
#   datatype: int32
# - name: y
#   datatype: int32
# - name: sep
#   datatype: float64
# - name: weight
#   datatype: float64
# schema: astropy-2.0
sexcat_id x y sep weight
1026 2418 1548 10.90584586357255 0.2144526596000729
1026 2419 1548 10.394588688351366 0.23230493937835942
1026 2420 1548 9.957784592970558 0.2467612410788407
1026 2421 1548 9.605595973181543 0.2564577389861705
1026 2422 1548 9.347591882404856 0.2603763154289905
1026 2417 1549 10.70240505680862 0.24013249987430965
1026 2418 1549 10.082235565587744 0.26934797813017947
1026 2419 1549 9.526881651411552 0.29679428134162383
1026 2420 1549 9.048285693986555 0.32010213128366094
1026 2421 1549 8.6591843726763 0.33680133353312935
1026 2422 1549 8.372065097692511 0.3448492339037389
1026 2423 1549 8.197650517068947 0.3431771488988218
1026 2424 1549 8.143185740237076 0.33201169955361054
1026 2425 1549 8.211058031703352 0.3128047309666289
1026 2416 1550 10.683888524315622 0.25402640935652726
1026 2417 1550 9.962704150982438 0.2950650736874927
1026 2418 1550 9.293302642225871 0.3381741161171752
1026 2419 1550 8.687662171148348 0.3806737675721584
1026 2420 1550 8.159992279408216 0.41876296971905436
1026 2421 1550 7.726284618107294 0.44795979445989637
1026 2422 1550 7.403071929949151 0.4640871090704049
1026 2423 1550 7.205239343699883 0.46454707324334155
1026 2424 1550 7.143211742626729 0.44926247995439755
1026 2425 1550 7.220489872577903 0.4207063504209197
1026 2426 1550 7.432729915717356 0.3830003143102968
1026 2427 1550 7.768878554849433 0.34064015061964764
1026 2415 1551 10.851242970277797 0.25238711780041967
1026 2416 1551 10.042881757742792 0.30230544700794665
1026 2417 1551 9.271972497802322 0.3595482671717332
1026 2418 1551 8.54865334424097 0.4227877998930467
1026 2419 1551 7.8860303068148285 0.4887741675994827
1026 2420 1551 7.300648875271406 0.5517882811071353
1026 2421 1551 6.812449926421575 0.6038341323366219
1026 2422 1551 6.443560661621879 0.6362300029829612
1026 2423 1551 6.215261378252781 0.6425477134103653
1026 2424 1551 6.143246210270294 0.6214380830379116
1026 2425 1551 6.232934621829433 0.5772861800354209
1026 2426 1551 6.47761329503388 0.5181588796106827
1026 2427 1551 6.8607196415536 0.45265729631872614
1026 2428 1551 7.360670757478494 0.3876288238194305
1026 2415 1552 10.318113878030385 0.28880492070391506
1026 2416 1552 9.464326389131077 0.3537324649789688
1026 2417 1552 8.641960078593431 0.43181134850758857
1026 2418 1552 7.860882520430022 0.5231040413133041
1026 2419 1552 7.134667056002117 0.624926228266176
1026 2420 1552 6.481780156716332 0.7299201528511117
1026 2421 1552 5.92650605331685 0.8246655182119953
1026 2422 1552 5.4984974311170625 0.8911062726410337
1026 2423 1552 5.229098775123742 0.9128064270448347
1026 2424 1552 5.143294080645232 0.8836761701484199
1026 2425 1552 5.25009276108527 0.8118071111711574
1026 2426 1552 5.538363837813441 0.7144433799744977
1026 2427 1552 5.981928953105286 0.609222060619213
1026 2428 1552 6.549310956123474 0.5086453600215786
1026 2429 1552 7.2113434254650945 0.41924926368368204
1026 2415 1553 9.857863561644743 0.3227729507998835
1026 2416 1553 8.960327784183056 0.40416873768303013
1026 2417 1553 8.08687047008931 0.506921322612876
1026 2418 1553 7.2462041097392635 0.634624904548107
1026 2419 1553 6.451160670763197 0.7883191458461778
1026 2420 1553 5.720793126831413 0.9622490450210374
1026 2421 1553 5.083057544431423 1.1375899988674147
1026 2422 1553 4.5768410503316455 1.2785454786266903
1026 2423 1553 4.249408664743902 1.3416948894813812
1026 2424 1553 4.143365057534784 1.3028628855624753
1026 2425 1553 4.275216251840355 1.1772757801136133
1026 2426 1553 4.624659338805354 1.0064877968226604
1026 2427 1553 5.147569717837656 0.8298159764055104
1026 2428 1553 5.797195356376989 0.6702028535779326
1026 2429 1553 6.535860616628738 0.5360105136727903
1026 2430 1553 7.33672092967957 0.4273847933774869
1026 2415 1554 9.481111432738416 0.3503181853969342
1026 2416 1554 8.54409000420775 0.44748665953432326
1026 2417 1554 7.623088219350636 0.5758459405039675
1026 2418 1554 6.724691368382799 0.7453108672031378
1026 2419 1554 5.85930661426775 0.9664767987771298
1026 2420 1554 5.043954202805719 1.245328691163546
1026 2421 1554 4.307142208007665 1.5688860742762647
1026 2422 1554 3.6961431249345336 1.8793231192848874
1026 2423 1554 3.281992382684715 2.062849091313247
1026 2424 1554 3.143481191290981 2.020037967161472
1026 2425 1554 3.315339198332478 1.7763742399071867
1026 2426 1554 3.755192937786221 1.450730461213351
1026 2427 1554 4.383089549621269 1.1394344542853234
1026 2428 1554 5.1304457895975135 0.88109839533238
1026 2429 1554 5.952434291951364 0.6794814096176348
1026 2430 1554 6.822131191936886 0.5259103708290687
1026 2431 1554 7.723436670291139 0.4097148456524873
1026 2415 1555 9.19812339556298 0.3673954287843439
1026 2416 1555 8.228941244170038 0.4766125028056978
1026 2417 1555 7.268113510396105 0.6262772535554331
1026 2418 1555 6.31945203320684 0.8343465597499712
1026 2419 1555 5.38938530817771 1.1269985700837233
1026 2420 1555 4.489484825678935 1.5393447658114736
1026 2421 1555 3.64217984179819 2.10440144939286
1026 2422 1555 2.8940411192657165 2.7948014394862226
1026 2423 1555 2.3421088787672604 3.369242788983341
1026 2424 1555 2.143705670095619 3.38314827042557
1026 2425 1555 2.3886134053043784 2.8227419076314053
1026 2426 1555 2.9690863914678283 2.1302733256587847
1026 2427 1555 3.7316851421307136 1.5588824815674387
1026 2428 1555 4.586444592491967 1.1409485429191817
1026 2429 1555 5.49048941352212 0.8442302007659668
1026 2430 1555 6.423042425517532 0.6333401757680673
1026 2431 1555 7.373294650290181 0.4817293145886554
1026 2432 1555 8.33519489874097 0.3711573058225226
1026 2415 1556 9.017731089359618 0.37110553823561304
1026 2416 1556 8.026797244231517 0.4857763456391625
1026 2417 1556 7.038428375710186 0.6465096296416084
1026 2418 1556 6.053880904015375 0.8775888123633059
1026 2419 1556 5.075379197656239 1.2200169868369577
1026 2420 1556 4.107246522915487 1.7459162140335183
1026 2421 1556 3.1590305474941247 2.5852367188737206
1026 2422 1556 2.255986258823556 3.951013657984935
1026 2423 1556 1.4830623722555893 5.879501995634937
1026 2424 1556 1.1443225069883265 6.532320452108569
1026 2425 1556 1.555465846619501 4.757214274966167
1026 2426 1556 2.351483361625039 3.102303832055784
1026 2427 1556 3.261820657240227 2.0632264336064265
1026 2428 1556 4.213012461410332 1.421162922202699
1026 2429 1556 5.182612661582806 1.0101137196889358
1026 2430 1556 6.161937519968705 0.736846349399076
1026 2431 1556 7.146990555471425 0.5491410762768711
1026 2432 1556 8.135691365827334 0.41662829757803554
1026 2415 1557 8.946142967782425 0.3607778091747119
1026 2416 1557 7.946286805798203 0.47298655611337503
1026 2417 1557 6.946472054215887 0.631163688671772
1026 2418 1557 5.9467195999140525 0.8607061485626689
1026 2419 1557 4.947067211995571 1.2064066597338858
1026 2420 1557 3.9475909109229264 1.7535579299320423
1026 2421 1557 2.9484697726110354 2.683288198429089
1026 2422 1557 1.9502497275991721 4.4519448315059345
1026 2423 1557 0.95575833765671 8.642420893539478
1026 2424 1557 0.1532122710489937 20.19699291096108
1026 2425 1557 1.0646473594574228 7.599481385635094
1026 2426 1557 2.059969417248551 4.059907409937802
1026 2427 1557 3.0583449772710414 2.4882687106393813
1026 2428 1557 4.057520671542991 1.6425375183450726
1026 2429 1557 5.057022246342046 1.1378297111790683
1026 2430 1557 6.05668836906754 0.8159204072018833
1026 2431 1557 7.056449107022433 0.6006943017422902
1026 2432 1557 8.05626923581861 0.45159216679294256
1026 2433 1557 9.056129084768893 0.34537107577887766
1026 2415 1558 8.985959826306974 0.3382428240319528
1026 2416 1558 7.991087160080444 0.44099921232435674
1026 2417 1558 6.997676328610964 0.5843562753622032
1026 2418 1558 6.006452696892059 0.789504320514559
1026 2419 1558 5.018712384666168 1.0923888259969574
1026 2420 1558 4.037013004685672 1.557416962716234
1026 2421 1558 3.0671605761682765 2.307620828028486
1026 2422 1558 2.1254350142972114 3.591713720955285
1026 2423 1558 1.2757248919732889 5.859765856370076
1026 2424 1558 0.8587630639471705 8.418201868144502
1026 2425 1558 1.3592181576184172 6.546041732602063
1026 2426 1558 2.2265385691694806 4.0070360333666315
1026 2427 1558 3.1729283004818987 2.5426130749755878
1026 2428 1558 4.144571630458162 1.6983307005510313
1026 2429 1558 5.127131166646539 1.1817409307522246
1026 2430 1558 6.11534741449723 0.8487475658511067
1026 2431 1558 7.106861051125007 0.6250498499489564
1026 2432 1558 8.100461344886309 0.46975853628228925
1026 2415 1559 9.135725149105726 0.3071072391081898
1026 2416 1559 8.159134390362896 0.39599165466100433
1026 2417 1559 7.188982820956117 0.5172461782501887
1026 2418 1559 6.228280179953519 0.6855444532168965
1026 2419 1559 5.282184585945621 0.9234471178359943
1026 2420 1559 4.360214902960768 1.265555360200275
1026 2421 1559 3.481590728388513 1.7620967150831464
1026 2422 1559 2.6891400112304544 2.4684952443871993
1026 2423 1559 2.083620406888021 3.358768699045112
1026 2424 1559 1.8578143071900037 4.047106250900789
1026 2425 1559 2.1357607543916397 3.861708179515422
1026 2426 1559 2.769742587317316 3.0169819441216905
1026 2427 1559 3.5751187392866957 2.1778697259834052
1026 2428 1559 4.459985874416932 1.5548090290270746
1026 2429 1559 5.385301662859588 1.1227613828155956
1026 2430 1559 6.333361982391177 0.8245766753732724
1026 2431 1559 7.295304928513789 0.615969576251878
1026 2432 1559 8.26628538099171 0.4673797951328887
1026 2416 1560 8.443072544992281 0.345008141187216
1026 2417 1560 7.5096920043369355 0.44236394784792
1026 2418 1560 6.595867948951205 0.5723623272373134
1026 2419 1560 5.710995885132597 0.746747254218445
1026 2420 1560 4.870880207929685 0.9799015965641058
1026 2421 1560 4.103105409321189 1.28510977212505
1026 2422 1560 3.4562225044114956 1.6608541520336149
1026 2423 1560 3.0092314633474344 2.057273370184694
1026 2424 1560 2.8575293524301397 2.33825621168793
1026 2425 1560 3.045566285602644 2.3419288554600253
1026 2426 1560 3.519300214531173 2.065781069031879
1026 2427 1560 4.182759137220171 1.6701440152180194
1026 2428 1560 4.960390508820702 1.293078223102435
1026 2429 1560 5.806502734004194 0.9861153990025837
1026 2430 1560 6.695182895186497 0.751423263876592
1026 2431 1560 7.611535587514356 0.5758472303042583
1026 2432 1560 8.546664495579384 0.4449658269466133
1026 2416 1561 8.831731087391779 0.29387921470576645
1026 2417 1561 7.944147153722799 0.3693139729110116
1026 2418 1561 7.086569974254238 0.46607228919046273
1026 2419 1561 6.27132155131607 0.5893827795964015
1026 2420 1561 5.517198020734897 0.7437999113948955
1026 2421 1561 4.852780027984036 0.9299838524107583
1026 2422 1561 4.319661329317428 1.1380960897237924
1026 2423 1561 3.9710797020457904 1.3384799656138033
1026 2424 1561 3.8573921242206834 1.4788238556437394
1026 2425 1561 3.9986840335289595 1.5060670182064153
1026 2426 1561 4.37029449808581 1.4081969968536305
1026 2427 1561 4.920312388456527 1.225737098763353
1026 2428 1561 5.596380437389729 1.0158326464343184
1026 2429 1561 6.358417570433553 0.8183181069628246
1026 2430 1561 7.179099804292861 0.6502355353683358
1026 2431 1561 8.040489661705776 0.5143016867056179
1026 2418 1562 7.676814052717551 0.37419544393350457
1026 2419 1562 6.931339985890271 0.46019796956774833
1026 2420 1562 6.257273687477719 0.5622461364056587
1026 2421 1562 5.680094541466778 0.6779774797470453
1026 2422 1562 5.231966551880885 0.799436908229379
1026 2423 1562 4.948077808604068 0.9108282431233927
1026 2424 1562 4.857311396235545 0.9896946555771242
1026 2425 1562 4.970258946976442 1.0149062292735818
1026 2426 1562 5.273848120679912 0.9787232640665054
1026 2427 1562 5.737898047194523 0.8921013267387213
1026 2428 1562 6.327201118978153 0.7773131046441804
1026 2429 1562 7.010240652074511 0.6559692293198055
1026 2430 1562 7.762311124916196 0.5423570516472498
1026 2421 1563 6.555720707900895 0.5004294948560718
1026 2422 1563 6.171505002833611 0.5748260674803753
1026 2423 1563 5.932745907250703 0.6412687288029778
1026 2424 1563 5.857258232313105 0.6891565012961518
1026 2425 1563 5.95125818629971 0.70888073126301
1026 2426 1563 6.20705034617885 0.6959742132802854
1026 2427 1563 6.605866635044841 0.6533944675746178
1026 2422 1564 7.127515275325633 0.42187553831533253
1026 2423 1564 6.921811468105723 0.4636877838694308
1026 2424 1564 6.857220573964321 0.49441043557611963
1026 2425 1564 6.937685060594727 0.5092339353308002
229 1665 817 21.49081796954224 0.09047301676236073
229 1666 817 21.249170736760522 0.09633541437036579
229 1667 817 21.052298140583126 0.10144558908085997
229 1668 817 20.901465427093857 0.10555099942467425
229 1669 817 20.797674317096124 0.10842936780632363
229 1670 817 20.741631011084923 0.10991436501618539
229 1664 818 20.825975535374077 0.09522653910180792
229 1665 818 20.527865378553116 0.10291801724289744
229 1666 818 20.274744314047457 0.11006713811496836
229 1667 818 20.068314752365225 0.11634385175362211
229 1668 818 19.91002905572967 0.12141846500630593
229 1669 818 19.801041816025737 0.12499640916114611
229 1670 818 19.7421695109732 0.12685462607441259
229 1671 818 19.7338606714449 0.12687218550865195
229 1663 819 20.238262203064757 0.09841150386278694
229 1664 819 19.88112816215417 0.10795514451117959
229 1665 819 19.56862941035983 0.11729674603646828
229 1666 819 19.302933896172355 0.12605628975048272
229 1667 819 19.085996358587092 0.133808969075004
229 1668 819 18.919494100001717 0.14012146593134905
229 1669 819 18.80476686906806 0.14459996149964
229 1670 819 18.742765457637244 0.14694221047620779
229 1671 819 18.734013371405492 0.14698246502381856
229 1672 819 18.77858506384333 0.1447178301076265
229 1663 820 19.316450424443918 0.11102948179094725
229 1664 820 18.941944382771258 0.12254649687148818
229 1665 820 18.613684670155976 0.13393631560795985
229 1666 820 18.334155475505266 0.14472189479983164
229 1667 820 18.10561396363017 0.15435441113871715
229 1668 820 17.93000995537927 0.16226044013923577
229 1669 820 17.808909483738745 0.16790853206208972
229 1670 820 17.74342855820148 0.17088452438125307
229 1671 820 17.73418329103429 0.17095841320554267
229 1672 820 17.78126140069933 0.1681243834989002
229 1673 820 17.884218098647754 0.16260184703817268
229 1662 821 18.841211664858488 0.11186692785327654
229 1663 821 18.402805682829985 0.12534122751820784
229 1664 821 18.009310286626736 0.13927783136591798
229 1665 821 17.6637271548221 0.15321904610123674
229 1666 821 17.368916402585388 0.1665669694829379
229 1667 821 17.12750002189461 0.17861035323940863
229 1668 821 16.941760740843904 0.18858513632547858
229 1669 821 16.813543856070314 0.19576700349088288
229 1670 821 16.744170836443345 0.19958147441010007
229 1671 821 16.734373516806652 0.1997050014105356
229 1672 821 16.78425622421202 0.1961268906995947
229 1673 821 16.893290295262197 0.18915140803841557
229 1674 821 17.060341643706902 0.17933934148549233
229 1675 821 17.283728098995308 0.16740858646977702
229 1661 822 18.46231992464651 0.11039023935128375
229 1662 822 17.95909955983316 0.1254111023550496
229 1663 822 17.49860728743861 0.14155191293619654
229 1664 822 17.08429855159408 0.1584593504745732
229 1665 822 16.71960696308378 0.17558916000232658
229 1666 822 16.407841326634035 0.19219478261098732
229 1667 822 16.152066647955603 0.20735254521840732
229 1668 822 15.954975932291461 0.22003749474460974
229 1669 822 15.81876281508765 0.22925207874389392
229 1670 822 15.745007367416498 0.234188788454384
229 1671 822 15.734587919611998 0.23438557825351258
229 1672 822 15.787629872783308 0.22982359874643662
229 1673 822 15.903498262960884 0.22093131439246333
229 1674 822 16.080835084037144 0.20849342966945347
229 1675 822 16.317636379083826 0.19349831212368904
229 1676 822 16.611359276109827 0.17697414533800937
229 1660 823 18.18579822278911 0.10673487598341967
229 1661 823 17.618037830587138 0.12274922307417305
229 1662 823 17.089975336436257 0.14052081996480473
229 1663 823 16.605398429426486 0.15987448776898913
229 1664 823 16.16821749606306 0.18043209954123945
229 1665 823 15.78237171657035 0.20155812253420088
229 1666 823 15.451707251951149 0.22232688267811446
229 1667 823 15.179830598527763 0.24153818469782842
229 1668 823 14.969945123479905 0.25780833870813624
229 1669 823 14.824684043850642 0.26974830358897767
229 1670 823 14.745957310395275 0.2762064345231928
229 1671 823 14.734831420820527 0.27651175429969915
229 1672 823 14.791458920606846 0.27063169277454135
229 1673 823 14.915068119187385 0.25918003002309176
229 1674 823 15.104014598774722 0.2432716557427893
229 1675 823 15.355886721384733 0.22428380694229277
229 1676 823 15.667650015238404 0.20360985472116175
229 1659 824 18.016360814548523 0.10122142167106234
229 1660 824 17.385662397504433 0.11761314725264223
229 1661 824 16.79086826224301 0.13629328275816172
229 1662 824 16.235924888961502 0.1573043854092229
229 1663 824 15.72505189180626 0.18052013135883752
229 1664 824 15.262675289738679 0.20556140496118439
229 1665 824 14.853324779321285 0.23170668486335205
229 1666 824 14.501491543975733 0.2578217158740323
229 1667 824 14.211448096517108 0.28234982952653476
229 1668 824 13.987038893203943 0.3034125776087093
229 1669 824 13.831458961367733 0.3190535652012118
229 1670 824 13.747045391646884 0.327604077258893
229 1671 824 13.735110374511006 0.32807129707663146
229 1672 824 13.795842018521373 0.3203993032533182
229 1673 824 13.928289808874595 0.30548440270710514
229 1674 824 14.130437254381052 0.28493746925613456
229 1675 824 14.399349186682013 0.26070230973656106
229 1676 824 14.73136982768405 0.23468110021771857
229 1677 824 15.122342973230042 0.20847436819164755
229 1659 825 17.266362008251754 0.11046973714845583
229 1660 825 16.607204972541272 0.12929891548526964
229 1661 825 15.983468240654142 0.15103767070658816
229 1662 825 15.399456386509222 0.17584249762055812
229 1663 825 14.859853868729655 0.20368301149107923
229 1664 825 14.369664470682665 0.23422323304730547
229 1665 825 13.9341040975012 0.26668033987488177
229 1666 825 13.558438590044199 0.2996911677791947
229 1667 825 13.247764226464772 0.3312476902756587
229 1668 825 13.006738907197292 0.35878904589392085
229 1669 825 12.83928568885356 0.3795273618060181
229 1670 825 12.748304083288877 0.39100230095031624
229 1671 825 12.735433129658364 0.39171351889298456
229 1672 825 12.800908444325344 0.3815646930938088
229 1673 825 12.943541130618001 0.3618934508882391
229 1674 825 13.160822808624085 0.335071048332468
229 1675 825 13.449135920199481 0.30387811411176957
229 1676 825 13.804030462151262 0.27092833472700206
229 1677 825 14.220522388435667 0.23831029136562587
229 1678 825 14.693374595374612 0.20746879057052503
229 1679 825 15.217334096352097 0.17925448162287838
229 1659 826 16.542830985052092 0.1201921580510338
229 1660 826 15.853619681321979 0.14173944699357802
229 1661 826 15.198988683461792 0.1669562835825144
229 1662 826 14.583595475739159 0.19617030440854524
229 1663 826 14.012610641846853 0.22951732245560721
229 1664 826 13.491673617457534 0.2667797371535662
229 1665 826 13.026789972974912 0.3071728273791694
229 1666 826 12.624153714209905 0.34910963650906984
229 1667 826 12.289884336314959 0.3900287456180616
229 1668 826 12.02968233163286 0.4264325494051677
229 1669 826 11.848428461192642 0.45430193347044123
229 1670 826 11.749776891498827 0.4699397140190343
229 1671 826 11.73581087952596 0.47102371205320226
229 1672 826 11.8068309465326 0.4573861819370535
229 1673 826 11.961323379960929 0.43107339902445746
229 1674 826 12.196116472057815 0.3956488555068752
229 1675 826 12.506688490563759 0.3551461526148528
229 1676 826 12.887562104603028 0.31317417521043434
229 1677 826 13.332713789772884 0.2724389020663988
229 1678 826 13.835940770327115 0.23466025891193848
229 1679 826 14.391152038665982 0.20072439819795296
229 1680 826 14.992573394851203 0.1709164775739463
229 1658 827 16.59913422441061 0.10972237638768101
229 1659 827 15.8493929536749 0.13029749684580033
229 1660 827 15.128623764242391 0.15483924470525237
229 1661 827 14.441165361562744 0.18396667260522104
229 1662 827 13.791999746229683 0.21825414727844383
229 1663 827 13.186783421289654 0.25810439286285747
229 1664 827 12.631835060671103 0.30353901611730966
229 1665 827 12.134053609573337 0.35388929171907
229 1666 827 11.700737455391423 0.4074054383164108
229 1667 827 11.33927938627494 0.4608866873049204
229 1668 827 11.056729037106761 0.5095663975744321
229 1669 827 10.859247533784274 0.5475868768030749
229 1670 827 10.751523473443187 0.5692757271409216
229 1671 827 10.736258985326309 0.5709392861884108
229 1672 827 10.81384561569102 0.5522800673690751
229 1673 827 10.982315648350303 0.5165187948673854
229 1674 827 11.237582346750566 0.46913525529172134
229 1675 827 11.573904138189498 0.41606356387772275
229 1676 827 11.984458978193384 0.36229657708308505
229 1677 827 12.46191225294096 0.3112888251068651
229 1678 827 12.998894452990996 0.26500029001535597
229 1679 827 13.588350047007182 0.22424501255972246
229 1680 827 14.223756782228811 0.18908835625254328
229 1658 828 15.970887796237239 0.1176468158709191
229 1659 828 15.190169748886929 0.14065898536043298
229 1660 828 14.436525101283882 0.16845096515166716
229 1661 828 13.714417851297942 0.20191334757371424
229 1662 828 13.029092715918468 0.24196303282197765
229 1663 828 12.386656409217126 0.2894079489159143
229 1664 828 11.794119594102805 0.3446930263341569
229 1665 828 11.259363081453575 0.407476599334312
229 1666 828 10.790980353980808 0.4760161947789109
229 1667 828 10.397944845016239 0.5464570850977079
229 1668 828 10.089066210507285 0.6123614858412083
229 1669 828 9.872246806072052 0.665114046896288
229 1670 828 9.753627889149753 0.6958139722378889
229 1671 828 9.73679911469883 0.6983985371904449
229 1672 828 9.822283695760367 0.6723265169823527
229 1673 828 10.00746006736974 0.6228375092769444
229 1674 828 10.286945951058554 0.5585764873234301
229 1675 828 10.653321406960366 0.4883918854928857
229 1676 828 11.097984366541523 0.4191695084489038
229 1677 828 11.61194458305757 0.3551986709694857
229 1678 828 12.186437420345623 0.29854182604208473
229 1679 828 12.813323417443272 0.2497371197971115
229 1680 828 13.485297809095657 0.20844156770128958
229 1658 829 15.382043329805036 0.12554846631184813
229 1659 829 14.569806347374683 0.15111103110547172
229 1660 829 13.782280544235038 0.18236743922268853
229 1661 829 13.023949362616536 0.22055086402395913
229 1662 829 12.300213697330616 0.26703609248506555
229 1663 829 11.617540918800316 0.3232168824267781
229 1664 829 10.983590351064615 0.39022743971707047
229 1665 829 10.40726943054708 0.46840358995642795
229 1666 829 9.898649251286752 0.5563767848542116
229 1667 829 9.468645996128476 0.6498123172336508
229 1668 829 9.128376471202305 0.7401970740971974
229 1669 829 8.888152620201785 0.8147935241953401
229 1670 829 8.756212480290772 0.859296662267521
229 1671 829 8.737462846845181 0.8633854579090563
229 1672 829 8.832624581629174 0.8260414010819968
229 1673 829 9.038100298182133 0.7561258793686555
229 1674 829 9.346617409523082 0.667669386068967
229 1675 829 9.74839766320599 0.5740176270781361
229 1676 829 10.232460945442208 0.4845505132076754
229 1677 829 10.787736416876344 0.4043233548453262
229 1678 829 11.403826419233155 0.33516657243366
229 1679 829 12.07142315553556 0.27698770401578837
229 1680 829 12.782458957493278 0.22875354144076093
229 1658 830 14.837292778670898 0.1332747936913456
229 1659 830 13.993471942302225 0.16144827281327967
229 1660 830 13.17153206730332 0.1963164625878503
229 1661 830 12.375833588086083 0.23952926403110636
229 1662 830 11.611772345339865 0.29304929311870237
229 1663 830 10.88601198786772 0.35907779080135194
229 1664 830 10.206726066667986 0.4397995342700334
229 1665 830 9.583801803042453 0.5367704656824028
229 1666 830 9.028912282218705 0.6496894408079695
229 1667 830 8.55530578062525 0.7743317114154423
229 1668 830 8.177117890797456 0.8999240176808538
229 1669 830 7.90805013894069 1.0076831989431219
229 1670 830 7.759462416946157 1.0740469212448343
229 1671 830 7.738298068697013 1.0806783596653387
229 1672 830 7.845588378190635 1.0255752214534983
229 1673 830 8.07621551223096 0.9244322747741258
229 1674 830 8.42005089058255 0.8007379910010569
229 1675 830 8.86393011028404 0.6747545602605499
229 1676 830 9.393681759565844 0.558886926377331
229 1677 830 9.995661909048348 0.45849890110226704
229 1678 830 10.657638434475064 0.3745051915021864
229 1679 830 11.36913615891727 0.305607731668822
229 1680 830 12.121437909753123 0.24968551647775566
229 1681 830 12.907410933258465 0.2045111929730263
229 1658 831 14.34166158434927 0.14065219076957558
229 1659 831 13.466820597305054 0.17142800974215278
229 1660 831 12.610600976955842 0.2099604464814286
229 1661 831 11.77706487202986 0.25838564562648386
229 1662 831 10.971383549944816 0.31938744605701624
229 1663 831 10.200159655613225 0.3962248405768532
229 1664 831 9.471813817849238 0.49258742182690607
229 1665 831 8.797002728202362 0.6120288540080769
229 1666 831 8.188971669263474 0.7565030934467454
229 1667 831 7.663632102338932 0.9233000549835869
229 1668 831 7.239009393556542 1.0999967489974904
229 1669 831 6.93363230925897 1.2594013779281052
229 1670 831 6.76367185780031 1.361794290639225
229 1671 831 6.739381054666662 1.3729153793110376
229 1672 831 6.862306973605885 1.2886006226109241
229 1673 831 7.124833822623513 1.1382385948764175
229 1674 831 7.512340314442631 0.9624695100890406
229 1675 831 8.006700756241614 0.7919355119500107
229 1676 831 8.58948525815139 0.6420082685783037
229 1677 831 9.243984909117934 0.5170625909929578
229 1678 831 9.956066341683352 0.41584662176574066
229 1679 831 10.714254850431743 0.33499163975245
229 1680 831 11.509442080309547 0.27076700424105166
229 1681 831 12.33447433010423 0.2197956955611949
229 1658 832 13.900404922159629 0.14749153994043832
229 1659 832 12.995893851520934 0.1807769914310526
229 1660 832 12.106413878601693 0.22290317798432874
229 1661 832 11.23553545675504 0.2765466182295759
229 1662 832 10.38793805333858 0.34523072397659826
229 1663 832 9.569809663728936 0.43352237683579437
229 1664 832 8.789383197926904 0.547129136784936
229 1665 832 8.05762105090577 0.6926119850829365
229 1666 832 7.388995669236775 0.8760167953057357
229 1667 832 6.802150909822557 1.0989687908367551
229 1668 832 6.3199095721378695 1.3500992136030296
229 1669 832 5.967684391788819 1.5920656497590435
229 1670 832 5.7693376569585455 1.7567739211066538
229 1671 832 5.740841140460163 1.7762842817324613
229 1672 832 5.884662862050805 1.6412822335041732
229 1673 832 6.18880093394512 1.410674111359764
229 1674 832 6.631233444842673 1.157103429341275
229 1675 832 7.186463455692239 0.925662519313695
229 1676 832 7.830533634433867 0.7326821202879673
229 1677 832 8.543375035663605 0.5786402212822086
229 1678 832 9.309202812271312 0.45805116079775626
229 1679 832 10.115990164091706 0.36428848312585943
229 1680 832 10.95469109559919 0.2913906084772939
229 1681 832 11.818513315980153 0.2345200797880928
229 1682 832 12.702332738516978 0.18992156353831932
229 1658 833 13.518848212773143 0.15359650210822948
229 1659 833 12.586947882628245 0.18920319234148325
229 1660 833 11.666330057048775 0.23470558710816847
229 1661 833 10.759891123984467 0.2933465834212451
229 1662 833 9.871537722158576 0.369567319387147
229 1663 833 9.00662295202812 0.46944487503962257
229 1664 833 8.172591816553656 0.6011950266350482
229 1665 833 7.379922560569304 0.7755227876202082
229 1666 833 6.643437137506445 1.005060011609692
229 1667 833 5.983916526824205 1.3006679328745534
229 1668 833 5.429480361876252 1.6593191810112797
229 1669 833 5.015102890270539 2.0364310674631576
229 1670 833 4.777369255144502 2.3154530838101435
229 1671 833 4.742916507804028 2.351871061988858
229 1672 833 4.916020443407451 2.122751136049441
229 1673 833 5.2762919744835965 1.7565619359380609
229 1674 833 5.788890826401897 1.3865062122143827
229 1675 833 6.417418250355828 1.0735796894061396
229 1676 833 7.1312871909635 0.8280553612111844
229 1677 833 7.907417846553963 0.640941509962028
229 1678 833 8.729218579002369 0.49949462854196885
229 1679 833 9.58494950430101 0.3923989518823717
229 1680 833 10.466291463550982 0.3108237728924068
229 1681 833 11.367288902812325 0.24819672448936012
229 1682 833 12.283617423218628 0.19970674821680018
229 1658 834 13.202168647612393 0.1587742691329189
229 1659 834 12.246193571881822 0.19641251279564273
229 1660 834 11.297843024223681 0.24491134019763203
229 1661 834 10.359211215145665 0.30806545184153494
229 1662 834 9.433199722257541 0.3912436481539479
229 1663 834 8.523922629869405 0.502125256723883
229 1664 834 7.637359294939566 0.65176706033271
229 1665 834 6.7824226497616475 0.8560186945492843
229 1666 834 5.972709351709645 1.1368731660815121
229 1667 834 5.229269260613749 1.5215428232574408
229 1668 834 4.584458201358138 2.030756636767575
229 1669 834 4.085248707239244 2.6319659539726494
229 1670 834 3.7896249154764567 3.1362327975914024
229 1671 834 3.74609890419353 3.2105109914210463
229 1672 834 3.9629858692657476 2.790565886538747
229 1673 834 4.40196058592078 2.1878003316006707
229 1674 834 5.004923276135214 1.6462886675685144
229 1675 834 5.720249732310651 1.2291689037097815
229 1676 834 6.511010443855861 0.9231099598114576
229 1677 834 7.352908064160745 0.7006481478738296
229 1678 834 8.230264698051949 0.5380834611517133
229 1679 834 9.132866855484107 0.41801453103502917
229 1680 834 10.053917495185654 0.3282434487306266
229 1681 834 10.988778685550102 0.26030109648495214
229 1682 834 11.93420533592414 0.2082806027861638
229 1683 834 12.887872477643478 0.16802017726372553
229 1659 835 11.979451448209124 0.20212938872940633
229 1660 835 11.008145029931232 0.2530812241532419
229 1661 835 10.042472653684436 0.3199860415562626
229 1662 835 9.084231227792463 0.40905838018966095
229 1663 835 8.136046767318867 0.5294990795711175
229 1664 835 7.201892598477139 0.69521690525594
229 1665 835 6.288024888627574 0.9276484692075092
229 1666 835 5.40474393472992 1.260211486423926
229 1667 835 4.5698202371646826 1.7441382580088005
229 1668 835 3.81513525317254 2.44892875200021
229 1669 835 3.198008286418271 3.414855209577155
229 1670 835 2.810561687634689 4.401161432754093
229 1671 835 2.7515917211679457 4.574448443765465
229 1672 835 3.0402725206796846 3.7200384349956006
229 1673 835 3.593780321611218 2.6992066110933663
229 1674 835 4.311294121258727 1.9194178841981588
229 1675 835 5.124378694046731 1.3800376167413115
229 1676 835 5.994268679330291 1.010439535158559
229 1677 835 6.8995113595094635 0.7535208155326336
229 1678 835 7.827851365477001 0.5713841934851172
229 1679 835 8.771958561233642 0.43971168726095855
229 1680 835 9.727243031815346 0.34279655599235875
229 1681 835 10.690708910077023 0.27030902390297123
229 1682 835 11.660328340145497 0.21531318999188911
229 1683 835 12.634684681463177 0.173056058608387
229 1659 836 11.79174529066837 0.20611923069072052
229 1660 836 10.803576120896253 0.2588329159372818
229 1661 836 9.81780306382236 0.3284661601470997
229 1662 836 8.835228180415022 0.4218954207070102
229 1663 836 7.857051418948446 0.5495510573166836
229 1664 836 6.885147565593624 0.7277496820912287
229 1665 836 5.922605592135934 0.9829494071237705
229 1666 836 4.97486251066297 1.3598511404559084
229 1667 836 4.052315017369687 1.9373044476610082
229 1668 836 3.176988668535019 2.8582711612542764
229 1669 836 2.4010949585553543 4.358809398617528
229 1670 836 1.8539840883891006 6.454226841577001
229 1671 836 1.7633085379479083 6.958073211981924
229 1672 836 2.1866085612198667 4.955231230192774
229 1673 836 2.907448537807684 3.2362138752230742
229 1674 836 3.7583582852091237 2.1693481419867893
229 1675 836 4.668753259704361 1.5075775763282337
229 1676 836 5.609746607468123 1.0808147773312313
229 1677 836 6.568200438476291 0.7948502500400118
229 1678 836 7.537456931883602 0.5968929178355891
229 1679 836 8.513827400176737 0.4561022555003112
229 1680 836 9.495117534817577 0.35368308372559365
229 1681 836 10.479945467415384 0.2777431196937468
229 1682 836 11.46739974885328 0.22051068903299517
229 1683 836 12.456855823200343 0.1767642169327942
229 1684 836 13.44787183906808 0.14291064133188192
229 1659 837 11.686883973069968 0.20820973841802995
229 1660 837 10.689025072475026 0.26188048426890703
229 1661 837 9.691607554993121 0.3330145334001694
229 1662 837 8.694783321049453 0.42887569098042444
229 1663 837 7.698782825875775 0.5606308817792123
229 1664 837 6.703973224886852 0.7460850707665819
229 1665 837 5.710976886663072 1.0149403858727606
229 1666 837 4.720938148292125 1.4196877990608943
229 1667 837 3.7362089074354365 2.060436396617265
229 1668 837 2.762472986293246 3.149207933873158
229 1669 837 1.8174864511186732 5.206161305814507
229 1670 837 0.9875510113406675 9.660458467849034
229 1671 837 0.8045228399492462 11.748551768078904
229 1672 837 1.5229106999427202 6.24718593703715
229 1673 837 2.4477044347714965 3.6547422045050957
229 1674 837 3.4151510947540924 2.341185109134909
229 1675 837 4.397187396507011 1.5901112006558766
229 1676 837 5.385838560521484 1.1249100092473292
229 1677 837 6.378029241074405 0.8202786297982855
229 1678 837 7.372330499916575 0.6124230665745656
229 1679 837 8.367990021504578 0.46602156143330475
229 1680 837 9.364574576562473 0.36025076731754396
229 1681 837 10.361817263395464 0.2822222720970996
229 1682 837 11.359544753202051 0.2236422178615962
229 1683 837 12.357639620898496 0.17900035281870122
229 1659 838 11.667101482373404 0.2083077826933194
229 1660 838 10.66739223053131 0.26206672006608756
229 1661 838 9.667743118225667 0.3333556270264423
229 1662 838 8.668174952087652 0.4294941650493493
229 1663 838 7.668719384616952 0.5617612608281013
229 1664 838 6.66942703686005 0.7482005193489066
229 1665 838 5.670384202150667 1.0190638879264653
229 1666 838 4.671750956547222 1.4282479286528107
229 1667 838 3.6738613201915924 2.080015138860094
229 1668 838 2.677546824987368 3.201624971145472
229 1669 838 1.6856028595134622 5.393541576722326
229 1670 838 0.7164195698052824 10.96820468960649
229 1671 838 0.4304149160984218 15.192501472019899
229 1672 838 1.3628121660742676 6.626562924660662
229 1673 838 2.3514372200847853 3.759288838111808
229 1674 838 3.3468279011625452 2.3829443580945076
229 1675 838 4.3443361978557915 1.6103435731213083
229 1676 838 5.342776151028615 1.1359506631485174
229 1677 838 6.341707735302863 0.8268120528555054
229 1678 838 7.340930254402379 0.6165243224329884
229 1679 838 8.340339141785556 0.46871465821935954
229 1680 838 9.33987457089228 0.3620832639498193
229 1681 838 10.339499842835739 0.28350573274156476
229 1682 838 11.33919119690643 0.22456294466539836
229 1683 838 12.338932571336967 0.17967436265601944
229 1659 839 11.732828175678689 0.2064089473360597
229 1660 839 10.739239125748142 0.259381887110483
229 1661 839 9.746961423951557 0.3294684356492248
229 1662 839 8.756440886570285 0.42370516505424055
229 1663 839 7.7683496960422564 0.5528398225698925
229 1664 839 6.783749479454547 0.7338544024513884
229 1665 839 5.804417024990526 0.9947037524560183
229 1666 839 4.833555316741487 1.3837734411218885
229 1667 839 3.877532333843255 1.9901166986549557
229 1668 839 2.950806161034633 2.9896542367471133
229 1669 839 2.0926674365507703 4.745852685400325
229 1670 839 1.432221002499264 7.73688484805199
229 1671 839 1.3127288371937376 8.775784086639584
229 1672 839 1.8426223161570707 5.64190301670714
229 1673 839 2.658431304359786 3.487761619389317
229 1674 839 3.5692095763628253 2.280051627819474
229 1675 839 4.517881915234187 1.5636154747486009
229 1676 839 5.484820598706958 1.1121227311024393
229 1677 839 6.461830777728567 0.8136414838266132
229 1678 839 7.444948421580918 0.6087982514949848
229 1679 839 8.432037535495216 0.4639699303080963
229 1680 839 9.421849977578727 0.35906129388644936
229 1681 839 10.413609220630486 0.28152295756082213
229 1682 839 11.4068074850065 0.22322945978488165
229 1683 839 12.401099023876888 0.17875862874456633
229 1658 840 12.865661934000897 0.16307535118594205
229 1659 840 11.88264520214248 0.20259798882413513
229 1660 840 10.902717872163791 0.25396490557593904
229 1661 840 9.926794900671604 0.3215895098404268
229 1662 840 8.956185404512336 0.41193030518700585
229 1663 840 7.9928253452705835 0.5346610724275449
229 1664 840 7.039691541537871 0.7046516726758519
229 1665 840 6.101578238456004 0.9454045297158705
229 1666 840 5.186642170036401 1.295077797411451
229 1667 840 4.3096701729946725 1.8165809933762345
229 1668 840 3.4993223629725736 2.609807738795162
229 1669 840 2.8137620723863597 3.7891934152150166
229 1670 840 2.3641609505276935 5.181582636759801
229 1671 840 2.2937430108885417 5.520677773010177
229 1672 840 2.633107859545457 4.306938188843621
229 1673 840 3.256571356503659 2.990110509623221
229 1674 840 4.0345082723920775 2.067017269820617
229 1675 840 4.893797809472735 1.4604338823786334
229 1676 840 5.798383999012152 1.0572815703421237
229 1677 840 6.730026522978953 0.7823810339342878
229 1678 840 7.678883838162953 0.5899900337189328
229 1679 840 8.639285676489708 0.452158289569459
229 1680 840 9.607770657129585 0.3513808314410832
229 1681 840 10.582119683692879 0.27638263431591575
229 1682 840 11.560850184999385 0.21970451100035096
229 1683 840 12.54293653814769 0.17629062157376252
229 1658 841 13.079115298826588 0.1590804193162712
229 1659 841 12.113432915569382 0.19704012790246592
229 1660 841 11.153800114759084 0.24608671053712844
229 1661 841 10.20192418125129 0.3101794389248306
229 1662 841 9.260197460097695 0.3949866085846644
229 1663 841 8.332061989687777 0.5087499872431311
229 1664 841 7.422617934394836 0.6636203200085556
229 1665 841 6.5396679579318 0.8776553330622539
229 1666 841 5.695547120338828 1.1774572431327064
229 1667 841 4.9103214762375735 1.5999959746872257
229 1668 841 4.217019919326914 2.185514821307419
229 1669 841 3.668140809729091 2.9291852337042372
229 1670 841 3.3357543374775096 3.6240987835380785
229 1671 841 3.286222299236624 3.7709947442495677
229 1672 841 3.53146669246647 3.2212243382077097
229 1673 841 4.017867220304834 2.453213354014491
229 1674 841 4.670680571394293 1.8011417181977205
229 1675 841 5.430217030653576 1.3209444326624682
229 1676 841 6.2577357726257645 0.9794769420218822
229 1677 841 7.1296042667177675 0.7365994010872422
229 1678 841 8.031391971507817 0.5618186403450883
229 1679 841 8.954063714314314 0.43416497287037403
229 1680 841 9.891777241729631 0.33952337475337563
229 1681 841 10.840629917121989 0.2683588269179021
229 1682 841 11.797934437858194 0.21415017763027416
229 1683 841 12.761788941994 0.17236937607474329
229 1657 842 14.315350397388102 0.12565185134820914
229 1658 842 13.364178126618924 0.153970643309752
229 1659 842 12.420678604649575 0.18996476920140318
229 1660 842 11.486742662739502 0.23611934417673186
229 1661 842 10.564906861870567 0.2958612667129764
229 1662 842 9.658636394439943 0.3739566426461573
229 1663 842 8.77275652232523 0.47706915250611936
229 1664 842 7.914117575573405 0.6144957998238169
229 1665 842 7.092619896765926 0.7989650921480383
229 1666 842 6.322757072670113 1.0468898034871106
229 1667 842 5.6257672365642675 1.3758725862606225
229 1668 842 5.032023151775038 1.7929274261500572
229 1669 842 4.581839914270249 2.259901177724337
229 1670 842 4.320330658641771 2.637153961709491
229 1671 842 4.282202353929582 2.7124654228193634
229 1672 842 4.473170799332403 2.4314279473294613
229 1673 842 4.866339178479045 1.9763095261908554
229 1674 842 5.4178646162487425 1.530583403127847
229 1675 842 6.084838288730454 1.166264511869144
229 1676 842 6.833539126982459 0.8882745639795991
229 1677 842 7.639977552323057 0.680884349635063
229 1678 842 8.487712118115237 0.5266142820386839
229 1679 842 9.365535596003053 0.41123633880589056
229 1680 842 10.265732170673472 0.3241863642551398
229 1681 842 11.18290020522406 0.25785739787860673
229 1682 842 12.113185254094 0.20681081149055228
229 1683 842 13.053783244714934 0.16714643372954224
229 1684 842 14.002616077005053 0.13604612387163562
229 1657 843 14.644700645626038 0.12119172157473702
229 1658 843 13.71638644104196 0.1479213081739224
229 1659 843 12.798877177315195 0.18164447370337608
229 1660 843 11.894673471768773 0.2244969814081694
229 1661 843 11.00705487403419 0.27934527611753945
229 1662 843 10.140377557073496 0.35003667306990627
229 1663 843 9.300497674855892 0.44169668419086106
229 1664 843 8.495366796083609 0.5610016684681844
229 1665 843 7.735842358786786 0.7161795985338201
229 1666 843 7.036707823975637 0.9160373239898234
229 1667 843 6.417729894596684 1.1662903230315766
229 1668 843 5.90417284638585 1.4598775140889682
229 1669 843 5.525509659750856 1.7586696679520601
229 1670 843 5.3106738743779065 1.9785762328940137
229 1671 843 5.2797023590350305 2.021607066390532
229 1672 843 5.4357388642207685 1.8646063398967874
229 1673 843 5.763614924680527 1.5856575931371464
229 1674 843 6.236285513027779 1.2828028417062325
229 1675 843 6.823727500420879 1.012635060243475
229 1676 843 7.499017068923113 0.7923627942685255
229 1677 843 8.240585962175276 0.6198603285864872
229 1678 843 9.032123615185979 0.48689609411545215
229 1679 843 9.86160519388199 0.38478818452735336
229 1680 843 10.720226536785512 0.30619148544829566
229 1681 843 11.601519598742241 0.2453699856710996
229 1682 843 12.500690260941607 0.19798892473012686
229 1683 843 13.41414391603133 0.16081271813697853
229 1684 843 14.339151195241662 0.1314321092363491
229 1657 844 15.0334712225753 0.11614684074502184
229 1658 844 14.130720328419205 0.1411245598868395
229 1659 844 13.241950649356754 0.17237248871647531
229 1660 844 12.370176110306586 0.21167583762470588
229 1661 844 11.519255922150519 0.2613554215802205
229 1662 844 10.694169299202246 0.3243980416692057
229 1663 844 9.901376520464206 0.40455978600869263
229 1664 844 9.149276310178848 0.5063375307849265
229 1665 844 8.448742924246181 0.6345555257322381
229 1666 844 7.813658362124617 0.7930211950958037
229 1667 844 7.261215945005352 0.981268310652981
229 1668 844 6.811553200262037 1.1883027285356318
229 1669 844 6.486081791035326 1.384473500413698
229 1670 844 6.304066703327309 1.5201856129599878
229 1671 844 6.2779978496332784 1.5466932974525087
229 1672 844 6.409778233293262 1.4529711034732509
229 1673 844 6.690086471787949 1.275764417461335
229 1674 844 7.101355997272644 1.068428523045475
229 1675 844 7.622418054659569 0.8699222749777907
229 1676 844 8.23245145749431 0.6982741713702245
229 1677 844 8.913206886413006 0.557484816499436
229 1678 844 9.649728338145083 0.44501470059919235
229 1679 844 10.430208866556809 0.3562249507267221
229 1680 844 11.245499410875459 0.2863913862449353
229 1681 844 12.088558929831146 0.23142451726017743
229 1682 844 12.953966844175584 0.1880181459814861
229 1683 844 13.837530740706608 0.1535833210559746
229 1657 845 15.477185047675812 0.11065074346952417
229 1658 845 14.601892240391303 0.133776860252814
229 1659 845 13.74362604991855 0.16244185151003904
229 1660 845 12.905783858410143 0.1980988476391405
229 1661 845 12.092611669941272 0.24256908997583332
229 1662 845 11.309432213864667 0.2980848702382065
229 1663 845 10.562918962105119 0.3672672017917874
229 1664 845 9.861402385056595 0.4529374183086672
229 1665 845 9.215164512910224 0.5575649804165781
229 1666 845 8.636623009023838 0.682015088184979
229 1667 845 8.140224628350252 0.8231793345585191
229 1668 845 7.741786421750474 0.9704517109064557
229 1669 845 7.457027356795738 1.102688261002348
229 1670 845 7.299264140993944 1.190358106237497
229 1671 845 7.276761436243467 1.2076155165812608
229 1672 845 7.3907548328976596 1.1487405157995758
229 1673 845 7.635133070222165 1.0323805039841647
229 1674 845 7.997953300688881 0.8884979486135728
229 1675 845 8.46399769612446 0.7427441045100995
229 1676 845 9.017275475441583 0.610170776485254
229 1677 845 9.64278263780742 0.4967246642779735
229 1678 845 10.327403207002245 0.40292643637044223
229 1679 845 11.060165324261671 0.32680402754544813
229 1680 845 11.832128168677023 0.2655914424150771
229 1681 845 12.636109250873083 0.21654034443049003
229 1682 845 13.466375050472951 0.17723725247954314
229 1657 846 15.971263475379764 0.10483534627342123
229 1658 846 15.124591134969558 0.12606809191769952
229 1659 846 14.297736079533703 0.15212824513743312
229 1660 846 13.494341666046545 0.18416883497226536
229 1661 846 12.718854390234988 0.22357613276096241
229 1662 846 11.976696414287199 0.2719556996805953
229 1663 846 11.27445151659272 0.3310415178783481
229 1664 846 10.620040348322595 0.4024487731260818
229 1665 846 10.02283677408746 0.48714108367914566
229 1666 846 9.493642978330287 0.5844445928201374
229 1667 846 9.044404734420059 0.6905102814795584
229 1668 846 8.687534575470766 0.7965215640454124
229 1669 846 8.434764786287763 0.8878875237992438
229 1670 846 8.295616734155459 0.9466628773180221
229 1671 846 8.275823644810231 0.9583846790451978
229 1672 846 8.376231670626124 0.9198787017306151
229 1673 846 8.592628061309307 0.8412065446080619
229 1674 846 8.916572043111644 0.739774677761054
229 1675 846 9.336876190675348 0.6322855795387234
229 1676 846 9.841202009917296 0.5302351317341742
229 1677 846 10.417353646680152 0.43953915702524
229 1678 846 11.054105888763699 0.36210330368520377
229 1679 846 11.741603680928781 0.297557626311813
229 1680 846 12.47145769346953 0.2444956347618923
229 1681 846 13.236663363552022 0.20119342519237246
229 1658 847 15.693669328745262 0.11817309297897467
229 1659 847 14.898431360381528 0.14167772692262898
229 1660 847 14.129234126448603 0.17023149321384526
229 1661 847 13.390565970114924 0.2048576554741004
229 1662 847 12.687760125412202 0.24666445455399424
229 1663 847 12.027105096406196 0.29672677217492704
229 1664 847 11.415921206805868 0.3558410241352413
229 1665 847 10.862562174735753 0.4240814643144077
229 1666 847 10.376283390501628 0.5000971894106175
229 1667 847 9.96690809629546 0.5801906952842584
229 1668 847 9.644234391593768 0.6574992606692811
229 1669 847 9.417178823830419 0.7220506228159786
229 1670 847 9.29275292903024 0.762678827003438
229 1671 847 9.275087978019405 0.7709127149346743
229 1672 847 9.364788144960896 0.7448928764323678
229 1673 847 9.558831361625758 0.6903296468749281
229 1674 847 9.851053598473626 0.617670795109458
229 1675 847 10.233047297848291 0.5378310153876418
229 1676 847 10.695197847632377 0.4592449259615181
229 1677 847 11.227611366626485 0.3870359166626624
229 1678 847 11.820797646521164 0.32354455448804764
229 1679 847 12.466084268927444 0.2692668879613033
229 1680 847 13.155806968787598 0.22367796374058896
229 1681 847 13.883344589831385 0.18579376296324132
229 1682 847 14.643061735852935 0.15450083911518317
229 1659 848 15.540310711179485 0.13129947134666117
229 1660 848 14.804501241176611 0.15656755716288526
229 1661 848 14.10125019280205 0.18678134862444687
229 1662 848 13.4356710662326 0.22266986902378316
229 1663 848 12.813635588700029 0.2648399728898574
229 1664 848 12.24178324428267 0.31356334128478447
229 1665 848 11.727457397066082 0.36843808181122106
229 1666 848 11.278530799709685 0.4279203729472803
229 1667 848 10.903084746987892 0.48880825653902554
229 1668 848 10.608923460936083 0.5459268411676698
229 1669 848 10.402944631208996 0.5924503023124602
229 1670 848 10.290444936930575 0.6212631854809559
229 1671 848 10.274495462065284 0.6272071930112326
229 1672 848 10.355542332490373 0.609143737413006
229 1673 848 10.53134640015227 0.5704533979483403
229 1674 848 10.797280074166835 0.5175987461718351
229 1675 848 11.1468945002633 0.4577863499753077
229 1676 848 11.572608046590027 0.39709690955362775
229 1677 848 12.066368840707641 0.33968535193982397
229 1678 848 12.620192431179499 0.2878458667282566
229 1679 848 13.22653609226544 0.24247365954842853
229 1680 848 13.878517824321166 0.2035754859476074
229 1681 848 14.57001225119596 0.17067460114020575
229 1682 848 15.295661378312492 0.1430817844899449
229 1660 849 15.514872123224215 0.1433923611613806
229 1661 849 14.845310943190105 0.16960851359874787
229 1662 849 14.214614205105951 0.2002615090731466
229 1663 849 13.628178785149537 0.23564005320467765
229 1664 849 13.091953903065804 0.27570055552014733
229 1665 849 12.612345420261846 0.31982412453954523
229 1666 849 12.19603447846881 0.36652059543758453
229 1667 849 11.849694384244685 0.41315940310985816
229 1668 849 11.579605217795642 0.4558960258429246
229 1669 849 11.391192079848363 0.4900252532291355
229 1670 849 11.288545389021568 0.5109083375012422
229 1671 849 11.274008027316643 0.5152977018536338
229 1672 849 11.347918619729354 0.502469893229102
229 1673 849 11.508573195665925 0.4744990493593859
229 1674 849 11.752414943321233 0.43549306461906284
229 1675 849 12.074405037102252 0.3902738325260555
229 1676 849 12.468490566223332 0.3431994379765375
229 1677 849 12.92808017456576 0.2975250161729952
229 1678 849 13.446458901881948 0.25528969980328753
229 1679 849 14.017105871042007 0.21751384289543854
229 1680 849 14.633907782953955 0.18449663549709405
229 1681 849 15.291280423823258 0.15609116794720432
229 1682 849 15.984218998749999 0.13191171215103928
229 1683 849 16.708299045683866 0.11147145218472698
229 1661 850 15.617978646419001 0.15350792533503485
229 1662 850 15.019762215161727 0.17959261247395622
229 1663 850 14.46600349094386 0.20919681932967887
229 1664 850 13.961993303250075 0.24210329583347875
229 1665 850 13.513299264058352 0.27762857919089023
229 1666 850 13.125595491252959 0.3144446089441357
229 1667 850 12.804423337269041 0.3504519395811834
229 1668 850 12.554889764549909 0.3828104972982648
229 1669 850 12.381326948271743 0.408245002224467
229 1670 850 12.286954748838303 0.4236665206622696
229 1671 850 12.27360000162952 0.4269705120532477
229 1672 850 12.341525716053107 0.41768269432095945
229 1673 850 12.489405790509018 0.39711517955214637
229 1674 850 12.714450715622764 0.36794388420465846
229 1675 850 13.01265756869058 0.3334417697714105
229 1676 850 13.37913513647277 0.2967341571310649
229 1677 850 13.808448754295332 0.2603245907451327
229 1678 850 14.294938160062124 0.22593367116077265
229 1679 850 14.832978696135187 0.19455918260871669
229 1680 850 15.417174092550177 0.16663839704368874
229 1681 850 16.042482881399636 0.1422260996316012
229 1682 850 16.70428858108002 0.12114502910989994
229 1683 850 17.398426854172776 0.10309614739509221
229 1662 851 15.847121410527526 0.16071310025765254
229 1663 851 15.323291323994331 0.18545079974156797
229 1664 851 14.84840924139687 0.2124860508185956
229 1665 851 14.427309416519769 0.24115398970582347
229 1666 851 14.06482339028827 0.27032228217808524
229 1667 851 13.765582334213109 0.2983421988612723
229 1668 851 13.533782065631176 0.3231163726877491
229 1669 851 13.37293000804237 0.3423397075691854
229 1670 851 13.285603373576983 0.3539147553539902
229 1671 851 13.273253444427262 0.3564428749922129
229 1672 851 13.336088519502267 0.3496046903815727
229 1673 851 13.473056705885275 0.33425251981410503
229 1674 851 13.681931771500699 0.31216824224640144
229 1675 851 13.9594862727824 0.2856057692050069
229 1676 851 14.301722169025668 0.2568158655841596
229 1677 851 14.704123809326427 0.22770619406878298
229 1678 851 15.161901496844 0.19968558397665961
229 1679 851 15.670202838508516 0.17365876620863116
229 1680 851 16.22427986075192 0.15010710754512538
229 1681 851 16.819609299861884 0.1291987708812041
229 1682 851 17.451970003412235 0.11089348166327233
229 1683 851 18.117484841997257 0.09502670734115902
229 1663 852 16.19695208982233 0.16426077794423974
229 1664 852 15.748436652569676 0.18649582134736473
229 1665 852 15.352044065856507 0.20969845171074047
229 1666 852 15.011903843283838 0.23292836246518414
229 1667 852 14.731912876473308 0.25490184581854125
229 1675 852 14.91325775945686 0.24529817152219655
229 1676 852 15.234082085902001 0.22258233290133278
229 1677 852 15.612471200934216 0.19922580373641127
229 1678 852 16.044352807140594 0.1763616679911837
229 1679 852 16.525533486093583 0.15477551014320348
229 1680 852 17.0518402819168 0.13493929381847725
229 1681 852 17.61922975047435 0.11707628426897833
229 1682 852 18.223865040106077 0.10123145506062284
229 1683 852 18.862164695495593 0.08733341933709725
229 1676 853 16.174524938927892 0.19323955579475902
229 1677 853 16.531402148638218 0.17442488713070278
229 1678 853 16.939871811793626 0.15572891461397506
229 1679 853 17.39630009513518 0.13781579293111273
229 1680 853 17.897018103583633 0.12112045482325576
229 1681 853 18.438417963588968 0.10588452859391441
229 1682 853 19.01702545089532 0.0922020708707565
229 1683 853 19.629550606165196 0.08006375465942497
229 1677 854 17.459245602259003 0.15286093098867798
229 1678 854 17.84649144790091 0.13753420150512186
229 1679 854 18.280296961482883 0.12265215172884816
229 1680 854 18.75743204705805 0.10860083831667715
229 1681 854 19.274679167239086 0.09561832838168757
229 1682 854 19.828899540821734 0.0838233345679612
229 1683 854 20.417082480119447 0.07324589350658804
229 1678 855 18.762602617973883 0.12152328314973446
229 1679 855 19.175694433318455 0.1091398457246898
