# %ECSV 0.9
# ---
# datatype:
# - name: sexcat_id
#   datatype: int32
# - name: x
#   datatype: int32
# - name: y
#   datatype: int32
# - name: sep
#   datatype: float64
# - name: weight
#   datatype: float64
# schema: astropy-2.0
sexcat_id x y sep weight
112 791 634 10.310509444251501 0.28686895773274657
112 792 634 10.148822838142332 0.30473272259901263
112 793 634 10.084175970301162 0.31675370282712684
112 794 634 10.118428978848415 0.32165329827856604
112 795 634 10.25059047079725 0.31887864364222807
112 789 635 9.987822835833615 0.29756651891375113
112 790 635 9.615019760770096 0.3314627893940285
112 791 635 9.334913229377092 0.36249826459666423
112 792 635 9.156014689809068 0.3878286888300296
112 793 635 9.08430542199014 0.404651111361227
112 794 635 9.122313577157906 0.4108522337856232
112 795 635 9.268689497442423 0.4056006972357531
112 796 635 9.518435007920129 0.38960240299877724
112 797 635 9.863701384368825 0.364882938428234
112 798 635 10.294882466546158 0.33421344973653105
112 788 636 9.586376009733787 0.3228151102809415
112 789 636 9.087937334731105 0.370338353081363
112 790 636 8.676554903877431 0.4183286192288103
112 791 636 8.365082486144383 0.46309308702084967
112 792 636 8.16496203297967 0.4999692639291295
112 793 636 8.084466896462594 0.5241537128729901
112 794 636 8.127152330306078 0.5319930499952629
112 795 636 8.29111602861759 0.5222141400441905
112 796 636 8.569399337176412 0.496398314038761
112 797 636 8.95134654674924 0.45839578361242767
112 798 636 9.424362312644796 0.41305281882588224
112 799 636 9.97550023808328 0.3649537961245821
112 787 637 9.38299552381858 0.3362226395840489
112 788 637 8.759714892620623 0.39684964459147215
112 789 637 8.211248687014633 0.46341901385501877
112 790 637 7.753489859411667 0.5326533989144351
112 791 637 7.403283393197883 0.5989019806526279
112 792 637 7.1763921994272 0.654309319369707
112 793 637 7.084673951566125 0.6902543856402851
112 794 637 7.133344587218508 0.7000622474027631
112 795 637 7.3196041559635985 0.6817566374673284
112 796 637 7.633387518002712 0.6389717283127853
112 797 637 8.059814203813858 0.5793085353608743
112 798 637 8.582109589139469 0.5113943964676523
112 799 637 9.18393189216904 0.4424928161961249
112 786 638 9.390559355011797 0.3351294076024122
112 787 638 8.653011325544396 0.4054329397276457
112 788 638 7.972866799338842 0.48817066990884606
112 789 638 7.36604405362876 0.5824280254798225
112 790 638 6.852051152757078 0.6842762864380552
112 791 638 6.453108165837577 0.7852418186926029
112 792 638 6.191494569164995 0.8717593036658629
112 793 638 6.084949054840117 0.9274899107704806
112 794 638 6.141547443437984 0.9393579757939988
112 795 638 6.356933616139124 0.9043055898223489
112 796 638 6.715847303207515 0.8310841725912891
112 797 638 7.196846879015814 0.7353348326616149
112 798 638 7.777313482173628 0.6325378650185857
112 799 638 8.436741373302828 0.5337630924387029
112 800 638 9.158089593359506 0.44503124349592166
112 785 639 9.608569352406196 0.319761068744238
112 786 639 8.775910494074084 0.3940997955016173
112 787 639 7.98176703493654 0.48630249241080004
112 788 639 7.238826217005051 0.5991157191337207
112 789 639 6.564495791757328 0.7335448449578142
112 790 639 5.982023487081915 0.886188946627795
112 791 639 5.520562018490479 1.0452205428458612
112 792 639 5.21235119691677 1.1869062877005097
112 793 639 5.085332339188826 1.2782453697197926
112 794 639 5.15292198660136 1.2912022276245807
112 795 639 5.407828122268653 1.2213392690207616
112 796 639 5.825513282106541 1.0912162477516623
112 797 639 6.374057185184309 0.9343519373823816
112 798 639 7.022863020164905 0.7780322643827196
112 799 639 7.746780298937084 0.6374489627057992
112 800 639 8.526699537335636 0.5180816781416612
112 801 639 9.348615138083273 0.41990461708559945
112 784 640 10.02330309828051 0.29312501103456895
112 785 640 9.119134004937074 0.3654560833681615
112 786 640 8.237147868042658 0.4583144248018902
112 787 640 7.385296541101089 0.577617653619638
112 788 640 6.57530265463117 0.7301060423175278
112 789 640 5.824654925401137 0.9218286739305628
112 790 640 5.1593221453985345 1.1539012699870068
112 791 640 4.616341083585542 1.4133398251196738
112 792 640 4.242947678206714 1.6596261556263083
112 793 640 4.085903204922965 1.8211834699889589
112 794 640 4.169724811063646 1.8301595650735454
112 795 640 4.480915643035447 1.682255930401902
112 796 640 4.9770076351156805 1.4411755628612142
112 797 640 5.609153679477839 1.180611633065825
112 798 640 6.336766131079779 0.9446476229598637
112 799 640 7.130680542556917 0.7485389660712845
112 800 640 7.9711106503422595 0.5921296960478053
112 801 640 8.844806668322367 0.46962584869776636
112 784 641 9.659223830101451 0.3253796161033677
112 785 641 8.71737374442554 0.4111919767209118
112 786 641 7.790032413283 0.5244417382855922
112 787 641 6.883066540430927 0.6752078839961826
112 788 641 6.005714362172062 0.8770655800019286
112 789 641 5.1730653388488905 1.1468578947919563
112 790 641 4.410510741399435 1.5005968538890313
112 791 641 3.7609314005974372 1.937445069558712
112 792 641 3.2918999073483093 2.398479698527988
112 793 641 3.0868438574051353 2.7177939962118356
112 794 641 3.196968094929917 2.700896938554119
112 795 641 3.5934113318683445 2.359872078468675
112 796 641 4.195784193687735 1.8959570430361476
112 797 641 4.9291586503175004 1.4654039030857593
112 798 641 5.743570753459894 1.119567431593813
112 799 641 6.609130426916983 0.8565594891173427
112 800 641 7.508169217592253 0.6599068874480261
112 801 641 8.429982502947434 0.5129846908876802
112 784 642 9.388003248827719 0.35463923679292264
112 785 642 8.415854383245936 0.45340853706290835
112 786 642 7.451080794086172 0.5869654168753502
112 787 642 6.496968908652698 0.7706337089258167
112 788 642 5.559011153073884 1.0277739920457414
112 789 642 4.646999569614769 1.3939267693965518
112 790 642 3.7797625586800887 1.9203911343111413
112 791 642 2.996432044949436 2.664160054610413
112 792 642 2.381303214628466 3.603349792292525
112 793 642 2.088684993003941 4.355172764145062
112 794 642 2.248244871004909 4.205718149216678
112 795 642 2.7832723546214244 3.3274429417202973
112 796 642 3.526840654183273 2.428153201085856
112 797 642 4.373854707234787 1.7506155469731854
112 798 642 5.2747137363083425 1.2758830060570148
112 799 642 6.20601361584068 0.9452808645702053
112 800 642 7.1558790515211985 0.71206114789673
112 801 642 8.11779557515462 0.5446225156634097
112 784 643 9.217841667114914 0.37824121138292016
112 785 643 8.225606664556716 0.487723530190063
112 786 643 7.235510002757227 0.6384568701309086
112 787 643 6.24856823600414 0.8509405700177874
112 788 643 5.2665553258273 1.159184353682386
112 789 643 4.292855110529577 1.6224158191599183
112 790 643 3.334757112594546 2.3494319860299124
112 791 643 2.410934466135469 3.5476266347426475
112 792 643 1.5825943889701892 5.55962545634572
112 793 643 1.0938944190368347 7.9590161552157666
112 794 643 1.3742652582379942 6.929459073040607
112 795 643 2.1402348002029936 4.469757182118072
112 796 643 3.0450952366059023 2.894348785182438
112 797 643 3.9955731754029937 1.9573540085989694
112 798 643 4.965541762990215 1.3753081519781798
112 799 643 5.945469283412368 0.9962435459364233
112 800 643 6.9311330242608955 0.7394517541329211
112 801 643 7.920391720110818 0.5598513221660516
112 783 644 10.154339220254556 0.30816170401700604
112 784 644 9.154376275858445 0.3936162765828443
112 785 644 8.154422419767076 0.5097335026774479
112 786 644 7.154481462691754 0.6710063265330304
112 787 644 6.154559691805739 0.9011047088049287
112 788 644 5.154668272546736 1.2408048317142477
112 789 644 4.154829118026392 1.7655000582249194
112 790 644 3.155091916252199 2.6291378801686447
112 791 644 2.1555985247721754 4.197732414062761
112 792 644 1.1569809851505715 7.61561661970069
112 793 644 0.17494284781034605 20.56442062507608
112 794 644 0.8500617624619997 9.740855192579605
112 795 644 1.8478649842453339 4.996996575874825
112 796 644 2.8472100379143117 3.0313297038284595
112 797 644 3.8468955015700677 1.9971466371472042
112 798 644 4.846710740285625 1.3854632878745097
112 799 644 5.846589176605454 0.9965406412980066
112 800 644 6.8465031220324475 0.7365526157916784
112 801 644 7.846439001228522 0.5561685403641259
112 783 645 10.195322702102175 0.31240391131309736
112 784 645 9.199815487280166 0.39887819045322065
112 785 645 8.20540096521797 0.5161922416972103
112 786 645 7.212531109118352 0.6787136316345785
112 787 645 6.221945435312014 0.9096380161478584
112 788 645 5.234940782855143 1.2481759306912688
112 789 645 4.254010460729972 1.7644510596857061
112 790 645 3.284601193448001 2.5925742479428173
112 791 645 2.3410692001732967 4.005724617495989
112 792 645 1.4739759156784236 6.50706149594773
112 793 645 0.9298413843231833 9.215256320668187
112 794 645 1.247639771729028 6.925535524556554
112 795 645 2.0612144478438115 4.254045547090159
112 796 645 2.9900844469680243 2.733482989634268
112 797 645 3.9538089230513003 1.8496158149487392
112 798 645 4.9319980738033635 1.3026638392479455
112 799 645 5.917482995328343 0.946091733610494
112 800 645 6.907141594031507 0.7039730815897703
112 784 646 9.352572106110706 0.39334173106952947
112 785 646 8.376312136017859 0.506082320054032
112 786 646 7.406389471260613 0.6600750885921186
112 787 646 6.445665597903763 0.8744165664429521
112 788 646 5.498963993335479 1.1788665394719133
112 789 646 4.574997814207137 1.6197505200215112
112 790 646 3.690881331064451 2.264667481800199
112 791 646 2.8835056788569187 3.181366354840331
112 792 646 2.2375444129670603 4.272003884305357
112 793 646 1.9231757589986709 4.836990991584042
112 794 646 2.09537705437473 4.203486722981548
112 795 646 2.6613164035867904 3.111532720064495
112 796 646 3.4314144313970787 2.213640484651391
112 797 646 4.297278790118247 1.5847960877245741
112 798 646 5.211391848633161 1.1548983925738034
112 799 646 6.152284535032508 0.8576923532963173
112 800 646 7.109332247124209 0.6481642481176279
112 784 647 9.607528558375463 0.37772731152238276
112 785 647 8.660058025209768 0.48098317644386757
112 786 647 7.725840083770834 0.6186563818270865
112 787 647 6.810330755550726 0.8038857088274994
112 788 647 5.922212846563363 1.0542740624026976
112 789 647 5.07588465195971 1.3906094829247355
112 790 647 4.2961151055343185 1.8276008912497936
112 791 647 3.626100522600023 2.3415166444523914
112 792 647 3.1369738602672745 2.802237480283843
112 793 647 2.921062306764471 2.9614885607118437
112 794 647 3.037203483469651 2.699646892044525
112 795 647 3.452043597638968 2.203910535982487
112 796 647 4.0753656277689 1.703334218496004
112 797 647 4.827070022280617 1.2929477548089578
112 798 647 5.656200579894618 0.9811380939872155
112 799 647 6.533345620736761 0.7497886023199659
112 784 648 9.956837098195399 0.3539460867762095
112 785 648 9.046027028480523 0.4445061397893166
112 786 648 8.156139098862903 0.5615385119556212
112 787 648 7.29483413108209 0.7124985700314651
112 788 648 6.473531107517767 0.9050656528134305
112 789 648 5.709518806344384 1.143636329429384
112 790 648 5.028976536035957 1.4206437133125465
112 791 648 4.470190711815349 1.7010367492804894
112 792 648 4.083455032200089 1.91045541208739
112 793 648 3.9200261478720053 1.9619001607172564
112 794 648 4.007318929159525 1.829407724910294
112 795 648 4.330196877741271 1.5760900977879064
112 796 648 4.841756396185196 1.2904282976217851
112 797 648 5.489499521814376 1.0287512355818162
112 798 648 6.231099822663754 0.8113107929216214
112 799 648 7.036945715294404 0.6386636016274471
112 786 649 8.680818221803763 0.4966853806433944
112 787 649 7.87709368993414 0.6144779017192397
112 788 649 7.123243994136398 0.7561951631238105
112 789 649 6.436816371468139 0.9190477590435062
112 790 649 5.84162691379724 1.09117563098254
112 791 649 5.368110002598706 1.2471119478509787
112 792 649 5.050604419275013 1.3497466674431828
112 793 649 4.919411041984629 1.3662676195162586
112 794 649 4.989248941474087 1.2907222212384881
112 795 649 5.252104816166592 1.1487934992449802
112 796 649 5.681250302530273 0.9786448681823605
112 797 649 6.242483880636002 0.8106129177194119
112 798 649 6.9036660550754 0.6609038947319518
112 787 650 8.537130958348964 0.5200682263906655
112 788 650 7.8469487700634515 0.6217695982559408
112 789 650 7.2295646480269005 0.7312795155480856
112 790 650 6.7051178214853415 0.8386578058375137
112 791 650 6.29687263647601 0.928213429379288
112 792 650 6.028482810790817 0.9816701680180903
112 793 650 5.919003716842925 0.9856351631118515
112 794 650 5.977173663195705 0.9390371396647084
112 795 650 6.198274356625428 0.8537838982790119
112 796 650 6.565866660236132 0.7479695401643082
112 797 650 7.057096074165377 0.6379957025487863
112 788 651 8.626042255866846 0.5070746233224724
112 789 651 8.068494593169186 0.5806326573152528
112 790 651 7.6021447631573285 0.648589968851281
112 791 651 7.244625939273911 0.701751896528059
112 792 651 7.012603296921936 0.7309164430045682
112 793 651 6.918714114631448 0.7302310422043622
112 794 651 6.968543965564142 0.699840013382993
112 795 651 7.15909247041833 0.64581490719422
112 796 651 7.479612623659091 0.5774247596713432
112 788 652 9.446830420834305 0.41228394333241536
112 789 652 8.940615470984111 0.4620122145229388
112 790 652 8.522124441710556 0.5058075057780217
112 791 652 8.20479158784673 0.5383295887244174
112 792 652 8.000662785044778 0.5547944960288291
312 1914 812 11.80311674940144 0.3124485507630838
312 1915 812 11.401208927127017 0.34386152161080663
312 1916 812 11.075268168310904 0.36604322380481275
312 1917 812 10.832154217883012 0.37530887904113513
312 1912 813 11.98906022171883 0.27289661713797864
312 1913 813 11.419788308020458 0.32177234638363644
312 1914 813 10.912633275245748 0.37154312305043735
312 1915 813 10.476619922475031 0.4170244076828081
312 1916 813 10.120946843057753 0.45157224102728566
312 1917 813 9.854317074257388 0.4688155907718374
312 1918 813 9.684088237929302 0.46512216966659115
312 1919 813 9.615381687691896 0.44129600242265365
312 1920 813 9.650366055233377 0.4021848693185807
312 1911 814 11.867416104611852 0.25363619078260574
312 1912 814 11.203105149912712 0.3093067193123314
312 1913 814 10.591674324675996 0.3726794243034695
312 1914 814 10.042786714851644 0.4405166253999061
312 1915 814 9.567213021564882 0.5062755239054945
312 1916 814 9.176359027413904 0.5601116239846123
312 1917 814 8.881416835167721 0.5910956068421168
312 1918 814 8.692155371367944 0.5916732196838547
312 1919 814 8.615542060717978 0.5616945187398954
312 1920 814 8.654569024509572 0.5085007384015086
312 1921 814 8.807699188777994 0.44298548696124274
312 1922 814 9.069154591250527 0.375087471776384
312 1910 815 11.913587411019432 0.22338384835578376
312 1911 815 11.162775864452385 0.2788545985607057
312 1912 815 10.453782329855574 0.34687826453683
312 1913 815 9.795691144579878 0.42782339044633183
312 1914 815 9.19943286295414 0.5192814113669924
312 1915 815 8.677762672486532 0.6139026131840233
312 1916 815 8.244850817328386 0.697855080390763
312 1917 815 7.915274158233595 0.7527137945091562
312 1918 815 7.702309069363584 0.7629708047351415
312 1919 815 7.6157445466612455 0.7254046514600792
312 1920 815 7.6598671659501045 0.6513145854882232
312 1921 815 7.832468640218131 0.5591052699997504
312 1922 815 8.125365530239266 0.4650715537556957
312 1923 815 8.526169421258318 0.3792053506505254
312 1910 816 11.300688695827375 0.23842374050568024
312 1911 816 10.506167950304269 0.30243667305728106
312 1912 816 9.749541784104553 0.3837695237563791
312 1913 816 9.040329916546218 0.4850343018899049
312 1914 816 8.390564045402463 0.606214308584405
312 1915 816 7.815085732095364 0.7409207432471486
312 1916 816 7.331409482493834 0.8716012297553227
312 1917 816 6.958704261570575 0.9683632029340996
312 1918 816 6.715472060845794 0.9996455926007937
312 1919 816 6.616008237600709 0.953383172939567
312 1920 816 6.666750707803646 0.8470893071439606
312 1921 816 6.864369235406877 0.7135518245762299
312 1922 816 7.196774624788549 0.5805660899796029
312 1923 816 7.646408634123627 0.4631298341497094
312 1924 816 8.193995667560506 0.365975185199553
312 1910 817 10.746048808748291 0.2507617242327159
312 1911 817 9.907147167575566 0.32283209063869467
312 1912 817 9.100855179597163 0.4175220221176612
312 1913 817 8.33663991065948 0.5407724455969708
312 1914 817 7.627159694145684 0.6972341170761085
312 1915 817 6.989103304430437 0.8852383078303248
312 1916 817 6.443722914589084 1.086947232713337
312 1917 817 6.01627501033658 1.2577390853689534
312 1918 817 5.7331984964765 1.3345385664700533
312 1919 817 5.616365817857698 1.28048349906378
312 1920 817 5.676051884893262 1.122091031529707
312 1921 817 5.9069082437431115 0.9218313463551232
312 1922 817 6.290116453611992 0.7293298429284382
312 1923 817 6.799968014630678 0.5666912225095131
312 1924 817 7.410368749259396 0.43765084077989413
312 1910 818 10.259121063716936 0.2595256320410905
312 1911 818 9.376756635425732 0.33844291665125126
312 1912 818 8.520420470845348 0.4452717307644818
312 1913 818 7.6988028290118224 0.5901641564355147
312 1914 818 6.9242736081122915 0.7849974122524145
312 1915 818 6.214464176419427 1.0388435602845036
312 1916 818 5.594065158719585 1.34357883494844
312 1917 818 5.095838007629397 1.6442960888735023
312 1918 818 4.7583153531476166 1.8213939118973252
312 1919 818 4.61687827433216 1.7683517730988523
312 1920 818 4.689303253149692 1.5200522245620625
312 1921 818 4.9662425434125 1.2064280742271205
312 1922 818 5.41641625062183 0.9207230050198307
312 1923 818 6.0009636726112765 0.6931346841197911
312 1924 818 6.684726247199671 0.5215447487099155
312 1925 818 7.440400862856797 0.394654256641679
312 1910 819 9.84995253795674 0.26403572765225664
312 1911 819 8.927237254604607 0.3478768995985364
312 1912 819 8.023064564117654 0.46419175598992485
312 1913 819 7.144477937540319 0.6275873303044345
312 1914 819 6.302187318701368 0.8589549235495062
312 1915 819 5.512854523747232 1.184869185569392
312 1916 819 4.8026622825262555 1.6256198356870644
312 1917 819 4.2118362978634725 2.145360664062738
312 1918 819 3.7965201171599583 2.548951250763415
312 1919 819 3.6176739764661274 2.5355744107178797
312 1920 819 3.709658340063168 2.117457998137424
312 1921 819 4.054080043610411 1.5988829238276114
312 1922 819 4.594514664249116 1.1643323312850984
312 1923 819 5.271011762460804 0.8442368918981381
312 1924 819 6.038010019865827 0.6172027822448902
312 1925 819 6.865243258618015 0.45683409478708525
312 1910 820 9.528565736772789 0.2639222568309878
312 1911 820 8.571322243388144 0.3502190106772417
312 1912 820 7.6250616390951445 0.47209696426624553
312 1913 820 6.694442844628693 0.6478975330241555
312 1914 820 5.787016934483628 0.9072188128082634
312 1915 820 4.915644922082987 1.297545205717541
312 1916 820 4.103360208414592 1.8883953185635367
312 1917 820 3.3928697292999943 2.7361950702623488
312 1918 820 2.8610426421149677 3.651920269541313
312 1919 820 2.619077127539427 3.8400505547518082
312 1920 820 2.7447340490474033 3.054802875254497
312 1921 820 3.1949280117085785 2.1379311582711056
312 1922 820 3.857663152738988 1.4652148737664097
312 1923 820 4.642797109501996 1.017732379161504
312 1924 820 5.498141958880296 0.7217946053208434
312 1925 820 6.395589495894811 0.5226054920998758
312 1910 821 9.304061747430543 0.2591946904852736
312 1911 821 8.321031486540614 0.3452333061136925
312 1912 821 7.342585716217432 0.4680103034193593
312 1913 821 6.370837072159375 0.6479650249150285
312 1914 821 5.409395992160328 0.9204101833409708
312 1915 821 4.464926091213627 1.3494310891105146
312 1916 821 3.5509949310017572 2.056761933162225
312 1917 821 2.698808070241408 3.2703811074749485
312 1918 821 1.9893629633629282 5.2169599702505876
312 1919 821 1.622209912434303 6.36690829729075
312 1920 821 1.818121283083196 4.590968982880869
312 1921 821 2.4453149081457926 2.8472982264205116
312 1922 821 3.2639799325363574 1.811828042767215
312 1923 821 4.162639186862107 1.2030936324834538
312 1924 821 5.099172972159309 0.8287584780179738
312 1925 821 6.0560354193151795 0.5881254732310595
312 1926 821 7.024924554755016 0.4275744635216078
312 1911 822 8.186059186201883 0.33341783011980186
312 1912 822 7.189267347929148 0.4524416477920518
312 1913 822 6.193509909574713 0.6277789979576295
312 1914 822 5.199381213182983 0.8957304696625921
312 1915 822 4.208035765057152 1.3254497984045404
312 1916 822 3.2220436061605544 2.062241772887694
312 1917 822 2.2484583607441095 3.4579963341980218
312 1918 822 1.3151292712125549 6.560455947049326
312 1919 822 0.6352676601244894 12.81071871258195
312 1920 822 1.0380582835274819 7.01653860119727
312 1921 822 1.9368957122158126 3.644213119246454
312 1922 822 2.902682380144266 2.1543172345920563
312 1923 822 3.8858158731468424 1.3769171081918825
312 1924 822 4.875814290967195 0.9268805794830545
312 1925 822 5.869204801333815 0.6477149013017764
312 1926 822 6.864514913670149 0.4657427490480585
312 1911 823 8.17212120566014 0.31589007581844974
312 1912 823 7.1733928513639995 0.4272403728660827
312 1913 823 6.17507611289125 0.5904515963519591
312 1914 823 5.177409101085222 0.8383321008810027
312 1915 823 4.1808569695697635 1.2327689547937952
312 1916 823 3.186465910691662 1.9023150822680075
312 1917 823 2.1971720460628528 3.1551597141884655
312 1918 823 1.2253836134043903 5.929362763387714
312 1919 823 0.4190047732424755 14.238087157616613
312 1920 823 0.921718503665819 8.646916041791155
312 1921 823 1.8771161391879658 4.164974475531881
312 1922 823 2.8631390116443725 2.3903249830949074
312 1923 823 3.8563668134657383 1.503089546714783
312 1924 823 4.852377252440279 1.0011940650836215
312 1925 823 5.849749139920433 0.6944049769712481
312 1926 823 6.84788763050328 0.496479240031043
312 1912 824 7.295859442176779 0.39509622148643514
312 1913 824 6.316926863594357 0.5411191294661576
312 1914 824 5.345798817763349 0.7588486431089652
312 1915 824 4.387660538373496 1.0959298520577938
312 1916 824 3.4533411357698185 1.6429559101975937
312 1917 824 2.568961852577799 2.5829056097590875
312 1918 824 1.8092995882384804 4.2766648478004745
312 1919 824 1.3955518621677636 6.814787226008325
312 1920 824 1.6191247635682344 6.474262991400456
312 1921 824 2.301209464607659 3.9664715361425436
312 1922 824 3.1574617970768624 2.4112332075666507
312 1923 824 4.079652558735832 1.5453264363702146
312 1924 824 5.0316562879433455 1.037001844513309
312 1925 824 5.99929704215417 0.7214171329762977
312 1926 824 6.976070885534332 0.5163517979115186
312 1913 825 6.608749125212727 0.4854051791828856
312 1914 825 5.68766779972248 0.669087629044441
312 1915 825 4.798287715425153 0.9426627966626395
312 1916 825 3.962015270036186 1.3604556777488293
312 1917 825 3.220491422127979 2.007481183150789
312 1918 825 2.654348319267814 2.969636373737052
312 1919 825 2.3915612055725957 4.049665085212115
312 1920 825 2.528549979731432 4.220732532025553
312 1921 825 3.0112397778987647 3.2380762220368586
312 1922 825 3.706961693894311 2.205759190241366
312 1923 825 4.518358662169235 1.4894019088407047
312 1924 825 5.3934742977045635 1.026102156862537
312 1925 825 6.305835789171782 0.7242647234344626
312 1926 825 7.241378667077126 0.5228498195409987
312 1913 826 7.03189625918926 0.4281908612797033
312 1914 826 6.174266353179128 0.578707920199309
312 1915 826 5.366149923362174 0.793485462204156
312 1916 826 4.633526195026834 1.1015781931583652
312 1917 826 4.017905548914736 1.5358070999277798
312 1918 826 3.5801627057998084 2.0988653388731935
312 1919 826 3.3899210905270025 2.652373103310359
312 1920 826 3.48791700015923 2.831332277232522
312 1921 826 3.852215596251038 2.4623828511497745
312 1922 826 4.417416099938936 1.8729737461210256
312 1923 826 5.117378723526303 1.3539218575318976
312 1924 826 5.904368298133144 0.9710714332595326
312 1925 826 6.748004519856196 0.7024497698039551
312 1914 827 6.774478946753014 0.49399324492855046
312 1915 827 6.047112120673785 0.6594611203978308
312 1916 827 5.407547040941926 0.8835882780990221
312 1917 827 4.890354281644609 1.1761054071726165
312 1918 827 4.537572588951028 1.521718511163118
312 1919 827 4.389027796676585 1.84007588539566
312 1920 827 4.465150053469614 1.9774701227033866
312 1921 827 4.755161932048127 1.840346747138477
312 1922 827 5.223558652872546 1.522092534971977
312 1923 827 5.827483590710456 1.1764503851517063
312 1924 827 6.529438337253795 0.8838614801190088
312 1925 827 7.301202983070638 0.6596651015264445
312 1915 828 6.807317019208062 0.5445370158400261
312 1916 828 6.246083973178692 0.707419614383502
312 1917 828 5.8040989826156215 0.9075633041262036
312 1918 828 5.5101329385051745 1.129527310710555
312 1919 828 5.3884659226907665 1.3273976329404835
312 1920 828 5.450648126599224 1.4281982019210424
312 1921 828 5.690655937587477 1.3814915078474779
312 1922 828 6.0874925051288225 1.211816251052743
312 1923 828 6.612984575817455 0.9916947414489273
312 1924 828 7.239168805878168 0.7799972791696405
312 1925 828 7.942264475576189 0.6023604754882813
312 1915 829 7.623094188057738 0.44859726032982505
312 1916 829 7.126399160866563 0.567661523144376
312 1917 829 6.742370873809867 0.7072759617104185
312 1918 829 6.491037282283903 0.855480049954589
312 1919 829 6.3880799149665926 0.9854775323127439
312 1920 829 6.440618370932993 1.0593992197182638
312 1921 829 6.644965387419226 1.0489750074945503
312 1922 829 6.987815466939544 0.9585032821376039
312 1923 829 7.4500714761671585 0.8210190083533935
312 1924 829 8.011090125569645 0.6730183551996899
312 1915 830 8.478417600000581 0.3696790494530445
312 1916 830 8.034772243193927 0.4575172165790765
312 1917 830 7.696204584079061 0.5568416812042598
312 1918 830 7.477002407382222 0.6590798434815341
312 1919 830 7.387798386528934 0.7481165863679348
312 1920 830 7.4332741776420095 0.8029096173170107
312 1921 830 7.611016029414173 0.8069148043174044
312 1922 830 7.912115077525065 0.7588095960286644
312 1923 830 8.323194398787008 0.6734551321343002
312 1924 830 8.828905085003429 0.5719671408477646
312 1916 831 8.96267621863021 0.3707335346061089
312 1917 831 8.66045986076949 0.44272100214051374
312 1918 831 8.46626039051478 0.5152077345114141
312 1919 831 8.387583978715172 0.5782006082243295
312 1920 831 8.427666640298455 0.6193566737729576
312 1921 831 8.584845077227627 0.6286018589562796
312 1922 831 8.852884558153878 0.6034433744281237
312 1923 831 9.222123670825466 0.5504652205529798
312 1917 832 9.632007319349349 0.3552155892345177
312 1918 832 9.457778016003516 0.4078114200224134
312 1919 832 9.387415245955587 0.45355401091226766
312 1920 832 9.42324599063398 0.48487821094462036
312 1921 832 9.564076798102331 0.4954320587192949
312 1922 832 9.80538449016658 0.482850640165254
312 1918 833 10.450912161146478 0.32633083453137923
312 1919 833 10.387278998852361 0.36026558129540337
312 1920 833 10.419672019790225 0.38440320049021565
312 1921 833 10.547206502197598 0.3946155521359069
1368 2130 1719 13.158482169308016 0.10131735616034725
1368 2131 1719 12.691006776453834 0.11129800091121521
1368 2132 1719 12.287296407265403 0.12148452196489785
1368 2133 1719 11.953813324625639 0.1316221760836211
1368 2134 1719 11.696565863534374 0.14139622213467568
1368 2135 1719 11.520662003548138 0.15044272836106554
1368 2136 1719 11.429857960622169 0.15836977510423114
1368 2137 1719 11.426182783414509 0.1647888726738832
1368 2128 1720 13.471438416145354 0.1002041198932096
1368 2129 1720 12.86062412948909 0.11205430711532369
1368 2130 1720 12.300880171759953 0.12474475591684973
1368 2131 1720 11.79947681043517 0.13810558219188235
1368 2132 1720 11.364138902706069 0.15187492360670937
1368 2133 1720 11.002711165889872 0.16568795404609657
1368 2134 1720 10.722670049945481 0.17907591840811513
1368 2135 1720 10.530510576415466 0.1914807736246918
1368 2136 1720 10.43109069081456 0.20228980853912695
1368 2137 1720 10.427063488825524 0.2108909242244656
1368 2138 1720 10.518538539169713 0.21674320111090745
1368 2139 1720 10.70306745750949 0.2194505895390607
1368 2127 1721 13.406328841259894 0.10751649054845945
1368 2128 1721 12.713994376276757 0.12172475750528142
1368 2129 1721 12.064893410221126 0.13735562245119062
1368 2130 1721 11.466370524276517 0.15432016218930683
1368 2131 1721 10.92674027329274 0.17241494569240937
1368 2132 1721 10.455125680736586 0.19128970381108198
1368 2133 1721 10.061096013854447 0.21042055204048174
1368 2134 1721 9.754058283606778 0.22909887874458454
1368 2135 1721 9.542413373984497 0.24644847015648666
1368 2136 1721 9.432584640489495 0.26148233185324216
1368 2137 1721 9.428130938844587 0.2732033735069882
1368 2138 1721 9.529200018889238 0.2807390357782033
1368 2139 1721 9.732504970458471 0.2834829330292767
1368 2140 1721 10.031831986232575 0.28120527469719897
1368 2141 1721 10.418908436107843 0.2740971465158998
1368 2126 1722 13.489983432161688 0.11308606622008817
1368 2127 1722 12.723822263769524 0.12954826516633153
1368 2128 1722 11.992149640493865 0.1481246111374423
1368 2129 1722 11.301665939143545 0.16888088432315262
1368 2130 1722 10.660377713758434 0.19176986342320096
1368 2131 1722 10.077680933627422 0.21657473039308672
1368 2132 1722 9.564290512107933 0.24284426260541586
1368 2133 1722 9.131903032774604 0.26983040373132827
1368 2134 1722 8.792477068494303 0.29644800606886246
1368 2135 1722 8.557082037704111 0.3212853967070961
1368 2136 1722 8.434432583167554 0.3426964232715004
1368 2137 1722 8.429451524268863 0.35899086288759857
1368 2138 1722 8.542344701544117 0.3687056128901928
1368 2139 1722 8.768560486191506 0.37089303315498184
1368 2140 1722 9.09965125705371 0.36533182599517444
1368 2141 1722 9.524686504027276 0.35257887439655045
1368 2142 1722 10.031732303047141 0.3338406458440628
1368 2143 1722 10.609036384139687 0.3107162967538134
1368 2144 1722 11.245783787713503 0.28490628651988187
1368 2145 1722 11.932462151626545 0.2579715137759685
1368 2146 1722 12.660949924867413 0.23118636540400678
1368 2147 1722 13.42444237203171 0.20548575203941377
1368 2148 1722 14.21730118552746 0.181480742669062
1368 2149 1722 15.034881210039561 0.1595116137781703
1368 2126 1723 12.889749919994452 0.1347913796837813
1368 2127 1723 12.085596923611062 0.15601804864253624
1368 2128 1723 11.312720848672848 0.18038032854636737
1368 2129 1723 10.577979627509098 0.2080983832613609
1368 2130 1723 9.889876288407134 0.2392505571130238
1368 2131 1723 9.258814880966021 0.2736737100613021
1368 2132 1723 8.697220992937801 0.31083545156041004
1368 2133 1723 8.219346263541777 0.3496922176392669
1368 2134 1723 7.840513567362685 0.38856975329871163
1368 2135 1723 7.575595884153174 0.4251312691353947
1368 2136 1723 7.43677705730101 0.45651738799022296
1368 2137 1723 7.431127303444534 0.4797206262615867
1368 2138 1723 7.558945230652158 0.49216868961243465
1368 2139 1723 7.81368370232627 0.4923541207676004
1368 2140 1723 8.18349882385275 0.48025377653562706
1368 2141 1723 8.653649692470774 0.4573355440045249
1368 2142 1723 9.208781298304334 0.4261488796988617
1368 2143 1723 9.834513358575494 0.38969752819642817
1368 2144 1723 10.518253324578183 0.3508518360556057
1368 2145 1723 11.249429007731912 0.3119671133402614
1368 2146 1723 12.019386548405885 0.2747373914161046
1368 2147 1723 12.821140861873427 0.2402234194499235
1368 2148 1723 13.649089823134751 0.2089706659430936
1368 2149 1723 14.498746600999716 0.1811512384169741
1368 2150 1723 15.366510762043575 0.15669235600412837
1368 2125 1724 13.20589463080775 0.13691001452733093
1368 2126 1724 12.341460732020224 0.16017230827851403
1368 2127 1724 11.499028350256266 0.18750563182406285
1368 2128 1724 10.683803302195221 0.21948359531390157
1368 2129 1724 9.902507409742125 0.25663618893768064
1368 2130 1724 9.16382305590837 0.29934589911888054
1368 2131 1724 8.47889456238241 0.34768080542943136
1368 2132 1724 7.861784339448531 0.40115038493445243
1368 2133 1724 7.32964207857371 0.45839028401411036
1368 2134 1724 6.902148433639956 0.5168328987569664
1368 2135 1724 6.599670673601727 0.5725073366411025
1368 2136 1724 6.439848833629469 0.6202046170113782
1368 2137 1724 6.433323635571197 0.6542409771963565
1368 2138 1724 6.580551116737805 0.6698175235808317
1368 2139 1724 6.871655768444701 0.6645211784208118
1368 2140 1724 7.289420621695493 0.6391880522154492
1368 2141 1724 7.813555720669027 0.5975964582194717
1368 2142 1724 8.424230113191344 0.5451849907692474
1368 2143 1724 9.104045968688867 0.4875362563332225
1368 2144 1724 9.838681466538095 0.42929109601431736
1368 2145 1724 10.616762830543044 0.3737068865065475
1368 2146 1724 11.429420501495276 0.3227090559552971
1368 2147 1724 12.269786183956128 0.27718048553313807
1368 2148 1724 13.13254175702483 0.23729554992012683
1368 2149 1724 14.013552476085462 0.20280273708302474
1368 2150 1724 14.90958258973071 0.17322897185157865
1368 2151 1724 15.81807994037207 0.14801257825024464
1368 2125 1725 12.749966784270347 0.1600959599292056
1368 2126 1725 11.852326902342735 0.18935109200304653
1368 2127 1725 10.972404157703885 0.22438301373783717
1368 2128 1725 10.114823429007432 0.2662515180606144
1368 2129 1725 9.285776919568864 0.31607407755105354
1368 2130 1725 8.49362425587558 0.3748962954934513
1368 2131 1725 7.749687284013347 0.4434398801581463
1368 2132 1725 7.069204552140102 0.5216651681546493
1368 2133 1725 6.472221643299811 0.6080977461064964
1368 2134 1725 5.983782499389385 0.6989577854396886
1368 2135 1725 5.6321978835973825 0.7873676445243434
1368 2136 1725 5.444047483260869 0.8632982940888655
1368 2137 1725 5.43632716086874 0.9151496371797698
1368 2138 1725 5.609781903068901 0.9332551422721502
1368 2139 1725 5.9485841172500455 0.913885654273244
1368 2140 1725 6.426636211891854 0.8610236961903971
1368 2141 1725 7.015529416943517 0.7844730566930774
1368 2142 1725 7.689840895623265 0.6958286224272272
1368 2143 1725 8.429095621714122 0.6050258139513797
1368 2144 1725 9.217681541472365 0.5188282298604094
1368 2145 1725 10.043985911977401 0.44092154800881617
1368 2146 1725 10.89943360913771 0.37271718851761615
1368 2147 1725 11.777676044109926 0.3142189028398021
1368 2148 1725 12.673975422100241 0.26468784506877135
1368 2149 1725 13.584758113415239 0.22307263180488773
1368 2150 1725 14.507296543463958 0.18825615922020397
1368 2151 1725 15.439483572969708 0.15918192553467636
1368 2125 1726 12.358302998389274 0.1856703981405078
1368 2126 1726 11.429945450438401 0.22207927154865062
1368 2127 1726 10.514735041835227 0.2665600879112406
1368 2128 1726 9.616426207276684 0.3209670635444673
1368 2129 1726 8.740231861912932 0.38746782471960434
1368 2130 1726 7.893519683892488 0.4684447860937564
1368 2131 1726 7.086864821625874 0.5661985340557424
1368 2132 1726 6.335586239646534 0.6822714134108627
1368 2133 1726 5.661771189300984 0.8161292987700268
1368 2134 1726 5.0962391034957175 0.9629780673904765
1368 2135 1726 4.6784242005186965 1.110987001722876
1368 2136 1726 4.45012954867599 1.2396216338808692
1368 2137 1726 4.440681591827919 1.3226865877676874
1368 2138 1726 4.651414086060228 1.3385964766486114
1368 2139 1726 5.054864290957738 1.2827689210689297
1368 2140 1726 5.6096036401870535 1.1706415457871597
1368 2141 1726 6.275639648673273 1.0280314900079883
1368 2142 1726 7.0213711623870285 0.8787222348357699
1368 2143 1726 7.824043264195332 0.7382930713909832
1368 2144 1726 8.667851694624252 0.6142517618319672
1368 2145 1726 9.541889383135851 0.5086601297177026
1368 2146 1726 10.43856565817358 0.42066664610839744
1368 2147 1726 11.352517474111238 0.3481854964371757
1368 2148 1726 12.279888150956472 0.28881622770101517
1368 2149 1726 13.217853570077152 0.24027747971938562
1368 2150 1726 14.164309125403946 0.2005746635393211
1368 2151 1726 15.11766030177956 0.1680368276900216
1368 2124 1727 12.999140471584932 0.1769499960354909
1368 2125 1727 12.037177950001299 0.21291374385661346
1368 2126 1727 11.081951678291945 0.2575106065472286
1368 2127 1727 10.135366446261223 0.31311388743663293
1368 2128 1727 9.200089836517794 0.3827861279073506
1368 2129 1727 8.279954891181362 0.4704350136753579
1368 2130 1727 7.380626870395111 0.5809190358200123
1368 2131 1727 6.510733676015208 0.7199481343004448
1368 2132 1727 5.683806207111452 0.8934076363339901
1368 2133 1727 4.921549857514281 1.105307336131042
1368 2134 1727 4.258832351713202 1.352948941135485
1368 2135 1727 3.748820214414019 1.6179595068157955
1368 2136 1727 3.4597186301777976 1.8558481566500589
1368 2137 1727 3.447557541216608 1.9987096658412011
1368 2138 1727 3.7150576038602243 1.9907905272951405
1368 2139 1727 4.209234253400473 1.8354989682013794
1368 2140 1727 4.86144556690703 1.5921637128223058
1368 2141 1727 5.61690777919668 1.3273710353091326
1368 2142 1727 6.439382967334708 1.0827697818643067
1368 2143 1727 7.306274905860065 0.8746919738543466
1368 2144 1727 8.20351467360184 0.7048498633958717
1368 2145 1727 9.122151774663742 0.5688936515660099
1368 2146 1727 10.056324030181258 0.4608954923071624
1368 2147 1727 11.002074940664656 0.3752128947959184
1368 2148 1727 11.956657266978983 0.30708163573742786
1368 2149 1727 12.918113368445157 0.2526833333546201
1368 2150 1727 13.885015412306954 0.20903022737843976
1368 2151 1727 14.856300111400612 0.17380839159485514
1368 2110 1728 26.651822695643073 0.021248038728553426
1368 2111 1728 25.656103620775998 0.024390416806452965
1368 2124 1728 12.772769981487864 0.1981735552685876
1368 2125 1728 11.792355701894241 0.2405560177706037
1368 2126 1728 10.815528327363293 0.2939621626928242
1368 2127 1728 9.84335577940765 0.3618450041731114
1368 2128 1728 8.877367458880936 0.44892366202595707
1368 2129 1728 7.9198265763840014 0.5616887751564443
1368 2130 1728 6.974213432351959 0.7090768104449036
1368 2131 1728 6.046127107496059 0.9032591727701983
1368 2132 1728 5.145061029764257 1.1601846929989343
1368 2133 1728 4.288082671777563 1.4984987967964134
1368 2134 1728 3.5076563400651395 1.9325038097784297
1368 2135 1728 2.866993721653282 2.4482839335823576
1368 2136 1728 2.4770250301519976 2.9502230927886637
1368 2137 1728 2.460010772334071 3.2243915955625937
1368 2138 1728 2.822703137065575 3.0916293850970926
1368 2139 1728 3.4472674685901596 2.644580761938772
1368 2140 1728 4.21896349830147 2.1162883874799405
1368 2141 1728 5.071060342768595 1.647551492806313
1368 2142 1728 5.969225494149179 1.2748051758993555
1368 2143 1728 6.895480621392585 0.989984848592665
1368 2144 1728 7.839875828098354 0.7746595532418061
1368 2145 1728 8.796570524926235 0.6115831866345054
1368 2146 1728 9.761949241826715 0.487211996336509
1368 2147 1728 10.73366913035805 0.39150560802361967
1368 2148 1728 11.710151706959286 0.3171564278390306
1368 2149 1728 12.690297593043343 0.2588579589615907
1368 2150 1728 13.673319019170211 0.21273801487226776
1368 2151 1728 14.6586374878432 0.1759481743772187
1368 2109 1729 27.578427311940672 0.019512559237760175
1368 2110 1729 26.579797835950433 0.022376269578363486
1368 2111 1729 25.581275437319295 0.02572538723871156
1368 2112 1729 24.582873164054597 0.0296551280938363
1368 2124 1729 12.621792780742268 0.21813806284399195
1368 2125 1729 11.628656543212454 0.26672476919584953
1368 2126 1729 10.636806522636293 0.32877112339090747
1368 2127 1729 9.646639466674298 0.40893182345377455
1368 2128 1729 8.658732759474583 0.5138649671552106
1368 2129 1729 7.67395940828452 0.6532920296681882
1368 2130 1729 6.693702488159947 0.8417271803679675
1368 2131 1729 5.720284346079208 1.1013423506743825
1368 2132 1729 4.7579042655353 1.4666887206703882
1368 2133 1729 3.814925032028699 1.991897130460286
1368 2134 1729 2.910266826254826 2.7575535447921826
1368 2135 1729 2.09419507209799 3.8497171135409407
1368 2136 1729 1.517119968888312 5.159890529242936
1368 2137 1729 1.489178632669647 5.7987613192500564
1368 2138 1729 2.0331387065323425 4.956382572706656
1368 2139 1729 2.8371910404483116 3.6492899322089447
1368 2140 1729 3.7370647572661007 2.6129900427485486
1368 2141 1729 4.677782915014388 1.8928190562113891
1368 2142 1729 5.638940769328995 1.3982858968865297
1368 2143 1729 6.611630131820809 1.0531492524452348
1368 2144 1729 7.591419695946273 0.8070281388970815
1368 2145 1729 8.575876223453857 0.6278020964446336
1368 2146 1729 9.563558595000156 0.4948030010382359
1368 2147 1729 10.553561152521054 0.39445149932479673
1368 2148 1729 11.545287047102885 0.31761849596837094
1368 2149 1729 12.538327360537442 0.2580299148878538
1368 2150 1729 13.532392730038616 0.21128570194058227
1368 2109 1730 27.545156616000487 0.020374850949660614
1368 2110 1730 26.54527553068522 0.023389911505443856
1368 2111 1730 25.5454037548831 0.026921341523359135
1368 2112 1730 24.54554242627357 0.031071745502283747
1368 2124 1730 12.548930352822818 0.23522455212078988
1368 2125 1730 11.549530423354794 0.28905835861511175
1368 2126 1730 10.550244215182802 0.3584217614677664
1368 2127 1730 9.551107422702266 0.4490215698157129
1368 2128 1730 8.552172414071087 0.5692567542721682
1368 2129 1730 7.553519246020273 0.7318583450628444
1368 2130 1730 6.555276729475182 0.9568264477571016
1368 2131 1730 5.557666146864078 1.2770064184622638
1368 2132 1730 4.561102169432206 1.7494822543194055
1368 2133 1730 3.5664622527091656 2.4811731965836143
1368 2134 1730 2.575976125665668 3.6940294579362014
1368 2135 1730 1.5973894327932912 5.919794029213195
1368 2136 1730 0.6838515920869378 10.564153571433511
1368 2137 1730 0.6193972876918391 12.605409781009516
1368 2138 1730 1.5164606819829436 6.981558105999844
1368 2139 1730 2.493121136246761 4.227144420037272
1368 2140 1730 3.483052253412301 2.7854881748562565
1368 2141 1730 4.477460552590126 1.938670865016395
1368 2142 1730 5.473906557478018 1.4017203125894175
1368 2143 1730 6.471449064931363 1.0426252951462596
1368 2144 1730 7.4696487869244015 0.7928439008751115
1368 2145 1730 8.468273318687897 0.6137419765790018
1368 2146 1730 9.4671882309375 0.48216336404578625
1368 2147 1730 10.466310381409567 0.38355146311701654
1368 2148 1730 11.465585593418323 0.3084002098924108
1368 2149 1730 12.46497705573508 0.2503049490693541
1368 2110 1731 26.548402079974522 0.02425829297157657
1368 2111 1731 25.548652665062317 0.027939793642405068
1368 2124 1731 12.555542720249013 0.2477475549873519
1368 2125 1731 11.556714628301512 0.3050557058637424
1368 2126 1731 10.558108400655788 0.3791063817742343
1368 2127 1731 9.559793564716683 0.4761415552874511
1368 2128 1731 8.561872049966565 0.6053941209427397
1368 2129 1731 7.564499520787799 0.7809384567813552
1368 2130 1731 6.567926080582744 1.025024661076634
1368 2131 1731 5.572580461509657 1.3744427425253287
1368 2132 1731 4.579263368708917 1.8935609635275492
1368 2133 1731 3.589659176022078 2.7034458572759346
1368 2134 1731 2.6079978911033788 4.053425745872461
1368 2135 1731 1.6485305577998364 6.499030347391673
1368 2136 1731 0.7960232408667519 10.654162076720588
1368 2137 1731 0.7413858644458864 9.666803586559436
1368 2138 1731 1.5702397906053527 5.802820153937556
1368 2139 1731 2.5261933813547426 3.679474593144106
1368 2140 1731 3.506800963841643 2.4850540258763436
1368 2141 1731 4.495959630601774 1.7563696514244391
1368 2142 1731 5.489048460343652 1.2834941495818628
1368 2143 1731 6.484261947207345 0.9622407788508718
1368 2144 1731 7.480752168064475 0.7362116678387478
1368 2145 1731 8.478068942866738 0.5727178321193935
1368 2146 1731 9.475951297890976 0.45176998902549437
1368 2147 1731 10.474237585619388 0.3606110142937713
1368 2148 1731 11.472822364178834 0.2908108548444646
1368 2124 1732 12.641505171457952 0.2542878150223547
1368 2125 1732 11.65004948487337 0.3126354997753503
1368 2126 1732 10.660190101494369 0.38769793899029775
1368 2127 1732 9.672417122932544 0.48545904015233443
1368 2128 1732 8.687442258800852 0.6145551472751596
1368 2129 1732 7.706338495031153 0.787691868559167
1368 2130 1732 6.730798838176578 1.0239089841072806
1368 2131 1732 5.763649278018168 1.3521178207224553
1368 2132 1732 4.809953534079046 1.815998019845954
1368 2133 1732 3.8796459890046244 2.4772081907429486
1368 2134 1732 2.9946039804955578 3.396259250347531
1368 2135 1732 2.2098988664642567 4.4979719648758065
1368 2136 1732 1.6732163637737274 5.1954543637973405
1368 2137 1732 1.6479238453279148 4.741335910266683
1368 2138 1732 2.15212755198211 3.656255156522267
1368 2139 1732 2.9236369473655026 2.674544039265397
1368 2140 1732 3.803110963408883 1.9551830566464703
1368 2141 1732 4.730713793921697 1.449846621092747
1368 2142 1732 5.682926446823078 1.0934966584548618
1368 2143 1732 6.649184386073329 0.8381488217832879
1368 2144 1732 7.624149329597468 0.6518031651778806
1368 2124 1733 12.805219756021303 0.2540402868162022
1368 2125 1733 11.827495635171399 0.31072411401694
1368 2126 1733 10.853831259053122 0.3827793497195459
1368 2127 1733 9.885426293286438 0.4751595786193651
1368 2128 1733 8.92399310846882 0.5945993269016544
1368 2129 1733 7.972054503075049 0.7501891346796267
1368 2130 1733 7.033466641706587 0.9538778632134116
1368 2131 1733 6.114380835374871 1.2202533718728623
1368 2132 1733 5.225098372279672 1.5635858597164813
1368 2133 1733 4.383794361052972 1.9868406205440703
1368 2134 1733 3.6240382172377825 2.4530725236656807
1368 2135 1733 3.0082641173939786 2.841838931839875
1368 2136 1733 2.639252356255525 2.966523255487735
1368 2137 1733 2.6232904909675003 2.747973075434876
1368 2138 1733 2.9660837816893633 2.31853182889061
1368 2139 1733 3.565620983784009 1.8568079647321156
1368 2140 1733 4.31620817384901 1.4554837568299444
1368 2141 1733 5.152247373719665 1.1356252774301792
1368 2142 1733 6.038348532504674 0.8890239443192159
1368 2143 1733 6.95540458923861 0.7006918449886228
1368 2125 1734 12.085348691700982 0.2995976706457109
1368 2126 1734 11.134255835034457 0.3651705048036976
1368 2127 1734 10.192529273933875 0.44724418735719096
1368 2128 1734 9.263026125408434 0.5500933500260692
1368 2129 1734 8.349829519217703 0.6786441576581891
1368 2130 1734 7.458931089640091 0.8378274043838673
1368 2131 1734 6.599367621219451 1.030773597895214
1368 2132 1734 5.785123421328178 1.2547825038924707
1368 2133 1734 5.03821922905306 1.4941587618049397
1368 2134 1734 4.393137034056663 1.7120725401393184
1368 2135 1734 3.9007246762621355 1.8521453000418957
1368 2136 1734 3.6237622714522137 1.8645970335070294
1368 2137 1734 3.612153512795473 1.744445080556112
1368 2138 1734 3.8682881226714283 1.5359452471169075
1368 2139 1734 4.3450722663726795 1.2970046453491735
1368 2140 1734 4.979523370765637 1.068599174875225
1368 2141 1734 5.719410196864826 0.8696659471284315
1368 2142 1734 6.528985602679907 0.7046046211570136
1368 2143 1734 7.385367492549148 0.5709440290720468
1368 2125 1735 12.418601088689451 0.28079166743312955
1368 2126 1735 11.495114310001401 0.3376189589418221
1368 2127 1735 10.585539806736318 0.4066529368940518
1368 2128 1735 9.693794561470721 0.4899743683672366
1368 2129 1735 8.8252848679235 0.589283487176086
1368 2130 1735 7.9875936927212114 0.7050453615354637
1368 2131 1735 7.19149866161427 0.8349989809876586
1368 2132 1735 6.452414509313549 0.9720163633644173
1368 2133 1735 5.792206229063342 1.1020395192237438
1368 2134 1735 5.2407683596969195 1.204245805776964
1368 2135 1735 4.835457889383436 1.2563532372626192
1368 2136 1735 4.614938027752992 1.2447953317347236
1368 2137 1735 4.605828155717584 1.1727156518465516
1368 2138 1735 4.809329786987061 1.058006272633313
1368 2139 1735 5.200543529286259 0.9234252495967495
1368 2140 1735 5.74122399841718 0.7876906326690556
1368 2141 1735 6.3935634039244125 0.6622474837473633
1368 2142 1735 7.126966605786903 0.5522317979998742
1368 2143 1735 7.918942669321571 0.45872360890659847
1368 2126 1736 11.929109480594065 0.30385371886888285
1368 2127 1736 11.055299769793642 0.35936387923336083
1368 2128 1736 10.20468779532228 0.42374143083006444
1368 2129 1736 9.383584229919807 0.496850786949209
1368 2130 1736 8.600444930350978 0.5772486442334124
1368 2131 1736 7.866616362833516 0.661443048842072
1368 2132 1736 7.1971975796139 0.7432457981424423
1368 2133 1736 6.6117813787208926 0.8137670564126706
1368 2134 1736 6.134464361295167 0.8627680369423807
1368 2135 1736 5.792033580703817 0.8815939256502004
1368 2136 1736 5.609247097427679 0.8665635973659099
1368 2137 1736 5.601754457310764 0.8206322556320652
1368 2138 1736 5.770238556593755 0.7520467201127281
1368 2139 1736 6.100135490298666 0.6710378621921662
1368 2140 1736 6.567164761143237 0.5867491326326263
1368 2141 1736 7.1444840961403004 0.5056958905863908
1368 2142 1736 7.807666296660088 0.43165084598518144
1368 2126 1737 12.428582099338579 0.26754732248368857
1368 2127 1737 11.592482607276127 0.3106657357002348
1368 2128 1737 10.784324410921608 0.3587464797746633
1368 2129 1737 10.010876734831962 0.41090987833676373
1368 2130 1737 9.280821784734368 0.46532977663572056
1368 2131 1737 8.60521080508782 0.518995468860984
1368 2132 1737 7.997853024406009 0.5676909235715087
1368 2133 1737 7.475403199828121 0.6064016712606642
1368 2134 1737 7.056745212915136 0.6302637621781472
1368 2135 1737 6.761187247813867 0.635867414898613
1368 2136 1737 6.605274634714367 0.6223647590373994
1368 2137 1737 6.598913016550618 0.5917681462404154
1368 2138 1737 6.742525713707093 0.5482567052776505
1368 2139 1737 7.026923437750088 0.49690446574147906
1368 2140 1737 7.435970212420279 0.44247648526944194
1368 2141 1737 7.950449861485943 0.38870536614856444
1368 2142 1737 8.551353869417522 0.3380870598716367
1368 2127 1738 12.188176770953056 0.2642942786687258
1368 2128 1738 11.422243781324221 0.29940512441296446
1368 2129 1738 10.695029359473494 0.3359508159151057
1368 2130 1738 10.01497144279504 0.3723533085407911
1368 2131 1738 9.392318829767245 0.406448757995092
1368 2132 1738 8.839211107333082 0.4356255045263843
1368 2133 1738 8.36944759228473 0.457164888579152
1368 2134 1738 7.997727989873177 0.4687565220475872
1368 2135 1738 7.738194427642731 0.4690460300468061
1368 2136 1738 7.602345230256331 0.4579985711414841
1368 2137 1738 7.596818610444858 0.43690858253432624
1368 2138 1738 7.721894391922329 0.4080509669147325
1368 2139 1738 7.971427287506403 0.37413722665904836
1368 2140 1738 8.334245796711413 0.33779424126789
1368 2141 1738 8.796343160655 0.3012131528895242
1368 2127 1739 12.834237530917052 0.22237361029510821
1368 2128 1739 12.109238332777169 0.247666404156565
1368 2129 1739 11.425832704884147 0.2730396262888058
1368 2130 1739 10.79192536112071 0.2973123380756622
1368 2131 1739 10.216733969327013 0.31905005908188216
1368 2132 1739 9.710697863696547 0.3366982720305738
1368 2133 1739 9.285130747598595 0.34879708676878657
1368 2134 1739 8.95151679884482 0.35423899838883105
1368 2135 1739 8.720415873110708 0.35249681163013447
1368 2136 1739 8.600096104114265 0.3437412886970105
1368 2137 1739 8.59521105034667 0.32880241496212154
1368 2138 1739 8.705955030897051 0.3089897741258622
1368 2139 1739 8.92802626564247 0.28583974412643137
1368 2128 1740 12.837431713547698 0.20386335869013697
1368 2129 1740 12.194902746639693 0.22142698361740418
1368 2130 1740 11.603088080334498 0.23764050252356392
1368 2131 1740 11.070124344378462 0.2515887643266286
1368 2132 1740 10.604888165369818 0.2623600384491222
1368 2133 1740 10.216636090220744 0.26916838425884604
1368 2134 1740 9.91441642256372 0.271479153474512
1368 2135 1740 9.706268747567282 0.26910410106156585
1368 2136 1740 9.598315112560199 0.2622366593960897
1368 2137 1740 9.593938346685457 0.2514157050371603
1368 2138 1740 9.693278753858358 0.23742980070177525
1368 2130 1741 12.441770492980519 0.1904997359039176
1368 2131 1741 11.946281973903046 0.1995135036454325
1368 2132 1741 11.516494822644649 0.20613046981794864
1368 2133 1741 11.160002374551771 0.20992486233441346
1368 2134 1741 10.884009049977925 0.21063916397584892
1368 2135 1741 10.694748851656195 0.20822379478354155
1368 2136 1741 10.596869962399353 0.20284499783980026
1368 2137 1741 10.592905786421488 0.1948587090195778
1368 2132 1742 12.441690118307928 0.16325589428948922
1368 2133 1742 12.112458586100566 0.1653124308098279
1368 2134 1742 11.858653085405672 0.16522848081973848
1236 963 1591 10.482597817335257 0.17509055405817903
1236 964 1591 9.991839520328671 0.17746212820343313
1236 965 1591 9.580650134516024 0.17539453195681529
1236 966 1591 9.259635899969387 0.16912321840456615
1236 967 1591 9.038410092488716 0.15932865372468952
1236 968 1591 8.924396730311908 0.1469740713641195
1236 969 1591 8.92170706759653 0.13310663679137189
1236 970 1591 9.030440576184635 0.11868788287399223
1236 961 1592 10.916174100846948 0.20266356478858347
1236 962 1592 10.252553681888317 0.22058413257399898
1236 963 1592 9.647116512202063 0.23405183574290925
1236 964 1592 9.11146843269523 0.24142088990799124
1236 965 1592 8.658571302472577 0.24170109407022936
1236 966 1592 8.30197910139514 0.23485352212094804
1236 967 1592 8.054492969765487 0.22180268875522585
1236 968 1592 7.926339445166455 0.20415865222947466
1236 969 1592 7.923310987207411 0.18379144434395375
1236 970 1592 8.045548893643097 0.16244204899393488
1236 971 1592 8.287512111605126 0.1414840030673724
1236 972 1592 8.639146775000507 0.12184859969962973
1236 960 1593 10.972367884827845 0.22369376403370186
1236 961 1593 10.214933039428182 0.25632105854806975
1236 962 1593 9.502465837876054 0.28738944874748085
1236 963 1593 8.845838400061435 0.3136118884122378
1236 964 1593 8.25838101567138 0.3314667872277166
1236 965 1593 7.755827293074638 0.3381418809539329
1236 966 1593 7.355600383381459 0.3324964765121128
1236 967 1593 7.0750870666021815 0.3154985166181233
1236 968 1593 6.928842399708732 0.28985204253762975
1236 969 1593 6.925377751429987 0.2590587793039254
1236 970 1593 7.064903184050116 0.22645383983982648
1236 971 1593 7.339268151525836 0.19460939735330518
1236 972 1593 7.734135827615226 0.16516947236457308
1236 960 1594 10.371829973538963 0.26811138803087264
1236 961 1594 9.56696696973504 0.3178990437444467
1236 962 1594 8.802207507210975 0.36969276385469035
1236 963 1594 8.08893423140535 0.4185539594352777
1236 964 1594 7.441965936498316 0.45773018716893105
1236 965 1594 6.880033212129231 0.48019627028785056
1236 966 1594 6.425484962242248 0.4812337757379093
1236 967 1594 6.1023648694584995 0.46061224654675564
1236 968 1594 5.932188213467375 0.4227040228745605
1236 969 1594 5.928141108307161 0.37443673936952626
1236 970 1594 6.090554736639451 0.32267402846380483
1236 971 1594 6.406782109608633 0.2725509709371026
1236 972 1594 6.855571238051666 0.2270856491900892
1236 973 1594 7.412884526282683 0.18756666382772916
1236 959 1595 10.714702842356434 0.2503129025969291
1236 960 1595 9.836506341176275 0.3103213517194669
1236 961 1595 8.983810828373505 0.3818957168646548
1236 962 1595 8.164610033553412 0.4635341076314847
1236 963 1595 7.39005121768456 0.5499564557566572
1236 964 1595 6.675691499762481 0.6305891230565068
1236 965 1595 6.042917921004806 0.6901854475634285
1236 966 1595 5.5198602337379015 0.7137405456654535
1236 967 1595 5.140122274810302 0.6943859971043099
1236 968 1595 4.936887379716195 0.6378052683587682
1236 969 1595 4.932023621192526 0.5585469339746633
1236 970 1595 5.126095687753111 0.47213459304822814
1236 971 1595 5.498077573115991 0.3896977968937845
1236 972 1595 6.01505253509901 0.3169961023336333
1236 973 1595 6.643256505660535 0.255827750994805
1236 974 1595 7.354240749390859 0.20577488670730093
1236 958 1596 11.22652470713893 0.21125803207923258
1236 959 1596 10.294991840696175 0.2687278892847801
1236 960 1596 9.377572020517936 0.34292118316760634
1236 961 1596 8.478847622171354 0.43775184020831553
1236 962 1596 7.605449164908069 0.556203696223818
1236 963 1596 6.767189741687522 0.697474346303639
1236 964 1596 5.9788675349100044 0.851696921124951
1236 965 1596 5.262970359027384 0.9937979968634416
1236 966 1596 4.653048140735364 1.0845366606678906
1236 967 1596 4.195575884190492 1.0896088254072676
1236 968 1596 3.9439646296589457 1.0068699910812038
1236 969 1596 3.937874680586068 0.8682912448397563
1236 970 1596 4.178379709887652 0.7138598051977215
1236 971 1596 4.62718672629502 0.5704843832229981
1236 972 1596 5.2309518254329985 0.44941315081810745
1236 973 1596 5.942630478163758 0.35213158787530247
1236 974 1596 6.728064877808538 0.2758889821402073
1236 975 1596 7.56431470788999 0.2167931308978694
1236 958 1597 10.91864721474234 0.21216706809278899
1236 959 1597 9.95835613944393 0.27450087969812453
1236 960 1597 9.006711775115301 0.3583324361524361
1236 961 1597 8.066774882194284 0.4716943117097595
1236 962 1597 7.143168554640204 0.6249225394077403
1236 963 1597 6.243144800499234 0.8293083685392822
1236 964 1597 5.378555289294758 1.0910062216475769
1236 965 1597 4.569557637233676 1.3938525105605803
1236 966 1597 3.8513448300562 1.6696830080346075
1236 967 1597 3.2840306027807684 1.7959858307132783
1236 968 1597 2.955817484216611 1.6945223456413445
1236 969 1597 2.947686720124887 1.4292888338052414
1236 970 1597 3.262032648518499 1.1247936768786841
1236 971 1597 3.8200598162856836 0.8567843478672099
1236 972 1597 4.5326434891794225 0.6458411113472575
1236 973 1597 5.338244748978882 0.4872334172197595
1236 974 1597 6.200714233054173 0.36981025790299643
1236 975 1597 7.099356097562694 0.2830050915539989
1236 976 1597 8.022023248532792 0.21851257945844377
1236 958 1598 10.695740133342825 0.2038537008247369
1236 959 1598 9.713436930355826 0.2662845205184762
1236 960 1598 8.735150656972117 0.3523763553713825
1236 961 1598 7.762400208698365 0.4731037011383706
1236 962 1598 6.797562577865717 0.6453886650202455
1236 963 1598 5.844557896026047 0.895262025627636
1236 964 1598 4.910280745537918 1.2609008658693686
1236 965 1598 4.007849423319246 1.7873492428096813
1236 966 1598 3.1646258862621357 2.4757192137160464
1236 967 1598 2.442715087766153 3.103787966087286
1236 968 1598 1.9796103151884221 3.151353723456379
1236 969 1598 1.967449364024498 2.565686302085416
1236 970 1598 2.4130596760130905 1.8652321671373684
1236 971 1598 3.12647677106362 1.3166247479070683
1236 972 1598 3.9657101507801094 0.9334105299890779
1236 973 1598 4.866092580294829 0.6715129524271214
1236 974 1598 5.799211756782157 0.4912435819272778
1236 975 1598 6.751507757530935 0.36519212425246567
1236 976 1598 7.715883423173292 0.2754969040705095
1236 958 1599 10.56318403702218 0.18792993335060448
1236 959 1599 9.567280543602775 0.24597869750175722
1236 960 1599 8.572330896553177 0.32671433462624766
1236 961 1599 7.578710774267627 0.4415007784424407
1236 962 1599 6.587021861205579 0.6090622773078033
1236 963 1599 5.598290542656767 0.8616626699923247
1236 964 1599 4.6144183815514825 1.2579224423478235
1236 965 1599 3.6393484306947306 1.910750503937218
1236 966 1599 2.6826958456001297 3.0458530069652117
1236 967 1599 1.774501901943245 5.028173541993937
1236 968 1599 1.0492173273446226 6.994720194920403
1236 969 1599 1.0260882028364768 5.355964491314707
1236 970 1599 1.7334523356585807 3.250872631410389
1236 971 1599 2.6375854488528305 2.026047257101552
1236 972 1599 3.5928897840039826 1.3259321134513768
1236 973 1599 4.567368717325128 0.9039764500570018
1236 974 1599 5.550932984643229 0.6365832879517295
1236 975 1599 6.539484459802637 0.4600530957343507
1236 976 1599 7.531059487216933 0.339590595179544
1236 959 1600 9.52443473388316 0.21777497537656001
1236 960 1600 8.524485732289074 0.28784161853013196
1236 961 1600 7.524550285565244 0.38689713402368636
1236 962 1600 6.524634625785569 0.5306833891119823
1236 963 1600 5.524749496583532 0.7464039063855655
1236 964 1600 4.524915137325781 1.0841980531075688
1236 965 1600 3.5251747474416057 1.6449713044977001
1236 966 1600 2.525639918911638 2.659742244177254
1236 967 1600 1.5267144461227788 4.783232230446895
1236 968 1600 0.5318430219528895 10.949801582738482
1236 969 1600 0.48462047005876663 12.860780723780763
1236 970 1600 1.4788025561243725 5.262432516111018
1236 971 1600 2.4776716893083264 2.8643706948869925
1236 972 1600 3.477190963982274 1.7513788694224997
1236 973 1600 4.476924949114065 1.1458347297980231
1236 974 1600 5.47675606540952 0.7846889804410169
1236 975 1600 6.476639329158292 0.5556736471740406
1236 976 1600 7.476553818438009 0.40383200926456836
1236 959 1601 9.586284838246764 0.18635174630826007
1236 960 1601 8.593535768238809 0.24362741763151124
1236 961 1601 7.602687485356727 0.32309977501241977
1236 962 1601 6.614594243035606 0.4357282232814632
1236 963 1601 5.630706616402579 0.5993951842895593
1236 964 1601 4.653692834728113 0.8444607490050127
1236 965 1601 3.68901843313364 1.224763795788132
1236 966 1601 2.749701256500381 1.8395002784506451
1236 967 1601 1.8742617213184964 2.8685174383990217
1236 968 1601 1.2103127694938076 4.516819561743163
1236 969 1601 1.1903180247311091 5.932219904446826
1236 970 1601 1.835444632779689 4.798122047538497
1236 971 1601 2.7057082252156763 3.0705054136864525
1236 972 1601 3.6431932421983553 1.9596463428666988
1236 973 1601 4.607044280229979 1.297485780542928
1236 974 1601 5.583624002384093 0.8903327697582016
1236 975 1601 6.5672564286770285 0.629475520554712
1236 976 1601 7.555187423221198 0.4561129998586075
1236 960 1602 8.776722452031827 0.20033696909138368
1236 961 1602 7.809152130673315 0.2610566500015954
1236 962 1602 6.850901911427398 0.3443802770498778
1236 963 1602 5.90650971386652 0.46046083528048093
1236 964 1602 4.9838596489066145 0.6246124263387399
1236 965 1602 4.097664822798415 0.8595903381986908
1236 966 1602 3.2776297838528934 1.1967736153649229
1236 967 1602 2.5874421732667887 1.6679663656158994
1236 968 1602 2.1556569764226308 2.2577194550184148
1236 969 1602 2.144494579149026 2.770793287256973
1236 970 1602 2.5594642017421454 2.817510839612338
1236 971 1602 3.2408111638908483 2.3512953516736443
1236 972 1602 4.056458677220754 1.753770429925047
1236 973 1602 4.940329644871842 1.260610720356753
1236 974 1602 5.861642858448436 0.9043874675636892
1236 975 1602 6.805208079111141 0.6557833071871456
1236 976 1602 7.76291549612641 0.4823381327438441
1236 977 1602 8.730112084045631 0.3599527607844733
1236 978 1602 9.703960892336672 0.27231159284094325
1236 961 1603 8.134178323592332 0.20665748826424896
1236 962 1603 7.219200579011457 0.2664361120551259
1236 963 1603 6.329996603474552 0.34627514062243714
1236 964 1603 5.4791292191368655 0.4532714436810053
1236 965 1603 4.687521413284355 0.5961982274706809
1236 966 1603 3.990596070764285 0.7839020445686576
1236 967 1603 3.446281619368816 1.019470659955903
1236 968 1603 3.1351007958276793 1.2856859644505136
1236 969 1603 3.1274361704116918 1.5230828754438712
1236 970 1603 3.425325823917974 1.6327894169233796
1236 971 1603 3.960411216022819 1.5524073109809315
1236 972 1603 4.651543507267167 1.3287345263336492
1236 973 1603 5.4395640450314895 1.0617825371324114
1236 974 1603 6.288152113300006 0.8191873414611085
1236 975 1603 7.175852353553503 0.6235790258028517
1236 976 1603 8.089799564884123 0.4738991550102545
1236 977 1603 9.022020671667702 0.36167137901083535
1236 978 1603 9.967389678346048 0.2779334242866125
1236 979 1603 10.922493167770778 0.21528802072754583
1236 980 1603 11.884984518290267 0.168131046776796
1236 962 1604 7.700575108392824 0.20409783979682566
1236 963 1604 6.873925879728348 0.25853882554752167
1236 964 1604 6.09941448009554 0.3282666835837896
1236 965 1604 5.399523775297146 0.4165318189129529
1236 966 1604 4.806959225955546 0.5255085135929568
1236 967 1604 4.365645084062508 0.6537485634885205
1236 968 1604 4.1244220201137445 0.7918059945320084
1236 969 1604 4.118598912251487 0.9176420568143885
1236 970 1604 4.349121405525389 0.998250300884243
1236 971 1604 4.7819302587970824 1.0051474151130049
1236 972 1604 5.368319755752179 0.9356127346107651
1236 973 1604 6.063897838849128 0.8150190813409697
1236 974 1604 6.8354119846574815 0.6771031520002748
1236 975 1604 7.659951501151892 0.5462128549908492
1236 976 1604 8.52213922674343 0.4336815662957034
1236 977 1604 9.411634130160348 0.34196909415565707
1236 978 1604 10.321378638534638 0.2692909490857841
1236 979 1604 11.246459754073685 0.21246985254314613
1236 980 1604 12.183384464096958 0.16827352804129062
1236 964 1605 6.810642921193192 0.23914842929604968
1236 965 1605 6.191676428884098 0.29503537425500015
1236 966 1605 5.682328483993066 0.36112361455791364
1236 967 1605 5.314212735673924 0.4358189281806688
1236 968 1605 5.117895759000854 0.5142092204258819
1236 969 1605 5.113204181332771 0.5869156960176607
1236 970 1605 5.300646847319572 0.640777255028686
1236 971 1605 5.661170991941414 0.6629632006404518
1236 972 1605 6.164483514455929 0.6473738891329508
1236 973 1605 6.778853664152879 0.5983462137089758
1236 974 1605 7.476955062055604 0.5279785390400303
1236 975 1605 8.23752735959031 0.44978143796367376
1236 976 1605 9.044824873926466 0.3739452049714004
1236 977 1605 9.887409013487755 0.30612404069954724
1236 978 1605 10.75699107557494 0.24839587683326864
1236 979 1605 11.647525788767283 0.20070650783733113
1236 980 1605 12.554555229079162 0.16199567482060276
1236 981 1605 13.474748865934345 0.1308748848658911
1236 971 1606 6.575017642561783 0.44857904251597625
1236 972 1606 7.01304905158938 0.450447521067383
1236 973 1606 7.558760281950917 0.43283853198565836
1236 974 1606 8.190656689179367 0.3993326868773089
1236 975 1606 8.890380025623129 0.3558733448149156
1236 976 1606 9.643176706874073 0.3085639706392035
1236 977 1606 10.437569496774557 0.2621533649094273
1236 978 1606 11.264761737382583 0.21957724474224985
1236 979 1606 12.118038496390358 0.1822095377942881
1236 980 1606 12.99226142748054 0.1503574308743987
1236 981 1606 13.883474240981567 0.12371867869030384
1236 973 1607 8.385514712884266 0.31319620159381395
1236 974 1607 8.959288866868759 0.2983046525354053
1236 975 1607 9.603169112329455 0.2753135700284997
1236 976 1607 10.304021399434227 0.24729510552259878
1236 977 1607 11.051011582656065 0.2172624246216865
1236 978 1607 11.83540692160597 0.1876141686394377
1236 979 1607 12.650251262326709 0.15994477558758538
1236 980 1607 13.490028057791372 0.13511550199126723
1236 975 1608 10.363534966409786 0.21075563207090586
1236 976 1608 11.016118054922899 0.19476825479285442
1236 977 1608 11.71780086022963 0.17608376555345703
1236 978 1608 12.460291208474956 0.15629449677801868
1236 979 1608 13.236723801605828 0.13669041028147197
1236 980 1608 14.041469189511412 0.1181744770347505
2276 1589 2573 6.896833476313726 0.12340223903261074
2276 1590 2573 6.3889210356680435 0.13405215489276368
2276 1591 2573 6.005856475141708 0.13948089989372067
2276 1592 2573 5.772548137521378 0.1386249585356002
2276 1587 2574 7.5266401534815985 0.13365807010789088
2276 1588 2574 6.7751245007011835 0.1627499345080367
2276 1589 2574 6.095433700730524 0.19189992463989156
2276 1590 2574 5.5141918718885155 0.21670250653765324
2276 1591 2574 5.065403439016612 0.23198193404824274
2276 1592 2574 4.786471769477104 0.2338606112339595
2276 1593 2574 4.707686480640064 0.22182447114431147
2276 1594 2574 4.838833743785911 0.19902507607564796
2276 1587 2575 6.945380623119315 0.18507182267868422
2276 1588 2575 6.1229332839743735 0.23882639716838475
2276 1589 2575 5.361185689751956 0.2996635791647345
2276 1590 2575 4.689809377789369 0.3592971025783872
2276 1591 2575 4.152867924699876 0.4035890768418497
2276 1592 2575 3.807664901222403 0.41779159129149224
2276 1593 2575 3.7081413133807297 0.396367542034118
2276 1594 2575 3.87328181262362 0.34751684886760614
2276 1595 2575 4.2725065242783264 0.2866230553559819
2276 1596 2575 4.848330846796743 0.2267973972690574
2276 1586 2576 7.387442859339152 0.1754910640378925
2276 1587 2576 6.467326495546748 0.24283784532048555
2276 1588 2576 5.574792552194292 0.33567193860304706
2276 1589 2576 4.725495952807588 0.45785326552640904
2276 1590 2576 3.947443729808044 0.602577790614317
2276 1591 2576 3.2915516098036193 0.7385008706912226
2276 1592 2576 2.8436441408869624 0.8082585927707696
2276 1593 2576 2.7089318928316937 0.770814882908862
2276 1594 2576 2.9309234039805023 0.6492039090503173
2276 1595 2576 3.441266046094171 0.5023640820057029
2276 1596 2576 4.13452681694055 0.3713910022312688
2276 1597 2576 4.934198212475915 0.2693559997907085
2276 1586 2577 7.082535704110553 0.20061159341829796
2276 1587 2577 6.116723959768065 0.2911211694342241
2276 1588 2577 5.163943454376769 0.43033689008243864
2276 1589 2577 4.233002716748553 0.6456951282423387
2276 1590 2577 3.342201669558643 0.9696410224326781
2276 1591 2577 2.534228087603903 1.3975398760871074
2276 1592 2577 1.9168494985262896 1.7571749880225376
2276 1593 2577 1.7106466613536653 1.720666506229537
2276 1594 2577 2.04409197444743 1.3290331635589245
2276 1595 2577 2.7258598643364533 0.9120829880363686
2276 1596 2577 3.561223385298976 0.6063966410277674
2276 1597 2577 4.464785773136294 0.4048600214392557
2276 1598 2577 5.402435746957127 0.27463745863161515
2276 1586 2578 6.9101600560334715 0.20665801131379918
2276 1587 2578 5.9162751795365685 0.3079579614202466
2276 1588 2578 4.924866698703673 0.47458945584612133
2276 1589 2578 3.9378054802136133 0.7632388664353773
2276 1590 2578 2.959444542477578 1.2968417719731138
2276 1591 2578 2.002576340617324 2.3555649789763926
2276 1592 2578 1.1235265906956657 4.367515182959641
2276 1593 2578 0.7171554922052671 5.147601906501568
2276 1594 2578 1.3290267115450056 2.9888171752615187
2276 1595 2578 2.240158922933836 1.6091876864179133
2276 1596 2578 3.2047327501681067 0.9244263654434702
2276 1597 2578 4.185966077263407 0.5639965415168346
2276 1598 2578 5.1743900123589395 0.36061186685737495
2276 1599 2578 6.1665478186745535 0.2391719329084433
2276 1587 2579 5.881352905582201 0.2837475145434062
2276 1588 2579 4.882858998578615 0.4366678919131586
2276 1589 2579 3.8851398945211875 0.7030938302706308
2276 1590 2579 2.8889984423671913 1.2055992206497566
2276 1591 2579 1.8969217168876558 2.2744252792926782
2276 1592 2579 0.9221236359621005 5.051954968775601
2276 1593 2579 0.31986247044615446 10.886307959008557
2276 1594 2579 1.1637491138556753 4.629858038343148
2276 1595 2579 2.1462320471001783 2.127014808567616
2276 1596 2579 3.1397948977600074 1.1403838073624109
2276 1597 2579 4.136461289556538 0.6698469489080512
2276 1598 2579 5.13442421309339 0.41810346015682914
2276 1599 2579 6.133050790593506 0.2726987597916898
2276 1587 2580 6.014840978779068 0.23197668791447343
2276 1588 2580 5.042847608246743 0.3441517164619976
2276 1589 2580 4.0843986093426095 0.5244663187172947
2276 1590 2580 3.151874362978289 0.8218197909279055
2276 1591 2580 2.2773475799709955 1.3128209198479568
2276 1592 2580 1.5615095260675493 2.0421042535863294
2276 1593 2580 1.300119994461917 2.6561108669902325
2276 1594 2580 1.715316880345905 2.3715670532161224
2276 1595 2580 2.4888374796276995 1.6026012421328943
2276 1596 2580 3.3832398673460196 1.0048573980605744
2276 1597 2580 4.324154483826805 0.6345686018270243
2276 1598 2580 5.2868054626588465 0.4113641677665912
2276 1599 2580 6.261174969604297 0.2741759213828616
2276 1588 2581 5.38686476533425 0.24621218258656044
2276 1589 2581 4.502256323222788 0.3500539368580534
2276 1590 2581 3.6772696392839532 0.4975584671424657
2276 1591 2581 2.962146518995893 0.6941283658640139
2276 1592 2581 2.4548547818556274 0.9160603903022903
2276 1593 2581 2.297457725399837 1.0789315843109497
2276 1594 2581 2.5554475146242677 1.0750771467127598
2276 1595 2581 3.1276687804176606 0.9075136571702774
2276 1596 2581 3.8774104760779777 0.6854328028645775
2276 1597 2581 4.720838061192017 0.49068367355545306
2276 1598 2581 5.615898147224463 0.3451230558198584
2276 1590 2582 4.371534284435989 0.2969986752764687
2276 1591 2582 3.789764108753898 0.38122355658409407
2276 1592 2582 3.407977699457433 0.4654839992118877
2276 1593 2582 3.2964089552115845 0.52665391132894
2276 1594 2582 3.4811365959983647 0.5402614905561915
