# %ECSV 0.9
# ---
# datatype:
# - name: sexcat_id
#   datatype: int32
# - name: x
#   datatype: int32
# - name: y
#   datatype: int32
# - name: sep
#   datatype: float64
# - name: weight
#   datatype: float64
# schema: astropy-2.0
sexcat_id x y sep weight
113 790 634 9.900384891508011 0.26069318983467166
113 791 634 9.637822420028291 0.2858800823666018
113 792 634 9.474049873206276 0.30723357537844415
113 793 634 9.414224397155602 0.32263296261221
113 794 634 9.460318229319755 0.3303251532934943
113 795 634 9.610807510297953 0.3293618322403704
113 796 634 9.86091380146888 0.3198644539222707
113 797 634 10.203314216469046 0.3029892372263796
113 788 635 9.820876793850962 0.25543004729269275
113 789 635 9.344496829685387 0.2927677135000768
113 790 635 8.954865772305027 0.330747424187095
113 791 635 8.66369557406076 0.3667586775108738
113 792 635 8.481133237958232 0.3974583281098794
113 793 635 8.41425106590003 0.4192733761382439
113 794 635 8.46579122114405 0.4292348405144463
113 795 635 8.633633128642865 0.42586329722246646
113 796 635 8.911207606155266 0.4096683050492686
113 797 635 9.288682414637684 0.3829722266142377
113 798 635 9.754466720431171 0.3491635574446496
113 787 636 9.57870664547153 0.2690961574902301
113 788 636 8.978954337783456 0.3167908193131594
113 789 636 8.455271787470835 0.3690837971825798
113 790 636 8.022569476171592 0.4236245410462915
113 791 636 7.696208222235157 0.47640975822114673
113 792 636 7.490101534692299 0.5218606860872054
113 793 636 7.414284928433747 0.553687888000397
113 794 636 7.4727251387964015 0.5666040216462348
113 795 636 7.66235087946249 0.5582456310075622
113 796 636 7.973808437628753 0.5301567952903274
113 797 636 8.393546389935507 0.4871382018636487
113 798 636 8.906268635068182 0.4354295406717596
113 799 636 9.49692692401069 0.3808700535938353
113 786 637 9.542202104336326 0.27231752221440425
113 787 637 8.827435697868351 0.3283423876102965
113 788 637 8.17273644503482 0.39384402695545195
113 789 637 7.593656629055614 0.4680390121686854
113 790 637 7.108700373486012 0.5479919219300573
113 791 637 6.738220907628367 0.6276246710727884
113 792 637 6.501816746110271 0.6973663486333249
113 793 637 6.414329349199325 0.7455539227482673
113 794 637 6.481791496183731 0.7621594907839381
113 795 637 6.699523938310812 0.7433322252028459
113 796 637 7.05362467104676 0.6934225117189609
113 797 637 7.5248668426756495 0.6227060477550922
113 798 637 8.092812922587504 0.5428009323683166
113 799 637 8.738628095988476 0.4630721044962212
113 800 637 9.44635490546481 0.38937392445453467
113 785 638 9.713682154569437 0.26448585318554413
113 786 638 8.900877541006876 0.32501839769408264
113 787 638 8.129921340332913 0.3994899061077386
113 788 638 7.413880293071936 0.48974161218904844
113 789 638 6.770200957135638 0.5961730092771457
113 790 638 6.221384170745301 0.7158828861649
113 791 638 5.794447428357607 0.840065113913365
113 792 638 5.517755068866321 0.9519431133645369
113 793 638 5.4143901780348145 1.028504363578571
113 794 638 5.494144246377207 1.0491229135044904
113 795 638 5.749401794969599 1.0075171777059004
113 796 638 6.158378114406386 0.9160403602183003
113 797 638 6.692953085148545 0.7975168492733393
113 798 638 7.325682289043071 0.6734068224455714
113 799 638 8.03340656259841 0.5576479395802851
113 800 638 8.798046430884478 0.4566964808116482
113 785 639 9.193890417010676 0.30752953413707895
113 786 639 8.330523452941037 0.38464571239227563
113 787 639 7.501174641347883 0.48282997947203954
113 788 639 6.718453765562463 0.6068461417622487
113 789 639 6.000635049726015 0.7604642464104975
113 790 639 5.373790189428708 0.9432238017301073
113 791 639 4.873153086041944 1.1442166200550825
113 792 639 4.540663057307821 1.3340699794048925
113 793 639 4.414478564904342 1.4639445435313898
113 794 639 4.511942043067463 1.486566127235578
113 795 639 4.819504227615085 1.3924473949075402
113 796 639 5.300718913505938 1.2185851036703401
113 797 639 5.913342624945679 1.0171276865609071
113 798 639 6.62099848965391 0.8254724662215399
113 799 639 7.396460031663744 0.6605455249606361
113 800 639 8.220560868943135 0.5258040566794071
113 801 639 9.080067235433834 0.4185352923885932
113 784 640 9.686569103661054 0.27936459638530037
113 785 640 8.757831980576059 0.3528379644212764
113 786 640 7.846631187968546 0.44924893271074234
113 787 640 6.959857829007757 0.5765052847837773
113 788 640 6.108160197637294 0.7447725512938062
113 789 640 5.308448078299378 0.9656829700087058
113 790 640 4.587986595446879 1.2482376557511492
113 791 640 3.989939974485849 1.5863491341323712
113 792 640 3.576257960494465 1.932572282612663
113 793 640 3.4146187195644435 2.174665218430954
113 794 640 3.5397204691895956 2.1866387165573165
113 795 640 3.924235084701183 1.9611458313840648
113 796 640 4.502179583268485 1.6188242855942996
113 797 640 5.2095701358173 1.277113830928171
113 798 640 6.000801696440183 0.9888446484839039
113 799 640 6.8468694306229665 0.7625786277075022
113 800 640 7.729787901359206 0.5899938615924216
113 801 640 8.638264929949708 0.45944865775744814
113 784 641 9.380917918839335 0.3106610041336677
113 785 641 8.418528434352456 0.3975891986295656
113 786 641 7.466031141108421 0.5147512199252213
113 787 641 6.527757731411346 0.6749176064723813
113 788 641 5.610848509806738 0.8968898041324346
113 789 641 4.727750099148683 1.2076530786538604
113 790 641 3.901489587324343 1.6420593795950316
113 791 641 3.1767311815764585 2.228061005771139
113 792 641 2.638488393000821 2.9191105335505654
113 793 641 2.4148749450023175 3.441899627158856
113 794 641 2.5887489256395333 3.377328614639262
113 795 641 3.0938036459994884 2.7878715529670717
113 796 641 3.800213283488128 2.104995189198127
113 797 641 4.616451126135693 1.5481980320467141
113 798 641 5.493780210383321 1.1401287629349355
113 799 641 6.407153892329986 0.8487618435180618
113 800 641 7.343134276315474 0.6403540586474452
113 801 641 8.294071436875804 0.4896039407516995
113 784 642 9.17461830268709 0.3384088203382799
113 785 642 8.188016914980137 0.43774650417980565
113 786 642 7.205110755567935 0.5746058476318083
113 787 642 6.22764971718871 0.7673453240467192
113 788 642 5.258671029832587 1.045871281398175
113 789 642 4.3039076430611765 1.4605899720107263
113 790 642 3.3754438226698866 2.0984269147104007
113 791 642 2.502722717362071 3.1030870688519934
113 792 642 1.7702036605995595 4.617584675751671
113 793 642 1.4154932002662433 6.0777404797640315
113 794 642 1.6951758020924739 5.512828484816824
113 795 642 2.3965852791001936 3.8399935523226785
113 796 642 3.2578552760980104 2.5718289073441687
113 797 642 4.181342009450977 1.7620381859992185
113 798 642 5.133577797209216 1.2435175637568605
113 799 642 6.101116373254923 0.9011833200740049
113 800 642 7.077684720302198 0.6678872702885156
113 801 642 8.060001302729367 0.5043866727978541
113 784 643 9.074448798687499 0.35976264085227827
113 785 643 8.075618923649188 0.4685220680834456
113 786 643 7.077119541169328 0.6204268470969468
113 787 643 6.0791135044511755 0.8384200288995739
113 788 643 5.081891478573755 1.162142567990631
113 789 643 4.086027532946938 1.664958378767385
113 790 643 3.0928338138348663 2.4960587200245206
113 791 643 2.106091403524599 4.003397512367509
113 792 643 1.1426377378680024 7.184672606508794
113 793 643 0.4190715929289368 14.137546732295785
113 794 643 1.022556110929805 8.515079294197514
113 795 643 1.978792813813457 4.56476951268578
113 796 643 2.964054824054317 2.783562196808489
113 797 643 3.956718463575537 1.8308766650035058
113 798 643 4.952334903860951 1.2655090348410722
113 799 643 5.949421904689508 0.9063497327249098
113 800 643 6.9473463279153735 0.6668749101045789
113 801 643 7.945792660269906 0.501275809482421
113 783 644 10.0820444851231 0.2893535036762157
113 784 644 9.083921014628045 0.37212508331905564
113 785 644 8.086261249799 0.48544094905048923
113 786 644 7.089260962893155 0.6440869832503078
113 787 644 6.093243881546239 0.8723786453403135
113 788 644 5.098786228113567 1.2124555796824141
113 789 644 4.1070209398054525 1.7424775744860583
113 790 644 3.120516143204574 2.6211820301674735
113 791 644 2.1465369784842374 4.212964648228294
113 792 644 1.2155743498446037 7.459956088507674
113 793 644 0.5895939280555915 11.938688130893782
113 794 644 1.1034586535071955 7.299496392117966
113 795 644 2.0217865861657613 4.137559934252163
113 796 644 2.992928498978834 2.581496324996713
113 797 644 3.9783942740758595 1.719326466653143
113 798 644 4.969670109775847 1.1979544090980598
113 799 644 5.963859572458038 0.8628191363868535
113 800 644 6.959714146428663 0.6375376060283487
113 783 645 10.189191381066562 0.29149015251460497
113 784 645 9.202696398338968 0.37382310197297924
113 785 645 8.219465980220425 0.48572903009609236
113 786 645 7.24083013196697 0.6407713603825282
113 787 645 6.268940979144779 0.8603788706588277
113 788 645 5.3075060998552415 1.1793748108954594
113 789 645 4.363441417046926 1.6554923688235104
113 790 645 3.4510318746717443 2.382569537930782
113 791 645 2.6037705352047182 3.4827637064458328
113 792 645 1.910398126046023 4.887249641991724
113 793 645 1.5873314083706802 5.508068823257972
113 794 645 1.8410923388032274 4.444626711047602
113 795 645 2.501923460060245 3.0884858145407494
113 796 645 3.3361086612998263 2.1178177749681204
113 797 645 4.242596021305777 1.4829317599083647
113 798 645 5.183591515542048 1.0647268595033206
113 799 645 6.143258174617064 0.7821085870076386
113 800 645 7.114043927331295 0.5859257204766777
113 784 646 9.426644206715402 0.36461696390042775
113 785 646 8.469452225498467 0.46933709361523496
113 786 646 7.523404880770464 0.6111808761674267
113 787 646 6.593301221694692 0.805645456944037
113 788 646 5.686969403821391 1.074579130532472
113 789 646 4.817844019891108 1.445945116354794
113 790 646 4.01018964638836 1.9440058275145733
113 791 646 3.309323344733828 2.545965344147605
113 792 646 2.796716110011916 3.0760184748286905
113 793 646 2.5868167696997935 3.189100828469169
113 794 646 2.7498401771739323 2.7853560960402297
113 795 646 3.229802006315535 2.1783962805059764
113 796 646 3.911728646008021 1.6302634451289342
113 797 646 4.708675079042897 1.2098334845748413
113 798 646 5.571500785246245 0.9033053746313784
113 799 646 6.473918519721994 0.681933421688138
113 784 647 9.748518913147837 0.3457775717362999
113 785 647 8.826302793355833 0.43896003858586347
113 786 647 7.922980562894299 0.561194691313433
113 787 647 7.045822946966575 0.7215145168416784
113 788 647 6.205934337390354 0.9297424299121729
113 789 647 5.420666102980383 1.1923395727841481
113 790 647 4.717374375645887 1.5010287569555896
113 791 647 4.138069719084046 1.8110379253666864
113 792 647 3.7408048599198818 2.02518361645406
113 793 647 3.5865890481068634 2.038860387455616
113 794 647 3.705890041541976 1.844245842412065
113 795 647 4.074754103010374 1.5396852494128577
113 796 647 4.6339638539807115 1.2274741301619272
113 797 647 5.323872744534721 0.9584137738210091
113 798 647 6.100296796058332 0.743841436188419
113 799 647 6.934235430096057 0.5782695377704062
113 784 648 10.159016733916777 0.31968898461735196
113 785 648 9.277694810673662 0.39903837029468553
113 786 648 8.42292235509748 0.49926667566238325
113 787 648 7.603658395798747 0.6243396178873801
113 788 648 6.8326876849451175 0.7764051652197553
113 789 648 6.128264109843877 0.9521478867103321
113 790 648 5.515942439873757 1.1367533393020577
113 791 648 5.029475221133945 1.2982302517567224
113 792 648 4.708037914035978 1.3917132091730184
113 793 648 4.586460617949328 1.3830083212874635
113 794 648 4.68034411128071 1.275570331618084
113 795 648 4.977511526857563 1.1074857808169731
113 796 648 5.44477924254049 0.9226295132374422
113 797 648 6.042815651664354 0.7500895995749292
113 798 648 6.73688511108803 0.6023574147502715
113 785 649 9.81058718935829 0.3543697877039016
113 786 649 9.006532129515827 0.43347551638681686
113 787 649 8.245460629946686 0.5273640103766901
113 788 649 7.540399259986217 0.6346015569367992
113 789 649 6.908518003161068 0.7494184964853033
113 790 649 6.371626244531335 0.8596023313703693
113 791 649 5.955469838728122 0.9464186313230198
113 792 649 5.686617711786178 0.9895552780719705
113 793 649 5.586378164786211 0.9769300521796569
113 794 649 5.663710885982797 0.9122213710789595
113 795 649 5.911651292151791 0.8124556609458149
113 796 649 6.3101205218283924 0.6982513786119602
113 797 649 6.832834038669439 0.5857057208245751
113 786 650 9.658655237661241 0.3697843980682065
113 787 650 8.953190548625715 0.43857105574634164
113 788 650 8.308406646283071 0.5128785762699786
113 789 650 7.7394845435597714 0.5874872518522274
113 790 650 7.264270162927622 0.6540982596443654
113 791 650 6.90214611552091 0.702360266231499
113 792 650 6.671553117528203 0.7228632364719554
113 793 650 6.586320748338951 0.7110929190643219
113 794 650 6.65203886037958 0.6696794368146277
113 795 650 6.8643733144402885 0.6070612430302142
113 789 651 8.606487146333318 0.46131390028213054
113 790 651 8.181785929734444 0.5023131194899887
113 791 651 7.862036695411718 0.5299392456991466
113 792 651 7.660393005584003 0.5396855553895602
113 793 651 7.586278468392799 0.529823526824748
994 963 1591 10.331059674592895 0.2440859273327669
994 964 1591 9.894483008222284 0.25482093886272567
994 965 1591 9.543101906612943 0.2602745542000052
994 966 1591 9.28659216289806 0.25987712196095974
994 967 1591 9.13295100172993 0.25367102579469875
994 961 1592 10.640338058539275 0.26281691517422195
994 962 1592 10.019321034880527 0.290328631968565
994 963 1592 9.463445144343547 0.3145626034116236
994 964 1592 8.984809068644672 0.3332053118651549
994 965 1592 8.59632444711108 0.3441714096949254
994 966 1592 8.310643416727714 0.34610496002678687
994 967 1592 8.138599019487307 0.33875672412952246
994 968 1592 8.087446692250888 0.32305763586888003
994 969 1592 8.159460398825397 0.30085083608303725
994 970 1592 8.35145460383998 0.2744155475167699
994 971 1592 8.655448804077121 0.24598871506358905
994 960 1593 10.62416086098094 0.28384803785057394
994 961 1593 9.901656124103651 0.3256896651468419
994 962 1593 9.231077618566502 0.36791699364029123
994 963 1593 8.62454601703762 0.4073203633080961
994 964 1593 8.09646799536684 0.4398684766019037
994 965 1593 7.66307992911464 0.4614128941962815
994 966 1593 7.341171159971664 0.46877504511977186
994 967 1593 7.145823535464599 0.4607867812200073
994 968 1593 7.087509717806379 0.4387136457860856
994 969 1593 7.169574185403198 0.40579727435010016
994 970 1593 7.387340116713187 0.3662011735861023
994 971 1593 7.729346285424148 0.3239332314961523
994 972 1593 8.18002408309414 0.2821611864358806
994 959 1594 10.794850346345669 0.2860859643788553
994 960 1594 9.984928342256607 0.3398092416150749
994 961 1594 9.212426064832181 0.3999513622951405
994 962 1594 8.487567024772142 0.46425126689807295
994 963 1594 7.8236049235630185 0.5283422176789044
994 964 1594 7.237319531428716 0.5855650432475767
994 965 1594 6.748984664377276 0.6277856182063475
994 966 1594 6.381127956717349 0.6475538277722737
994 967 1594 6.155387396419481 0.6409329491469175
994 968 1594 6.087593448974715 0.6092741787548994
994 969 1594 6.182943797253857 0.5585872340801009
994 970 1594 6.434189459442426 0.4970042889299365
994 971 1594 6.824133205030518 0.4321160019150315
994 972 1594 7.330674866613589 0.3694717426351862
994 973 1594 7.931506414294843 0.31233439700645327
994 974 1594 8.606903856788474 0.2621355461664166
994 958 1595 11.143823132121183 0.268821216931792
994 959 1595 10.264248340721265 0.3278200067051506
994 960 1595 9.408761555061288 0.39903094727158633
994 961 1595 8.584567199340883 0.4831909691261445
994 962 1595 7.801589197080262 0.5791945990047441
994 963 1595 7.073527691329096 0.6825003917669116
994 964 1595 6.419096042278819 0.7834389876154064
994 965 1595 5.863002132013912 0.866866073438818
994 966 1595 5.435512303362007 0.9153891614592401
994 967 1595 5.168635603328969 0.9166617328749392
994 968 1595 5.087710093942057 0.8703368179531066
994 969 1595 5.201422305485296 0.7882810376438671
994 970 1595 5.497708067913395 0.6878304575756701
994 971 1595 5.949352401732487 0.5843617806182528
994 972 1595 6.524169985523077 0.48783704301600594
994 973 1595 7.1926903172596175 0.4030223568481117
994 974 1595 7.93125425137792 0.331156413264855
994 975 1595 8.72208656228545 0.2715660158286793
994 976 1595 9.55221408889062 0.22275952942363014
994 958 1596 10.724308555799725 0.29388211292001093
994 959 1596 9.807180736582724 0.36551898011303385
994 960 1596 8.907906263539111 0.45584945732585225
994 961 1596 8.032483675675874 0.5686723807251945
994 962 1596 7.189631005830513 0.7066712499365121
994 963 1596 6.392244832607677 0.868706048549815
994 964 1596 5.659575425771762 1.0449840759529725
994 965 1596 5.020039242874471 1.2113010543684424
994 966 1596 4.513401599680641 1.3287339207164928
994 967 1596 4.188173110080318 1.3588224586008966
994 968 1596 4.087883804610879 1.2901192545387634
994 969 1596 4.228568788609213 1.147792206334237
994 970 1596 4.588114427518135 0.9734789620428967
994 971 1596 5.120624375991675 0.8009469704720482
994 972 1596 5.778476788912473 0.6480306958772292
994 973 1596 6.52386342591568 0.5203289073371183
994 974 1596 7.330129193950155 0.4169869730670577
994 975 1596 8.179290556032376 0.3346493737374763
994 976 1596 9.059293239541399 0.26946805787466055
994 958 1597 10.384449624318046 0.311475559601707
994 959 1597 9.434341206464778 0.39397216253465284
994 960 1597 8.495692673349206 0.5020804623012288
994 961 1597 7.5727666014475465 0.6441885094162043
994 962 1597 6.672090676841817 0.8303573749330028
994 963 1597 5.804032563657752 1.070186132897862
994 964 1597 4.985658833093139 1.3656627441337346
994 965 1597 4.245797216071408 1.6939817760612705
994 966 1597 3.6327391868946215 1.9824160944663183
994 967 1597 3.219750611460438 2.1132267233453597
994 968 1597 3.088170008273498 2.0137282290932386
994 969 1597 3.272123775164994 1.7403567991884374
994 970 1597 3.7251569094469144 1.4118697063889023
994 971 1597 4.364263282617142 1.1093731920878802
994 972 1597 5.120233783725136 0.8613352567371516
994 973 1597 5.948680021651888 0.6679805711400073
994 974 1597 6.82325391583813 0.5201867764499025
994 975 1597 7.7283111997383 0.4077557123934429
994 958 1598 10.13226499850844 0.3189241454629421
994 959 1598 9.156025010887602 0.40830404238993023
994 960 1598 8.185523440806909 0.5288624279743309
994 961 1598 7.223073722453583 0.6938241491402486
994 962 1598 6.2723834385343125 0.92268581982817
994 963 1598 5.339737259453839 1.2434376689407554
994 964 1598 4.436529499507432 1.6920559738774033
994 965 1598 3.5850793575595703 2.296163473770305
994 966 1598 2.832453706594305 3.001251341587461
994 967 1598 2.278770282411083 3.5112293480820895
994 968 1598 2.088730236291887 3.4036595599933053
994 969 1598 2.352189193071007 2.7832477696675166
994 970 1598 2.950049830087639 2.0924279831376653
994 971 1598 3.724619980615496 1.537052090073443
994 972 1598 4.58724252683464 1.1320951091455451
994 973 1598 5.49661659568869 0.8433929482041984
994 974 1598 6.432945981430311 0.6369029445063622
994 975 1598 7.3859863254680125 0.48745479850541634
994 958 1599 9.974406949789008 0.3149899564241208
994 959 1599 8.981024106414553 0.4057357413215941
994 960 1599 7.9892924592857035 0.530091726468226
994 961 1599 6.99991385661277 0.7042237211829002
994 962 1599 6.014049717120698 0.9544070374406235
994 963 1599 5.033765389844825 1.3251138692583941
994 964 1599 4.063101524697567 1.8948081732056326
994 965 1599 3.1110760196433267 2.805076795229645
994 966 1599 2.201997729335759 4.283532542872623
994 967 1599 1.4208427076914283 6.297217346945859
994 968 1599 1.0903183021484977 6.674263398631211
994 969 1599 1.5358365798482778 4.7360433814670815
994 970 1599 2.3513387675960535 3.093480395020045
994 971 1599 3.2709010990857244 2.071999782814581
994 972 1599 4.227149630661336 1.4377814306551964
994 973 1599 5.199884037168554 1.028901217653354
994 974 1599 6.181326233099206 0.7551866255055019
994 975 1599 7.167900250422051 0.5659650209810414
994 958 1600 9.915381687055687 0.3003346831294295
994 959 1600 8.915424499147495 0.38678153792123965
994 960 1600 7.915478128325503 0.5054704837543517
994 961 1600 6.915547266847324 0.6722816662583032
994 962 1600 5.915639779432109 0.9136161190520494
994 963 1600 4.915769929522702 1.2759678221865636
994 964 1600 3.915966547354524 1.847798516951416
994 965 1600 2.9162979957473114 2.8171042008397706
994 966 1600 1.9169752215403981 4.659803506356008
994 967 1600 0.9191267594842027 9.06274492332569
994 968 1600 0.12163058825807053 21.669704685641516
994 969 1600 1.0884824298077012 7.664672204756542
994 970 1600 2.086814318524806 4.136910648017716
994 971 1600 3.086226498492977 2.556002696285925
994 972 1600 4.085926333158772 1.6984841941786575
994 973 1600 5.085744193331037 1.1833286661483826
994 974 1600 6.085621907414265 0.8528630776390329
994 975 1600 7.085534136534839 0.6307865376451869
994 959 1601 8.96162898138499 0.3550176794648027
994 960 1601 7.967483542499441 0.4606679381551159
994 961 1601 6.975012114684785 0.6071943334097977
994 962 1601 5.985047535316624 0.8154431251098205
994 963 1601 4.999079315233923 1.1203667266298536
994 964 1601 4.020049004676403 1.5835972402776806
994 965 1601 3.054634839060114 2.320029287717764
994 966 1601 2.1215074828998084 3.5520696147279907
994 967 1601 1.2925919696485637 5.642482452525361
994 968 1601 0.9169481991912226 7.944831740894999
994 969 1601 1.4180246824368392 6.523247807130636
994 970 1601 2.2761357604501917 4.126641591094738
994 971 1601 3.21726498753215 2.654946892895052
994 972 1601 4.185784753185514 1.7875805537634526
994 973 1601 5.166313385771366 1.2510205856069623
994 974 1601 6.153112545695914 0.9027200496841263
994 975 1601 7.143584114434471 0.6675059883653797
994 959 1602 9.117938034446132 0.31559888146767834
994 960 1602 8.142898378341675 0.4044498111686082
994 961 1602 7.17473302639196 0.5246624500007885
994 962 1602 6.216654566565494 0.6899147326695663
994 963 1602 5.274162871963633 0.9208436437338746
994 964 1602 4.357383848136374 1.2483230383006518
994 965 1602 3.486659432752191 1.7156481539003277
994 966 1602 2.7068051278213403 2.3680545255803525
994 967 1602 2.1205645474731427 3.1819279177734185
994 968 1602 1.914887464056321 3.850843966974888
994 969 1602 2.199271242934832 3.796384064397316
994 970 1602 2.8296278907305448 3.0775184799727873
994 971 1602 3.6299853994197093 2.275670047276518
994 972 1602 4.510742067553889 1.6478787852558856
994 973 1602 5.432936038644336 1.2007400910301136
994 974 1602 6.3786200702033105 0.8874478421928174
994 975 1602 7.3387188255172005 0.6661732783649679
994 976 1602 8.308236515651238 0.5075080809438655
994 960 1603 8.43402596628677 0.34516929207094776
994 961 1603 7.503518774548349 0.43917252468491963
994 962 1603 6.59339017501616 0.5633960152028024
994 963 1603 5.7133872615113095 0.7281292717752417
994 964 1603 4.879835448045331 0.9457052439360915
994 965 1603 4.121018563413643 1.2273021664837789
994 966 1603 3.486085770602887 1.5720659930627414
994 967 1603 3.053325072769029 1.9413658441147
994 968 1603 2.9142398665861515 2.227343790125407
994 969 1603 3.1085034984699864 2.2860877425717225
994 970 1603 3.5822889330706165 2.08071210638636
994 971 1603 4.242969950400343 1.7290902202086549
994 972 1603 5.01724964497486 1.3658110005563133
994 973 1603 5.860272519260553 1.0561030144011587
994 974 1603 6.746317069334979 0.8126046475866774
994 975 1603 7.660469567852911 0.6271730655260482
994 976 1603 8.59376483271451 0.48728251750338525
994 977 1603 9.540586669592217 0.38164087309644984
994 960 1604 8.82942772777486 0.2887477719015883
994 961 1604 7.94536305023248 0.36006664549353506
994 962 1604 7.0921642676971075 0.4506884219131935
994 963 1604 6.282419438401079 0.5651136231826389
994 964 1604 5.535232063789177 0.7072773001357195
994 965 1604 4.87942558094699 0.8780364856280174
994 966 1604 4.356465769405281 1.0701136159528846
994 967 1604 4.01855620839127 1.2607447913124084
994 968 1604 3.913923095820879 1.407843153479268
994 969 1604 4.060639604791364 1.4630583225289604
994 970 1604 4.433823857574885 1.4042780960217633
994 971 1604 4.982849987707869 1.254965545400774
994 972 1604 5.656747652140793 1.0637221690465788
994 973 1604 6.4162912963798995 0.8720833927069069
994 974 1604 7.234555549582885 0.7022008080969354
994 975 1604 8.093750305019336 0.560978357405154
994 976 1604 8.9821374961643 0.4473956336613069
994 977 1604 9.891854932215734 0.35747071729547886
994 978 1604 10.817522544464644 0.2867069794165438
994 961 1605 8.482617166888978 0.29161264880553944
994 962 1605 7.689264854327732 0.35685319519564174
994 963 1605 6.949445589397743 0.43582428156815245
994 964 1605 6.282101081644566 0.5292492813267126
994 965 1605 5.712687108533067 0.6355286833648424
994 966 1605 5.273025127950745 0.7487507787027718
994 967 1605 4.997478764337077 0.8567179625678903
994 968 1605 4.913735239102745 0.9410436239870933
994 969 1605 5.0313809237624 0.9821204802156207
994 970 1605 5.337114763615286 0.9685785152556873
994 971 1605 5.801275204642539 0.9043028492902808
994 972 1605 6.389428299934228 0.8059218923520559
994 973 1605 7.070699682492566 0.693438412373064
994 974 1605 7.820792415094557 0.5824932636500659
994 975 1605 8.621762812789541 0.482044760015731
994 976 1605 9.46069733159246 0.395631239589203
994 977 1605 10.328349045225028 0.32351059678989474
994 978 1605 11.218056605312741 0.26435743825754876
994 979 1605 12.124965731910375 0.21629041412326586
994 962 1606 8.363659127439359 0.2815444718464752
994 963 1606 7.689004747039747 0.3362970815554776
994 964 1606 7.091600242540455 0.3986422515386698
994 965 1606 6.592480109943443 0.4668313819280809
994 966 1606 6.215367567569917 0.536938924819572
994 967 1606 5.983376471525092 0.6023710222718849
994 968 1606 5.913610910433669 0.6543052791008357
994 969 1606 6.011721384096256 0.6837047040049152
994 970 1606 6.2698320551670506 0.6845959446370758
994 971 1606 6.6693923261418915 0.6567878713414976
994 972 1606 7.186848683533029 0.6059651241709196
994 973 1606 7.798768748975731 0.541079185632634
994 974 1606 8.48473888814503 0.4710392722020581
994 975 1606 9.228260616172511 0.40259887073126005
994 976 1606 10.016526044492707 0.33983534070788673
994 977 1606 10.839778318766523 0.2846071177124135
994 978 1606 11.69062846899177 0.23729581759367926
994 979 1606 12.56347061921987 0.19745512025503678
994 973 1607 8.581771029338904 0.419251555037112
994 974 1607 9.209603357365646 0.37563193949477164
994 975 1607 9.898827910414477 0.3300963570300552
994 976 1607 10.637518225601342 0.28586339804952343
994 977 1607 11.416076120979607 0.24495537918897134
994 978 1607 12.226888156845177 0.20838678460349078
994 979 1607 13.063950168306711 0.17645718013802866
275 1913 813 11.19372547456836 0.2879743944413022
275 1914 813 10.642626085698987 0.33152170153552235
275 1915 813 10.160289858070017 0.37220814942316977
275 1916 813 9.756920108312887 0.40487519402056843
275 1917 813 9.44264210907097 0.4242595065469946
275 1918 813 9.226564366003206 0.42673697431149915
275 1919 813 9.115672767272859 0.41181664787895245
275 1920 813 9.11380765651766 0.3823597011545001
275 1912 814 11.051311686854225 0.28129963604786484
275 1913 814 10.396994277193802 0.33727692343916943
275 1914 814 9.801198396114659 0.39759431781708643
275 1915 814 9.275208353454948 0.4572952566972323
275 1916 814 8.831505534165755 0.5087181124908776
275 1917 814 8.483011847215602 0.5428052875672438
275 1918 814 8.241813514027124 0.5521929040920377
275 1919 814 8.117480520457073 0.5346533678722741
275 1920 814 8.115386004374649 0.49427787294080877
275 1921 814 8.23562323081865 0.43935305260825225
275 1922 814 8.472985896364971 0.37876163989365375
275 1923 814 8.818020752980773 0.3193848940779666
275 1911 815 11.088890386328151 0.2574653321233573
275 1912 815 10.340671641629513 0.31847858766104303
275 1913 815 9.63823064675258 0.39104027460185503
275 1914 815 8.992301707571903 0.4735550212328087
275 1915 815 8.415906962413526 0.5606439149585379
275 1916 815 7.924234347872377 0.6416815326337717
275 1917 815 7.533889433752015 0.70146878786165
275 1918 815 7.261231989132433 0.7251194137765772
275 1919 815 7.119795643134713 0.7058226031060951
275 1920 815 7.117407533645937 0.6491755953042276
275 1921 815 7.254204987453817 0.5695899641559112
275 1922 815 7.52259862015778 0.48253965544682637
275 1923 815 7.909202867546111 0.39921692279061227
275 1924 815 8.397707425244077 0.3254953314112632
275 1911 816 10.476711793306185 0.2812103833135644
275 1912 816 9.681295884332881 0.35500853934654536
275 1913 816 8.927121036482069 0.44686890639473714
275 1914 816 8.22553888812159 0.5574930363305184
275 1915 816 7.591145499857085 0.6828610108941736
275 1916 816 7.0421225493455 0.8101543019620487
275 1917 816 6.599809845745577 0.9152787198564485
275 1918 816 6.28677103130058 0.9684753524581607
275 1919 816 6.122866158916104 0.9509282667525388
275 1920 816 6.1200890516396855 0.8691349623735224
275 1921 816 6.278653518072154 0.7496525264935016
275 1922 816 6.586918095740961 0.6209779702479323
275 1923 816 7.025203911631293 0.5017792859331345
275 1924 816 7.57096361106032 0.4001000021991067
275 1910 817 10.797846544566235 0.23543690622482027
275 1911 817 9.927713231152524 0.3015395915596282
275 1912 817 9.084354132243018 0.38811188038628935
275 1913 817 8.275958554753684 0.5007711259831498
275 1914 817 7.513819933961725 0.6446342592410413
275 1915 817 6.813478553573091 0.8207014380191762
275 1916 817 6.195925273919979 1.0180984575454397
275 1917 817 5.688188639628635 1.2032474764949774
275 1918 817 5.32179387049143 1.3187758523432864
275 1919 817 5.127132726973239 1.3141756243100151
275 1920 817 5.123815960785471 1.1916889338147003
275 1921 817 5.3122019916414915 1.0039864611890525
275 1922 817 5.67322571382452 0.8073161919853715
275 1923 817 6.176689242628257 0.6333687835900035
275 1924 817 6.7909859372553205 0.49182627485214764
275 1925 817 7.488891106165146 0.3811990816558171
275 1910 818 10.362986538638415 0.24402813620168073
275 1911 818 9.452909076046426 0.3166177320074471
275 1912 818 8.562913639643973 0.4145469699561992
275 1913 818 7.699966883045711 0.5472510024635904
275 1914 818 6.874262869573768 0.7265048191617984
275 1915 818 6.100941730585572 0.9638468464678275
275 1916 818 5.402544770753905 1.2607593181960277
275 1917 818 4.811807352752212 1.58400696710346
275 1918 818 4.3725839042836165 1.8340990587355546
275 1919 818 4.133459809892924 1.8772388879886526
275 1920 818 4.129344984377055 1.6848087739418973
275 1921 818 4.360904722646419 1.3717302004146943
275 1922 818 4.794109927817647 1.059260363306215
275 1923 818 5.380473027532024 0.8006670859215327
275 1924 818 6.075811879905395 0.6026620452519574
275 1925 818 6.847005914996672 0.4554517153280544
275 1910 819 10.009470015939954 0.2479224593457637
275 1911 819 9.063966570988713 0.32488798196196794
275 1912 819 8.131512159494124 0.4311944453880932
275 1913 819 7.2171663414390475 0.5801364766889379
275 1914 819 6.328782663356404 0.791358271554665
275 1915 819 5.479004471617127 1.0922437164059622
275 1916 819 4.688868733500691 1.5133209592510537
275 1917 819 3.9939316468863435 2.05732222547149
275 1918 819 3.4521717801986846 2.599932636613279
275 1919 819 3.143801838538818 2.805295871651052
275 1920 819 3.1383897144873427 2.4824421616256176
275 1921 819 3.4373667246890953 1.9155427077710399
275 1922 819 3.972592352608021 1.3975917905205977
275 1923 819 4.6634204185339785 1.0083405220174104
275 1924 819 5.451008163633542 0.732378834209602
275 1925 819 6.299165817788846 0.5386835485496302
275 1910 820 9.746152574221327 0.24674967263851774
275 1911 820 8.772313833875353 0.3254232159242289
275 1912 820 7.805093849531906 0.4358353602064669
275 1913 820 6.8472980072434915 0.5941952451588027
275 1914 820 5.903515054609464 0.8269658038980854
275 1915 820 4.981715567954525 1.1782051516826237
275 1916 820 4.0967657975530365 1.720295468543337
275 1917 820 3.2786414869577096 2.5542979241514434
275 1918 820 2.591426248227056 3.690087228792416
275 1919 820 2.1636751142442923 4.475252688366111
275 1920 820 2.1558037944117143 3.8809734982703112
275 1921 820 2.5716706632070596 2.7276307920721203
275 1922 820 3.2526127958919018 1.8365148558597124
275 1923 820 4.067614780187478 1.2530339975287528
275 1924 820 4.950907997529294 0.8758697145775933
275 1925 820 5.871753571123317 0.6269899365877404
275 1911 821 8.587868769374674 0.3181616127047868
275 1912 821 7.597202774706016 0.4278149879995254
275 1913 821 6.609348681980751 0.5869605677713662
275 1914 821 5.62578794481276 0.8254231710647166
275 1915 821 4.649246175456885 1.1973618673848865
275 1916 821 3.685307314187023 1.808151820526291
275 1917 821 2.7472695535750153 2.8789229801547838
275 1918 821 1.8744305802030008 4.875290954866223
275 1919 821 1.2163428792902322 7.840742511611411
275 1920 821 1.2022853238728097 6.6383484759764
275 1921 821 1.8470219273197168 3.880858608196938
275 1922 821 2.7161535302702857 2.350357201005462
275 1923 821 3.6528742108098426 1.5120029138467372
275 1924 821 4.616220315366189 1.019682124024468
275 1925 821 5.5924493739326255 0.7128293267173872
275 1926 821 6.575826183834189 0.5125123645063074
275 1911 822 8.517598840048812 0.3039230317869201
275 1912 822 7.5176784980471725 0.408254823499816
275 1913 822 6.517782598399604 0.5597193784168932
275 1914 822 5.517924428623554 0.7870909965974712
275 1915 822 4.51812903755531 1.1435979851073446
275 1916 822 3.51844994280157 1.7369932962399415
275 1917 822 2.5190256052688835 2.8164982836462165
275 1918 822 1.520358510352134 5.103178504794349
275 1919 822 0.5267731959772197 12.049816701323541
275 1920 822 0.49344705896372393 11.943329694644175
275 1921 822 1.4864353332721352 5.076634423254897
275 1922 822 2.4850533193474416 2.8051277800082564
275 1923 822 3.4844640907892326 1.7310625506007793
275 1924 822 4.484137598245567 1.140153141160378
275 1925 822 5.483930160022045 0.7849459151885709
275 1926 822 6.483786702228823 0.5583159780563381
275 1912 823 7.570567349941535 0.37969383518595184
275 1913 823 6.57871492010413 0.5169871017639831
275 1914 823 5.5897665425311445 0.7204021483600866
275 1915 823 4.605593338539615 1.0334355013095062
275 1916 823 3.6300812663080113 1.5395497746595361
275 1917 823 2.6727308132320897 2.4140791972382805
275 1918 823 1.7633746056922113 4.065447719818281
275 1919 823 1.0370583397283184 7.35657972592781
275 1920 823 1.0205341738520817 8.978522469213196
275 1921 823 1.7342116364503628 5.144689081355552
275 1922 823 2.6407366396518492 2.951924574958709
275 1923 823 3.5971502609704302 1.833981996636016
275 1924 823 4.5722521802717235 1.2081874903614556
275 1925 823 5.556211839014008 0.8304877175367212
275 1926 823 6.545035523203776 0.589514718621788
275 1913 824 6.788040217912729 0.464836266415436
275 1914 824 5.834679939808232 0.6377092162634612
275 1915 824 4.899947958907368 0.8947523610486522
275 1916 824 3.9969350757799877 1.2887019319390984
275 1917 824 3.1530128448834884 1.909868033579614
275 1918 824 2.430532863386168 2.8919376330385362
275 1919 824 1.9681183907478885 4.243155008373252
275 1920 824 1.9594616607629638 4.978423266440854
275 1921 824 2.409458445377269 3.9903770632933693
275 1922 824 3.1259382591471225 2.6800384544705156
275 1923 824 3.967050541649254 1.7739136666825257
275 1924 824 4.868623008613373 1.2031744270396643
275 1925 824 5.802541684468921 0.8395894066272352
275 1926 824 6.755404503062664 0.6010169159816828
275 1927 824 7.720200126939665 0.4397225162996878
275 1914 825 6.232294120145534 0.5505637562918058
275 1915 825 5.3672609401817315 0.7523117043274612
275 1916 825 4.557794422744446 1.043249804413315
275 1917 825 3.8392043446527135 1.4611737495850161
275 1918 825 3.271924510131639 2.0327284894103514
275 1919 825 2.944739377262453 2.681725294238012
275 1920 825 2.9389607006559233 3.0616428585572386
275 1921 825 3.2563000476000132 2.8115090940016425
275 1922 825 3.8170001309928905 2.182486370668509
275 1923 825 4.531610089140464 1.5791007707044538
275 1924 825 5.338678675477626 1.1267413244561832
275 1925 825 6.2022165392704105 0.8101084897265983
275 1926 825 7.101654032688393 0.5907737659341004
275 1927 825 8.024929283177467 0.437478003983606
275 1915 826 5.96703360138021 0.6212830045448674
275 1916 826 5.250856120672169 0.8310170802065677
275 1917 826 4.640850137636452 1.1092546052267487
275 1918 826 4.18371724665998 1.4524534535982294
275 1919 826 3.9331272544884768 1.8045062942705397
275 1920 826 3.928802616574159 2.024396678466604
275 1921 826 4.171509319179313 1.9721492447297388
275 1922 826 4.62249824229277 1.684879666319881
275 1923 826 5.228144030150627 1.3242452169399297
275 1924 826 5.941337391530592 1.0015668990387558
275 1925 826 6.72796328765247 0.7487762081125281
275 1926 826 7.565149701096425 0.5606143873861126
275 1927 826 8.437860510816662 0.4227595834754274
275 1915 827 6.663594375410352 0.5081201117295026
275 1916 827 6.030712229911189 0.6583216287978708
275 1917 827 5.507766334912936 0.8453184797792879
275 1918 827 5.128497830749289 1.0600381426914876
275 1919 827 4.926204421255787 1.2682703385464527
275 1920 827 4.922752278959399 1.4055776622370666
275 1921 827 5.118543738213033 1.4096660660104463
275 1922 827 5.4923118993735 1.278420803229824
275 1923 827 6.010947512663844 1.0722117542936394
275 1924 827 6.640594099928073 0.8566610844223257
275 1925 827 7.352787906637824 0.6677248821317917
275 1926 827 8.125853185973725 0.5154977732622898
275 1915 828 7.429770521355319 0.4138471468140101
275 1916 828 6.86785920065346 0.5217627844939912
275 1917 828 6.413539584348122 0.6496213467030961
275 1918 828 6.090935067787226 0.7892840885710807
275 1919 828 5.921612111579082 0.9204610015311858
275 1920 828 5.918740575494078 1.0109166896517052
275 1921 828 6.082556206069933 1.0299069671130863
275 1922 828 6.400272650442304 0.9700280916583708
275 1923 828 6.8505101999777835 0.8534916988600241
275 1924 828 7.409149073949014 0.7144220758976239
275 1916 829 7.743738761089529 0.41504266790463734
275 1917 829 7.34380623382727 0.5041773433081057
275 1918 829 7.06381554119303 0.5981606604852104
275 1919 829 6.918344455142434 0.6848198307636719
275 1920 829 6.915886783341668 0.7468345516928123
275 1921 829 7.056591953627463 0.7677888471992216
275 1922 829 7.332222718930444 0.7413250993462683
275 1923 829 7.72835622884968 0.6754031257325607
275 1916 830 8.646588344543783 0.331877921398261
275 1917 830 8.290325084096539 0.3952178856778435
275 1918 830 8.043350669963369 0.4603283059260087
275 1919 830 7.915901085789291 0.5197381228322308
275 1920 830 7.913753218290292 0.5635920439732334
275 1921 830 8.037007527680926 0.5825694487752378
275 1922 830 8.280065820994405 0.5720647673204208
275 1923 830 8.632814720587929 0.5346710847515359
275 1917 831 9.248107373944157 0.31277104013027096
275 1918 831 9.027374479880635 0.35901210651557847
275 1919 831 8.914005272603335 0.40096703185665417
275 1920 831 8.912097957271337 0.43275949382985973
275 1921 831 9.02172322785397 0.4488310386175588
275 1922 831 9.238911732449864 0.4459890651261224
1781 1589 2574 6.9393766290638945 0.20369246276857525
1781 1590 2574 6.442899036924171 0.22049983045205035
1781 1591 2574 6.071815873361002 0.2303658676661448
1781 1592 2574 5.850038290472879 0.23162795592249466
1781 1587 2575 7.540487252160692 0.22028800610060068
1781 1588 2575 6.798157691610141 0.2619037766104896
1781 1589 2575 6.129514499534066 0.3032481920144083
1781 1590 2575 5.561200230166018 0.3389296875668011
1781 1591 2575 5.126689770212237 0.3625927122857724
1781 1592 2575 4.861990127509415 0.369091190074235
1781 1593 2575 4.795304786976448 0.3568766735548935
1781 1594 2575 4.934667972619786 0.3288109701910173
1781 1587 2576 6.948017558987461 0.2992184915819204
1781 1588 2576 6.134406898796191 0.3733905747480547
1781 1589 2576 5.383952822972961 0.4550211476606494
1781 1590 2576 4.726832766239857 0.534049794355155
1781 1591 2576 4.207011766087535 0.5942366544885599
1781 1592 2576 3.880070617913955 0.6183973562389403
1781 1593 2576 3.7961754437854167 0.5983783700387103
1781 1594 2576 3.9707616397864562 0.5409878216147855
1781 1595 2576 4.372979304776075 0.4629952644168058
1781 1596 2576 4.9476204381500475 0.381067534675803
1781 1586 2577 7.371224321644134 0.2944295510935095
1781 1587 2577 6.456852793737692 0.3905551405923201
1781 1588 2577 5.571978822644471 0.5168995925882878
1781 1589 2577 4.733175255576185 0.6754250248278661
1781 1590 2577 3.969754148558687 0.8554214841702501
1781 1591 2577 3.3339088169893203 1.0208500672550942
1781 1592 2577 2.9104893059414167 1.1108469520551671
1781 1593 2577 2.7976683148650006 1.079668842258181
1781 1594 2577 3.030337934950456 0.9442180808772318
1781 1595 2577 3.5410377010136473 0.7651252218596982
1781 1596 2577 4.230242073451617 0.5931201358426904
1781 1597 2577 5.02503213920075 0.45026271533901135
1781 1586 2578 7.053435191450914 0.3422539165669964
1781 1587 2578 6.091547258291477 0.47452375439614486
1781 1588 2578 5.144215003282681 0.6674119210424361
1781 1589 2578 4.221249578027678 0.9482800337841397
1781 1590 2578 3.3428951524089223 1.3425740684466487
1781 1591 2578 2.5555719516380857 1.8262217392553022
1781 1592 2578 1.971534427799707 2.2123322426231993
1781 1593 2578 1.8008187027015627 2.1911723730139525
1781 1594 2578 2.1445157961647103 1.7836207586964634
1781 1595 2578 2.820451736867728 1.3035564015154337
1781 1596 2578 3.648417191057021 0.9195227859053045
1781 1597 2578 4.546091508097987 0.6475226110486785
1781 1598 2578 5.47932003080682 0.46091773673905556
1781 1599 2578 6.432647044568905 0.3328749831897404
1781 1586 2579 6.8678197413734114 0.36344398555798946
1781 1587 2579 5.87562320098886 0.5182309949676164
1781 1588 2579 4.886609049228187 0.7607467488333688
1781 1589 2579 3.903197151054379 1.1579731745674653
1781 1590 2579 2.9310319002015723 1.8436178028099788
1781 1591 2579 1.9866927291353997 3.0803080154864935
1781 1592 2579 1.1414674765404773 5.075832490588867
1781 1593 2579 0.8117561210116663 5.647514308974646
1781 1594 2579 1.4194886403209181 3.6513622722845156
1781 1595 2579 2.3175305823225614 2.1631870168561447
1781 1596 2579 3.275201978504619 1.3371822238352111
1781 1597 2579 4.252404966604286 0.8667419995899436
1781 1598 2579 5.238219926654571 0.5841212342569032
1781 1599 2579 6.228559062897392 0.4061181477163109
1781 1586 2580 6.825170181028347 0.34885709297487444
1781 1587 2580 5.825714376795239 0.49852516158939786
1781 1588 2580 4.826484020485199 0.735366246094037
1781 1589 2580 3.8276556793942667 1.1312326774684394
1781 1590 2580 2.829655102658168 1.8464122437721864
1781 1591 2580 1.833834234602362 3.306006337175993
1781 1592 2580 0.847908013878777 7.031552159658511
1781 1593 2580 0.2737663237143574 14.162173112374028
1781 1594 2580 1.1962223873512385 5.586042443574938
1781 1595 2580 2.1879095045272137 2.7886377029667844
1781 1596 2580 3.184799522733062 1.6049745603009438
1781 1597 2580 4.183174392731071 1.0015867115520563
1781 1598 2580 5.182175990836396 0.6594109673745908
1781 1599 2580 6.181500465097565 0.45126596424169296
1781 1587 2581 5.946002690883928 0.42636844264036816
1781 1588 2581 4.971010762410311 0.609697901770624
1781 1589 2581 4.008359764292541 0.8943049325894804
1781 1590 2581 3.069682068227844 1.347123418811064
1781 1591 2581 2.1860805108686634 2.066201501289161
1781 1592 2581 1.4611461254782219 3.0734860345977832
1781 1593 2581 1.2210438157577481 3.770876021508168
1781 1594 2581 1.6872901350984257 3.214326345548853
1781 1595 2581 2.4905718218916486 2.1900964061738413
1781 1596 2581 3.3998452905979275 1.427476485765448
1781 1597 2581 4.349131867396197 0.9444437179266227
1781 1598 2581 5.317043163262957 0.6415267722323728
1781 1599 2581 6.2949938840321025 0.44714384390978457
1781 1588 2582 5.30348451492029 0.4564423375006083
1781 1589 2582 4.413949252087015 0.626688069154139
1781 1590 2582 3.583147778141413 0.8587399451612934
1781 1591 2582 2.862681959282233 1.152125707497558
1781 1592 2582 2.356044991081492 1.4575552902705393
1781 1593 2582 2.215163199405499 1.644090443293938
1781 1594 2582 2.5025882601819722 1.5845432685305236
1781 1595 2582 3.1014428900111723 1.3236033369309808
1781 1596 2582 3.8697477953997304 1.0124532021998425
1781 1597 2582 4.725563246852305 0.7449018751801852
1781 1589 2583 4.989884567803116 0.42026586721760134
1781 1590 2583 4.2725809530072 0.5360970265514247
1781 1591 2583 3.6893018309702086 0.6638370380589119
1781 1592 2583 3.3116382652699787 0.7813300579264453
1781 1593 2583 3.212934484237202 0.8537464695251524
1781 1594 2583 3.4174475855528197 0.8518650263198755
1094 2131 1719 13.256944180315385 0.14374902251724234
1094 2132 1719 12.85000268482455 0.1559661147742906
1094 2133 1719 12.509938808803117 0.1679701419232174
1094 2134 1719 12.242326943845217 0.17937337091022693
1094 2135 1719 12.051994399268478 0.18974030000293604
1094 2129 1720 13.422539588319253 0.14378862018189462
1094 2130 1720 12.866256992614357 0.15905628241954134
1094 2131 1720 12.365943918682392 0.17496488434649726
1094 2132 1720 11.928644893700131 0.19117513772411696
1094 2133 1720 11.561512401065807 0.20723298690099196
1094 2134 1720 11.27140492574012 0.22257406807880747
1094 2135 1720 11.064382901906406 0.23654663042744425
1094 2136 1720 10.94516189921369 0.24845652284463252
1094 2137 1720 10.91661893628239 0.25763316281000836
1094 2138 1720 10.979461234505063 0.2635086275096612
1094 2128 1721 13.264937579951045 0.1542766159474761
1094 2129 1721 12.622779765170495 0.17289488572456743
1094 2130 1721 12.0295706074655 0.1929021519323685
1094 2131 1721 11.492892107733288 0.21401677732983498
1094 2132 1721 11.021005807093937 0.2357902449287573
1094 2133 1721 10.622550023417094 0.2575839023362033
1094 2134 1721 10.30604526479477 0.2785657283981149
1094 2135 1721 10.07921470155284 0.29773984262174946
1094 2136 1721 9.948194258256073 0.3140187932065495
1094 2137 1721 9.91678218980327 0.3263395029710828
1094 2138 1721 9.98591853561802 0.33380850708007626
1094 2139 1721 10.153549576379667 0.33584579164286193
1094 2140 1721 10.414920498976453 0.3322880332721523
1094 2141 1721 10.763204402035674 0.3234190119856269
1094 2144 1721 12.246410453679916 0.27296289313720346
1094 2145 1721 12.858871217956922 0.2516660920928499
1094 2127 1722 13.257170474878768 0.16224277660310665
1094 2128 1722 12.53509349785623 0.18412728132533696
1094 2129 1722 11.853462321195346 0.20833792710271581
1094 2130 1722 11.2196510195281 0.23475693545702378
1094 2131 1722 10.642206960964355 0.2630699139409798
1094 2132 1722 10.130773366332818 0.29270122504200163
1094 2133 1722 9.695801617194865 0.3227570128771058
1094 2134 1722 9.347971384209451 0.35199742063482736
1094 2135 1722 9.097283605560452 0.3788666427108966
1094 2136 1722 8.951903093756053 0.40160819325723685
1094 2137 1722 8.916982056727454 0.4184753545500953
1094 2138 1722 8.993807258330568 0.4280109609310232
1094 2139 1722 9.179573465036368 0.42932819683161105
1094 2140 1722 9.467870351879561 0.42230091257958935
1094 2141 1722 9.84969892940897 0.4075918402070478
1094 2142 1722 10.314677358017574 0.38650752393112536
1094 2143 1722 10.852122787731467 0.36073594470456277
1094 2144 1722 11.451836926886482 0.332057327012214
1094 2145 1722 12.104568104645494 0.30210716703352425
1094 2146 1722 12.80220953585752 0.27223091080495393
1094 2147 1722 13.537819950051095 0.24342975516003684
1094 2148 1722 14.305543296219184 0.21637360272154646
1094 2127 1723 12.606449500156554 0.19167214674702313
1094 2128 1723 11.844769689613962 0.21976313239336057
1094 2129 1723 11.120906842519537 0.2513785590622756
1094 2130 1723 10.442728043954704 0.286506929812745
1094 2131 1723 9.819703101417998 0.32485936421658634
1094 2132 1723 9.26296761302761 0.36574329571270797
1094 2133 1723 8.785133408207223 0.4079314308246048
1094 2134 1723 8.399676719969575 0.4495656037252107
1094 2135 1723 8.119764097558441 0.4881594968422249
1094 2136 1723 7.956542528007957 0.5207747864498736
1094 2137 1723 7.91723240785563 0.5444156724127199
1094 2138 1723 8.003659725400604 0.556599245798758
1094 2139 1723 8.211855393271357 0.5559395038934947
1094 2140 1723 8.532910933556032 0.5425133898711757
1094 2141 1723 8.95469536053574 0.5178397525836481
1094 2142 1723 9.463750260863844 0.4844813746982443
1094 2143 1723 10.046818849765367 0.4454521098725259
1094 2144 1723 10.691799147009865 0.40365885162115317
1094 2145 1723 11.388176719738814 0.36152903016187554
1094 2146 1723 12.127100601545338 0.32085496223722615
1094 2147 1723 12.90126230258115 0.2828045488805429
1094 2148 1723 13.704691495980553 0.24802347775399425
1094 2149 1723 14.53253484427276 0.21676717035385987
1094 2150 1723 15.380850724196048 0.1890253126999273
1094 2126 1724 12.834195300056692 0.19472090506084624
1094 2127 1724 12.003856422000286 0.22589268793049092
1094 2128 1724 11.201275329175589 0.2619459610081031
1094 2129 1724 10.432860058488176 0.30332863947518884
1094 2130 1724 9.70672802750742 0.3502958540901598
1094 2131 1724 9.033081921470563 0.402738196699347
1094 2132 1724 8.424521885543328 0.4599438339712866
1094 2133 1724 7.896111004792088 0.5203100267668814
1094 2134 1724 7.46488908156035 0.581068172075955
1094 2135 1724 7.148466199122657 0.6381603179254184
1094 2136 1724 6.96251168760235 0.6864704320791678
1094 2137 1724 6.917555131692088 0.7205846184131675
1094 2138 1724 7.0163073621385585 0.7360352784010995
1094 2139 1724 7.252900730052765 0.7306147964356478
1094 2140 1724 7.614497291351554 0.7051110121957969
1094 2141 1724 8.084340974996067 0.6630384777990176
1094 2142 1724 8.644800113362978 0.6095256792116468
1094 2143 1724 9.279470297382321 0.5499631013792513
1094 2144 1724 9.974195155500064 0.4889810781777844
1094 2145 1724 10.71730231914735 0.42997518141810126
1094 2146 1724 11.499416028651254 0.37508468974386955
1094 2147 1724 12.31310557901627 0.32541625851946504
1094 2148 1724 13.152511889369338 0.28133798002773125
1094 2149 1724 14.013014272454088 0.24274607434195405
1094 2150 1724 14.890955946479803 0.20926872946332428
1094 2151 1724 15.783427035976768 0.1804060109966238
1094 2126 1725 12.324226912873577 0.2259763944589002
1094 2127 1725 11.456987780389642 0.26507457733423984
1094 2128 1725 10.613131912870855 0.311202475336433
1094 2129 1725 9.798702414095347 0.36534013955145084
1094 2130 1725 9.021672184246011 0.42832113868677674
1094 2131 1725 8.292561063989725 0.5005718131694376
1094 2132 1725 7.625127474344189 0.5816899497086235
1094 2133 1725 7.0369431573659025 0.6698398778071698
1094 2134 1725 6.549394552170376 0.7610310562612654
1094 2135 1725 6.18632112001949 0.8485472004798451
1094 2136 1725 5.970474771741306 0.9230721956978133
1094 2137 1725 5.917986904345058 0.974166007157687
1094 2138 1725 6.03312265746353 0.9932093341357588
1094 2139 1725 6.306708253915033 0.9766673597019481
1094 2140 1725 6.719417311047158 0.9276207913953225
1094 2141 1725 7.247521576373569 0.8544255010824594
1094 2142 1725 7.867818566794777 0.7675029244382902
1094 2143 1725 8.56029024040662 0.6763175153547831
1094 2144 1725 9.30884359090865 0.5877880196793669
1094 2145 1725 10.101018216001853 0.5060852655354322
1094 2146 1725 10.92733128444459 0.4331745879390609
1094 2147 1725 11.78060138532841 0.36953845854060824
1094 2148 1725 12.655377078538665 0.31479360447859334
1094 2149 1725 13.54749308912915 0.26812525644781265
1094 2150 1725 14.453738928042192 0.2285578833500905
1094 2151 1725 15.371615692567989 0.1951081408872477
1094 2125 1726 12.793770710779416 0.22000370879645123
1094 2126 1726 11.876723832774653 0.2603309599116477
1094 2127 1726 10.974177372359062 0.3089346416760765
1094 2128 1726 10.090023240805635 0.3675175063105751
1094 2129 1726 9.229548688857871 0.4379889270907242
1094 2130 1726 8.400033868979234 0.5223251894317433
1094 2131 1726 7.611607517469516 0.622239566056046
1094 2132 1726 6.878413261792189 0.7385202445350842
1094 2133 1726 6.220013585194076 0.8698609804914695
1094 2134 1726 5.662558520668821 1.0110975964969808
1094 2135 1726 5.238374652504274 1.1512009157174818
1094 2136 1726 4.981623129061398 1.2723877280285214
1094 2137 1726 4.918594209731037 1.352800241521956
1094 2138 1726 5.056537253892221 1.3741970392779295
1094 2139 1726 5.380015706296784 1.3311855762627358
1094 2140 1726 5.858375969498739 1.2343718880362824
1094 2141 1726 6.457288053045217 1.104341302816969
1094 2142 1726 7.146507468687114 0.9621792213880598
1094 2143 1726 7.902440698923397 0.8234224816601855
1094 2144 1726 8.70773041613032 0.6968928647104728
1094 2145 1726 9.549898899988486 0.5862043204210324
1094 2146 1726 10.420008109401907 0.4917766904409036
1094 2147 1726 11.311612130903434 0.41240261690569235
1094 2148 1726 12.220006914891739 0.3462245344090128
1094 2149 1726 13.141711037760727 0.29126394198915706
1094 2150 1726 14.074109883044196 0.24567291834608
1094 2151 1726 15.015211253925218 0.20783190771760146
1094 2125 1727 12.44389685749594 0.24836806735904948
1094 2126 1727 11.498981215742441 0.29687575293566343
1094 2127 1727 10.564211707458238 0.3564505550594271
1094 2128 1727 9.642539551383646 0.42987207151220824
1094 2129 1727 8.738110150369938 0.5205558693895738
1094 2130 1727 7.856880360550129 0.6325455635993318
1094 2131 1727 7.007607937092266 0.7702722064028464
1094 2132 1727 6.203432033963033 0.9377720031753983
1094 2133 1727 5.464299497648252 1.136787575258188
1094 2134 1727 4.8202249947486 1.3629182983556798
1094 2135 1727 4.313996870652475 1.599393773315516
1094 2136 1727 3.998320772524329 1.8109266235608357
1094 2137 1727 3.9195113215807593 1.9466376574055106
1094 2138 1727 4.091279628673645 1.9626189502614801
1094 2139 1727 4.484926866739318 1.8530695760068614
1094 2140 1727 5.04881857467669 1.6550645616301252
1094 2141 1727 5.732937205307639 1.4206506216623866
1094 2142 1727 6.499428359479068 1.1898210081254748
1094 2143 1727 7.322470143332848 0.9834335408395564
1094 2144 1727 8.185021014023189 0.8082555155521909
1094 2145 1727 9.07582332353387 0.663594861842774
1094 2146 1727 9.987320411401727 0.545740240571467
1094 2147 1727 10.914328609676446 0.4502541335472902
1094 2148 1727 11.853209227884319 0.37296235219063645
1094 2149 1727 12.801350280341609 0.31028987323980867
1094 2150 1727 13.756837172838909 0.2593073551712824
1094 2151 1727 14.718239330843979 0.2176665619742498
1094 2124 1728 13.139428031691379 0.23072324735261818
1094 2125 1728 12.166370411918148 0.2767984983088576
1094 2126 1728 11.198060948217668 0.3340068450513535
1094 2127 1728 10.235847253647242 0.40554644529151396
1094 2128 1728 9.281625342578636 0.4956590378371097
1094 2129 1728 8.338139420757978 0.6099701709337584
1094 2130 1728 7.409491817931808 0.7558792718479678
1094 2131 1728 6.502043448024521 0.9428755560979825
1094 2132 1728 5.626061588713618 1.1823689703729223
1094 2133 1728 4.798809123105337 1.4858726777250548
1094 2134 1728 4.0502554240441695 1.8586585117448213
1094 2135 1728 3.432283350773857 2.2834308959955525
1094 2136 1728 3.025982319842537 2.6911448218782184
1094 2137 1728 2.92105614461616 2.9460243893995837
1094 2138 1728 3.147787953468281 2.9202016432453957
1094 2139 1728 3.6448002688762293 2.628285084470358
1094 2140 1728 4.319788073505509 2.2096981339837365
1094 2141 1728 5.102604139064742 1.7907298508096636
1094 2142 1728 5.950846074299086 1.4294198415426485
1094 2143 1728 6.84021702872073 1.137465827834551
1094 2144 1728 7.7565823015037525 0.9077426870428623
1094 2145 1728 8.691407768595457 0.728486339920857
1094 2146 1728 9.639324094561903 0.5885538379601862
1094 2147 1728 10.59681881509738 0.4788210841338565
1094 2148 1728 11.561512401065963 0.3922171305711339
1094 2149 1728 12.531742456657904 0.32337834638877944
1094 2150 1728 13.5063158929444 0.26826224815132915
1094 2151 1728 14.484356009157006 0.22381946957636448
1094 2124 1729 12.95432626576918 0.2513204842341883
1094 2125 1729 11.966226180379405 0.3035942414589125
1094 2126 1729 10.980280916260643 0.3693454342866881
1094 2127 1729 9.997128037591489 0.4528746335474888
1094 2128 1729 9.0176809103005 0.5601602438875893
1094 2129 1729 8.043293417499966 0.6996350568631676
1094 2130 1729 7.076056034260786 0.8833583120799595
1094 2131 1729 6.119360178972854 1.1287497481028474
1094 2132 1729 5.179050974840746 1.4609557267686137
1094 2133 1729 4.265978082456482 1.9151651492421187
1094 2134 1729 3.4021418253799016 2.5346050733287444
1094 2135 1729 2.6363931800851503 3.3456273295560774
1094 2136 1729 2.080040624603206 4.25207353513721
1094 2137 1729 1.9242060700454875 4.828557974812652
1094 2138 1729 2.253568059766579 4.569534900815467
1094 2139 1729 2.907674156435055 3.7263217461452953
1094 2140 1729 3.7189472972872992 2.8497089684446357
1094 2141 1729 4.605059065853631 2.1505374912693926
1094 2142 1729 5.530150902100314 1.632865155733481
1094 2143 1729 6.477543438681143 1.2547485169995953
1094 2144 1729 7.438720924997881 0.9768010293210299
1094 2145 1729 8.408957664300702 0.7699010288874616
1094 2146 1729 9.385444528630583 0.6137287079618516
1094 2147 1729 10.36641543639854 0.4942411741499308
1094 2148 1729 11.350707863389056 0.4016664975625259
1094 2149 1729 12.337526859140057 0.3291178280433404
1094 2150 1729 13.326311155004694 0.2716710856237196
1094 2151 1729 14.316653554514852 0.22575428320566918
1094 2124 1730 12.844631913760601 0.2690540175229258
1094 2125 1730 11.847386589454972 0.3266798635364716
1094 2126 1730 10.85064832164409 0.39985641959878704
1094 2127 1730 9.854570969859516 0.4939121602653699
1094 2128 1730 8.859377461198848 0.6165015878217728
1094 2129 1730 7.865403295445081 0.778897794776042
1094 2130 1730 6.87317750389138 0.9981950395149217
1094 2131 1730 5.88358470662221 1.3012243040013238
1094 2132 1730 4.898221003588849 1.731849100447021
1094 2133 1730 3.9202766484011247 2.365209005660501
1094 2134 1730 2.957121742505601 3.3361375849327857
1094 2135 1730 2.029918471269121 4.887737739764208
1094 2136 1730 1.2233433696226779 7.309951992651011
1094 2137 1730 0.9341140187364558 9.254753166965793
1094 2138 1730 1.4995229241329309 7.3171925156767985
1094 2139 1730 2.3716173806076686 4.892825621717883
1094 2140 1730 3.3167105692237575 3.3392821018852255
1094 2141 1730 4.286790057840573 2.3672181509154804
1094 2142 1730 5.268070709472395 1.7331903845925736
1094 2143 1730 6.255283286950416 1.302154085489998
1094 2144 1730 7.246003657189347 0.9988596678973991
1094 2145 1730 8.238966500720926 0.7793849662049689
1094 2146 1730 9.233448380751462 0.6168661916377869
1094 2147 1730 10.229006256719272 0.49418985179745994
1094 2148 1730 11.225353847429586 0.40007109921945455
1094 2149 1730 12.22229802451251 0.32684798565117523
1094 2150 1730 13.219703816651968 0.2691871726382847
1094 2125 1731 11.812305829091862 0.34387382796077964
1094 2126 1731 10.812334114334323 0.4222641383752815
1094 2127 1731 9.812368164719361 0.5236053999401931
1094 2128 1731 8.812409942802152 0.6566382812609026
1094 2129 1731 7.812462415909494 0.834476056855043
1094 2130 1731 6.812530293510526 1.0775025757717887
1094 2131 1731 5.812621525611212 1.4188406419940234
1094 2132 1731 4.812750668796278 1.9154898449263578
1094 2133 1731 3.8129475475017 2.6734484667294995
1094 2134 1731 2.8132843795107942 3.9132009053856947
1094 2135 1731 1.8139925578677651 6.183780694741444
1094 2136 1731 0.8164367703624333 11.43851875456311
1094 2137 1731 0.20632256299310672 20.304970601921376
1094 2138 1731 1.1910369431718935 8.619989539604806
1094 2139 1731 2.1896504287215466 5.060394873069683
1094 2140 1731 3.189132954268394 3.322108788107653
1094 2141 1731 4.18886249475927 2.3199242357403618
1094 2142 1731 5.188696271704585 1.6872588992210529
1094 2143 1731 6.188583763673338 1.2636725995737612
1094 2144 1731 7.188502556165746 0.9679425196599927
1094 2145 1731 8.188441182545166 0.7548354236875081
1094 2146 1731 9.188393167469592 0.5973867390502162
1094 2147 1731 10.188354577653945 0.4786751397199836
1094 2148 1731 11.188322885937923 0.3876448691873781
1094 2149 1731 12.188296394492648 0.3168330177793238
1094 2125 1732 11.861727066494055 0.3533017548637517
1094 2126 1732 10.866304293548836 0.43375147647658063
1094 2127 1732 9.871806774851201 0.5375927864625786
1094 2128 1732 8.87854543267073 0.6735746446616555
1094 2129 1732 7.886987320897536 0.8546584164642714
1094 2130 1732 6.897866989149522 1.1006092792158646
1094 2131 1732 5.912408054253266 1.4425809611143854
1094 2132 1732 4.932805388417335 1.9314950196338354
1094 2133 1732 3.9634037139811156 2.65346011435718
1094 2134 1732 3.0140618772678685 3.754784292551513
1094 2135 1732 2.1120059185522444 5.442099422813043
1094 2136 1732 1.3552007231402712 7.552558075592583
1094 2137 1732 1.1011671081176178 7.833482214922582
1094 2138 1732 1.6089030424485875 5.805533540220902
1094 2139 1732 2.4422467115343864 4.002086734133764
1094 2140 1732 3.3675761312850416 2.8135270402950643
1094 2141 1732 4.326265017310074 2.037857870139641
1094 2142 1732 5.30024235294964 1.5156936701157404
1094 2143 1732 6.282401531261858 1.152419336413413
1094 2144 1732 7.2694270063053485 0.8923306267568255
1094 2145 1732 8.259574383707779 0.7015662351878194
1094 2146 1732 9.251841384286804 0.5587757099981197
1094 2147 1732 10.245612182783523 0.4500347517166614
1094 2148 1732 11.240487934249222 0.3659891331386741
1094 2125 1733 11.994605829288336 0.35384201068144394
1094 2126 1733 11.01120197798578 0.4327333465576201
1094 2127 1733 10.031080151209945 0.5336045928907858
1094 2128 1733 9.055306124035695 0.6640251958638766
1094 2129 1733 8.08545416164105 0.8346708975878305
1094 2130 1733 7.1239433602463995 1.0606882407804288
1094 2131 1733 6.174671570213185 1.3634217678465865
1094 2132 1733 5.244289179669555 1.7717496154017847
1094 2133 1733 4.3449475255748915 2.3193614897412824
1094 2134 1733 3.5006526534347246 3.0241439291057945
1094 2135 1733 2.7623484573818313 3.8118721358356704
1094 2136 1733 2.237536368419514 4.372707037285953
1094 2137 1733 2.093458621516124 4.285513204078475
1094 2138 1733 2.3997018564814243 3.6278483291269796
1094 2139 1733 3.0223449505310604 2.8428280445221517
1094 2140 1733 3.8092740778264824 2.174366257728389
1094 2141 1733 4.678308348110565 1.662884008368545
1094 2142 1733 5.591294036267562 1.2827715302981828
1094 2143 1733 6.529821513640431 1.0006847163213073
1094 2144 1733 7.484288142502373 0.7895619226285773
1094 2145 1733 8.449293994175006 0.629700327217066
1094 2146 1733 9.421601190880562 0.5071676338767892
1094 2125 1734 12.208217273623443 0.34542826828832146
1094 2126 1734 11.243512307103952 0.4193541727265211
1094 2127 1734 10.285551467957283 0.5123023282368814
1094 2128 1734 9.336410927117466 0.629867307197364
1094 2129 1734 8.399081437871562 0.7792427441628444
1094 2130 1734 7.478005683335553 0.9693016583273159
1094 2131 1734 6.580012841932684 1.2099277570192801
1094 2132 1734 5.715992389777933 1.5092233644526398
1094 2133 1734 4.9039340329983485 1.8656609967337014
1094 2134 1734 4.174274667532031 2.251141706211452
1094 2135 1734 3.5777882832833825 2.588276247055021
1094 2136 1734 3.1900735101248148 2.7559994405559225
1094 2137 1734 3.0907230545618707 2.672002807562567
1094 2138 1734 3.305838622800645 2.3794632667390068
1094 2139 1734 3.7821381518924806 1.9990418858757202
1094 2140 1734 4.436278733353087 1.62725893842386
1094 2141 1734 5.201592929094036 1.3070427647267926
1094 2142 1734 6.035939777698356 1.0466939835630815
1094 2143 1734 6.914374085917068 0.8401835627447313
1094 2144 1734 7.822056571004948 0.6777537594282727
1094 2145 1734 8.74988965644721 0.5500372944932223
1094 2126 1735 11.55796560818547 0.39544080492629674
1094 2127 1735 10.62838506076997 0.4770266778798373
1094 2128 1735 9.712804383904707 0.5772961227974983
1094 2129 1735 8.815586707644517 0.7000637304081074
1094 2130 1735 7.94295719489907 0.8488989739328554
1094 2131 1735 7.103982615406594 1.025715232391644
1094 2132 1735 6.312097036643157 1.2279228616990254
1094 2133 1735 5.587357962400433 1.4437179848019412
1094 2134 1735 4.959291179190805 1.64677629893182
1094 2135 1735 4.468844257747178 1.796011102008925
1094 2136 1735 4.164921247754887 1.849242973871588
1094 2137 1735 4.0893237827298945 1.7887017892750445
1094 2138 1735 4.254241295460394 1.6344821008173716
1094 2139 1735 4.634066141090429 1.4294374008922746
1094 2140 1735 5.181753467698067 1.2139098501921182
1094 2141 1735 5.850347767440937 1.013150837117237
1094 2142 1735 6.603224136738155 0.8381786424385149
1094 2143 1735 7.414753468592301 0.6911589848671689
1094 2144 1735 8.26768220240726 0.57000006422787
1094 2126 1736 11.948078046280003 0.3639374897968634
1094 2127 1736 11.051360504480812 0.43261927365489483
1094 2128 1736 10.173916109345436 0.514328907911549
1094 2129 1736 9.321189248159206 0.610420921762298
1094 2130 1736 8.50062168314759 0.7212297490176498
1094 2131 1736 7.722471689815326 0.8449646746211505
1094 2132 1736 7.000897728148826 0.9761469453456728
1094 2133 1736 6.355200154204397 1.1040114757648893
1094 2134 1736 5.810728783896199 1.2121534295909975
1094 2135 1736 5.398200533511144 1.2813964568818343
1094 2136 1736 5.1494241425619816 1.296613866549718
1094 2137 1736 5.088474132782872 1.254163969665969
1094 2138 1736 5.22193153919128 1.163916320005949
1094 2139 1736 5.535753697555629 1.043966807872541
1094 2140 1736 6.0017138385632 0.9127897733884048
1094 2141 1736 6.587607228728897 0.7841958681866696
1094 2142 1736 7.264473071049367 0.666249759784123
1094 2143 1736 8.009280179891427 0.5624444392284405
1094 2127 1737 11.54567317223203 0.3840212808346147
1094 2128 1737 10.708808010231515 0.4483277331491706
1094 2129 1737 9.902250703754115 0.5209857856607274
1094 2130 1737 9.134033555883132 0.6008870656330432
1094 2131 1737 8.414663926741177 0.6852764508540405
1094 2132 1737 7.757742519573556 0.7691766231049648
1094 2133 1737 7.180429583249158 0.845189906594155
1094 2134 1737 6.703325219620473 0.9042132301784109
1094 2135 1737 6.34906048167759 0.9374325965233343
1094 2136 1737 6.138938751934268 0.9391659256481367
1094 2137 1737 6.087903497921142 0.9091019217548476
1094 2138 1737 6.199884595700204 0.8524312289445105
1094 2139 1737 6.46641856053263 0.7777744021252275
1094 2140 1737 6.869539213076893 0.6943208043479998
1094 2141 1737 7.3869187757820445 0.6097041916936073
1094 2142 1737 7.996409756884742 0.5291607906063551
1094 2127 1738 12.10258521969577 0.3352833045829821
1094 2128 1738 11.307014150517311 0.3846518680343476
1094 2129 1738 10.54630594094439 0.4383749037720406
1094 2130 1738 9.828558846545059 0.4949758452556496
1094 2131 1738 9.163873034912658 0.5519414310501306
1094 2132 1738 8.564611433100717 0.6056180523082546
1094 2133 1738 8.045406701963532 0.6514103995762492
1094 2134 1738 7.622635305457027 0.6844279689222067
1094 2135 1738 7.313041022720996 0.7005489109045099
1094 2136 1738 7.131379179373394 0.69757040459558
1094 2137 1738 7.087493844794544 0.6759090624436899
1094 2138 1738 7.183910425388165 0.6384641049439247
1094 2139 1738 7.41515805630608 0.5897220017656474
1094 2140 1738 7.769206458834851 0.534579951372498
1094 2141 1738 8.230222900991283 0.4773899786270878
1094 2128 1739 11.95903712679239 0.326464448635515
1094 2129 1739 11.242533922563855 0.36567375175557865
1094 2130 1739 10.572160091485523 0.40545456688007697
1094 2131 1739 9.957237016361487 0.4438719013492485
1094 2132 1739 9.408643313464466 0.47846987249577505
1094 2133 1739 8.938599946300304 0.5065006289990144
1094 2134 1739 8.560056600280165 0.5253392081283639
1094 2135 1739 8.28556389149225 0.5330104226890244
1094 2136 1739 8.125673449013345 0.528659745759096
1094 2137 1739 8.087185480746724 0.5127754299810661
1094 2138 1739 8.171815526552274 0.48706027203935853
1094 2139 1739 8.375832436241847 0.45401242810136644
1094 2140 1739 8.69083246875702 0.4163942510825878
1094 2141 1739 9.105304443015699 0.37677428985267974
1094 2128 1740 12.656562289974275 0.27517261064572657
1094 2129 1740 11.981843305601984 0.3036102556907495
1094 2130 1740 11.35520008630404 0.33152819462663213
1094 2131 1740 10.785015948064215 0.35754790035281836
1094 2132 1740 10.280689130598185 0.3800820856453804
1094 2133 1740 9.852338250385026 0.39750518620913744
1094 2134 1740 9.510234960294099 0.4083925022115764
1094 2135 1740 9.263939172943672 0.4117766924623563
1094 2136 1740 9.121215324725126 0.40734472412057576
1094 2137 1740 9.086944976173275 0.395505352927673
1094 2138 1740 9.16234516922392 0.3773013681894623
1094 2139 1740 9.344761580693277 0.35419993890024404
1094 2140 1740 9.6281134704573 0.32783428019272837
1094 2101 1741 37.20492667644963 0.010160379722203234
1094 2102 1741 36.243379657531854 0.011330565366953083
1094 2130 1741 12.170068570061524 0.2712534246224014
1094 2131 1741 11.639869801677317 0.2889988284400702
1094 2132 1741 11.17419209607566 0.30383943884855524
1094 2133 1741 10.781399213460189 0.31481174560333003
1094 2134 1741 10.469697655615475 0.32113097609953334
1094 2135 1741 10.246490569946394 0.32231647758975707
1094 2136 1741 10.117636532313293 0.31827570842452757
1094 2137 1741 10.086752153195834 0.3093210137886599
1094 2138 1741 10.154731360306927 0.29611378170606795
1094 2139 1741 10.319620584110696 0.27955365861885373
1094 2100 1742 38.44477297370858 0.008895545158973076
1094 2101 1742 37.488352444459245 0.009893288633494868
1094 2102 1742 36.53426568305423 0.011013300569880806
1094 2133 1742 11.722140120302265 0.25147041721961644
1094 2134 1742 11.436108122958624 0.2551139382736698
1094 2135 1742 11.23212219484815 0.2551815421841169
1094 2136 1742 11.114700580762428 0.25166871236267235
1094 2137 1742 11.086594111809129 0.24480675964887294
1094 2100 1743 38.744942495763155 0.00863881387445039
1094 2101 1743 37.796118438273446 0.00959062826441906
1094 2102 1743 36.85000093622786 0.0106560509653811
