# %ECSV 0.9
# ---
# datatype:
# - name: sexcat_id
#   datatype: int32
# - name: x
#   datatype: int32
# - name: y
#   datatype: int32
# - name: sep
#   datatype: float64
# - name: weight
#   datatype: float64
# schema: astropy-2.0
sexcat_id x y sep weight
889 2133 1721 10.100600873215429 0.20584555159507698
889 2134 1721 9.782440288598764 0.22424182771558565
889 2135 1721 9.558772829186823 0.24171622834454795
889 2129 1722 11.37981274011134 0.1670503056964817
889 2130 1722 10.7319214495821 0.18893942421258123
889 2131 1722 10.141407101581137 0.21267552298429301
889 2132 1722 9.618842861799973 0.2379012599142689
889 2133 1722 9.17584535615113 0.26401259118760984
889 2134 1722 8.82440581569095 0.29011814973019445
889 2135 1722 8.575787893832276 0.3150329444693238
889 2136 1722 8.439083955027359 0.3373309611208097
889 2137 1722 8.41974690831026 0.35547529196336614
889 2128 1723 11.401760302690123 0.1798820689182694
889 2129 1723 10.661807445269321 0.20647338548767377
889 2130 1723 9.967353610663178 0.2362786159542913
889 2131 1723 9.328565698970035 0.26918732054061845
889 2132 1723 8.757633127734929 0.30478691243297645
889 2133 1723 8.26862370651853 0.3422439168092597
889 2134 1723 7.876810141167566 0.38019548134501163
889 2135 1723 7.597245421861808 0.4166973290252537
889 2136 1723 7.442589468726605 0.4492923769745336
889 2137 1723 7.420656170447473 0.4752593474290902
889 2138 1723 7.532604994289833 0.4920503130264681
889 2139 1723 7.772653214958204 0.49782939303908197
889 2140 1723 8.129461113751642 0.4919294706053774
889 2141 1723 8.588488691265773 0.47503141761927886
889 2142 1723 9.134338399687197 0.4489812471822975
889 2143 1723 9.752442668378011 0.4163314411123473
889 2144 1723 10.429963470693462 0.37980248651557463
889 2145 1723 11.156080763422251 0.341847044464
889 2146 1723 11.921918385897463 0.3044034009488825
889 2147 1723 12.720304163030063 0.26882845717900605
889 2148 1723 13.545484044507228 0.23595067864826968
889 2128 1724 10.778410736282058 0.2198539759782757
889 2129 1724 9.992404015050647 0.255599825272175
889 2130 1724 9.247818012915278 0.29652252446222355
889 2131 1724 8.555474154013924 0.3427216704161267
889 2132 1724 7.9290691761391665 0.3938410346015236
889 2133 1724 7.385400327673525 0.4488106652444606
889 2134 1724 6.943928139029104 0.5055652992011704
889 2135 1724 6.625114187695195 0.5608371800810067
889 2136 1724 6.447180624117813 0.6101954282820102
889 2137 1724 6.421848487779833 0.6485303047905413
889 2138 1724 6.550888336706718 0.6710590252717652
889 2139 1724 6.8255503807385445 0.674618885261973
889 2140 1724 7.229255701661137 0.658685515338299
889 2141 1724 7.741843320553578 0.6255533926585851
889 2142 1724 8.343269023590215 0.5795702650182877
889 2143 1724 9.015771625324147 0.5258679193141172
889 2144 1724 9.744646632895416 0.46920576481928333
889 2145 1724 10.518181306670844 0.4132946939442493
889 2146 1724 11.327229934984102 0.36061804859837565
889 2147 1724 12.16470871003494 0.31257309938483946
889 2148 1724 13.025134855347943 0.26974108562095517
889 2149 1724 13.9042489189456 0.23216049802970606
889 2127 1725 11.075835769818923 0.22742254878654572
889 2128 1725 10.21509363637947 0.2681414853898874
889 2129 1725 9.38201140481082 0.31628809641502037
889 2130 1725 8.584645478993309 0.3728096746209146
889 2131 1725 7.833909496541318 0.4383869001498758
889 2132 1725 7.144518038328423 0.513079818495667
889 2133 1725 6.535911413108366 0.5957842159970376
889 2134 1725 6.032589659507778 0.6835148005255067
889 2135 1725 5.662697060588722 0.7706932025621481
889 2136 1725 5.453451934325646 0.8489008938424986
889 2137 1725 5.42348024795888 0.907800557458468
889 2138 1725 5.575673770944646 0.9376781430124265
889 2139 1725 5.895942503111785 0.9329266503708457
889 2140 1725 6.35894157859624 0.8944693813039217
889 2141 1725 6.9361472014368335 0.8293415920171916
889 2142 1725 7.6015878604407385 0.7477556799811679
889 2143 1725 8.33415490616775 0.659715619757733
889 2144 1725 9.117682709987223 0.5729056695068205
889 2145 1725 9.940127665176135 0.49215247997713607
889 2146 1725 10.792596443859093 0.4198602146710311
889 2147 1725 11.66851053048331 0.35675567739342096
889 2148 1725 12.562966926645945 0.3025670252141561
889 2149 1725 13.472272933696074 0.25651422298302173
889 2150 1725 14.393614486986923 0.2176184733628599
889 2127 1726 10.623000423609156 0.2720453520127177
889 2128 1726 9.72224963678676 0.3253487525966522
889 2129 1726 8.842858022155522 0.39001567508189106
889 2130 1726 7.99187950359615 0.46819426001161
889 2131 1726 7.179424628756835 0.5619684483420213
889 2132 1726 6.420135356828561 0.6728063774999854
889 2133 1726 5.735166780486874 0.8005011306725857
889 2134 1726 5.154234957779879 0.9414146747928983
889 2135 1726 4.715945080256993 1.0861553076877086
889 2136 1726 4.462525966311021 1.2177997542766137
889 2137 1726 4.425848845136952 1.3132948909281865
889 2138 1726 4.611088591645151 1.3506891711602782
889 2139 1726 4.99360971642759 1.3200835126991277
889 2140 1726 5.532642948898837 1.2296360587042163
889 2141 1726 6.187417716624601 1.1005686670848378
889 2142 1726 6.925181441666346 0.9562590882178336
889 2143 1726 7.722184794473644 0.81440518274542
889 2144 1726 8.561900373164823 0.685114581679209
889 2145 1726 9.43292838942393 0.5725024935855774
889 2146 1726 10.327349030607996 0.4770334742356807
889 2147 1726 11.239579084645468 0.39735144663138394
889 2148 1726 12.165612931537803 0.3314033601209924
889 2149 1726 13.10252410797247 0.27703249607605046
889 2150 1726 14.048136460043366 0.23224997914056786
889 2127 1727 10.24803093281828 0.3221158152089722
889 2128 1727 9.311076092482558 0.3910130456593593
889 2129 1727 8.388691077873844 0.4769711957792986
889 2130 1727 7.486263286847466 0.5844048859750948
889 2131 1727 6.611969298174349 0.7184657684517403
889 2132 1727 5.778593081365063 0.8844793869266646
889 2133 1727 5.006609431541485 1.0862897329304981
889 2134 1727 4.328988103471772 1.3224219164291249
889 2135 1727 3.7965955802534608 1.57890238858613
889 2136 1727 3.4767999654855166 1.820089355458725
889 2137 1727 3.429597352459916 1.9873589343288847
889 2138 1727 3.665533794688032 2.0229196968060994
889 2139 1727 4.136440257032612 1.9124889768139464
889 2140 1727 4.77327330036737 1.698089123985305
889 2141 1727 5.518889199829978 1.442815975984352
889 2142 1727 6.334993133382226 1.1941898245674463
889 2143 1727 7.197648088090993 0.9754019432648641
889 2144 1727 8.091979856623466 0.7927293595362945
889 2145 1727 9.008559152272904 0.6441810917279706
889 2146 1727 9.941234229209162 0.5248236569855385
889 2147 1727 10.885868729688038 0.4293056364469439
889 2148 1727 11.839600415554564 0.35283316004358306
889 2149 1727 12.800396009499073 0.29143233014109415
889 2150 1727 13.76677660165951 0.2419257190700289
889 2127 1728 9.95972579943847 0.3755986824175823
889 2128 1728 8.992782550467917 0.4626815725543082
889 2129 1728 8.033936644012089 0.5744809263650652
889 2130 1728 7.086475710817063 0.7192492361244692
889 2131 1728 6.155659022395585 0.9080917911843714
889 2132 1728 5.250346464758317 1.155410883193176
889 2133 1728 4.386358170510034 1.4780271917019994
889 2134 1728 3.593624632595913 1.8896338016937786
889 2135 1728 2.9305525076340277 2.3822796155600794
889 2136 1728 2.5024264224947887 2.8835856961835784
889 2137 1728 2.436419093670062 3.2148931166647934
889 2138 1728 2.7586478571938144 3.183672477869645
889 2139 1728 3.3591871040476446 2.8108585461439737
889 2140 1728 4.118025983405153 2.3018900347115125
889 2141 1728 4.963077472697757 1.8194286102181612
889 2142 1728 5.857144184668833 1.4220856362395002
889 2143 1728 6.780865578965558 1.112316527505286
889 2144 1728 7.723609130451896 0.8751924276593975
889 2145 1728 8.679178417338814 0.694087723457381
889 2146 1728 9.643761610492032 0.5551126139040682
889 2147 1728 10.614901695258409 0.4476483818922006
889 2148 1728 11.59095069439948 0.3638269516027573
889 2149 1728 12.570765211394244 0.29786868706475944
889 2150 1728 13.55352861803891 0.24552229566873224
889 2127 1729 9.765763564616964 0.4285971970581268
889 2128 1729 8.777479023045297 0.5348757814410633
889 2129 1729 7.792184417735517 0.6749062308808563
889 2130 1729 6.811177431252263 0.8623903906802436
889 2131 1729 5.836620426239842 1.1179844121698856
889 2132 1729 4.872385247494304 1.473402853441592
889 2133 1729 3.926084308824775 1.977567085184826
889 2134 1729 3.0146538773132963 2.702590177401937
889 2135 1729 2.182232343266882 3.7291727478046877
889 2136 1729 1.560813249559359 5.000895168840859
889 2137 1729 1.452631405415711 5.828222800346565
889 2138 1729 1.9452860972103825 5.258524587993549
889 2139 1729 2.7309591721591118 3.9910250199016297
889 2140 1729 3.6238291902350968 2.8956416481003844
889 2141 1729 4.561374573524952 2.111849067578405
889 2142 1729 5.520881994754091 1.5671247798663663
889 2143 1729 6.492621812488379 1.1845903420176565
889 2144 1729 7.471822936874232 0.9106975339145965
889 2145 1729 8.455893684289075 0.7106197724568464
889 2146 1729 9.44331181312996 0.5617367769486071
889 2147 1729 10.433126952165386 0.449109476941356
889 2148 1729 11.424716101505533 0.3626612851847951
889 2149 1729 12.417654287344279 0.2954499916558945
889 2127 1730 9.671821855265957 0.47525241420927505
889 2128 1730 8.672839096858665 0.5986252005608774
889 2129 1730 7.674121317779656 0.7641857619588127
889 2130 1730 6.675787444189648 0.9912673841109333
889 2131 1730 5.678039978725065 1.3112467918001114
889 2132 1730 4.681253891854201 1.7778790575933678
889 2133 1730 3.6862091638972534 2.4900379179843464
889 2134 1730 2.6948354309679226 3.6480545227523726
889 2135 1730 1.7135162677955658 5.715972892408575
889 2136 1730 0.7811133080418126 9.904358391515034
889 2137 1730 0.5330459642469885 13.518384181479757
889 2138 1730 1.3993348419874279 7.781810393645527
889 2139 1730 2.37321259056157 4.697722515468661
889 2140 1730 3.362460111287558 3.0939127299083338
889 2141 1730 4.356620020153228 2.1558331359310894
889 2142 1730 5.352956005797161 1.561915158185184
889 2143 1730 6.350443921490833 1.1646877345992241
889 2144 1730 7.348614699383813 0.8880982975518439
889 2145 1730 8.34722337067841 0.6894570974322237
889 2146 1730 9.346129573251154 0.543238327908723
889 2147 1730 10.345247121262972 0.433414946488299
889 2148 1730 11.344520174956706 0.3495244515292795
889 2127 1731 9.680812879092345 0.5085755725856066
889 2128 1731 8.682864619467482 0.6427396161959652
889 2129 1731 7.685449759122764 0.8236739186094718
889 2130 1731 6.6888069190252555 1.0732767615094554
889 2131 1731 5.693341549564729 1.427377528858598
889 2132 1731 4.699801910719226 1.9478640977030959
889 2133 1731 3.709735570091225 2.7492371021792663
889 2134 1731 2.726928308555259 4.0620791750500524
889 2135 1731 1.7635583347312396 6.385007945561116
889 2136 1731 0.8855156689748644 10.335415998560395
889 2137 1731 0.67685892178502 10.155393436453634
889 2138 1731 1.4601842349511784 6.252385721127839
889 2139 1731 2.409592911676148 3.9893695941157703
889 2140 1731 3.388235233864366 2.706255080629536
889 2141 1731 4.3765440703824625 1.9206198547280873
889 2127 1732 9.792453114516311 0.5224375669392061
889 2128 1732 8.807164015731749 0.6575055197650193
889 2129 1732 7.825607835816981 0.8373689764886209
889 2130 1732 6.849389607840987 1.0807918982120726
889 2131 1732 5.881168081257335 1.415849275949246
889 2132 1732 4.925661173893315 1.8840954987432161
889 2133 1732 3.99200926852632 2.5422930935335653
889 2134 1732 3.1000222579846137 3.441736122727783
889 2135 1732 2.2987252989428733 4.503193058210944
889 2136 1732 1.7199238355229511 5.1919115830987215
889 2137 1732 1.6223865137506406 4.813448833716814
889 2138 1732 2.0751236107759787 3.7847608990680492
889 2139 1732 2.8249138039947193 2.809338277145932
889 2140 1732 3.6951506058616737 2.075731409720018
889 2141 1732 4.618239707940663 1.5521002006704134
889 2127 1733 10.003306353401367 0.5139950498515374
889 2128 1733 9.041025273717585 0.6392910075253345
889 2129 1733 8.087900716502405 0.801156560605333
889 2130 1733 7.147596659017637 1.0109957185378682
889 2131 1733 6.225924670279914 1.2821855688099726
889 2132 1733 5.332554547306576 1.6266374652345659
889 2133 1733 4.484432851543216 2.043557976677178
889 2134 1733 3.7126995569262 2.4927256536320277
889 2135 1733 3.0754085907404205 2.8584378844287794
889 2136 1733 2.6706062982027055 2.972651343699051
889 2137 1733 2.6088576043931444 2.7671353184664613
889 2138 1733 2.9120676503130754 2.359087055837136
889 2139 1733 3.4862785316150364 1.9114578814332914
889 2140 1733 4.222337977945379 1.5146724230274848
889 2141 1733 5.049964158288636 1.1931543279109718
889 2128 1734 9.376253942806803 0.5925482428676577
889 2129 1734 8.460977366711253 0.7255610876891668
889 2130 1734 7.567175034317633 0.8881973981303708
889 2131 1734 6.703442250068247 1.0823052418119887
889 2132 1734 5.883038160678547 1.3034051991205362
889 2133 1734 5.126805828193613 1.5341693850373401
889 2134 1734 4.467453189458171 1.7381522471202746
889 2135 1734 3.9537498656338843 1.8636160864689617
889 2136 1734 3.6477579415306516 1.8681346653331783
889 2137 1734 3.6027958587741153 1.7500172698822127
889 2138 1734 3.8280723608625653 1.5497325846443755
889 2139 1734 4.281137465674266 1.3194127231055461
889 2140 1734 4.89919768941812 1.0968892089678315
889 2141 1734 5.628155825845605 0.9006568773115672
889 2128 1735 9.802455712728321 0.527378806193978
889 2129 1735 8.930965121418852 0.6290009920308055
889 2130 1735 8.08926065842856 0.7456012440214953
889 2131 1735 7.287670272453332 0.8740228534346759
889 2132 1735 6.540958492453533 1.0063194758350373
889 2133 1735 5.8701054505008665 1.1282897146996411
889 2134 1735 5.303973793298752 1.2204058046690356
889 2135 1735 4.879153410172704 1.2632413441508539
889 2136 1735 4.63466697832756 1.2462663003539163
889 2137 1735 4.5993627819514185 1.1737714744084262
889 2138 1735 4.777880073840266 1.0623641020964567
889 2139 1735 5.1480227272225445 0.9324841567126383
889 2140 1735 5.672401431492647 0.8010261938917633
889 2129 1736 9.483466560282693 0.5285719731993559
889 2130 1736 8.695409018556862 0.6081196477626561
889 2131 1736 7.955132808445123 0.6895889196660604
889 2132 1736 7.277234227369624 0.7666248263916879
889 2133 1736 6.680728852453148 0.830724474539048
889 2134 1736 6.18919526271388 0.8727440509889822
889 2135 1736 5.8292484935881665 0.8855809958263599
889 2136 1736 5.626201027336287 0.8668814278791568
889 2137 1736 5.597154455614019 0.8200451674061202
889 2138 1736 5.744748732538252 0.7527908091015743
889 2139 1736 6.056082727308126 0.6743196207132106
889 2129 1737 10.104956110740908 0.43532898574222334
889 2130 1737 9.369318972049143 0.48811874206527667
889 2131 1737 8.686664377078234 0.5388777012491938
889 2132 1737 8.07044843859373 0.5835018668752909
889 2133 1737 7.5369846755847885 0.6174138018359421
889 2134 1737 7.104937578895392 0.6364808377221384
889 2135 1737 6.793683684128949 0.6381178455169477
889 2136 1737 6.620282320263983 0.6220938524252648
889 2137 1737 6.595615058506662 0.5906082186797297
889 2138 1737 6.721319662090163 0.547592471045342
889 2131 1738 9.467425098726684 0.4204185399168291
889 2132 1738 8.905399373413857 0.4463634590062888
889 2133 1738 8.424971097873268 0.46440004560044035
889 2134 1738 8.040779688562539 0.4726707218099901
889 2135 1738 7.767119028314158 0.4702649051134418
889 2136 1738 7.615913471147098 0.4574513399278796
889 2137 1738 7.594480759077596 0.4356081272056088
889 2138 1738 7.70390407520757 0.4068825429101263
889 2133 1739 9.335638060679083 0.3536104955351873
889 2134 1739 8.99044704116541 0.35671985371093395
889 2135 1739 8.746550062739015 0.3531023977704885
889 2136 1739 8.612556995457263 0.34308597442897376
889 2137 1739 8.5936103006827 0.3275397067661163
204 1918 814 8.83996996601232 0.5781135856410557
204 1915 815 8.640547957161063 0.5818642318248141
204 1916 815 8.263114969549928 0.6636398732197809
204 1917 815 7.9936893234601 0.721434328333235
204 1918 815 7.843409271483918 0.7402404958485368
204 1919 815 7.819147587812867 0.7144990803856943
204 1914 816 8.271219317609729 0.5829322860569984
204 1915 816 7.748100993146659 0.7090950995444031
204 1916 816 7.324825526932374 0.8322714865172661
204 1917 816 7.019477829582484 0.9263985899051674
204 1918 816 6.847851414859986 0.9630387047259276
204 1919 816 6.820049046744444 0.9289481161319711
204 1920 816 6.937800011531011 0.8364895754132449
204 1921 816 7.193960592052169 0.7138727341764647
204 1913 817 8.134314291936382 0.5351718388479302
204 1914 817 7.469074172881159 0.6844345796205642
204 1915 817 6.885279151929881 0.8612821301291794
204 1916 817 6.405237622446193 1.0483542427891306
204 1917 817 6.0536822678432705 1.2053483123820676
204 1918 817 5.853808076799233 1.2772898277444582
204 1919 817 5.821260086957103 1.2317555926938613
204 1920 817 5.958780831680229 1.0898171999367754
204 1921 817 6.255163387154616 0.9052902836170373
204 1922 817 6.689325003316815 0.7237317666137211
204 1912 818 8.241423966766945 0.45665705063256967
204 1913 818 7.452588073951257 0.6012058514879823
204 1914 818 6.720198583375375 0.7927086313334231
204 1915 818 6.064739813050539 1.0369770798224618
204 1916 818 5.513716441747814 1.3213410453635515
204 1917 818 5.1010850806470645 1.5896434795333536
204 1918 818 4.8622082431751075 1.73510852244367
204 1919 818 4.822973045746767 1.674335647534648
204 1920 818 4.988092721672257 1.4444707690140626
204 1921 818 5.338639246100042 1.1567288332475785
204 1922 818 5.841324250544522 0.891702239660922
204 1912 819 7.700329148809201 0.49184211287750534
204 1913 819 6.8494575697642315 0.6618694176066415
204 1914 819 6.04442462108681 0.8995702962069412
204 1915 819 5.306135034090285 1.2272559721674645
204 1916 819 4.666376431450875 1.6535820124883138
204 1917 819 4.1707396226568845 2.120911294392373
204 1918 819 3.874928257400385 2.4299752039753417
204 1919 819 3.825580870926646 2.351576004403369
204 1920 819 4.031757557195095 1.9516616779825315
204 1921 819 4.458146363680723 1.4849441411781252
204 1922 819 5.049264203822132 1.093807970481537
204 1923 819 5.7545694017884115 0.8019307984418889
204 1912 820 7.257345864708438 0.5182835094826355
204 1913 820 6.347367091952423 0.7105119523552295
204 1914 820 5.468918448834326 0.9923725848491535
204 1915 820 4.639942779819632 1.4109770736486382
204 1916 820 3.89218049427313 2.0249114448890624
204 1917 820 3.2816259689367584 2.8379211639949578
204 1918 820 2.8963889586863174 3.540636253790196
204 1919 820 2.8300298584997123 3.4571173204886203
204 1920 820 3.103074120932304 2.6883575158799196
204 1921 820 3.6399270597087083 1.901747520397033
204 1922 820 4.343854164218635 1.3255448101336222
204 1923 820 5.146753248408113 0.9349323274941944
204 1911 821 7.90082710860077 0.39201334582611136
204 1912 821 6.931310770698475 0.5329932508085953
204 1913 821 5.971856411535744 0.7404869703400178
204 1914 821 5.028227222391652 1.0558793094025314
204 1915 821 4.111334211664184 1.5535104336049548
204 1916 821 3.243928020163248 2.3684003698872993
204 1917 821 2.4785215351092154 3.7060897929475876
204 1918 821 1.9398631395023804 5.418402149926473
204 1919 821 1.8393120996720276 5.449232269591591
204 1920 821 2.236754121489399 3.7436399430453813
204 1921 821 2.9365062574426273 2.3921329409674463
204 1922 821 3.773999072601846 1.5678161785869384
204 1923 821 4.6757960819521935 1.0647792591441776
204 1912 822 6.739218723264642 0.5341420048749561
204 1913 822 5.747788183292822 0.7470747820730073
204 1914 822 4.759944222362327 1.0771281271855933
204 1915 822 3.778500893211537 1.6165519076142156
204 1916 822 2.810172414639407 2.5656084071951604
204 1917 822 1.8753850271344723 4.4232116324235395
204 1918 822 1.0663343753251397 8.456708128236052
204 1919 822 0.870097121015779 9.667854901680098
204 1920 822 1.541774626850448 5.059708762253807
204 1921 822 2.4488913818296902 2.8679031830691444
204 1922 822 3.4083821675392594 1.7794302295127067
204 1923 822 4.386008321925474 1.1731080418344995
204 1924 822 5.371877604711354 0.807302139346094
204 1912 823 6.6926130173498555 0.5215817588506523
204 1913 823 5.6930720178125815 0.7291717636383885
204 1914 823 4.693726557864286 1.0512909759256137
204 1915 823 3.694735308516756 1.579605989901352
204 1916 823 2.696491980333021 2.5188751490658725
204 1917 823 1.7003143826952087 4.42508898216371
204 1918 823 0.7148909007674386 9.532410672808538
204 1919 823 0.36203452873996783 15.266846866245608
204 1920 823 1.3232796378694345 5.8721091286633165
204 1921 823 2.3175566875482794 3.1377574790726626
204 1922 823 3.3152781180467565 1.902133622156568
204 1923 823 4.314054821162978 1.2385290240126043
204 1913 824 5.812492494618866 0.689720850616655
204 1914 824 4.83787856399895 0.9842054743844012
204 1915 824 3.8762183891004427 1.4549599389624905
204 1916 824 2.9402498193181343 2.2534571291736745
204 1917 824 2.065204348242617 3.709828382472712
204 1918 824 1.372978149862591 6.418740023434583
204 1919 824 1.2268125366167377 8.203068610308359
204 1920 824 1.7677864690057692 5.195654771648667
204 1921 824 2.5971270665871886 3.0358075258486408
204 1922 824 3.5164000056875877 1.891086622031514
204 1923 824 4.470466306773775 1.2451460492776518
204 1913 825 6.095823898375073 0.6345929114964357
204 1914 825 5.174849659652014 0.8893370328960948
204 1915 825 4.289413596285681 1.2784452517536056
204 1916 825 3.4668528956389753 1.8883050018285987
204 1917 825 2.763886575096785 2.8413823905760207
204 1918 825 2.293266011608799 4.1233159689720855
204 1919 825 2.2088614714372694 4.798870584839583
204 1920 825 2.5493271661361767 3.8779926761058925
204 1921 825 3.181048412080489 2.629988427733036
204 1922 825 3.9672495510113417 1.7506831545877473
204 1923 825 4.833122075842859 1.191218976711692
204 1914 826 5.670367624766545 0.7818371579966944
204 1915 826 4.875763427402982 1.0872530873450552
204 1916 826 4.170499850137914 1.5264449617483338
204 1917 826 3.6073631644180573 2.123553602690216
204 1918 826 3.2608386957959374 2.780888754500812
204 1919 826 3.202041380119882 3.1106069846156585
204 1920 826 3.4457319977038163 2.785595575406623
204 1921 826 3.936123600701561 2.1289321862240334
204 1922 826 4.594895972707077 1.5306503312698279
204 1915 827 5.580955921703781 0.9063402349873808
204 1916 827 4.9766523889056575 1.2150655157839159
204 1917 827 4.515204203577096 1.591562951307304
204 1918 827 4.243473694981527 1.958985522420562
204 1919 827 4.198460313019532 2.1447981018238105
204 1920 827 4.387148162531094 2.0185048426218186
204 1921 827 4.781952425526612 1.6721066581392456
204 1922 827 5.337327889496741 1.2879187183577878
204 1916 828 5.843035940331055 0.9636351907142017
204 1917 828 5.4553706565182445 1.2067360644316978
204 1918 828 5.232692328046834 1.4271023609439082
204 1919 828 5.196255286261453 1.5416505125871267
204 1920 828 5.349866260010616 1.490740593917146
204 1921 828 5.678121960648597 1.3023409357576237
204 1916 829 6.746485677743668 0.7660101506755013
204 1917 829 6.4136626821185665 0.9274116874433765
204 1918 829 6.225356937557896 1.0671244125189183
204 1919 829 6.194761415906194 1.1421950951486046
204 1920 829 6.324165478543394 1.1224937180897
204 1921 829 6.6041705762343765 1.0164288496197382
204 1916 830 7.673921357428708 0.6120834229086596
204 1917 830 7.3830257347513255 0.72218426841021
204 1918 830 7.220046329491262 0.8147476860731206
204 1919 830 7.19368257570489 0.8661839678042422
204 1920 830 7.3054136775407885 0.8600675779905788
204 1921 830 7.549110477400626 0.7984816873434816
204 1917 831 8.359609380826377 0.5692172672160226
204 1918 831 8.216025133846674 0.6327553859394052
204 1919 831 8.192866958519476 0.6692138505425537
805 965 1593 7.5234759253950925 0.5283209396489545
805 966 1593 7.302375640844528 0.5489663988619391
805 967 1593 7.214339193578266 0.5526194569922839
805 968 1593 7.264206081878425 0.538701284403871
805 962 1594 8.062920686699062 0.5057052283926369
805 963 1594 7.465433008205194 0.5794452672284834
805 964 1594 6.9609403100443 0.6493428584044516
805 965 1594 6.570897199013207 0.7069257133974733
805 966 1594 6.316540983797983 0.7431019683007979
805 967 1594 6.214554690402167 0.7511032511596324
805 968 1594 6.2723751482193375 0.7293173767063892
805 969 1594 6.485729719931253 0.682035193468456
805 970 1594 6.840079677898461 0.6175227572832992
805 961 1595 8.053737641617074 0.5315173649823989
805 962 1595 7.320156419093771 0.6354854412819736
805 963 1595 6.656327065281552 0.7490175673771778
805 964 1595 6.085120376787932 0.8632169629444136
805 965 1595 5.634775062058794 0.9631310408519367
805 966 1595 5.3359806971164785 1.0299154420128127
805 967 1595 5.214852826302929 1.047619932451893
805 968 1595 5.283624702796332 1.01153518851024
805 969 1595 5.5352226694144475 0.9310429253684287
805 970 1595 5.946485516672817 0.8241047512072587
805 971 1595 6.48711723340958 0.7087460162280498
805 960 1596 8.289432429304183 0.5187087954114036
805 961 1596 7.445581911442505 0.6418978654917267
805 962 1596 6.645200523686235 0.7916147939347962
805 963 1596 5.905987639675501 0.9666622746741603
805 964 1596 5.253826224762271 1.157092106076399
805 965 1596 4.724901057165087 1.3383000540883783
805 966 1596 4.364251367645972 1.4701492679834036
805 967 1596 4.215292397924456 1.511354387329905
805 968 1596 4.3000802318095985 1.4467186230830442
805 969 1596 4.605723613070987 1.2995801087998433
805 970 1596 5.092611314443667 1.1131940603313863
805 971 1596 5.7146032233217765 0.9247236322308144
805 972 1596 6.432626990584764 0.7550038645933704
805 959 1597 8.75023942529574 0.471698507288858
805 960 1597 7.82870934445774 0.596117996435172
805 961 1597 6.928974671623494 0.7579353790067904
805 962 1597 6.060749953594842 0.9672309982398094
805 963 1597 5.239722320886848 1.2324783924080935
805 964 1597 4.4918470588389185 1.5519655276572144
805 965 1597 3.859882122552426 1.8950152301925973
805 966 1597 3.4089133165863577 2.1788623761465753
805 967 1597 3.2160052860652732 2.2846383991344976
805 968 1597 3.3263628785807122 2.1546330965844294
805 969 1597 3.7130432262498294 1.8587103161074396
805 970 1597 4.3021727069005165 1.5152725383970786
805 971 1597 5.0230160262535195 1.2009148546674737
805 972 1597 5.826893683601896 0.9419482230726479
805 959 1598 8.434494057144152 0.51521061429928
805 960 1598 7.474134732529244 0.6633595020476671
805 961 1598 6.525694599044608 0.8646103327888989
805 962 1598 5.595238154002021 1.1411318619719006
805 963 1598 4.693473127652903 1.5229764704484228
805 964 1598 3.8406627032323355 2.0430437258219745
805 965 1598 3.0777735459256728 2.705767113690129
805 966 1598 2.488913417537836 3.384689483494926
805 967 1598 2.2173610441242646 3.707526097802559
805 968 1598 2.3745925966362798 3.391538695362362
805 969 1598 2.8914857772432168 2.7142023739767063
805 970 1598 3.6170001382360755 2.050126727182567
805 971 1598 4.450246060612803 1.5282746413337225
805 972 1598 5.341038288572714 1.1449756728407088
805 973 1598 6.264877492816578 0.8673964613449112
805 959 1599 8.228893607284036 0.543161523347185
805 960 1599 7.24131825015308 0.7085587668232947
805 961 1599 6.2576904685354995 0.9405078631960017
805 962 1599 5.280216851607519 1.274534572606747
805 963 1599 4.313083583702036 1.7706926027381167
805 964 1599 3.3652176749803244 2.532752059824525
805 965 1599 2.459001830011511 3.7295397937211976
805 966 1599 1.663938099810188 5.4858276031447595
805 967 1599 1.220938163872323 6.8383491016665285
805 968 1599 1.4875113444945216 5.738019761526966
805 969 1599 2.221416214940343 3.930641538709127
805 970 1599 3.1075215204403426 2.6615462073380427
805 971 1599 4.0470594262995245 1.8531943772051447
805 972 1599 5.0100588818894956 1.329094073078559
805 973 1599 5.985205927952672 0.9777978413755941
805 959 1600 8.14178665895884 0.5504452076874828
805 960 1600 7.14217683903165 0.7218099020240704
805 961 1600 6.142694034379387 0.9653684384391635
805 962 1600 5.1434122914656655 1.3234618279799337
805 963 1600 4.144477047831254 1.8740709831113933
805 964 1600 3.146218364958168 2.7756178751143654
805 965 1600 2.1495790285542022 4.401494716193227
805 966 1600 1.158745010776749 7.889014707167403
805 967 1600 0.2543422890515615 18.048741506520454
805 968 1600 0.8869554667512727 9.45823702749984
805 969 1600 1.8731497537570103 5.023798282248662
805 970 1600 2.868917914475757 3.093996517590135
805 971 1600 3.86687082794343 2.0592511734914574
805 972 1600 4.8656643945097455 1.4399522410092365
805 973 1600 5.86486913749999 1.0426880771435065
805 959 1601 8.176960926896998 0.5356251474586161
805 960 1601 7.182248255247113 0.6998991115786287
805 961 1601 6.189239856395952 0.9315789225204811
805 962 1601 5.19891238625928 1.2683664466437634
805 963 1601 4.213156773726814 1.777017231411247
805 964 1601 3.2361535810279642 2.583934881221048
805 965 1601 2.2791862582948537 3.945671903698794
805 966 1601 1.3844457374704424 6.363629332634211
805 967 1601 0.7991808306009706 9.471806298969973
805 968 1601 1.1664861765147658 7.617809788947562
805 969 1601 2.0205667521762347 4.688493833270803
805 970 1601 2.967269788880006 3.0060957641253996
805 971 1601 3.9403921124679937 2.0330521689709116
805 972 1601 4.924295888754042 1.4328354466823365
805 973 1601 5.913602117153296 1.042065817287479
805 960 1602 7.359258794199336 0.6480634120937507
805 961 1602 6.393800904000706 0.8493665411869026
805 962 1602 5.440835413794487 1.1311256311838616
805 963 1602 4.508291250573792 1.5324354336706256
805 964 1602 3.6120202103532293 2.109651372992646
805 965 1602 2.7872369831071353 2.9234846348977257
805 966 1602 2.1191248193535337 3.934645131463464
805 967 1602 1.7923978353033476 4.673364523494567
805 968 1602 1.9836053034815435 4.387777501234188
805 969 1602 2.5800562009382833 3.411083088263469
805 970 1602 3.373231388446406 2.4787891414709105
805 971 1602 4.2544905687990475 1.7908542842010826
805 972 1602 5.179062656504556 1.3109035915787604
805 961 1603 6.742009344401735 0.7399248353414373
805 962 1603 5.846083304230302 0.9561623513494625
805 963 1603 4.989858715434764 1.2419930157197685
805 964 1603 4.197700561021505 1.610287843401874
805 965 1603 3.5132164749699433 2.051775591480652
805 966 1603 3.010762361927659 2.492637641185308
805 967 1603 2.790464119102805 2.7604744871597355
805 968 1603 2.916965889413206 2.6908398146676666
805 969 1603 3.3512221651212792 2.331179016854403
805 970 1603 3.994081871970095 1.874949137479013
805 971 1603 4.761794829683458 1.4577729473848993
805 972 1603 5.603274935249929 1.1221525099104621
805 962 1604 6.383626712144152 0.7813133308186192
805 963 1604 5.6100525844238165 0.9747842679073405
805 964 1604 4.91880981539237 1.2017355383411183
805 965 1604 4.349332132638333 1.444101478407288
805 966 1604 3.954578359319775 1.6585300810496513
805 967 1604 3.7895501052236087 1.7805151919243942
805 968 1604 3.8836439074663174 1.7606256549008839
805 969 1604 4.219560403643989 1.6075948272015559
805 970 1604 4.7462290294506655 1.3799265424116045
805 971 1604 5.408205802297116 1.1386013090608615
805 972 1604 6.16203618944259 0.9196413109030329
805 963 1605 6.328245412434667 0.7554598964255574
805 964 1605 5.724394291101933 0.8959227263560852
805 965 1605 5.243156492038014 1.0346598911638805
805 966 1605 4.9206391861220995 1.1492310708251132
805 967 1605 4.789017644569744 1.2130460553240958
805 968 1605 4.8638143467858965 1.2077719344772648
805 969 1605 5.136018886258139 1.1350245234115706
805 970 1605 5.576799261225052 1.0152484471930727
805 971 1605 6.150015447135093 0.8750574837722267
78 789 637 8.474344871434052 0.46026196956957355
78 790 637 8.107806176765736 0.5157983671617339
78 791 637 7.852293996024389 0.560187625652729
78 792 637 7.718841946820824 0.5860714491158374
78 788 638 8.092744960765815 0.4948305897248322
78 789 638 7.577237029419135 0.5810933440450007
78 790 638 7.164950872127495 0.6649854382279429
78 791 638 6.874483326039897 0.7344785303569713
78 792 638 6.721645706224079 0.7759433166545016
78 793 638 6.715841049340032 0.779520828193906
78 794 638 6.857442744930551 0.7442971209518408
78 795 638 7.137683167527168 0.6788310239558221
78 787 639 7.94798848766154 0.49797260056103115
78 788 639 7.286461486894747 0.6104058626286989
78 789 639 6.7092861766361125 0.7368681768583522
78 790 639 6.239913541067733 0.8666539589235099
78 791 639 5.904110517258335 0.9796518780603306
78 792 639 5.7254275822859295 1.0494508972037457
78 793 639 5.718611807073508 1.0550905907587131
78 794 639 5.884260446309336 0.9947129253112895
78 795 639 6.208584460245393 0.8869265150581968
78 796 639 6.668472163846873 0.75826074069164
78 786 640 8.052857939886948 0.46869100927827356
78 787 640 7.264332109698749 0.59335375924243
78 788 640 6.533951407838928 0.7490186875736993
78 789 640 5.883410660492801 0.9354205160666305
78 790 640 5.341958535967905 1.1408044637554626
78 791 640 4.945555681619648 1.332832699722121
78 792 640 4.730805533944554 1.4580705600843642
78 793 640 4.722554499420884 1.4675507459957826
78 794 640 4.921841220519052 1.3570764914103697
78 795 640 5.3053294902390835 1.171250173265955
78 796 640 5.8368245647783965 0.9652116607639748
78 797 640 6.480009336413069 0.7748508793839621
78 786 641 7.5132230766828805 0.5361169725248697
78 787 641 6.661120101004049 0.6962507791283131
78 788 641 5.855981642730809 0.9079681476327767
78 789 641 5.120011816392639 1.1810603664323789
78 790 641 4.487373507966578 1.5113016628060516
78 791 641 4.007308448322926 1.8540986679667157
78 792 641 3.739053489855464 2.098711192338415
78 793 641 3.728608453565532 2.116183553247259
78 794 641 3.9780046505755084 1.895553801322042
78 795 641 4.443705773338329 1.5580141783890362
78 796 641 5.066411057148879 1.2222306773460043
78 797 641 5.795732999371214 0.9407252465595335
78 798 641 6.596402125401428 0.7212534338468579
78 786 642 7.074497932715796 0.5997039293503257
78 787 642 6.162022476427695 0.7981015427043111
78 788 642 5.281337046619931 1.0760651313982479
78 789 642 4.451350469239662 1.4654450727057298
78 790 642 3.7062812899185325 1.9947149976925973
78 791 642 3.1078161142513254 2.635920718498167
78 792 642 2.7532745958222606 3.172601811484482
78 793 642 2.7390730183768848 3.20975654723398
78 794 642 3.069938272995124 2.7120643049787803
78 795 642 3.653289066033553 2.066651879689599
78 796 642 4.389592350093609 1.5205042070982566
78 797 642 5.214453087333355 1.115694977246961
78 798 642 6.092004678264814 0.8263118224911021
78 786 643 6.7563689212475655 0.6518102992400042
78 787 643 5.794007335169677 0.8852671576833375
78 788 643 4.846908396080953 1.2294251830663259
78 789 643 3.926133084855895 1.7514082641734816
78 790 643 3.055572123187422 2.5597823156395356
78 791 643 2.293146528244568 3.7762131837947153
78 792 643 1.7834015251760162 5.155574201374545
78 793 643 1.7613974565668495 5.257024888212899
78 794 643 2.2415443337128518 3.924474923868801
78 795 643 2.9910735530909665 2.6653078389829794
78 796 643 3.855972121268545 1.8194953885960352
78 797 643 4.773941872289635 1.2737098228752155
78 798 643 5.719486078311608 0.9148649380247151
78 786 644 6.576360771733855 0.6843511568065518
78 787 644 5.583056600107143 0.9413734475709632
78 788 644 4.592659469196464 1.3330469432239656
78 789 644 3.607564413839339 1.9612966186618277
78 790 644 2.633727586520671 3.0428935191769115
78 791 644 1.6907161204649421 5.0982575896511
78 792 644 0.883470995562418 9.230937304515551
78 793 644 0.8381652581681464 9.68041457593988
78 794 644 1.6200373452485906 5.361286346354764
78 795 644 2.558617009245449 3.173862778511653
78 796 644 3.5310792967590166 2.034098267069759
78 797 644 4.515586451392574 1.3770228765151136
78 786 645 6.545878168740983 0.6913795325270741
78 787 645 5.547118260863007 0.9533408008755084
78 788 645 4.548903274416797 1.3550522203811879
78 789 645 3.5516926950399133 2.0064676049402466
78 790 645 2.556662081699478 3.153003644739665
78 791 645 1.5679671552682262 5.46306299048683
78 792 645 0.6168638423509348 11.530876005374834
78 793 645 0.5500190905777584 12.333784641581886
78 794 645 1.4914828192104694 5.721668424577814
78 795 645 2.4792178202005637 3.269870892474941
78 796 645 3.473977691350372 2.0694249187005083
78 797 645 4.471076044980681 1.392549697921872
78 786 646 6.666972401322786 0.6715163525973634
78 787 646 5.689509732832851 0.9181067181822836
78 788 646 4.7214956316828 1.2877473581231318
78 789 646 3.770214980607842 1.8639458354946097
78 790 646 2.8524587639438046 2.8014388667858188
78 791 646 2.0145771268432098 4.357649691557556
78 792 646 1.4073098450589578 6.471772401693734
78 793 646 1.3793190348863795 6.57428632921087
78 794 646 1.9556382589834755 4.473070109037181
78 795 646 2.783257264429565 2.8725679916149924
78 796 646 3.6970962930386286 1.9068535315394592
78 797 646 4.646560125512205 1.314698810728448
78 786 647 6.931704047346484 0.6285715742758284
78 787 647 5.99754291356049 0.8444102217653365
78 788 647 5.0884694162390005 1.1536295648447779
78 789 647 4.220725174658935 1.601438966661105
78 790 647 3.425860621799977 2.2417697967400705
78 791 647 2.767403295510026 3.0767345866283113
78 792 647 2.3623126380730763 3.830131197812621
78 793 647 2.3457452973415087 3.8508193149295726
78 794 647 2.7247974236628725 3.115088107690621
78 795 647 3.3684597370311335 2.274592634716823
78 796 647 4.155540999677404 1.624948903742375
78 797 647 5.019015939404846 1.1698605786936547
78 786 648 7.324515069272473 0.5698798542955776
78 787 648 6.447520531180925 0.7479047951350218
78 788 648 5.611819758331479 0.9887902655683438
78 789 648 4.8388553398504905 1.3092753454853177
78 790 648 4.1637148077167385 1.7125504953785362
78 791 648 3.6412252058887624 2.1498429907430014
78 792 648 3.343728607408156 2.4684974788035414
78 793 648 3.3320445675290284 2.473685847365994
78 794 648 3.608950124343607 2.1615948756767445
78 795 648 4.116615235846042 1.7250164844497877
78 796 648 4.7821042439494965 1.3197058097407763
78 787 649 7.0121694931026495 0.644130563694856
78 788 649 6.252401218731848 0.8233349320947061
78 789 649 5.569068234453544 1.043352430113987
78 790 649 4.9936480652925015 1.2924446894069768
78 791 649 4.567112983056098 1.5304677384905603
78 792 649 4.333649847414947 1.6843744987812101
78 793 649 4.324641141181499 1.6855153006539694
78 794 649 4.541422794675656 1.5333133284249905
78 795 649 4.95444457028229 1.2958864941098778
78 796 649 5.519829798100635 1.0465948384319914
78 789 650 6.37295229858183 0.8230648809850281
78 790 650 5.876778113898759 0.9783726621487722
78 791 650 5.518923898732386 1.114533355968244
78 792 650 5.327337139697422 1.1963911933788693
78 793 650 5.320011372168252 1.1963304718217884
78 794 650 5.49768323932905 1.114373593743468
78 795 650 5.843502459997735 0.9781628074849311
1525 1589 2575 5.062428271096789 0.3729021659985755
1525 1590 2575 4.48287630879995 0.4556412962485223
1525 1591 2575 4.06991154695034 0.5189144721692727
1525 1592 2575 3.8771355405762593 0.5391831168647134
1525 1588 2576 5.140445505984895 0.40469583124721503
1525 1589 2576 4.346513545360252 0.5582458936231517
1525 1590 2576 3.6551579993209584 0.7414589117178794
1525 1591 2576 3.134992822958266 0.9090191228626535
1525 1592 2576 2.8803090111999587 0.9789859830575464
1525 1593 2576 2.960435778732505 0.904578449377445
1525 1594 2576 3.3514444647046413 0.7352915629270421
1525 1588 2577 4.657057010602342 0.5297270504261952
1525 1589 2577 3.76246993343472 0.8000881598853716
1525 1590 2577 2.9366954217283268 1.20252077599779
1525 1591 2577 2.256585916822128 1.6974920246065142
1525 1592 2577 1.8868439257129377 1.9945162097900115
1525 1593 2577 2.007032635509362 1.7719662053030771
1525 1594 2577 2.5487604830582855 1.2810624867386817
1525 1595 2577 3.3112203188551725 0.8564381058468317
1525 1588 2578 4.353410157566198 0.6228623003448897
1525 1589 2578 3.379375681986303 1.0190197651923378
1525 1590 2578 2.4265572319647104 1.7659988531134811
1525 1591 2578 1.5349853419495856 3.2198599707417976
1525 1592 2578 0.9078435988648779 5.078238804630963
1525 1593 2578 1.136740955539027 3.9637028815327096
1525 1594 2578 1.9391183563670444 2.1859841901181336
1525 1595 2578 2.86848043395793 1.2339471404418363
1525 1588 2579 4.2680417055132756 0.6303285318772109
1525 1589 2579 3.2686663947243857 1.0541440881405497
1525 1590 2579 2.26984140415148 1.920968375762953
1525 1591 2579 1.2728629148499102 4.073171165455209
1525 1592 2579 0.2969511744379149 12.698909595853234
1525 1593 2579 0.7457747649256471 7.071183965793062
1525 1594 2579 1.7390169636894723 2.846294356554968
1525 1595 2579 2.7371846850367256 1.453803867886304
1525 1589 2580 3.4566139500963424 0.8714967858612891
1525 1590 2580 2.533017962826258 1.4467018289848614
1525 1591 2580 1.6982873726199386 2.455251909893447
1525 1592 2580 1.1628327480769454 3.697356587664566
1525 1593 2580 1.3491404671123122 3.4454497784103912
1525 1594 2580 2.070792118972804 2.1603272973308814
1525 1590 2581 3.111298764182027 0.9133988449400121
1525 1591 2581 2.479552378958843 1.2810655004198812
1525 1592 2581 2.1485297298385944 1.5843493231442773
