# %ECSV 0.9
# ---
# datatype:
# - name: sexcat_id
#   datatype: int32
# - name: x
#   datatype: int32
# - name: y
#   datatype: int32
# - name: sep
#   datatype: float64
# - name: weight
#   datatype: float64
# schema: astropy-2.0
sexcat_id x y sep weight
96 789 637 7.94504833213747 0.4219937129477511
96 790 637 7.570191080811657 0.47903634951070573
96 791 637 7.313808378676621 0.5281182244643029
96 792 637 7.188587691612332 0.5616529218425138
96 793 637 7.201374382713364 0.5733570602457839
96 794 637 7.3514483606973835 0.560817000660231
96 788 638 7.588530358376409 0.4579013798161757
96 789 638 7.054770938875363 0.5438415820072096
96 790 638 6.629765682133897 0.6310547843864691
96 791 638 6.3354394480572775 0.7083792934482354
96 792 638 6.19045983752421 0.7615493587114517
96 793 638 6.205303618679769 0.7781165757098898
96 794 638 6.37885514806538 0.7537353815770451
96 795 638 6.698790413201489 0.6947226191005992
96 796 638 7.14547360221841 0.6143961195884714
96 787 639 7.48650739664367 0.4660821307253249
96 788 639 6.7993965173388995 0.5770063459802669
96 789 639 6.19804751514542 0.7053665418088735
96 790 639 5.709622842184962 0.8426220437816729
96 791 639 5.365052935433187 0.9699439999249099
96 792 639 5.193052377937298 1.0590524687544018
96 793 639 5.210738239443639 1.083073459830372
96 794 639 5.416252671358692 1.033685991868535
96 795 639 5.7896280536835985 0.9274926762279444
96 796 639 6.301094587450668 0.7937785660767451
96 797 639 6.920100649557062 0.6581136216197181
96 786 640 7.6491694320364205 0.4440093946828267
96 787 640 6.833285666500438 0.5671203509178621
96 788 640 6.072708868371701 0.7240850982450543
96 789 640 5.390899090133322 0.9176123495002133
96 790 640 4.8213891151824955 1.1399361112001933
96 791 640 4.40792388772767 1.3610356802394405
96 792 640 4.196878959417365 1.5218753237907552
96 793 640 4.218743059253568 1.5575683579544555
96 794 640 4.470099887027148 1.4509615012031596
96 795 640 4.915871540225608 1.2502678573709887
96 796 640 5.509064621149407 1.0229486313624525
96 797 640 6.207559343252389 0.8134261504214108
96 786 641 7.1523278028904915 0.517744298084135
96 787 641 6.27214421071457 0.6792753704682739
96 788 641 5.433580127319396 0.8976657437085049
96 789 641 4.6591622637551735 1.1884505722852128
96 790 641 3.986451178680131 1.5566379326860709
96 791 641 3.4750241725778217 1.9650864880131689
96 792 641 3.2030911632359365 2.2871621852778308
96 793 641 3.23168578299316 2.3409195018314577
96 794 641 3.553560608741616 2.0881193700080516
96 795 641 4.100218652706225 1.6887383780229774
96 796 641 4.795392893184042 1.299967565053665
96 797 641 5.583886907880566 0.9834696669884574
96 785 642 7.721255921156889 0.44465412277028504
96 786 642 6.767702194984667 0.5891554336985658
96 787 642 5.829733527357855 0.792973384317432
96 788 642 4.916278368847743 1.0854205665253562
96 789 642 4.043982319447032 1.5097536046414954
96 790 642 3.24619669767563 2.1186975495122202
96 791 642 2.5926420886809916 2.9208719702690735
96 792 642 2.2149024809232807 3.672199548645899
96 793 642 2.2560569585008428 3.7476617047704264
96 794 642 2.6969970337395703 3.061272179918376
96 795 642 3.3849361884679614 2.239048664746152
96 796 642 4.2002134469571875 1.5959014852968916
96 797 642 5.081908401378359 1.1447871029229588
96 798 642 6.00081602784154 0.8340200137141303
96 785 643 7.500919476970825 0.4825576275646982
96 786 643 6.515197080672253 0.6488007272434195
96 787 643 5.534599624182423 0.891271318582733
96 788 643 4.562432794025594 1.2570360685583066
96 789 643 3.605522569614584 1.831768947755247
96 790 643 2.6802598754598637 2.7771803403790116
96 791 643 1.8351547618661739 4.372190605614124
96 792 643 1.2457098378033553 6.574892678492495
96 793 643 1.3174949715274176 6.583157659574507
96 794 643 1.9798467112380191 4.381099145909202
96 795 643 2.8467161783360084 2.782547361077382
96 796 643 3.7799197081419518 1.8349677031357265
96 797 643 4.740442278944013 1.2590295769515978
96 798 643 5.714524739643698 0.8925695008857755
96 785 644 7.410114236636318 0.5064116775540496
96 786 644 6.410444056381758 0.6860677633131463
96 787 644 5.410895766876329 0.9526617359127075
96 788 644 4.411552221157553 1.3656548460077431
96 789 644 3.412593295427996 2.0444925577873176
96 790 644 2.414496427829224 3.26361087347549
96 791 644 1.4190817453550908 5.813052045696308
96 792 644 0.4447392494485055 13.372308889167266
96 793 644 0.6178940038550212 11.376128227137176
96 794 644 1.6018092895223073 5.2569939454335515
96 795 644 2.598036373879305 3.0176326014331054
96 796 644 3.5963582969442704 1.9132622824894443
96 797 644 4.595409992590418 1.2879953511794224
96 798 644 5.594800532637409 0.9035065948982639
96 785 645 7.453575853239852 0.5121243670099042
96 786 645 6.46063410200579 0.6929577035718667
96 787 645 5.470264436021364 0.9601171437776499
96 788 645 4.484171383879088 1.3706982024135634
96 789 645 3.505965344951383 2.0349753394278025
96 790 645 2.5447579452671016 3.185028741435863
96 791 645 1.6308871818737214 5.334568236793387
96 792 645 0.9185820594807946 8.840240216757573
96 793 645 1.0138012625756327 7.723444132584741
96 794 645 1.792147594368253 4.499185559473369
96 795 645 2.719520729834558 2.746365453764333
96 796 645 3.68507706839353 1.7873939286076563
96 797 645 4.6651680569942835 1.2204154046443871
96 785 646 7.62900996198066 0.49864649128583294
96 786 646 6.66226635612838 0.6678710455060247
96 787 646 5.706995093742423 0.9113703132980226
96 788 646 4.77009360495159 1.2700611545000033
96 789 646 3.864944113438127 1.8090148883212445
96 790 646 3.020230620333487 2.6169528269012403
96 791 646 2.303430702235248 3.715685276032555
96 792 646 1.868098766125586 4.61623285070815
96 793 646 1.9167141153546885 4.2837449107316985
96 794 646 2.4202877928047886 3.166653829421303
96 795 646 3.168878823811325 2.1934114053186136
96 796 646 4.028125246314942 1.5247952911204439
96 797 646 4.940626782099593 1.0815667904731718
96 786 647 7.002270560325421 0.6164491321071828
96 787 647 6.100474817585927 0.8204584911860537
96 788 647 5.23448115862499 1.1020300454649934
96 789 647 4.425357951623799 1.483844833524722
96 790 647 3.7104976755146954 1.9682078580436022
96 791 647 3.1546462559215613 2.4740569010994222
96 792 647 2.852331151882596 2.765765252047982
96 793 647 2.8844051379790363 2.6212305423175675
96 794 647 3.2409555689641647 2.1588216233901516
96 795 647 3.832465655423386 1.649844679860894
96 796 647 4.568565748678656 1.2284851976240838
96 787 648 6.622823642525898 0.7088122471336498
96 788 648 5.83487729091195 0.9141810087421881
96 789 648 5.1215030020492955 1.1653998810022579
96 790 648 4.518162569009654 1.4419736582606504
96 791 648 4.074038905067044 1.6835227040556444
96 792 648 3.8447097419701075 1.7958530729216369
96 793 648 3.8685647209268477 1.720013779856695
96 794 648 4.141230855675615 1.49691036810636
96 795 648 4.618851913625264 1.2210460864596038
96 788 649 6.533895698585947 0.7386101862078667
96 789 649 5.9055730458609945 0.8991382075740365
96 790 649 5.390713589127127 1.0576617317328663
96 791 649 5.024320153015713 1.18027180392381
96 792 649 4.8402265442848655 1.2285647411106622
96 793 649 4.85919674431894 1.1842003858277323
96 794 649 5.078955896638575 1.0640970502260778
96 791 650 5.99080904386042 0.8500701256745082
96 792 650 5.837276162732047 0.872266850087493
96 793 650 5.853015718413862 0.8444033358228321
1640 1590 2576 3.997803647004336 0.24553477043077573
1640 1591 2576 3.5961693508511234 0.25965706745723566
1640 1588 2577 4.710460062456883 0.28241943152093807
1640 1589 2577 3.890814053639819 0.3878446236957397
1640 1590 2577 3.1762295257114115 0.49701774124322884
1640 1591 2577 2.6530047116431503 0.5665645057551167
1640 1592 2577 2.447127704064619 0.5546493013026337
1640 1593 2577 2.6340907349596736 0.46924625812478954
1640 1588 2578 4.27719931731046 0.4126349929864955
1640 1589 2578 3.3532721333051523 0.658595905254729
1640 1590 2578 2.4888619889420758 1.0274121113112662
1640 1591 2578 1.7732551987800638 1.4204565891730314
1640 1592 2578 1.4472159479498357 1.486392169743489
1640 1593 2578 1.7448306508083127 1.14155434007611
1640 1594 2578 2.448353324175246 0.7459890466304049
1640 1588 2579 4.049744930239537 0.4766514843565467
1640 1589 2579 3.0578479360492494 0.855938480841282
1640 1590 2579 2.0737487793849265 1.6866436043078965
1640 1591 2579 1.118228062606323 3.7540885520231675
1640 1592 2579 0.44769855930090796 6.3919232850763
1640 1593 2579 1.0725828639316994 3.196046287866394
1640 1594 2579 2.0249528389569336 1.4684310373625313
1640 1595 2579 3.0083939236741526 0.7606321514618714
1640 1589 2580 3.0751315419019756 0.709436524664371
1640 1590 2580 2.0991507806730416 1.3381473502017165
1640 1591 2580 1.1646604655435238 2.765410375091519
1640 1592 2580 0.5535648110202416 5.150915372000149
1640 1593 2580 1.1209076679190368 3.5904629975506035
1640 1594 2580 2.0509592877479337 1.706066453331616
1640 1591 2581 1.860761672004189 1.012777701712465
900 963 1593 7.860089630532201 0.448943487389964
900 964 1593 7.420310573015108 0.49632149552367866
900 965 1593 7.095139815394745 0.5327550098134889
900 966 1593 6.9007977075117735 0.5526324886059931
900 967 1593 6.848431134208749 0.5524770190012533
900 968 1593 6.941254137401951 0.5323169669718304
900 969 1593 7.173632901117792 0.49567413511588015
900 970 1593 7.53266280939215 0.44817788154249194
900 961 1594 8.27810419117807 0.42673682500137855
900 962 1594 7.603092068362707 0.5043842271607286
900 963 1594 7.006212172065578 0.5857036937240746
900 964 1594 6.5089944691941355 0.6630615331289527
900 965 1594 6.135715850656696 0.7256108068887221
900 966 1594 5.909907698094767 0.7617103225681037
900 967 1594 5.848675833041165 0.7633753855639719
900 968 1594 5.957097363649493 0.7302143981970246
900 969 1594 6.226315844863615 0.6696384369733143
900 970 1594 6.636792071475472 0.5931555305834341
900 971 1594 7.164287054550484 0.5118259183431048
900 960 1595 8.39958385873967 0.4277943665571278
900 961 1595 7.604801706816553 0.5251219224202083
900 962 1595 6.86389168038074 0.6395113058608118
900 963 1595 6.196209244368681 0.7670600092030019
900 964 1595 5.627877841602452 0.8969194223597982
900 965 1595 5.191628742504596 1.009379285980511
900 966 1595 4.922703423932812 1.0790330253363796
900 967 1595 4.849021447673726 1.0857913248194568
900 968 1595 4.979257876430962 1.027516758235292
900 969 1595 5.29839683300522 0.9215395061636777
900 970 1595 5.775206403237871 0.7933031443085053
900 971 1595 6.374402638679149 0.6641530899483761
900 960 1596 7.865049840910103 0.5033853550623969
900 961 1596 7.009922182164365 0.6359330817709395
900 962 1596 6.198306946255564 0.8018729754566762
900 963 1596 5.449679715359422 1.0018078645765
900 964 1596 4.793642560725604 1.2247485471669055
900 965 1596 4.273056166258512 1.437806271477313
900 966 1596 3.9419549718381957 1.5834658313136323
900 967 1596 3.8495465966786067 1.605014737379101
900 968 1596 4.01235703795161 1.4927549481392972
900 969 1596 4.402159583658888 1.293470919019033
900 970 1596 4.965783825339134 1.0688082948770208
900 971 1596 5.6514607846113325 0.8598319041533893
900 972 1596 6.420203189930962 0.6831659685634618
900 959 1597 8.35972541415088 0.44730288879559105
900 960 1597 7.427315059966157 0.576554876417324
900 961 1597 6.514983422849213 0.7497200840515018
900 962 1597 5.632495805590984 0.9816211794171121
900 963 1597 4.796353719232975 1.287495393949528
900 964 1597 4.035468869908423 1.6716718125181889
900 965 1597 3.4007365378693977 2.0965354669362917
900 966 1597 2.9740559846781482 2.4360783391642244
900 967 1597 2.850440141451822 2.506137292304108
900 968 1597 3.0667587123867204 2.2583041100701537
900 969 1597 3.561602027178195 1.8475671992281655
900 970 1597 4.238514952197267 1.4378755607652145
900 971 1597 5.024441162955317 1.0986765935137743
900 972 1597 5.875798584022409 0.8377601820490478
900 959 1598 8.07409493379909 0.4848841101628786
900 960 1598 7.104295109298326 0.6365838040807182
900 961 1598 6.1441849744290815 0.8488241660604291
900 962 1598 5.199135408892527 1.151320414311532
900 963 1598 4.279136478309617 1.5889968757392037
900 964 1598 3.4045570930739295 2.2218287550947418
900 965 1598 2.6212609561049005 3.08588536184265
900 966 1598 2.0374025130052114 3.9967712583996566
900 967 1598 1.85229830211009 4.269915672526807
900 968 1598 2.170485890301961 3.5871246963543024
900 969 1598 2.8268372786561073 2.6460170783530566
900 970 1598 3.6429396097107953 1.8908768731459453
900 971 1598 4.533322071064421 1.3592462775588516
900 972 1598 5.461777091753176 0.9929468773119404
900 959 1599 7.905504980708075 0.5057091908107385
900 960 1599 6.912091506917436 0.6715458822771777
900 961 1599 5.9208959626056705 0.9101723423367772
900 962 1599 4.933255416051362 1.2651642875990137
900 963 1599 3.951836155510508 1.8159654307583168
900 964 1599 2.982785443172211 2.717477759149971
900 965 1599 2.0437732261677217 4.286069519384481
900 966 1599 1.2070662782134167 6.995352338026861
900 967 1599 0.858492283017129 8.661923583140958
900 968 1599 1.4202144204309204 5.848159399946884
900 969 1599 2.3015231912800505 3.5958612734451294
900 970 1599 3.2522313878320346 2.327039183100152
900 971 1599 4.225755435422151 1.5813414378565278
900 972 1599 5.2093194373161475 1.1159636744679577
900 973 1599 6.1981456097771535 0.8109424046342331
900 959 1600 7.8614889811027675 0.5057001084355852
900 960 1600 6.861705983208563 0.6730848763409265
900 961 1600 5.861997014670015 0.9154806591510783
900 962 1600 4.862407736913898 1.2798334057829392
900 963 1600 3.86303106381506 1.8555923611605538
900 964 1600 2.8640895586556097 2.8331398687594676
900 965 1600 1.8662821330120634 4.694866599896828
900 966 1600 0.8735038637579284 9.138882041959803
900 967 1600 0.20738611332488563 19.1897586135679
900 968 1600 1.1502212830581666 7.477574333790749
900 969 1600 2.1454624210178905 4.065488915350887
900 970 1600 3.1437253378754195 2.5182127045409883
900 971 1600 4.142826209244106 1.6754133438749281
900 972 1600 5.142276635888025 1.1680435603455708
900 973 1600 6.141905974532649 0.8421798431608787
900 959 1601 7.94411788683931 0.484858728405239
900 960 1601 6.956220884934595 0.6408080906279409
900 961 1601 5.972353723616863 0.86301490863995
900 962 1601 4.994898297262936 1.1889526724040353
900 963 1601 4.028524419685222 1.6838209799923345
900 964 1601 3.083668107951977 2.464622874112395
900 965 1601 2.1883804513841043 3.731367077484631
900 966 1601 1.4384050194573397 5.631094698762239
900 967 1601 1.161468467070907 6.834867561868983
900 968 1601 1.621421906845968 5.308636152383109
900 969 1601 2.430845326218842 3.491307223586558
900 970 1601 3.344997608369842 2.3167805329409648
900 971 1601 4.297558492911985 1.591470681431961
900 972 1601 5.267732814029192 1.1290063883515662
900 973 1601 6.247320145470367 0.8226567079434243
900 960 1602 7.189924130336862 0.5825115181620195
900 961 1602 6.242996796411179 0.7688468358779561
900 962 1602 5.31554409256477 1.0290787354406512
900 963 1602 4.419842644257846 1.395435315272969
900 964 1602 3.5798057209854512 1.9062214639129766
900 965 1602 2.845172929718005 2.575446737153254
900 966 1602 2.3184065648630545 3.279084702565268
900 967 1602 2.1575469867421386 3.6069476821273425
900 968 1602 2.436187390165226 3.2490813570593753
900 969 1602 3.035623329729831 2.5399250790640093
900 970 1602 3.8072311461218113 1.8774311839216358
900 971 1602 4.666370002475155 1.3744806364768392
900 972 1602 5.572702127334633 1.0141963665081835
900 973 1602 6.506535867879307 0.7582443427977364
900 961 1603 6.654397718802228 0.6561326669001353
900 962 1603 5.793186428900787 0.8484558593001121
900 963 1603 4.984075541161093 1.0976050639288526
900 964 1603 4.256877846497384 1.406424489348971
900 965 1603 3.6607388598478554 1.7511420967588078
900 966 1603 3.268181298520654 2.052921748705038
900 967 1603 3.1561066205057338 2.1832010633038963
900 968 1603 3.352761399205153 2.0665408762326574
900 969 1603 3.8106441712655443 1.771082480115749
900 970 1603 4.449832468756553 1.4260497483605175
900 971 1603 5.203941679150528 1.114078327917408
900 972 1603 6.030009038135846 0.861375879104648
900 962 1604 6.392730950071361 0.6799524520860241
900 963 1604 5.669833242697731 0.8435088815926933
900 964 1604 5.04252010407497 1.0282284795635066
900 965 1604 4.550495467528807 1.2136455233502912
900 966 1604 4.241109406747271 1.3610744572981759
900 967 1604 4.155359069924062 1.424199077737634
900 968 1604 4.306623851696377 1.3784859570062964
900 969 1604 4.671938462779674 1.2419943628840522
900 970 1604 5.2064391862385255 1.059748320128235
900 971 1604 5.864043741310262 0.8730162049774152
900 964 1605 5.893471727258923 0.7564957959144402
900 965 1605 5.478413000130627 0.8617776519210499
900 966 1605 5.224271145336949 0.9411583973067178
900 967 1605 5.154901453956244 0.9756820710317515
900 968 1605 5.27759500151349 0.9556994781685496
900 969 1605 5.579696138679968 0.8869028012541063
237 1913 815 9.876380814853233 0.35678481366021475
237 1914 815 9.268057941122338 0.43740746976860057
237 1915 815 8.732176017465557 0.5223799479467048
237 1916 815 8.282807374314608 0.5997036387440844
237 1917 815 7.934664328123796 0.6525755747392373
237 1918 815 7.701486739584771 0.6659253301850817
237 1919 815 7.593872398190523 0.6354603524759227
237 1920 815 7.617145003214768 0.5706852264434481
237 1921 815 7.770128570364812 0.48846749020399505
237 1913 816 9.130657040980186 0.40420618048324075
237 1914 816 8.46893724147256 0.5107181774940354
237 1915 816 7.878889388740056 0.6314490660775127
237 1916 816 7.377729867649023 0.7517584869377617
237 1917 816 6.98461867248315 0.8449425250241605
237 1918 816 6.718548801638647 0.8807141451834842
237 1919 816 6.594914555928675 0.8450251824187296
237 1920 816 6.621699026684898 0.7518929312886615
237 1921 816 6.7971242448552855 0.631597908437193
237 1922 816 7.1101967623969 0.5108563010670886
237 1912 817 9.210911898395361 0.3435925046320654
237 1913 817 8.437706915981442 0.4497200372281804
237 1914 817 7.716793245902139 0.5865024385520906
237 1915 817 7.06419832677429 0.7541142138798759
237 1916 817 6.500530593728522 0.93900328184013
237 1917 817 6.0506940097810515 1.102859034929718
237 1918 817 5.741506596704398 1.1865336709428396
237 1919 817 5.59632897531944 1.1495157883191254
237 1920 817 5.627867979972501 1.0106265187333818
237 1921 817 5.833257923322058 0.8280013513556996
237 1922 817 6.195231876209266 0.6506215650259272
237 1912 818 8.64100098368246 0.36519523628658646
237 1913 818 7.811587418700572 0.48911855749431776
237 1914 818 7.026727403279629 0.658122089433571
237 1915 818 6.303086386842615 0.8824243254363644
237 1916 818 5.664176727468919 1.1590923892768508
237 1917 818 5.141682409484305 1.4449146863820077
237 1918 818 4.7739813573159395 1.6325101517398826
237 1919 818 4.598358185265689 1.6099193274711159
237 1920 818 4.636690414509014 1.3924841278051674
237 1921 818 4.883942874358747 1.1019967650878797
237 1922 818 5.311016663502328 0.8339470150109665
237 1923 818 5.878851758634437 0.6209303244893966
237 1912 819 8.15431775196437 0.3791042072223491
237 1913 819 7.2695871959830765 0.5177499312976099
237 1914 819 6.418792565584349 0.7165027506424508
237 1915 819 5.617374653697288 1.0009654753621038
237 1916 819 4.889672586175943 1.3949491363467195
237 1917 819 4.273511202746561 1.8800012723983035
237 1918 819 3.823205199829087 2.2961557638589647
237 1919 819 3.6015132930477964 2.3447601844370127
237 1920 819 3.6503284783701035 1.9803379873421005
237 1921 819 3.9596588236866586 1.4896654417490933
237 1922 819 4.475812551928357 1.072605736122642
237 1923 819 5.136817886590807 0.7671054485642468
237 1912 820 7.766524190395682 0.38368867046706545
237 1913 820 6.831756582314765 0.5316028615838934
237 1914 820 5.918352642416717 0.7519984630201952
237 1915 820 5.037945811538742 1.0878010645737504
237 1916 820 4.211282227540748 1.6051198405892348
237 1917 820 3.4769092596730755 2.3728484375644103
237 1918 820 2.905666532828602 3.2794990729681373
237 1919 820 2.607086112885419 3.613355311348825
237 1920 820 2.6741163026315475 2.9360383523748927
237 1921 820 3.0830014596168507 2.0400085218017563
237 1922 820 3.7227540880374366 1.375203406895813
237 1923 820 4.495875665540503 0.9384793578246075
237 1924 820 5.34480102529543 0.6545229861911802
237 1912 821 7.4929899239223134 0.378380610024636
237 1913 821 6.519117885113072 0.5285367488713524
237 1914 821 5.55453850468254 0.7576762365599636
237 1915 821 4.605094787298169 1.121508204877444
237 1916 821 3.6825124575485937 1.7272107913447108
237 1917 821 2.8133428514847596 2.783704914734016
237 1918 821 2.0661311671818443 4.5771700094227015
237 1919 821 1.619536353404895 6.093922147876551
237 1920 821 1.7253689460517827 4.595927178992395
237 1921 821 2.3088737514207343 2.7959269660822144
237 1922 821 3.112056876086854 1.734124940947245
237 1923 821 4.00485929840229 1.1255657873186165
237 1924 821 4.938916682836338 0.7601790011668289
237 1913 822 6.350188816090522 0.5090368512423222
237 1914 822 5.355268247249709 0.7323488269896654
237 1915 822 4.3626709708618625 1.0924479942908543
237 1916 822 3.3744478066789836 1.7121683767225169
237 1917 822 2.396017111792071 2.8863092585469547
237 1918 822 1.4473762468688756 5.484649350382483
237 1919 822 0.6699985074610593 11.899832859325716
237 1920 822 0.8960457577600943 7.522244344853385
237 1921 822 1.7767661635678669 3.6872962261671516
237 1922 822 2.740601758738305 2.098667125889364
237 1923 822 3.723559855836791 1.304469276535723
237 1924 822 4.713692607712039 0.8586539830112424
237 1913 823 6.336473624974792 0.4760373992793349
237 1914 823 5.338997846038243 0.6811445593719461
237 1915 823 4.342683271895478 1.0089757439304765
237 1916 823 3.3485665589921645 1.566580630103436
237 1917 823 2.3594274729265234 2.6063113277373744
237 1918 823 1.3859646460138348 4.866433712591242
237 1919 823 0.5243071618813431 11.418283313782535
237 1920 823 0.7930308947322818 9.497507265284495
237 1921 823 1.7271068293535572 4.272636156105876
237 1922 823 2.7086708917842923 2.352037968216765
237 1923 823 3.7001213493613054 1.4357605629557935
237 1924 823 4.6951994632815275 0.9341393229773844
237 1914 824 5.507349453230748 0.613150021749083
237 1915 824 4.548065302961341 0.8920199438208892
237 1916 824 3.610941428492111 1.3463656104171995
237 1917 824 2.7189884148338077 2.1294101835607475
237 1918 824 1.9356905744463075 3.5526058398956204
237 1919 824 1.449447480938889 5.893296396528312
237 1920 824 1.566811411753152 6.361823257140753
237 1921 824 2.192919971179915 3.9822536609259167
237 1922 824 3.0270279152990205 2.3646891810379844
237 1923 824 3.9391494005685224 1.4783460149946606
237 1924 824 4.885785300235691 0.9706081889441215
237 1915 825 4.950848210155595 0.7638107938319064
237 1916 825 4.106689420932714 1.1112809091083473
237 1917 825 3.349462344914551 1.6553980405641442
237 1918 825 2.7518898960533105 2.48678159286977
237 1919 825 2.4345221297002237 3.5176089895791938
237 1920 825 2.5061719813292798 3.918296226885556
237 1921 825 2.9385196953567867 3.1276725708672366
237 1922 825 3.6040113762305963 2.1290043739735607
237 1923 825 4.398056161533113 1.4164649065320851
237 1924 825 5.262784244104938 0.9589992440467587
237 1916 826 4.763496404953057 0.8972447104223835
237 1917 826 4.128546717672032 1.265504992234126
237 1918 826 3.660450518720383 1.759951845518764
237 1919 826 3.4282499908845816 2.29162102441482
237 1920 826 3.4794968027000612 2.5533207854459836
237 1921 826 3.802748742685975 2.2991902012855037
237 1922 826 4.337614321259969 1.768873263389814
237 1923 826 5.0168613694220605 1.2726163958088463
237 1916 827 5.524210169789045 0.7174099993129519
237 1917 827 4.987073089498542 0.9669025919493751
237 1918 827 4.607048729935504 1.2727707214234005
237 1919 827 4.424804854454053 1.5775667034370804
237 1920 827 4.4646274200654155 1.7491556486409747
237 1921 827 4.720900126035265 1.6745003881133258
237 1922 827 5.161482151475446 1.4063749542374102
237 1923 827 5.744118557272248 1.0895071563652494
237 1917 828 5.8904072864277 0.7434879266689409
237 1918 828 5.572333263544129 0.9404414017657022
237 1919 828 5.422628329509609 1.128556905453798
237 1920 828 5.4551716746588275 1.2444411449862822
237 1921 828 5.6668243311399555 1.2319636460286216
237 1922 828 6.0387828243777415 1.0978327956218636
237 1917 829 6.8207696046707635 0.5768476680728314
237 1918 829 6.548045357203963 0.7082825798140184
237 1919 829 6.421129028449763 0.8308251981647489
237 1920 829 6.448635359515997 0.9114354943135016
237 1921 829 6.628642244079841 0.9202218403138158
237 1922 829 6.949309174299244 0.8535093901321745
237 1918 830 7.530132668154021 0.5423281066213578
237 1919 830 7.4200335578756125 0.6255059845352802
237 1920 830 7.443849676074875 0.6830438722926917
237 1921 830 7.600322230011031 0.6980638002515278
237 1918 831 8.516389962889232 0.42123195211395015
237 1919 831 8.419198180349495 0.4795474427220045
237 1920 831 8.44019537688554 0.5215290484251026
237 1921 831 8.578513740736206 0.5371742602236418
991 2134 1721 10.474429435534919 0.1359272474332314
991 2135 1721 10.249959609676534 0.1470438258264099
991 2136 1721 10.119766400465986 0.15736981812275275
991 2130 1722 11.364403723909167 0.1149833649279937
991 2131 1722 10.793408729405204 0.12935895812470874
991 2132 1722 10.288132580794263 0.14468919554472098
991 2133 1722 9.8586851050229 0.16067149177937612
991 2134 1722 9.515338774841405 0.17685619266061264
991 2135 1722 9.26766809936568 0.192638606004147
991 2136 1722 9.123468200196692 0.2072751662483287
991 2137 1722 9.087665926958374 0.2199328523440989
991 2129 1723 11.252985026205293 0.12709341648562675
991 2130 1723 10.581950292833572 0.145188684660629
991 2131 1723 9.966226567763773 0.16513886115310147
991 2132 1723 9.416669899704482 0.18673745995203586
991 2133 1723 8.945483329591552 0.2095671054878741
991 2134 1723 8.565609844021633 0.2329467191061976
991 2135 1723 8.289612294914658 0.25590080848374797
991 2136 1723 8.128079231897303 0.27717615854686656
991 2137 1723 8.087871907986685 0.2953314746504903
991 2138 1723 8.17078160275993 0.30891148867500495
991 2129 1724 10.557351561826504 0.1592140100989239
991 2130 1724 9.838987346266915 0.1841721229536923
991 2131 1724 9.173531054070752 0.21221846695356175
991 2132 1724 8.573311612206824 0.24316569417075432
991 2133 1724 8.052929404881203 0.2764711866999266
991 2134 1724 7.628739869729489 0.3111089541097302
991 2135 1724 7.317490826779372 0.3454708862501421
991 2136 1724 7.1339800952904415 0.37736094571382
991 2137 1724 7.088136003209883 0.40415812446337074
991 2138 1724 7.182595074205431 0.4231941172882563
991 2144 1724 10.083534697713885 0.333677140357625
991 2145 1724 10.817840449923441 0.2989987233977626
991 2146 1724 11.59196583845897 0.2646729556609544
991 2147 1724 12.39845441980571 0.23209850481789832
991 2148 1724 13.231389647349959 0.202119460794137
991 2149 1724 14.086080789204626 0.1751402432450882
991 2129 1725 9.913913051868091 0.1997382017766816
991 2130 1725 9.145144722747718 0.23444075128150768
991 2131 1725 8.425062136269405 0.2743606109079216
991 2132 1725 7.767217777299692 0.31948711083639775
991 2133 1725 7.188718383689844 0.3692232154382
991 2134 1725 6.710117137576681 0.42207445729574394
991 2135 1725 6.354028013787808 0.4753477025771091
991 2136 1725 6.141797131133541 0.5250212352422579
991 2137 1725 6.0884868399299465 0.5660257322332727
991 2138 1725 6.19819909328509 0.5931270260196432
991 2139 1725 6.4626366136430775 0.6023087380520082
991 2140 1725 6.863939976427534 0.5921054423465028
991 2142 1725 7.9880956428926115 0.5225382415446216
991 2143 1725 8.669352455633573 0.4725507767233011
991 2144 1725 9.407745319682066 0.4192099084507132
991 2145 1725 10.190862181385821 0.3664687188020406
991 2146 1725 11.009163092624242 0.31695053101274157
991 2147 1725 11.85536469282998 0.27209363227955735
991 2148 1725 12.723901602888937 0.23245623139327695
991 2149 1725 13.610498594834784 0.19802536525537387
991 2128 1726 10.186543672904982 0.20977114209259948
991 2129 1726 9.333470522801283 0.2503687335768311
991 2130 1726 8.512442187762595 0.2988739391323323
991 2131 1726 7.733671314453465 0.35629229622838127
991 2132 1726 7.01125324032732 0.4232297571595105
991 2133 1726 6.364406649484326 0.4993930041271527
991 2134 1726 5.818390842836209 0.582841970984119
991 2135 1726 5.403857140968866 0.669082561140828
991 2136 1726 5.152637382933149 0.7503895560942369
991 2137 1726 5.088975535409865 0.8161628173842661
991 2138 1726 5.219738690777545 0.8551812110263216
991 2139 1726 5.5311546714949165 0.859573949964231
991 2140 1726 5.995137362896699 0.8283957450827217
991 2141 1726 6.579488733936699 0.768095501450869
991 2142 1726 7.2551824236196785 0.6894843249600626
991 2143 1726 7.999104449874365 0.6035995083610094
991 2144 1726 8.793956561184494 0.5189517867156391
991 2145 1726 9.627132075545644 0.4407746479503137
991 2146 1726 10.489502943419184 0.3715396891379498
991 2147 1726 11.374430623112511 0.3118595310388265
991 2148 1726 12.277038405087753 0.2612900005152579
991 2149 1726 13.193698192697891 0.21888838245594708
991 2150 1726 14.121673838465451 0.18354949242129368
991 2128 1727 9.725927822064097 0.25740015773066577
991 2129 1727 8.828458076017604 0.3124557519547005
991 2130 1727 7.955480626586957 0.38025258100260206
991 2131 1727 7.116015177049608 0.46333239461758174
991 2132 1727 6.323422491024961 0.5640443330907852
991 2133 1727 5.5976487921269475 0.6836549568836155
991 2134 1727 4.968065216963263 0.8206432789264823
991 2135 1727 4.475452155927956 0.968001112366111
991 2136 1727 4.168653499632722 1.1102327471411944
991 2137 1727 4.089703167712798 1.2228171372500003
991 2138 1727 4.2513141497659355 1.2785643211411246
991 2139 1727 4.628355215408603 1.2611950076653045
991 2140 1727 5.1739416309038475 1.175990411572156
991 2141 1727 5.84103347020028 1.046152997849411
991 2142 1727 6.592850066549358 0.8989895461827683
991 2143 1727 7.403625598313291 0.7550996458483716
991 2144 1727 8.256008236429988 0.6257224217947783
991 2145 1727 9.138362654217644 0.514926281392199
991 2146 1727 10.042792042056815 0.4226605201497674
991 2147 1727 10.963834730604054 0.3470006643357809
991 2148 1727 11.897633041912144 0.28543426954865964
991 2149 1727 12.84140459607124 0.23548435319766728
991 2150 1727 13.793102334137869 0.19496074389427523
991 2127 1728 10.299207348140948 0.2542688375492491
991 2128 1728 9.349955721820315 0.312397613653975
991 2129 1728 8.412471218375753 0.38611773233715857
991 2130 1728 7.491172938866141 0.4800147523902036
991 2131 1728 6.592850066549393 0.5998344819392598
991 2132 1728 5.728321918328289 0.7522994317411263
991 2133 1728 4.915452369823173 0.9440335826119642
991 2134 1728 4.184455998095834 1.1783301493560312
991 2135 1728 3.5857596126901976 1.447656145252472
991 2136 1728 3.1946317471658787 1.7208256181636656
991 2137 1728 3.0909014866216733 1.9330710192912093
991 2138 1728 3.301768011232774 2.0055217025225787
991 2139 1728 3.7748737727240607 1.9048064515011471
991 2140 1728 4.426925795628377 1.676395004234779
991 2141 1728 5.19092207608628 1.4002339884859232
991 2142 1728 6.024422959919054 1.1355117681241544
991 2143 1728 6.902294690898079 0.9083684626164091
991 2144 1728 7.809588465469853 0.723714311337769
991 2145 1728 8.737143240213 0.5773065549720534
991 2146 1728 9.67913591184666 0.46235802886059757
991 2147 1728 10.6317294924203 0.37227242588869797
991 2148 1728 11.592310899902555 0.30150189394419535
991 2149 1728 12.55904741610603 0.24564988382438185
991 2150 1728 13.530619793638408 0.20132259276806388
991 2127 1729 10.044982429053844 0.29871166912432306
991 2128 1729 9.06916049036516 0.37248622841390755
991 2129 1729 8.099238976595295 0.468722049891355
991 2130 1729 7.1376236941996565 0.5956699754514381
991 2131 1729 6.188188103152675 0.7649982544096905
991 2132 1729 5.257534783527377 0.9930242002526675
991 2133 1729 4.357714079652338 1.3015241258813164
991 2134 1729 3.512502241992192 1.7153926772286192
991 2135 1729 2.7723044565848345 2.24784198028888
991 2136 1729 2.2435846317890684 2.8502758549133835
991 2137 1729 2.0932443717827227 3.3206086043834273
991 2138 1729 2.393673327753811 3.3534260698789375
991 2139 1729 3.0129175229335368 2.921994744362807
991 2140 1729 3.798114268949779 2.3209913880954764
991 2141 1729 4.666226741168915 1.7750465909641788
991 2142 1729 5.5786801306402065 1.3466251591362213
991 2143 1729 6.516875938668756 1.0264017972834245
991 2144 1729 7.471122539484929 0.7896906721234179
991 2145 1729 8.435974869569 0.6140790730233312
991 2146 1729 9.408170491652436 0.4825930037781626
991 2147 1729 10.385647403989777 0.3830562179731303
991 2148 1729 11.367043239118939 0.3068554256190482
991 2149 1729 12.35142388552832 0.24788758816534176
991 2150 1729 13.338128504404187 0.2017930095008874
991 2127 1730 9.88583188204212 0.3425443830150798
991 2128 1730 8.892562735229951 0.4325766539345313
991 2129 1730 7.900991836472201 0.5529226809870854
991 2130 1730 6.911850114115635 0.7167462005382547
991 2131 1730 5.9263540224998605 0.9445584250261744
991 2132 1730 4.946682928993957 1.2693727864512205
991 2133 1730 3.9771436986863065 1.746063959267503
991 2134 1730 3.0274860858474892 2.4675331475152196
991 2135 1730 2.124540420891094 3.582167110750271
991 2136 1730 1.3644310169444491 5.213375791939705
991 2137 1730 1.099850898985867 6.6681252322917075
991 2138 1730 1.5992723345321698 5.957235965009843
991 2139 1730 2.4301588425450573 4.204724067357643
991 2140 1730 3.3546493110308697 2.8756452272715047
991 2141 1730 4.312965569071918 2.010918613610426
991 2142 1730 5.286744934267191 1.4460588255952946
991 2143 1730 6.268785528314058 1.066117685084879
991 2144 1730 7.25573373271096 0.8027246697098555
991 2145 1730 8.245827550949612 0.6151955109520723
991 2146 1730 9.238055639581287 0.4786016461901184
991 2147 1730 10.231797105103267 0.3771556046161681
991 2148 1730 11.226650079164289 0.30054578969401907
991 2149 1730 12.222343146876522 0.24184985893323566
991 2127 1731 9.826376341256243 0.3804860446002339
991 2128 1731 8.826418979404975 0.4844456226711454
991 2129 1731 7.8264725132079995 0.6255442265780944
991 2130 1731 6.826541730627617 0.8214605317367805
991 2131 1731 5.8266347062434125 1.1012876015201976
991 2132 1731 4.826766205235159 1.515728089275066
991 2133 1731 3.826966422638193 2.1602355068795913
991 2134 1731 2.827308260519204 3.235557013601877
991 2135 1731 1.8280240698634365 5.245117111915912
991 2136 1731 0.8304649300241632 9.964106341447879
991 2137 1731 0.19409276132817163 20.91315144992473
991 2138 1731 1.1771457004126342 8.070968005338813
991 2139 1731 2.175700347014705 4.515374115459934
991 2140 1731 3.1751648776086987 2.8626904201822296
991 2141 1731 4.174885866703403 1.9428296417404027
991 2142 1731 5.174714678124754 1.3785158431198392
991 2143 1731 6.174598934343812 1.0099003744178832
991 2144 1731 7.174515454021943 0.758147131750504
991 2145 1731 8.174452397561542 0.5803278949001136
991 2146 1731 9.174403086849825 0.45136023909822864
991 2147 1731 10.174363469033311 0.3557894401320206
991 2148 1731 11.174330941940081 0.2836878220570812
991 2127 1732 9.868417907648642 0.4063759793902329
991 2128 1732 8.873199648379403 0.518169995203307
991 2129 1732 7.879192344396747 0.6699393605011693
991 2130 1732 6.886920356734225 0.8804586291496967
991 2131 1732 5.897259702607664 1.1800945299044674
991 2132 1732 4.911789083419624 1.6200567993933292
991 2133 1732 3.9336588565863386 2.290510527413406
991 2134 1732 2.9701299634864635 3.3538633442039316
991 2135 1732 2.041977472941378 5.065357825314943
991 2136 1732 1.2319383101438208 7.2842716777367515
991 2137 1732 0.9304149611866573 7.297037368466915
991 2138 1732 1.4878413893960354 5.080207156290112
991 2139 1732 2.358319740832418 3.3633142641516485
991 2140 1732 3.302979261212495 2.2963739226724726
991 2141 1732 4.272899717990091 1.6238323884756922
991 2142 1732 5.254110010268128 1.1826238436725736
991 2127 1733 10.010677899123534 0.41510147649737106
991 2128 1733 9.031150092873018 0.52577500062717
991 2129 1733 8.05665389600424 0.6732866978323907
991 2130 1733 7.089264559882094 0.872427732991092
991 2131 1733 6.1323463698653065 1.1443193941737275
991 2132 1733 5.191692594905843 1.5176339216088173
991 2133 1733 4.278045348053258 2.0246729763846374
991 2134 1733 3.4131615842207172 2.675412780146213
991 2135 1733 2.6453113238331762 3.3687451185606707
991 2136 1733 2.084627544670747 3.767366445343135
991 2137 1733 1.9218928169905687 3.5409978568621243
991 2138 1733 2.2453667851823007 2.8901221999482836
991 2139 1733 2.896493051950903 2.2068793428499602
991 2140 1733 3.706436563601192 1.6550469986714162
991 2141 1733 4.591913762256405 1.244661679513266
991 2142 1733 5.516672185294294 0.9455530777247927
991 2127 1734 10.248983949641074 0.4047660647369912
991 2128 1734 9.294604456349948 0.5052887232662897
991 2129 1734 8.350908453575592 0.6345342015478795
991 2130 1734 7.421972244626102 0.8004811668708707
991 2131 1734 6.514113293457536 1.0113809089084607
991 2132 1734 5.63752356979553 1.2720975225431213
991 2133 1734 4.809331762313772 1.5749422213216557
991 2134 1734 4.05926988509018 1.882915675996761
991 2135 1734 3.438847481351856 2.1159262863103425
991 2136 1734 3.0288070258766835 2.1778553513195944
991 2137 1734 2.919190298695842 2.037368669121398
991 2138 1734 3.141603412272127 1.761961927213222
991 2139 1734 3.635611640425835 1.4489176632363736
991 2140 1734 4.308790085395178 1.1607514521684197
991 2141 1734 5.090547318314578 0.920250683570526
991 2127 1735 10.576846032726406 0.3776064467685688
991 2128 1735 9.654929932423139 0.4618759578402446
991 2129 1735 8.750181255265531 0.5651264541904147
991 2130 1735 7.868524130991796 0.6895451937666065
991 2131 1735 7.018665970111425 0.8349038014947022
991 2132 1735 6.213668159790971 0.9956241161101246
991 2133 1735 5.473360211058657 1.1568881338008268
991 2134 1735 4.827594846297691 1.2924027690663467
991 2135 1735 4.3189896966767565 1.3695150148539312
991 2136 1735 4.000208994540152 1.364794744822215
991 2137 1735 3.9178657455303254 1.2797832710232548
991 2138 1735 4.086278502500759 1.1398569023917025
991 2139 1735 4.477239327978772 0.9775687157101907
991 2140 1735 5.039213430685365 0.8180120952079388
991 2127 1736 10.986249223461131 0.33891721838549593
991 2128 1736 10.101765786237586 0.4049751877397035
991 2129 1736 9.240869656044296 0.4817007404282774
991 2130 1736 8.410806857846646 0.5682140950389947
991 2131 1736 7.62165808731933 0.6613171421249447
991 2132 1736 6.887501143375593 0.7544109065019394
991 2133 1736 6.227814383874976 0.8370284935696795
991 2134 1736 5.668656983801366 0.8961562136240837
991 2135 1736 5.242296443353806 0.9200910789026553
991 2136 1736 4.982938089119703 0.9034899786471339
991 2137 1736 4.917079621075895 0.8500969019891944
991 2138 1736 5.0522937365121425 0.7708058356166301
991 2139 1736 5.373422745327208 0.6787492668733478
991 2140 1736 5.849929230341145 0.5850360808248365
991 2128 1737 10.624202181811123 0.344045367158778
991 2129 1737 9.809264600366339 0.3982375068551231
991 2130 1737 9.031592993486816 0.45562877992625395
991 2131 1737 8.301666820584893 0.5130113671500517
991 2132 1737 7.633195399044888 0.5656470522591128
991 2133 1737 7.043697324559028 0.6076847231440774
991 2134 1737 6.554515390171876 0.6333199955748328
991 2135 1737 6.189480753665846 0.6384872477493022
991 2136 1737 5.971404524900309 0.622316924409073
991 2137 1737 5.916559135173064 0.5874738437466999
991 2138 1737 6.029400633562162 0.5391496009379034
991 2139 1737 6.300926281111353 0.4833622006296328
991 2128 1738 11.211675699912131 0.285891275678041
991 2129 1738 10.442685095319122 0.32294999920991907
991 2130 1738 9.715846437650201 0.3600464048216274
991 2131 1738 9.041331317897829 0.39482826067674176
991 2132 1738 8.431706351623022 0.4244154010131373
991 2133 1738 7.902004302707003 0.4458033519766093
991 2134 1738 7.4692484226995655 0.4564836239754597
991 2135 1738 7.1510609003140155 0.45509356497566894
991 2136 1738 6.963165372156535 0.44181475426914013
991 2137 1738 6.916189124076916 0.4183181556999508
991 2138 1738 7.012964565716825 0.387284941824275
991 2129 1739 11.130034680988201 0.2590606230414223
991 2130 1739 10.451108649325205 0.2827456662274331
991 2131 1739 9.827190442847845 0.30372214343128096
991 2132 1739 9.269394370723473 0.32035866756042963
991 2133 1739 8.790316945366644 0.3311608817891831
991 2134 1739 8.403432155970554 0.33505977778968404
991 2135 1739 8.121925387492787 0.33164996173288
991 2131 1740 10.649022114729597 0.23446066981351824
991 2132 1740 10.136551287296877 0.24380810635858716
991 2133 1740 9.700395455856423 0.24911932814787938
