# %ECSV 0.9
# ---
# datatype:
# - name: sexcat_id
#   datatype: int32
# - name: x
#   datatype: int32
# - name: y
#   datatype: int32
# - name: sep
#   datatype: float64
# - name: weight
#   datatype: float64
# schema: astropy-2.0
sexcat_id x y sep weight
1201 793 1736 12.904488560187225 0.2901779963130399
1201 794 1736 12.64609920093951 0.3103098983908674
1201 795 1736 12.462817699059984 0.3262330136751827
1201 796 1736 12.357986284180878 0.3366101314035188
1201 791 1737 12.73050764895112 0.2852909004383739
1201 792 1737 12.307064028435168 0.31669000158005783
1201 793 1737 11.952481959827539 0.34683894884978156
1201 794 1737 11.673038379102618 0.3737565001795789
1201 795 1737 11.474224374658297 0.3952657533849862
1201 796 1737 11.360273984372142 0.4093334692920515
1201 797 1737 11.333747173816892 0.414482298268576
1201 798 1737 11.395254494744833 0.4101415383927693
1201 789 1738 12.946266836428288 0.2583266543494187
1201 790 1738 12.369471492347715 0.2955403041568388
1201 791 1738 11.849127605018133 0.3353634838807814
1201 792 1738 11.392972614730654 0.3764211400793955
1201 793 1738 11.008988373143218 0.41660560739270686
1201 794 1738 10.704943951277954 0.45310282933083224
1201 795 1738 10.487794095995705 0.4826533325886851
1201 796 1738 10.36300270192005 0.5020904397147545
1201 797 1738 10.333916246999594 0.5090595746827392
1201 798 1738 10.401337654359756 0.502662219013411
1201 799 1738 10.563419190773507 0.4837242643825517
1201 800 1738 10.815906110909152 0.45454889935031473
1201 788 1739 12.827463700981687 0.25485881401220173
1201 789 1739 12.163133847820745 0.29658517409075286
1201 790 1739 11.54728647778354 0.3434160703406297
1201 791 1739 10.98807649227118 0.3946588028476583
1201 792 1739 10.494561686892999 0.4487306227250728
1201 793 1739 10.076399406534177 0.5028893048424842
1201 794 1739 9.743296413432276 0.5531387170752592
1201 795 1739 9.504200387197345 0.5945249212225087
1201 796 1739 9.366313308874632 0.6219831437002187
1201 797 1739 9.334121544098405 0.6316287079283518
1201 798 1739 9.40871006036438 0.6219935819028851
1201 799 1739 9.587587026984517 0.594544238424407
1201 800 1739 9.865081094446296 0.5531643306392008
1201 801 1739 10.23317277289901 0.5029183632727748
1201 802 1739 10.682500877603593 0.44876061995790406
1201 788 1740 12.119398706206615 0.2882685905845211
1201 789 1740 11.413931180798423 0.3395370761693818
1201 790 1740 10.75526963864702 0.3984143615901016
1201 791 1740 10.152528010303755 0.4644933978823675
1201 792 1740 9.616227170777645 0.5361472744968698
1201 793 1740 9.158047007959837 0.609956293113057
1201 794 1740 8.790211885955994 0.6802987117341409
1201 795 1740 8.524425200563492 0.7395496578708575
1201 796 1740 8.37041366958658 0.7793690996238574
1201 797 1740 8.334376101424855 0.7930825328185237
1201 798 1740 8.41782780769491 0.7781819693589654
1201 799 1740 8.617298010397551 0.7373873775646391
1201 800 1740 8.925011204474844 0.6774984599273293
1201 801 1740 9.33026392981471 0.6068673417101611
1201 802 1740 9.820989003150412 0.5330516647245067
1201 803 1740 10.385077033898268 0.4615782294805135
1201 787 1741 12.240009191173119 0.2718069796454757
1201 788 1741 11.454947621006495 0.3243663350186194
1201 789 1741 10.705784651299608 0.38700001988465593
1201 790 1741 10.000591232522314 0.4607630467438374
1201 791 1741 9.349322167943626 0.5459558735810881
1201 792 1741 8.76400735965015 0.64132964580893
1201 793 1741 8.258681795541097 0.7429791302169779
1201 794 1741 7.848810419420374 0.843208634101394
1201 795 1741 7.549955297881024 0.9302025273957166
1201 796 1741 7.3756237024404685 0.9897925213088462
1201 797 1741 7.334700062034 1.0099452392765353
1201 798 1741 7.429389275034757 0.9861348280172699
1201 799 1741 7.65466034517544 0.9236833487774327
1201 800 1741 7.999489046182968 0.8350259069790071
1201 801 1741 8.449249966713092 0.7342707183707948
1201 802 1741 8.988204770698157 0.6329143251712065
1201 803 1741 9.601344957869237 0.5382985199459577
1201 787 1742 11.66849711830972 0.3002562006576668
1201 788 1742 10.842131939798655 0.3624617981887185
1201 789 1742 10.047379011463738 0.4383027097997751
1201 790 1742 9.2923530389241 0.5300723756151967
1201 791 1742 8.58753893732086 0.6394992823111381
1201 792 1742 7.9463088915547315 0.7666167484894321
1201 793 1742 7.385243733283398 0.9078256313323225
1201 794 1742 6.923859111796081 1.0532595486383993
1201 795 1742 6.5831470437778865 1.1847292146077057
1201 796 1742 6.382462299144542 1.2773954660246323
1201 797 1742 6.335126281298688 1.3082756344861157
1201 798 1742 6.44451898903256 1.2686214245514362
1201 799 1742 6.7029713560480895 1.1695649856354216
1201 800 1742 7.094210667861582 1.0350184348291949
1201 801 1742 7.597751312066024 0.8892927240714609
1201 802 1742 8.192913096084988 0.7494906780071702
1201 803 1742 8.861254143742904 0.6245296999192027
1201 804 1742 9.58748272488669 0.5174079786803176
1201 787 1743 11.157500840242049 0.328758655318938
1201 788 1743 10.290180999380036 0.4014179331459658
1201 789 1743 9.449117683678294 0.4920818761695605
1201 790 1743 8.641980386462453 0.6049434005763582
1201 791 1743 7.879202053507808 0.7442706184351852
1201 792 1743 7.174944250654605 0.9130774598811128
1201 793 1743 6.548116141303656 1.1101740923412984
1201 794 1743 6.022941557080011 1.324839156540726
1201 795 1743 5.627950337378725 1.5301126420491329
1201 796 1743 5.391829466887952 1.6812645816994496
1201 797 1743 5.335712229871578 1.7312389015689074
1201 798 1743 5.465146384132911 1.6615589842904688
1201 799 1743 5.767653335629746 1.4975763459986309
1201 800 1743 6.218024203877053 1.2879607872288785
1201 801 1743 6.786886252177855 1.0749062284816322
1201 802 1743 7.447135355289353 0.8822170133936806
1201 803 1743 8.176663439325395 0.7185148310310577
1201 804 1743 8.95856154748074 0.5839676473165921
1201 786 1744 11.637346132173 0.2903931826021034
1201 787 1744 10.71568126625656 0.3561400653354484
1201 788 1744 9.809374342943677 0.43959056056442464
1201 789 1744 8.9231062416628 0.5460983512605668
1201 790 1744 8.063487148870614 0.6825158670179577
1201 791 1744 7.240015538657458 0.8571459653808886
1201 792 1744 6.466515676931539 1.0787592981472234
1201 793 1744 5.763143673378382 1.353117143484488
1201 794 1744 5.158665040492664 1.674003173116673
1201 795 1744 4.691462991434665 2.0060261900908976
1201 796 1744 4.405431306921151 2.2679738056257484
1201 797 1744 4.33656834374842 2.3551064170562257
1201 798 1744 4.494866516371851 2.2235156231232547
1201 799 1744 4.858170952117755 1.937707880224548
1201 800 1744 5.38514855876796 1.6028999518617018
1201 801 1744 6.033060997536868 1.2902709275164022
1201 802 1744 6.7672612628744035 1.0272348091624226
1201 803 1744 7.562659915664619 0.8163004047583833
1201 804 1744 8.401894131682468 0.6505573080122707
1201 805 1744 9.273069880034345 0.5211624956291453
1201 786 1745 11.303266120905128 0.3082156553266833
1201 787 1745 10.351899584134381 0.38098034753103927
1201 788 1745 9.410622986816627 0.4748493564990821
1201 789 1745 8.48279582449097 0.5971624908587441
1201 790 1745 7.573362859390888 0.7581036780603218
1201 791 1745 6.689829967943972 0.9716227955828196
1201 792 1745 5.843956279781801 1.255970626130245
1201 793 1745 5.05468347179139 1.6318775819735614
1201 794 1745 4.352909946231482 2.1121168911343497
1201 795 1745 3.787588282799607 2.6673672743638908
1201 796 1745 3.426926465508238 3.1580079316523433
1201 797 1745 3.3379372372770426 3.327236749220796
1201 798 1745 3.5411615326048893 3.0522229589038847
1201 799 1745 3.992220560039302 2.5233382696998126
1201 800 1745 4.61907187647047 1.979729961415403
1201 801 1745 5.360394108645403 1.5260020339488944
1201 802 1745 6.175097165227464 1.1753713846526281
1201 803 1745 7.037742891012726 0.9110860396778296
1201 804 1745 7.932706032622164 0.7125775927076354
1201 805 1745 8.850187851113668 0.5626752955313913
1201 786 1746 11.049878958613142 0.32293733768115485
1201 787 1746 10.074612895789166 0.4017264577536319
1201 788 1746 9.104714438135954 0.5047300446299645
1201 789 1746 8.142102001326267 0.641294917355517
1201 790 1746 7.189702705953919 0.8252058197028669
1201 791 1746 6.252185617846052 1.077119990390821
1201 792 1746 5.337398710982807 1.4282168475570247
1201 793 1746 4.459352531478179 1.924569867584399
1201 794 1746 3.644698204241436 2.626434801740472
1201 795 1746 2.9464936789344485 3.570646014122167
1201 796 1746 2.4657301149964836 4.583350018754922
1201 797 1746 2.3404753790630832 4.972862633578274
1201 798 1746 2.622179437033323 4.304653298698883
1201 799 1746 3.2052807989317107 3.266052143126288
1201 800 1746 3.9587655904334897 2.391879254818863
1201 801 1746 4.8031057660643 1.757835523183851
1201 802 1746 5.698054492543928 1.3106564846520268
1201 803 1746 6.62312803741555 0.9932266590563524
1201 804 1746 7.567286501778551 0.7643082753882713
1201 805 1746 8.524190577409668 0.596318088347371
1201 785 1747 11.8759347000563 0.26960882549759607
1201 786 1747 10.882822473972515 0.33362508711581423
1201 787 1747 9.891098270667477 0.41687706864952234
1201 788 1747 8.901226039147701 0.5267434860019836
1201 789 1747 7.913900744891926 0.6742302177998332
1201 790 1747 6.9302110357478215 0.8762515104442423
1201 791 1747 5.951959761288781 1.1597296258902579
1201 792 1747 4.982351352524299 1.5693000305799378
1201 793 1747 4.027632679378871 2.1823727410802025
1201 794 1747 3.101584272593691 3.1384012127674694
1201 795 1747 2.2400502226513685 4.679698194187754
1201 796 1747 1.5542924435254637 6.979790598775885
1201 797 1747 1.346783204528579 8.189783477749097
1201 798 1747 1.7921565221821945 6.1361016136277735
1201 799 1747 2.5709579926556736 4.068888678797455
1201 800 1747 3.4652308725393755 2.76117078571879
1201 801 1747 4.405204308542331 1.9434612210382052
1201 802 1747 5.36691950750147 1.4115361281777388
1201 803 1747 6.3404909115934975 1.051595674648833
1201 804 1747 7.3211901354902436 0.7998103187193484
1201 805 1747 8.306492942271097 0.6187996460798896
1201 786 1748 10.80610128584778 0.3395375285124894
1201 787 1748 9.806621487546103 0.42521298611370667
1201 788 1748 8.807259789514605 0.5388071970958942
1201 789 1748 7.8080615392042585 0.6922490910143737
1201 790 1748 6.809098692191257 0.9042374555383016
1201 791 1748 5.810492664137921 1.20540868433461
1201 792 1748 4.812465584292577 1.6488944325796453
1201 793 1748 3.815471792583508 2.3341351676282645
1201 794 1748 2.8206072041318198 3.468529726920257
1201 795 1748 1.8313451340477118 5.56364508489734
1201 796 1748 0.8670784278253857 10.305968273492182
1201 797 1748 0.38707234465930723 16.760781141312105
1201 798 1748 1.2441161521337003 7.9346943226434705
1201 799 1748 2.223921086729445 4.585943438156496
1201 800 1748 3.2161817423770978 2.9583757889014777
1201 801 1748 4.21210458084788 2.032914367950747
1201 802 1748 5.209589715131088 1.4569677775895409
1201 803 1748 6.2078841000778615 1.0765611450778483
1201 804 1748 7.206651441550329 0.8143462151584422
1201 805 1748 8.205719042228983 0.6276448187751602
1201 786 1749 10.821636890969906 0.34024084617043326
1201 787 1749 9.82373783241393 0.4260178107015301
1201 788 1749 8.82631434971589 0.5396868947163634
1201 789 1749 7.829548198970395 0.6931129201062748
1201 790 1749 6.833727021179619 0.9048373307259324
1201 791 1749 5.839334294249677 1.205096128497451
1201 792 1749 4.847249219918477 1.6459255672731417
1201 793 1749 3.8592518705054992 2.323397398605852
1201 794 1749 2.8795529166869125 3.4324433940522727
1201 795 1749 1.9208917200092297 5.421632503917981
1201 796 1749 1.0429884946632575 9.403254308651993
1201 797 1749 0.697011477667218 12.574296901200368
1201 798 1749 1.3725250453087368 7.350304525651692
1201 799 1749 2.2982221389586477 4.416486464621839
1201 800 1749 3.268000152998707 2.8868140611605644
1201 801 1749 4.251802558915393 1.9963115511087293
1201 802 1749 5.241738738243198 1.435958516719149
1201 803 1749 6.234887729542474 1.0635366422648223
1201 804 1749 7.229925656602509 0.8058133571860289
1201 805 1749 8.226167090449788 0.6218170288158469
1201 786 1750 10.929035867815633 0.33568229702900887
1201 787 1750 9.941922600785047 0.4192206329130125
1201 788 1750 8.957668502462035 0.5292899429595264
1201 789 1750 7.977331947462155 0.6767106694534228
1201 790 1750 7.002558461019818 0.8779544996876465
1201 791 1750 6.036043820251818 1.158857234509515
1201 792 1750 5.082501844564355 1.5612339859367266
1201 793 1750 4.150882436301946 2.154538548753228
1201 794 1750 3.260034509019788 3.0531961969367027
1201 795 1750 2.454755588648247 4.412165490168361
1201 796 1750 1.8503580734548957 6.148041281698674
1201 797 1750 1.6798288603306064 6.781480162169572
1201 798 1750 2.054221263642146 5.329984369089008
1201 799 1750 2.760040760568482 3.708569790680403
1201 800 1750 3.6077451406660304 2.5839676584025586
1201 801 1750 4.518166110270767 1.846361829234805
1201 802 1750 5.460020604356652 1.3537133134653223
1201 803 1750 6.419487907925296 1.0149507108116556
1201 804 1750 7.389710752120072 0.7754577031922287
1201 805 1750 8.366948368431522 0.6020032792393125
1201 786 1751 11.125638183942545 0.3261994288051878
1201 787 1751 10.157648596008837 0.4054106625987556
1201 788 1751 9.196511566893188 0.5086882890689973
1201 789 1751 8.244624005981116 0.6450925357309685
1201 790 1751 7.305602302343048 0.8277587317048156
1201 791 1751 6.385125292427702 1.0758515745210344
1201 792 1751 5.492524465125291 1.4170237114447612
1201 793 1751 4.643901915415502 1.8887652451853356
1201 794 1751 3.868310354663865 2.530423229143063
1201 795 1751 3.218978875357772 3.334439605323651
1201 796 1751 2.7856462445902026 4.091728554022454
1201 797 1751 2.675411183350965 4.290331923529822
1201 798 1751 2.9250341878342754 3.7367658062046103
1201 799 1751 3.457430404216292 2.9080533490534157
1201 800 1751 4.165552184284713 2.1789568037522873
1201 801 1751 4.974919597340148 1.6283160672032435
1201 802 1751 5.843614035851355 1.228631667568119
1201 803 1751 6.748764701780533 0.9391827666677537
1201 804 1751 7.677488196018199 0.7274453330349925
1201 805 1751 8.622170550389194 0.5704237016933076
1201 786 1752 11.406832382392588 0.31246213185057387
1201 787 1752 10.464885331431018 0.38571842319004757
1201 788 1752 9.53476926831478 0.47986082245067896
1201 789 1752 8.620314669430572 0.6018723919132986
1201 790 1752 7.727083861328271 0.7611826143205515
1201 791 1752 6.863368342148025 0.9701515233760857
1201 792 1752 6.041839537756663 1.2436967107495176
1201 793 1752 5.282217810730598 1.5957566213522072
1201 794 1752 4.615173344523417 2.026652661842931
1201 795 1752 4.086297223648737 2.4914178759252654
1201 796 1752 3.7544407040196126 2.856699485712028
1201 797 1752 3.6733942069970102 2.935939804667589
1201 798 1752 3.8589927442273204 2.6778262936474295
1201 799 1752 4.276660496228222 2.234990991930723
1201 800 1752 4.867013971625614 1.7790293452684625
1201 801 1752 5.575466348207909 1.3902128608892987
1201 802 1752 6.362690075746166 1.083068601449167
1201 803 1752 7.202903928277724 0.8472689171082587
1201 804 1752 8.079593120943564 0.6675495035842403
1201 805 1752 8.982083555612165 0.5302587802895096
1201 785 1753 12.690698365338294 0.24264927997820834
1201 786 1753 11.766555358302615 0.2953651701853187
1201 787 1753 10.855865925848562 0.3616058773769181
1201 788 1753 9.962320261866699 0.445264122456227
1201 789 1753 9.090974920216185 0.5513030140617781
1201 790 1753 8.24886810417039 0.685811964917783
1201 791 1753 7.445926738828385 0.8556362131968731
1201 792 1753 6.696254550119748 1.0668648345259568
1201 793 1753 6.019786125768866 1.320718341368263
1201 794 1753 5.443879590879949 1.6047280505720327
1201 795 1753 5.003381356642642 1.879394330956861
1201 796 1753 4.73622476240297 2.0724754896067754
1201 797 1753 4.6722398268923415 2.1088034160086306
1201 798 1753 4.819525391571134 1.9717416040935625
1201 799 1753 5.160021802279405 1.719857765721304
1201 800 1753 5.658959710052609 1.4329090952140657
1201 801 1753 6.278680195709813 1.1642128620494359
1201 802 1753 6.987118504791408 0.9354597751802283
1201 803 1753 7.7600144974090375 0.749555916035607
1201 804 1753 8.579966491775965 0.6016613897142539
1201 805 1753 9.434713827138493 0.48495008492497893
1201 785 1754 13.091593676859965 0.22842494050285325
1201 786 1754 12.197861492901112 0.27590114654449693
1201 787 1754 11.321917902899653 0.334632656104348
1201 788 1754 10.468229315409534 0.4073902593289183
1201 789 1754 9.642708385095936 0.4974202015562327
1201 790 1754 8.85323810817259 0.6082148169864737
1201 791 1754 8.110352951629126 0.7428336015197788
1201 792 1754 7.428043147424442 0.9023418447948015
1201 793 1754 6.824501813319352 1.0827994187721537
1201 794 1754 6.322327498635217 1.270663139327074
1201 795 1754 5.947253567824307 1.4386447583462898
1201 796 1754 5.724318736758013 1.5483658026282956
1201 797 1754 5.67149230802606 1.5665263857032905
1201 798 1754 5.79342946794027 1.4869364049357718
1201 799 1754 6.079623754805769 1.3352791491527674
1201 800 1754 6.508442594046482 1.1506728587860642
1201 801 1754 7.053922667565786 0.9653301771648388
1201 802 1754 7.691282402824533 0.7974369139991839
1201 803 1754 8.399632432434066 0.6538030765927312
1201 804 1754 9.162522851267447 0.5347271837618688
1201 805 1754 9.967438236578046 0.4376241221039569
1201 785 1755 13.554549974086179 0.21294552351434323
1201 786 1755 12.693455991179059 0.25504367350774604
1201 787 1755 11.854190187440027 0.3062585714539633
1201 788 1755 11.041731068994542 0.36843469236706916
1201 789 1755 10.262447320205803 0.4435032043384625
1201 790 1755 9.52448555041159 0.5331586757120703
1201 791 1755 8.838202588761987 0.6381955216875603
1201 792 1755 8.216557977644836 0.7573222086835714
1201 793 1755 7.67527361075805 0.885374593374313
1201 794 1755 7.232414880245658 1.0113420162729188
1201 795 1755 6.906940350111526 1.117715384880778
1201 796 1755 6.715938132532092 1.1836942562932178
1201 797 1755 6.670968820193852 1.1932905705406316
1201 798 1755 6.774940959152224 1.1439700356717828
1201 799 1755 7.02124098717587 1.048188740126498
1201 800 1755 7.395662580188356 0.9262714131199121
1201 801 1755 7.8799635151438485 0.7973675897086189
1201 802 1755 8.455283850941854 0.6746084352736156
1201 803 1755 9.104384932547504 0.564818707324826
1201 804 1755 9.812635986318758 0.47030016665920416
1201 805 1755 10.568151446681574 0.390762383375294
1201 785 1756 14.073443963721154 0.19682040150371755
1201 786 1756 13.246124905042958 0.23366063629262254
1201 787 1756 12.444188402623903 0.2777150823550498
1201 788 1756 11.672867042847663 0.33012051155227695
1201 789 1756 10.938639083542297 0.39188400239680077
1201 790 1756 10.24947925506457 0.46357550471145864
1201 791 1756 9.615083202968078 0.5448088656314597
1201 792 1756 9.046978777470343 0.6334740860896081
1201 793 1756 8.558377474731918 0.7248159304267691
1201 794 1756 8.163566928738847 0.810759472045276
1201 795 1756 7.876663316404892 0.8802949551974383
1201 796 1756 7.7097227576611616 0.9217885347457261
1201 797 1756 7.670581790190255 0.9270345269631052
1201 798 1756 7.761174202399934 0.8949251071637003
1201 799 1756 7.977081233132715 0.8319919994115613
1201 800 1756 8.308539281967564 0.7493694839341478
1201 801 1756 8.742415284119028 0.6585608921616899
1201 802 1756 9.264330790726218 0.5685541916139938
1201 803 1756 9.860315664318145 0.48497563901366764
1201 804 1756 10.51778612636698 0.41056937536654303
1201 785 1757 14.64232990339991 0.180575747817441
1201 786 1757 13.849036970128973 0.21246440842677483
1201 787 1757 13.084105815836212 0.24994895212893678
1201 788 1757 12.352806361309113 0.2936603016187721
1201 789 1757 11.661467532004659 0.34400465997048074
1201 790 1757 11.017614306191643 0.40091712863808643
1201 791 1757 10.430044343146324 0.46350385978008857
1201 792 1757 9.908775151349362 0.5295959479073206
1201 793 1757 9.464767561857949 0.5953330222178647
1201 794 1757 9.10932626487812 0.6550419665404649
1201 795 1757 8.853125154429835 0.7017885757068122
1201 796 1757 8.704931073822365 0.7288447687795435
1201 797 1757 8.670284020722626 0.7317596563545841
1201 798 1757 8.750532840918776 0.710028484108803
1201 799 1757 8.942584917125357 0.6672957401420784
1201 800 1757 9.239471034642506 0.6099514333379173
1201 801 1757 9.631501700150281 0.5450452684262896
1201 802 1757 10.107612230393372 0.47862391422494127
1201 803 1757 10.656539072325385 0.4149753932202266
1201 790 1758 11.820483281152194 0.34560756488161437
1201 791 1758 11.2748314843282 0.3938154226507911
1201 792 1758 10.794434908785098 0.44330365332980315
1201 793 1758 10.388350446533764 0.4911159706483501
1201 794 1758 10.06557623785137 0.5333322865468608
1201 795 1758 9.834318735936826 0.5655365146568133
1201 796 1758 9.70112493476906 0.5837112337626073
1201 797 1758 9.670047828216669 0.5853280749104853
1201 798 1758 9.742064719554978 0.5701527285338076
1201 799 1758 9.91492939964767 0.5403238967002622
1201 800 1758 10.183507499874375 0.4996598615798246
1201 801 1758 10.540485045765093 0.45258094975864205
1201 792 1759 11.698539438750384 0.3719373357786502
1201 793 1759 11.324920529522405 0.40710153527753334
1201 794 1759 11.029588614268347 0.43744321003441455
1201 795 1759 10.818956742680777 0.46010720343838946
1201 796 1759 10.698029024077181 0.47262308442346007
1201 797 1759 10.669855903431765 0.47349749579403605
1201 798 1759 10.735167674517134 0.4626225956039687
1201 799 1759 10.892282818582958 0.4413069449082238
1201 800 1759 11.137316777392902 0.4119133372649907
1201 793 1760 12.271504593976967 0.3391354312462775
1201 794 1760 11.999492697610085 0.3612738210619257
1201 795 1760 11.806177408458575 0.37752428168002816
1201 796 1760 11.695461726669775 0.3863267266325895
1201 798 1760 11.729442655130608 0.3788049218697307
1201 799 1760 11.873408314380386 0.36326281022361784
1201 800 1760 12.098587727499321 0.3416502721459546
1994 1999 2437 11.866355801171471 0.21422138880516972
1994 2000 2437 11.740970999027116 0.23233628096772033
1994 2001 2437 11.700017094004426 0.2481541183695152
1994 2002 2437 11.744377378132727 0.2605143724981562
1994 1998 2438 11.107222875228363 0.2392250129721746
1994 1999 2438 10.881654285998806 0.2647920462051197
1994 2000 2438 10.744784781464734 0.2888342407994636
1994 2001 2438 10.700018691572277 0.30965947436280944
1994 2002 2438 10.748506873049672 0.32550100116298825
1994 2003 2438 10.889003627513219 0.33481807352001264
1994 2004 2438 11.11802140670704 0.3366221930371287
1994 2005 2438 11.430240592393318 0.3307147610591097
1994 2006 2438 11.819069337303844 0.3177373517750762
1994 2007 2438 12.277230958159738 0.2990123191672173
1994 1997 2439 10.484769906869516 0.26150908573169096
1994 1998 2439 10.147433172975152 0.2957677801876255
1994 1999 2439 9.900020201999414 0.3301923122805011
1994 2000 2439 9.749379467432608 0.36265606659839805
1994 2001 2439 9.700020618534605 0.39053361163467687
1994 2002 2439 9.753481429725307 0.4110530492333896
1994 2003 2439 9.908097698347367 0.4218504027601823
1994 2004 2439 10.159251940964765 0.42156705252013277
1994 2005 2439 10.500019047601596 0.4102396830786203
1994 2006 2439 10.922014466205228 0.38928933018658257
1994 2007 2439 11.416234055063704 0.3611152301341142
1994 2008 2439 11.973737929318322 0.32849386460859115
1994 1996 2440 10.024490011965547 0.27877317659841083
1994 1997 2440 9.567152136346373 0.32223021986510686
1994 1998 2440 9.196216613368616 0.3686343236393035
1994 1999 2440 8.922466026833439 0.41583419980179365
1994 2000 2440 8.75502141630715 0.460567398971967
1994 2001 2440 8.700022988475194 0.49862994019466905
1994 2002 2440 8.759589031455574 0.525513815108679
1994 2003 2440 8.931427657435107 0.537483212133143
1994 2004 2440 9.209256213180124 0.5327212899335787
1994 2005 2440 9.58386143472435 0.5119624095907144
1994 2006 2440 10.044421337239724 0.47823098477479076
1994 2007 2440 10.579716442324747 0.43584757665886853
1994 2008 2440 11.179016056880702 0.38925688081320126
1994 2009 2440 11.832599038250072 0.34217710617065245
1994 1994 2441 10.392805203601068 0.24386765695167742
1994 1995 2441 9.749379467432654 0.28890090074613545
1994 1996 2441 9.170081788075686 0.3409031055075785
1994 1997 2441 8.667779415744112 0.39956904340418775
1994 1998 2441 8.256536804253784 0.46348122131404446
1994 1999 2441 7.9504968398205955 0.5295699424362029
1994 2000 2441 7.7621131143521245 0.592720621374673
1994 2001 2441 7.700025973981984 0.645948050269372
1994 2002 2441 7.7672646407855295 0.6815937233243918
1994 2003 2441 7.960552744627544 0.6935489050824926
1994 2004 2441 8.271057973439497 0.679580098800038
1994 2005 2441 8.686218970299853 0.6422877218250481
1994 2006 2441 9.191865969431724 0.58799528519006
1994 2007 2441 9.7739654183958 0.5243787082521612
1994 2008 2441 10.41971208815277 0.45830364732945594
1994 2009 2441 11.118021406707081 0.39471894571614574
1994 1993 2442 10.419712088152812 0.24165398042529432
1994 1994 2442 9.675246766878756 0.2905093460212413
1994 1995 2442 8.9805567756124 0.34907207809698004
1994 1996 2442 8.348077623021826 0.41835329052602976
1994 1997 2442 7.792971192042077 0.498550579100961
1994 1998 2442 7.332830285776269 0.5881995559993577
1994 1999 2442 6.986444016808382 0.6830209153615437
1994 2000 2442 6.771292343415516 0.7748341740979002
1994 2001 2442 6.70002985067959 0.851514246116848
1994 2002 2442 6.7771970607322265 0.8993258424373121
1994 2003 2442 6.997885394888765 0.9078809623381071
1994 2004 2442 7.349176824651687 0.8751652731271649
1994 2005 2442 7.813475539092537 0.8086245614859257
1994 2006 2442 8.372000955565962 0.72132580683491
1994 2007 2442 9.007241531123574 0.6264987370179719
1994 2008 2442 9.704143444941305 0.534028906294212
1994 2009 2442 10.45037798359453 0.4496806058496146
1994 1992 2443 10.636277544329042 0.23307649235843483
1994 1993 2443 9.806650804428504 0.2833690480307418
1994 1994 2443 9.011681308168757 0.34544095147536424
1994 1995 2443 8.261380029994877 0.4217304452037686
1994 1996 2443 7.569042211534964 0.5145900305186585
1994 1997 2443 6.9520069044843495 0.6255356285182934
1994 1998 2443 6.431982587040953 0.753766599048697
1994 1999 2443 6.034103081651655 0.8937298449449425
1994 2000 2443 5.783632076817989 1.0321732696200225
1994 2001 2443 5.700035087611122 1.1469288417936525
1994 2002 2443 5.790544015893316 1.2115986906232399
1994 2003 2443 6.047346525543071 1.2077336282870725
1994 2004 2443 6.450612374030687 1.1365126019330711
1994 2005 2443 6.974983870948934 1.0179287005737832
1994 2006 2443 7.59541967240769 0.8784029696580136
1994 2007 2443 8.290379967166626 0.7392264195495194
1994 2008 2443 9.042698712220687 0.612701038157575
1994 2009 2443 9.83922761196211 0.5037246564812011
1994 2010 2443 10.67007029030257 0.4127483053137976
1994 1992 2444 10.135600623544645 0.2684780059005477
1994 1993 2444 9.261231019686237 0.33059418086566494
1994 1994 2444 8.414891561986913 0.40907883814609514
1994 1995 2444 7.605945043188158 0.5082709310704607
1994 1996 2444 6.847656533442552 0.6330699911363648
1994 1997 2444 6.158766110187854 0.7880514036033383
1994 1998 2444 5.565105569528614 0.975129017545558
1994 1999 2444 5.100039215535344 1.1886031927508645
1994 2000 2444 4.801083211109585 1.4072307611596515
1994 2001 2444 4.700042552998673 1.5879308232448226
1994 2002 2444 4.809407447908552 1.675115034927993
1994 2003 2444 5.11570132044456 1.6346183176119493
1994 2004 2444 5.586626889277481 1.4829354238446446
1994 2005 2444 6.1846907764251355 1.2724234729341857
1994 2006 2444 6.876801582130904 1.0533858409898607
1994 2007 2444 7.637434124102025 0.8550235365135994
1994 2008 2444 8.448100378191421 0.6878733191292643
1994 2009 2444 9.295719444991764 0.5521386845169403
1994 2010 2444 10.171056975555587 0.44386094113213603
1994 1991 2445 10.643796315225082 0.24774864514328648
1994 1992 2445 9.712383847439256 0.30678425318630514
1994 1993 2445 8.796044565598729 0.38267036092118023
1994 1994 2445 7.9000253164150624 0.4809336256030536
1994 1995 2445 7.0320978377720875 0.6089320440735275
1994 1996 2445 6.204063184720062 0.7761215813834371
1994 1997 2445 5.4341880718281 0.9935991626650449
1994 1998 2445 4.750831506168027 1.2712885676282926
1994 1999 2445 4.196474710992398 1.6089649659689182
1994 2000 2445 3.827584094438513 1.975485799461927
1994 2001 2445 3.7000540536590347 2.281217301181153
1994 2002 2445 3.8380203230309524 2.393357304935355
1994 2003 2445 4.215495225948973 2.247938264078098
1994 2004 2445 4.77602345052854 1.92627433352132
1994 2005 2445 5.463551958204342 1.5599278468743234
1994 2006 2445 6.236216801875836 1.2296031825743734
1994 2007 2445 7.066144634806058 0.9605072322025721
1994 2008 2445 7.935389089389278 0.7505670903260185
1994 2009 2445 8.832349630760682 0.589363884478487
1994 2010 2445 9.7493794674327 0.4659388323180059
1994 1991 2446 10.33878135952199 0.27717635005678876
1994 1992 2446 9.37712109338465 0.3467564064226469
1994 1993 2446 8.424393153218771 0.4379468125529923
1994 1994 2446 7.484009620517552 0.5589308549378363
1994 1995 2446 6.5612803628559595 0.7214906864623938
1994 1996 2446 5.664838920922571 0.942568149660052
1994 1997 2446 4.809407447908646 1.245895924709758
1994 1998 2446 4.021243588742061 1.66160652051316
1994 1999 2446 3.3481935427927536 2.215245243896794
1994 2000 2446 2.8723509534872393 2.8795871320731323
1994 2001 2446 2.7000740730578148 3.45689091454066
1994 2002 2446 2.88624323299319 3.5655369649271225
1994 2003 2446 3.3720023724782497 3.1087851075355575
1994 2004 2446 4.050975191234687 2.4394937101862815
1994 2005 2446 4.842561305755341 1.8385643617370262
1994 2006 2446 5.700035087611202 1.3765587815294937
1994 2007 2446 6.597757194683569 1.037632776172556
1994 2008 2446 7.521329669679342 0.7909302753861518
1994 2009 2446 8.46229283350551 0.6101926123222563
1994 2010 2446 9.415434137627361 0.47626635900369774
1994 1991 2447 10.123754244350252 0.3061024545032515
1994 1992 2447 9.139496703867216 0.38639640068609565
1994 1993 2447 8.159068574292023 0.4934486973353266
1994 1994 2447 7.184037861815571 0.6386364180780325
1994 1995 2447 6.216944587174603 0.8394619109188832
1994 1996 2447 5.262166854063026 1.1236008539223041
1994 1997 2447 4.3278632141045685 1.5359043565085853
1994 1998 2447 3.430801655590059 2.149520805991957
1994 1999 2447 2.6096743091810235 3.075063402508367
1994 2000 2447 1.962243613825617 4.40120322641809
1994 2001 2447 1.7001176429880906 5.71800601324953
1994 2002 2447 1.9825236442472367 5.558784399788673
1994 2003 2447 2.640151510803747 4.15792161584048
1994 2004 2447 3.4656024007377524 2.894992871316203
1994 2005 2447 4.364676391211522 2.029843336853232
1994 2006 2447 5.300037735714643 1.4561791379872426
1994 2007 2447 6.25542964151937 1.0692123180318929
1994 2008 2447 7.2229080016292 0.8013827804013215
1994 2009 2447 8.198194923274214 0.6113359386320643
1994 2010 2447 9.178801664705423 0.4734650117545153
1994 1991 2448 10.004518978941471 0.33274338089256617
1994 1992 2448 9.007241531123725 0.4229325528188494
1994 1993 2448 8.010642920515183 0.5447489871513346
1994 1994 2448 7.015012473260471 0.7127666667192653
1994 1995 2448 6.02083050749645 0.9504972510870202
1994 1996 2448 5.028956154113886 1.2977649486535106
1994 1997 2448 4.041088962148679 1.8263523791521312
1994 1998 2448 3.0611109094575215 2.676595526113546
1994 1999 2448 2.1000952359356986 4.153261906641055
1994 2000 2448 1.2043255373858768 6.981930149918374
1994 2001 2448 0.7002856560002816 11.440817000536862
1994 2002 2448 1.2370933675352513 8.373270017809354
1994 2003 2448 2.1378493866499744 4.857260491116728
1994 2004 2448 3.100064515457644 3.0585166378214113
1994 2005 2448 4.0804901666343465 2.053656498061828
1994 2006 2448 5.068569818005821 1.4424150269012774
1994 2007 2448 6.060561030135703 1.0471564058228944
1994 2008 2448 7.054813959276282 0.7797957578497058
1994 2009 2448 8.05049066827603 0.5926052967687199
1994 1991 2449 9.984507999896664 0.35502840713111167
1994 1992 2449 8.985009738447724 0.45304650382372935
1994 1993 2449 7.985637106706039 0.5863219876903418
1994 1994 2449 6.986444016808577 0.7716845230897098
1994 1995 2449 5.987520354871482 1.0368082951602835
1994 1996 2449 4.9890279614370066 1.429820852635984
1994 1997 2449 3.991290518115695 2.0409113706888746
1994 1998 2449 2.99506260368631 3.0578955465649074
1994 1999 2449 2.0025983121934816 4.940700496761401
1994 2000 2449 1.024890238025587 9.179781674297304
1994 2001 2449 0.3006659275676385 17.33379934082236
1994 2002 2449 1.063202708800195 8.003039215252025
1994 2003 2449 2.0421557237390187 4.464913941078209
1994 2004 2449 3.0348640826238 2.8133445732852276
1994 2005 2449 4.031178487737794 1.8983846194837815
1994 2006 2449 5.028956154113886 1.3400575554649976
1994 2007 2449 6.027470447874456 0.9771811513818808
1994 2008 2449 7.0264073323427425 0.730489822793102
1994 2009 2449 8.025609011159204 0.5569844074664575
1994 1991 2450 10.0643131906753 0.3708893485618636
1994 1992 2450 9.073610086398952 0.47340933851127304
1994 1993 2450 8.085196348883605 0.6125842670318471
1994 1994 2450 7.100028168958256 0.8055365590715143
1994 1995 2450 6.1196731938887625 1.0798478016369921
1994 1996 2450 5.146882551603509 1.4817785439322513
1994 1997 2450 4.186932051036966 2.092246277753889
1994 1998 2450 3.251215157445072 3.0563858849029564
1994 1999 2450 2.3686282950265847 4.609271641158637
1994 2000 2450 1.6280049139976538 6.745769129417568
1994 2001 2450 1.3001538370517822 7.239280932817594
1994 2002 2450 1.6523922052589197 5.200765577613409
1994 2003 2450 2.4021656895394203 3.4359200347921584
1994 2004 2450 3.2879172738985334 2.3277921905644545
1994 2005 2450 4.224973372697197 1.6331620597022918
1994 2006 2450 5.185595433506194 1.1809947783153496
1994 2007 2450 6.158766110188002 0.8754309814263027
1994 2008 2450 7.139355713227926 0.6622559879633585
1994 2009 2450 8.124678455175944 0.5095441121548634
1994 1990 2451 11.218306467555664 0.3009871577189213
1994 1991 2451 10.241601437275383 0.37865834610555904
1994 1992 2451 9.26986515543787 0.4814482386527378
1994 1993 2451 8.304841961169467 0.6194640854911924
1994 1994 2451 7.349176824651934 0.8077130146002773
1994 1995 2451 6.407058607504777 1.0686823965513446
1994 1996 2451 5.485471720827755 1.4357428896061089
1994 1997 2451 4.596781482733434 1.9551053917932362
1994 1998 2451 3.764359175211758 2.673194655262391
1994 1999 2451 3.03486408262395 3.5560252165930133
1994 2000 2451 2.5000799987202154 4.253809174548096
1994 2001 2451 2.3000869548781924 4.148993209421094
1994 2002 2451 2.516028616689564 3.3550271582637303
1994 2003 2451 3.06111090945767 2.4947057695286943
1994 2004 2451 3.796103265191916 1.8233033680455457
1994 2005 2451 4.631457653914229 1.3424427417393374
1994 2006 2451 5.521811297029323 1.0026268110498484
1994 2007 2451 6.444408429018184 0.7603381312942359
1994 2008 2451 7.387178080972502 0.5849353415849265
1994 1989 2452 12.42619813136752 0.24330393317879195
1994 1990 2452 11.46518207443744 0.30183494850726716
1994 1991 2452 10.511441385461918 0.37745702889693666
1994 1992 2452 9.56715213634661 0.47607340462325437
1994 1993 2452 8.635415450341778 0.6058223588480662
1994 1994 2452 7.720777162954612 0.7777642821420004
1994 1995 2452 6.830109808780633 1.0062604704726619
1994 1996 2452 5.974144290189297 1.3076563863922914
1994 1997 2452 5.170145065663181 1.6931102322949425
1994 1998 2452 4.446391795602509 2.145924609366698
1994 1999 2452 3.848428250598064 2.5751114824975416
1994 2000 2452 3.442440994410977 2.7938687531784665
1994 2001 2452 3.3000606055042687 2.6615074577265134
1994 2002 2452 3.4540411115099894 2.2670435227944035
1994 2003 2452 3.8691601155807867 1.8073500926459105
1994 2004 2452 4.473298559229094 1.4005697455431676
1994 2005 2452 5.200999903864742 1.077645886888769
1994 2006 2452 6.007528610002704 0.8315950456121567
1994 2007 2452 6.865158410408385 0.6463312282861403
1994 2008 2452 7.756958166704327 0.5067143465123594
1994 1989 2453 12.728330605385846 0.24066518430117947
1994 1990 2453 11.79196336493639 0.29647107204711576
1994 1991 2453 10.86694069184156 0.3674239002035177
1994 1992 2453 9.956425061235679 0.4580181904610328
1994 1993 2453 9.064789021262538 0.5738881467337039
1994 1994 2453 8.19819492327438 0.7216150469271109
1994 1995 2453 7.365487085047518 0.9076338202585914
1994 1996 2453 6.579544057151813 1.1349717480607424
1994 1997 2453 5.85921496448131 1.3957512859754087
1994 1998 2453 5.231672772641812 1.6585896432270661
1994 1999 2453 4.733962399512869 1.859556098268171
1994 2000 2453 4.410260763265773 1.9228521539217511
1994 2001 2453 4.300046511376541 1.8191863026092523
1994 2002 2453 4.419321214847539 1.5951356199279998
1994 2003 2453 4.750831506168314 1.3280635181642129
1994 2004 2453 5.254559924484776 1.0739257623211207
1994 2005 2453 5.886459037486069 0.8568693415975905
1994 2006 2453 6.609871405708388 0.6810077450626322
1994 2007 2453 7.39799972965675 0.5419545448359379
1994 1990 2454 12.192227032007004 0.2854155883044131
1994 1991 2454 11.300017699101284 0.34967749600903125
1994 1992 2454 10.427387016889814 0.42960817858583195
1994 1993 2454 9.579686842480928 0.528421632338751
1994 1994 2454 8.76415426610019 0.6489025253296664
1994 1995 2454 7.990644529698599 0.791918665382485
1994 1996 2454 7.272578634844873 0.9535865369030696
1994 1997 2454 6.62800120700065 1.1210505889236522
1994 1998 2454 6.08032893847052 1.2689625584838908
1994 1999 2454 5.65777341363208 1.362599819281748
1994 2000 2454 5.389842298249733 1.3731476447831548
1994 2001 2454 5.3000377357149 1.2970040955616662
1994 2002 2454 5.397258563382144 1.1585409233798318
1994 2003 2454 5.671895626684421 0.9928993825796879
1994 2004 2454 6.100032786797282 0.8283024348098142
1994 2005 2454 6.652097413598344 0.6803278543305633
1994 2006 2454 7.300027397208982 0.5545439568687038
1994 1990 2455 12.65900470021252 0.26967694144506077
1994 1991 2455 11.802135400002944 0.32603248156795467
1994 1992 2455 10.969521411620592 0.39408565810734064
1994 1993 2455 10.167123487004698 0.4751445528012269
1994 1994 2455 9.402680468887716 0.5694527473270645
1994 1995 2455 8.686218970300168 0.6749968517667925
1994 1996 2455 8.030591509970014 0.7858654958325252
1994 1997 2455 7.451872247965771 0.8907756014655742
1994 1998 2455 6.9692467311756445 0.9733846478432563
1994 1999 2455 6.60381707802407 1.016402333400593
1994 2000 2455 6.375766620572175 1.0091405782037064
1994 2001 2455 6.3000317459519435 0.9534879409808539
1994 2002 2455 6.382037292276053 0.8627885418860302
1994 2003 2455 6.615920192989197 0.7547347298325358
1994 2004 2455 6.986444016808707 0.6444713743770384
1994 2005 2455 7.473312518555754 0.5416869621773537
1994 1991 2456 12.364885765748223 0.2985934680707966
1994 1992 2456 11.57283025020254 0.3548239312618832
1994 1993 2456 10.81528547935758 0.4192960995170311
1994 1994 2456 10.10001980196093 0.49091817975290647
1994 1995 2456 9.43665194865228 0.5667361831631431
1994 1996 2456 8.83687727650457 0.6412651549210517
1994 1997 2456 8.314469315596925 0.7063773146691283
1994 1998 2456 7.884820860362191 0.7524643576388915
1994 1999 2456 7.56375568087724 0.7711759727936154
1994 2000 2456 7.3654870850475795 0.7587333243997404
1994 2001 2456 7.300027397209044 0.7176747792583152
1994 2002 2456 7.370915818268624 0.6556672298103116
1994 2003 2456 7.574325052438836 0.5823284178555759
1994 1991 2457 12.98038520229671 0.2693774204463245
1994 1992 2457 12.228262345893768 0.31473228767664574
1994 1993 2457 11.513922007726269 0.36482811484906397
1994 1994 2457 10.844832871003742 0.4180930893437006
1994 1995 2457 10.229877809632098 0.4716727605985482
1994 1996 2457 9.679380145443364 0.5212990301717246
1994 1997 2457 9.204911732330906 0.5616240391072106
1994 1998 2457 8.818752746278983 0.587222499190472
1994 1999 2457 8.532901030716522 0.5941143782964926
1994 2000 2457 8.357655173552152 0.5811542372512811
1994 2001 2457 8.300024096350747 0.55046985665965
1994 2002 2457 8.362439835359234 0.5066609114926033
1994 1992 2458 12.927892326284423 0.2759691578770496
1994 1993 2458 12.254403290246476 0.31424400769702254
1994 1999 2458 9.508438357585511 0.46390528266047387
1277 1417 1802 8.4751076689325 0.28385255219947214
1277 1418 1802 8.27317653625247 0.311022780921967
1277 1419 1802 8.189227680312616 0.32994967156168886
1277 1420 1802 8.226873646774836 0.3376122819008698
1277 1421 1802 8.384476727858347 0.33267395915077597
1277 1422 1802 8.655486699198269 0.3160037463157293
1277 1416 1803 7.863551996394424 0.32771353115149954
1277 1417 1803 7.5135510911950725 0.37540712488207617
1277 1418 1803 7.285015442673997 0.4169057108950432
1277 1419 1803 7.189537537282808 0.4455817891549957
1277 1420 1803 7.232388955248362 0.4558435827454999
1277 1421 1803 7.411170622782775 0.44547972996148
1277 1422 1803 7.716440241458386 0.41672302038650644
1277 1423 1803 8.133968895932556 0.3751767111577417
1277 1414 1804 8.076227460887853 0.29343844978735123
1277 1415 1804 7.472847516174741 0.3580531138276531
1277 1416 1804 6.961425859692749 0.4299854312618377
1277 1417 1804 6.563493734285032 0.5037252694370488
1277 1418 1804 6.300591242097745 0.569567529828679
1277 1419 1804 6.189947495738453 0.6148863650807733
1277 1420 1804 6.239667459087759 0.6286032804164879
1277 1421 1804 6.446041420903113 0.6069591623537337
1277 1422 1804 6.7948105198010165 0.5557982218798866
1277 1423 1804 7.265497230059241 0.48708467260726146
1277 1424 1804 7.836162964104208 0.41305404527846173
1277 1413 1805 8.076722726452811 0.29042164706101387
1277 1414 1805 7.3383547202352695 0.3665250124865176
1277 1415 1805 6.668541819618379 0.45978328109608513
1277 1416 1805 6.089946633592049 0.5689518121889329
1277 1417 1805 5.630759273845675 0.6866784261967769
1277 1418 1805 5.321978015738041 0.796139776667467
1277 1419 1805 5.190515388667965 0.8718061967335514
1277 1420 1805 5.249709515773125 0.889723330752581
1277 1421 1805 5.493400586157797 0.8434108325344873
1277 1422 1805 5.898766820276825 0.7489762290284544
1277 1423 1805 6.435328274454902 0.6330100673770657
1277 1424 1805 7.073291313101606 0.5177109239066278
1277 1412 1806 8.321144752977176 0.27121982152082097
1277 1413 1806 7.473917981888718 0.35050862888171236
1277 1414 1806 6.669141623927285 0.4545777295513517
1277 1415 1806 5.9241412879842255 0.5891592144059076
1277 1416 1806 5.264356560872311 0.7571231344881163
1277 1417 1806 4.725616361915055 0.9515409003169392
1277 1418 1806 4.353096598974025 1.144353868116724
1277 1419 1806 4.191354196438087 1.2804828485566497
1277 1420 1806 4.264440174278342 1.3017535355580232
1277 1421 1806 4.561079915984704 1.1975118214476586
1277 1422 1806 5.041968861466617 1.0158871344831208
1277 1423 1806 5.660340095789201 0.8175821638772476
1277 1424 1806 6.376319471293675 0.6395902098309413
1277 1411 1807 8.789166627160954 0.24061294208878584
1277 1412 1807 7.865586437132313 0.31485051819597376
1277 1413 1807 6.963149431112313 0.4162624045485766
1277 1414 1807 6.09126013235354 0.5557347529305291
1277 1415 1807 5.265116332997744 0.7474691122932956
1277 1416 1807 4.509927937339969 1.0065424968260606
1277 1417 1807 3.8674862637118035 1.3374814073073982
1277 1418 1807 3.402271300175726 1.7020876563777088
1277 1419 1807 3.1927182775809335 1.9746947925689524
1277 1420 1807 3.2880769455715755 1.9894545475383094
1277 1421 1807 3.6646213992715864 1.7354730007455361
1277 1422 1807 4.24822904278938 1.3726985380071803
1277 1423 1807 4.966432321093192 1.0357089845053271
1277 1424 1807 5.769181051067738 0.7694928195339417
1277 1425 1807 6.6258169307640085 0.5718350402297383
1277 1411 1808 8.477939018417157 0.2687322630860558
1277 1412 1808 7.5162124770392165 0.3573796252153549
1277 1413 1808 6.565931007861713 0.48257205446525997
1277 1414 1808 5.63289002200468 0.6627392903412433
1277 1415 1808 4.727308959651338 0.9267014450462221
1277 1416 1808 3.868520388985917 1.3175850930150537
1277 1417 1808 3.0957147801436244 1.8872652913710688
1277 1418 1808 2.490271069582512 2.6341524412045905
1277 1419 1808 2.1953245773688153 3.278239902214268
1277 1420 1808 2.331834042122103 3.2237440920369513
1277 1421 1808 2.838212465619768 2.534397139054961
1277 1422 1808 3.5599789325218456 1.8035946563514558
1277 1423 1808 4.392203319519637 1.258982744369869
1277 1424 1808 5.282939522652068 0.8871371410599375
1277 1425 1808 6.207048412893135 0.6359028536486642
1277 1411 1809 8.276560275863414 0.2926215119184226
1277 1412 1809 7.288309131753413 0.39403053569197277
1277 1413 1809 6.303764748148533 0.5410380170463769
1277 1414 1809 5.324983568049772 0.7606073487771735
1277 1415 1809 4.355852385010311 1.1007038683322072
1277 1416 1809 3.4046218585916344 1.6511356557636099
1277 1417 1809 2.491876802733212 2.585577692510172
1277 1418 1809 1.6815023044884094 4.194682552280578
1277 1419 1809 1.2022686887712621 6.20525300698151
1277 1420 1809 1.4364713711034092 5.587944351954822
1277 1421 1809 2.163665870692526 3.5338472611311427
1277 1422 1809 3.0494999590096055 2.197059282420788
1277 1423 1809 3.989667905979083 1.4251813642368316
1277 1424 1809 4.9533271646439285 0.9629974110982081
1277 1425 1809 5.9290344913821675 0.6727402300236394
1277 1411 1810 8.193134320881141 0.3093018934577461
1277 1412 1810 7.193431031156162 0.41937041068531644
1277 1413 1810 6.193823536394974 0.5811996281424884
1277 1414 1810 5.19436714143314 0.8278798520536192
1277 1415 1810 4.1951698416155 1.2222054972207328
1277 1416 1810 3.1964746205781394 1.8957622873944342
1277 1417 1810 2.1989656659438994 3.1688274580149676
1277 1418 1810 1.2055911413078795 6.05272656993186
1277 1419 1810 0.267301328092424 16.112125174481488
1277 1420 1810 0.8303312591971423 8.600747321505931
1277 1421 1810 1.8186396014603472 4.077872929147542
1277 1422 1810 2.8152175759610105 2.330551019480973
1277 1423 1810 3.813587549801332 1.4617628857060978
1277 1424 1810 4.812634413707285 0.9716801096834932
1277 1425 1810 5.8120091190568175 0.6727221289783597
1277 1411 1811 8.231248386484317 0.31634147906834625
1277 1412 1811 7.236812143478688 0.42887933239064996
1277 1413 1811 6.24415326525547 0.5940580448262273
1277 1414 1811 5.254279208416744 0.8449775008318948
1277 1415 1811 4.269127545529698 1.243246762594394
1277 1416 1811 3.2929394163877905 1.9129380649021817
1277 1417 1811 2.3369745398699364 3.1281497511664975
1277 1418 1811 1.442029819386631 5.5080721378276065
1277 1419 1811 0.8351347196711304 8.730271905668493
1277 1420 1811 1.1469306866590132 6.194240660949327
1277 1421 1811 1.9832927166709542 3.481724054755389
1277 1422 1811 2.9242862376997216 2.0986610663666356
1277 1423 1811 3.894797812467283 1.349461903581905
1277 1424 1811 4.877237947855309 0.9099404240685866
1277 1425 1811 5.8656159096892635 0.6358535999084715
1277 1412 1812 7.416026564138023 0.4206930013183542
1277 1413 1812 6.4510037978597365 0.5764030931374651
1277 1414 1812 5.498495248702202 0.8062546779662055
1277 1415 1812 4.566338796015976 1.154169595552263
1277 1416 1812 3.6700749311152445 1.6909626788022085
1277 1417 1812 2.8438442292081514 2.508091324924326
1277 1418 1812 2.1692049234686066 3.5735492256750545
1277 1419 1812 1.823033186752337 4.191854667492683
1277 1420 1812 1.9853085402527033 3.5474355045235906
1277 1421 1812 2.561142323261294 2.483884034359252
1277 1422 1812 3.3432693579788326 1.6745679186109805
1277 1423 1812 4.218465360768076 1.1435779592345006
1277 1424 1812 5.139401716153357 0.7993313496502749
1277 1412 1813 7.721622238882255 0.3964219913570402
1277 1413 1813 6.800106616811309 0.5326009105367531
1277 1414 1813 5.904189190735752 0.7241031293464608
1277 1415 1813 5.0475191926332315 0.9930956737713637
1277 1416 1813 4.2538747043137946 1.3609999985716326
1277 1417 1813 3.565592517380626 1.8196701805531175
1277 1418 1813 3.0547422149832295 2.2563241471355457
1277 1419 1813 2.819476901838457 2.4152208069318006
1277 1420 1813 2.9270206695547136 2.1621151397094693
1277 1421 1813 3.3444655776372496 1.7002423641901987
1277 1422 1813 3.9753553300303106 1.2594419097316227
1277 1423 1813 4.735129354093755 0.9174582599996394
1277 1424 1813 5.571305951031614 0.6700463462502333
1277 1412 1814 8.13937651174838 0.3604407074015266
1277 1413 1814 7.271000618897041 0.4721924720392633
1277 1414 1814 6.440919965346651 0.6202947302989879
1277 1415 1814 5.665990645950718 0.8115346901543291
1277 1416 1814 4.9720669746093495 1.0435609246644446
1277 1417 1814 4.397664152706629 1.288827194583335
1277 1418 1814 3.994677709152623 1.4784087327689905
1277 1419 1814 3.8177807689809518 1.5247510773120325
1277 1420 1814 3.897877627632854 1.401436319818919
1277 1421 1814 4.2203613589360645 1.174327309582059
1277 1422 1814 4.735974028645069 0.929467741171244
1277 1423 1814 5.389568628378392 0.7153498105054914
1277 1413 1815 7.8417759468121355 0.4054884623476136
1277 1414 1815 7.078944130306532 0.5142818826840575
1277 1415 1815 6.381962864197914 0.6438771615532857
1277 1416 1815 5.774725101682432 0.7857206030562679
1277 1417 1815 5.288236946280028 0.9180788942599456
1277 1418 1815 4.958170025321949 1.0064932761308483
1277 1419 1815 4.816788349097456 1.0192372704668626
1277 1420 1815 4.880517390605317 0.9511221381913192
1277 1421 1815 5.141736088132186 0.8280640773104098
1277 1422 1815 5.572741695072615 0.686099003542398
1277 1414 1816 7.793423509600996 0.4178285959085694
1277 1415 1816 7.166271694542528 0.5037412222448177
1277 1416 1816 6.63124799717228 0.5902258700619033
1277 1417 1816 6.212201703100224 0.6636791114750255
1277 1418 1816 5.933755134819877 0.7074505285790914
1277 1419 1816 5.816137034149143 0.7091783817108751
1277 1420 1816 5.869024620837872 0.6683355431909515
1277 1418 1817 6.916317661877703 0.510375545373849
