# %ECSV 0.9
# ---
# datatype:
# - name: sexcat_id
#   datatype: int32
# - name: x
#   datatype: int32
# - name: y
#   datatype: int32
# - name: sep
#   datatype: float64
# - name: weight
#   datatype: float64
# schema: astropy-2.0
sexcat_id x y sep weight
1224 792 1734 14.304647671299016 0.2972768690696032
1224 793 1734 14.036699932676495 0.313375102057977
1224 794 1734 13.836001770742886 0.32528399146216863
1224 795 1734 13.705507834443793 0.33209992052638543
1224 796 1734 13.647232136957301 0.3332711111238604
1224 790 1735 14.12525911266765 0.29738192305610284
1224 791 1735 13.70871784668429 0.3245206456937279
1224 792 1735 13.35421075915759 0.349568131402793
1224 793 1735 13.066787860832527 0.37092576207794775
1224 794 1735 12.850951132114705 0.38699070464869706
1224 795 1735 12.710347949603905 0.39640482387020404
1224 796 1735 12.6474876951907 0.39830929834037543
1224 797 1735 12.66352814187263 0.39252462179445907
1224 798 1735 12.758171695035305 0.379590001058694
1224 799 1735 12.92969237839787 0.3606468415623322
1224 789 1736 13.741504466396702 0.3093183283796132
1224 790 1736 13.237633663159002 0.34459190313714816
1224 791 1736 12.7922220509183 0.3796566857548496
1224 792 1736 12.411564969817478 0.4126362464410135
1224 793 1736 12.101774456665447 0.44128397528446733
1224 794 1736 11.8684011138822 0.46324096981796964
1224 795 1736 11.716012333554458 0.4764276025218199
1224 796 1736 11.647787128892773 0.4794768057547205
1224 797 1736 11.665202312861963 0.4720595428704837
1224 798 1736 11.767877676114756 0.4549676999056803
1224 799 1736 11.953616398395926 0.42991754645732816
1224 800 1736 12.218631060802185 0.39915954208048793
1224 788 1737 13.495738030948901 0.31228917640441195
1224 789 1737 12.905074389557019 0.3547319240575531
1224 790 1737 12.367172069636633 0.3995767959541882
1224 791 1737 11.889194463881916 0.445132461832871
1224 792 1737 11.478629926955582 0.48893159562738636
1224 793 1737 11.142932513481371 0.5278137240508657
1224 794 1737 10.889028652731163 0.558266348144209
1224 795 1737 10.722730295964745 0.5770401955266367
1224 796 1737 10.648142795811866 0.5819025132962158
1224 797 1737 10.667190117364557 0.5722456070717206
1224 798 1737 10.779375909578441 0.5492644559718967
1224 799 1737 10.98184615627081 0.5156122411288702
1224 800 1737 11.269735799920065 0.4747076227758772
1224 801 1737 11.636706793590696 0.43000166975609816
1224 802 1737 12.07555154019889 0.38444747760720194
1224 787 1738 13.395556912648335 0.3058716022471557
1224 788 1738 12.72190807229798 0.353403072054909
1224 789 1738 12.093508382599339 0.4061928502823148
1224 790 1738 11.51776649355249 0.4632877763410788
1224 791 1738 11.002951649443906 0.5227502964440554
1224 792 1738 10.557980157208117 0.5814135625663548
1224 793 1738 10.192003973704105 0.634852997798084
1224 794 1738 9.913775516925941 0.677786373206578
1224 795 1738 9.730824476887875 0.7050264055609611
1224 796 1738 9.648572174161322 0.71281712624116
1224 797 1738 9.669588667570098 0.7000153781482589
1224 798 1738 9.793209126736752 0.6684832252635892
1224 799 1738 10.01563502729607 0.6224564329712896
1224 800 1738 10.330486193785843 0.5672614887548432
1224 801 1738 10.729629303941486 0.508036453362379
1224 802 1738 11.204059309018309 0.4489133252482592
1224 803 1738 11.744656018802754 0.39274172033753907
1224 786 1739 13.444216042596185 0.2909681834460379
1224 787 1739 12.694602987096546 0.3408124639924908
1224 788 1739 11.981608614873068 0.398382112464687
1224 789 1739 11.312159166136253 0.4638303070232269
1224 790 1739 10.694435235205288 0.5364884436878465
1224 791 1739 10.137896478066857 0.6143552318515632
1224 792 1739 9.653131357233274 0.6935463829121453
1224 793 1739 9.251429349024953 0.7679614764314494
1224 794 1739 8.943989322444443 0.829610110363593
1224 795 1739 8.74076341059522 0.8700240273046779
1224 796 1739 8.649100820316532 0.8826660611443614
1224 797 1739 8.67253970875891 0.8653229594514095
1224 798 1739 8.810161462765596 0.8210102304796849
1224 799 1739 9.056762390611777 0.7567507790767926
1224 800 1739 9.403772913038676 0.6810793250278603
1224 801 1739 9.840576456691949 0.6017488229861259
1224 802 1739 10.355816964392515 0.5245057097820668
1224 803 1739 10.938416018784427 0.45290225908618903
1224 785 1740 13.640122616750945 0.26952063164989126
1224 786 1740 12.824154747974644 0.318838742735281
1224 787 1740 12.03598541873496 0.37746568397726427
1224 788 1740 11.281442505282758 0.4466576517262627
1224 789 1740 10.567731308090703 0.5273187122081441
1224 790 1740 9.903683405682978 0.6194913579287987
1224 791 1740 9.299943279396942 0.7215528701169184
1224 792 1740 8.768976280045482 0.8291435085027561
1224 793 1740 8.324718914173634 0.9341388947650702
1224 794 1740 7.981663047260276 1.0244805602891045
1224 795 1740 7.753253833069064 1.0860403402000631
1224 796 1740 7.649767643530103 1.1069852370062612
1224 797 1740 7.676258528736512 1.0828548899604602
1224 798 1740 7.831407600169972 1.0187683063461295
1224 799 1740 8.107832324363889 0.9269042720232017
1224 800 1740 8.49370031258461 0.8213615161300603
1224 801 1740 8.974906406197217 0.7139468683245014
1224 802 1740 9.537030198127706 0.6124911425205768
1224 803 1740 10.166658497264464 0.5211188045968208
1224 804 1740 10.852047963403022 0.44129922023876655
1224 784 1741 13.977086427435465 0.24395670750128345
1224 785 1741 13.105912596992269 0.29040641136641343
1224 786 1741 12.254425527131028 0.34670365734897696
1224 787 1741 11.42702695367437 0.4148806969239952
1224 788 1741 10.629343582743033 0.49714705016019284
1224 789 1741 9.86858373830817 0.595621998715386
1224 790 1741 9.15395788716555 0.7117466660884448
1224 791 1741 8.497113921797233 0.8451636795707587
1224 792 1741 7.912455055164629 0.9918746886691334
1224 793 1741 7.417071187470175 1.1418356446900697
1224 794 1741 7.029860951683197 1.2771954504331153
1224 795 1741 6.769412456040786 1.3739575372917416
1224 796 1741 6.650634932094836 1.409719407604272
1224 797 1741 6.681088608901998 1.3749977988657953
1224 798 1741 6.858785971292586 1.2790095548709948
1224 799 1741 7.172791994753503 1.1440456439043254
1224 800 1741 7.60624381676001 0.9941523489528775
1224 801 1741 8.140082616288353 0.8472991099594055
1224 802 1741 8.75596625164806 0.7136392729846768
1224 803 1741 9.43784641748316 0.5972440478904362
1224 804 1741 10.172460125259754 0.49851020482670766
1224 784 1742 13.530371207029047 0.2586609123715596
1224 785 1742 12.628418151138355 0.3101833503447934
1224 786 1742 11.742356875857615 0.3735646388210458
1224 787 1742 10.876072131059106 0.4517185494363146
1224 788 1742 10.03468709028839 0.5481268518485718
1224 789 1742 9.22501734415716 0.6667002188933405
1224 790 1742 8.4561779191311 0.8112663610203845
1224 791 1742 7.740345276536463 0.9842771603873961
1224 792 1742 7.093584777811588 1.1840939046968726
1224 793 1742 6.536432130757592 1.400283324713986
1224 794 1742 6.093516636557267 1.6078524078128111
1224 795 1742 5.79110913383612 1.7657749223167152
1224 796 1742 5.651809002434537 1.8294555339959508
1224 797 1742 5.687613295574869 1.777256853085584
1224 798 1742 5.8953324757811565 1.6270763377488462
1224 799 1742 6.257870644236738 1.4224777783263507
1224 800 1742 6.750329251229148 1.2057338711348442
1224 801 1742 7.346628138132474 1.003563533046148
1224 802 1742 8.023649107482193 0.8276330990789996
1224 803 1742 8.762701923493672 0.6802299534479482
1224 804 1742 9.549395007014825 0.559165332791479
1224 805 1742 10.37289472616008 0.46067470960671075
1224 784 1743 13.144692655212623 0.2717286849353969
1224 785 1743 12.21429265246255 0.32802428689313406
1224 786 1743 11.295793243504441 0.3982273515556125
1224 787 1743 10.392350311647531 0.48626260012143635
1224 788 1743 9.508256675121917 0.5971699888699528
1224 789 1743 8.649447670227298 0.737254455958418
1224 790 1743 7.824253638526832 0.9139470201931458
1224 791 1743 7.0444974980477015 1.1348143351883424
1224 792 1743 6.327001264422212 1.4044561391059212
1224 793 1743 5.695344151146639 1.717012669936754
1224 794 1743 5.181017757159318 2.0423152318094404
1224 795 1743 4.821715980851643 2.31184614037243
1224 796 1743 4.653487401938472 2.4320650388530156
1224 797 1743 4.69690802549933 2.3487755172666223
1224 798 1743 4.9464072820583596 2.100388981266916
1224 799 1743 5.373355097143675 1.7791454027380282
1224 800 1743 5.939608152058506 1.4608324586718793
1224 801 1743 6.609458752424423 1.1821034550889529
1224 802 1743 7.354654648588182 0.9521730337364979
1224 803 1743 8.154565898930471 0.7676668193118789
1224 804 1743 8.994606439416883 0.621245818558504
1224 805 1743 9.864529639065394 0.5053360680083451
1224 784 1744 12.82555827244961 0.28258100565322075
1224 785 1744 11.870170386308725 0.34306287705377086
1224 786 1744 10.922771855165728 0.41938112913724934
1224 787 1744 9.985636935118386 0.5165135818895588
1224 788 1744 9.061950397127568 0.6412198064375656
1224 789 1744 8.156282547827804 0.8026569955757579
1224 790 1744 7.275365626551037 1.0130240502144854
1224 791 1744 6.429381385483389 1.2877701921160456
1224 792 1744 5.634087769994381 1.643805365114559
1224 793 1744 4.914157608380119 2.091208879039692
1224 794 1744 4.307545124546016 2.608347603147026
1224 795 1744 3.8679380812003834 3.0925408068140756
1224 796 1744 3.656083286797506 3.339087836071246
1224 797 1744 3.711191857072335 3.1942820835593984
1224 798 1744 4.0223059306820454 2.7527234725276375
1224 799 1744 4.537063477625137 2.2296124011703387
1224 800 1744 5.1952810318595715 1.758391377425525
1224 801 1744 5.949533174964218 1.3774092857785176
1224 802 1744 6.767787304577453 1.081827659262942
1224 803 1744 7.629478684680867 0.8553292310118333
1224 804 1744 8.521440312529311 0.681725130049399
1224 805 1744 9.435091149533193 0.5478970873671334
1224 806 1744 10.364697052977455 0.44390631979092904
1224 784 1745 12.578034226380554 0.2906858864493527
1224 785 1745 11.602281887628857 0.35447626547785893
1224 786 1745 10.63103687323116 0.43572912086652926
1224 787 1745 9.6656580220904 0.5403885075401558
1224 788 1745 8.708096519906084 0.6768709007042114
1224 789 1745 7.7612463560951594 0.8572657360588147
1224 790 1745 6.829564041723333 1.099129410851616
1224 791 1745 5.9202149454221935 1.427974647744814
1224 792 1745 5.045289387141262 1.879822777855803
1224 793 1745 4.226221125308069 2.4995408729170046
1224 794 1745 3.502419877741694 3.315710592778561
1224 795 1745 2.9449864176257408 4.2304639745529915
1224 796 1745 2.660628685104339 4.801150558786878
1224 797 1745 2.7358627524055357 4.513324576560358
1224 798 1745 3.1449872813733193 3.65075410264394
1224 799 1745 3.7811301220666675 2.7740545612795198
1224 800 1745 4.550048900836104 2.083360499766247
1224 801 1745 5.395270614158274 1.5758034727860324
1224 802 1745 6.286091392908612 1.2069953363215573
1224 803 1745 7.205618987984286 0.9369613323754922
1224 804 1745 8.144135620187058 0.7366040694374748
1224 805 1745 9.095765223443248 0.5857942907014542
1224 806 1745 10.056786017411305 0.4706990070535512
1224 783 1746 13.398244101373907 0.243568114278017
1224 784 1746 12.406407417137348 0.29561486422009814
1224 785 1746 11.415995138401234 0.3615813437780039
1224 786 1746 10.427413149962005 0.44615482177989446
1224 787 1746 9.44123641267395 0.5560114670842362
1224 788 1746 8.458306272534735 0.7008747218084252
1224 789 1746 7.479902740009417 0.8952715039025327
1224 790 1746 6.508067685573064 1.1615413084197423
1224 791 1746 5.54625504281946 1.5351488561155815
1224 792 1746 4.600754829373137 2.074203984903897
1224 793 1746 3.684147798338197 2.875652092281976
1224 794 1746 2.824702639217115 4.092190980756958
1224 795 1746 2.0940260265813517 5.849515955905244
1224 796 1746 1.6706121632503557 7.432016410414684
1224 797 1746 1.7880002796420313 6.709240537322155
1224 798 1746 2.3670540762728534 4.821007888414483
1224 799 1746 3.1636916727139957 3.3616376262379943
1224 800 1746 4.051536128433242 2.395218205533968
1224 801 1746 4.98206232397787 1.7529843645589427
1224 802 1746 5.935229144691864 1.31385486569537
1224 803 1746 6.901662480880941 1.0046616720247705
1224 804 1746 7.876480495754409 0.7812591562699299
1224 805 1746 8.856915094997783 0.6162448162390489
1224 806 1746 9.841287771425014 0.4920483365458157
1224 783 1747 13.3125859621638 0.24449882598998518
1224 784 1747 12.313851753208686 0.29709406548360884
1224 785 1747 11.315341134937144 0.36392663662105473
1224 786 1747 10.31711902616232 0.44989239664387654
1224 787 1747 9.31927813728083 0.5620393015515738
1224 788 1747 8.321955599497057 0.7107815713302854
1224 789 1747 7.325363130930805 0.9119959927994528
1224 790 1747 6.329845574735637 1.1908293727239376
1224 791 1747 5.3360045914523235 1.5890609990170206
1224 792 1747 4.344990794006384 2.1805139156892794
1224 793 1747 3.359307220246486 3.1067994506155228
1224 794 1747 2.3855701624559535 4.6719886514744635
1224 795 1747 1.448083215840883 7.628691013092287
1224 796 1747 0.7091861532771365 13.185999969244836
1224 797 1747 0.9533860708023646 10.354993540513314
1224 798 1747 1.8206990415771411 6.005927442548465
1224 799 1747 2.7786588491572455 3.837721231550309
1224 800 1747 3.7585828446370337 2.623436438729573
1224 801 1747 4.7468879278954725 1.8764096866564444
1224 802 1747 5.739246030621071 1.3865122220618518
1224 803 1747 6.73386553177294 1.050182239032859
1224 804 1747 7.729873543596921 0.8111680229853797
1224 805 1747 8.726794657833972 0.6366474467259793
1224 806 1747 9.724348050126522 0.5063951581454571
1224 783 1748 13.301764732545854 0.2428421314716851
1224 784 1748 12.30215204750781 0.2950393123018861
1224 785 1748 11.302607884908712 0.3613586289378471
1224 786 1748 10.303152187558938 0.446656880338197
1224 787 1748 9.303813465456004 0.557928652900976
1224 788 1748 8.30463394738145 0.7055165856014309
1224 789 1748 7.305678955442838 0.9052070883646416
1224 790 1748 6.307055176546366 1.1820543524206502
1224 791 1748 5.308949519443584 1.5778310005191811
1224 792 1748 4.311721813846554 2.166831121669156
1224 793 1748 3.3161641997947213 3.093463269089797
1224 794 1748 2.324423584461342 4.677670183729318
1224 795 1748 1.3449702598942708 7.7963576758971955
1224 796 1748 0.46362161295609505 15.64971133900942
1224 797 1748 0.7880006345174858 11.738193980478199
1224 798 1748 1.7398117714281363 6.3366947364781065
1224 799 1748 2.7263427884255234 3.9717530236554324
1224 800 1748 3.7200732519669297 2.692090672630353
1224 801 1748 4.716454706662597 1.9163905830848544
1224 802 1748 5.714100541642551 1.4117572349396603
1224 803 1748 6.712447020275069 1.067038568856907
1224 804 1748 7.7112220172939905 0.8228950187322922
1224 805 1748 8.710278124147331 0.6450677902734332
1224 806 1748 9.70952856734041 0.5125951792889594
1224 783 1749 13.365962180105129 0.238680618372801
1224 784 1749 12.371537697473205 0.2895672870385438
1224 785 1749 11.378090569159685 0.3540452975269598
1224 786 1749 10.385901260843976 0.4366952813414852
1224 787 1749 9.39536827378259 0.5440515939435525
1224 788 1749 8.407077078271639 0.6856557104123072
1224 789 1749 7.42192326826412 0.8758239084799985
1224 790 1749 6.441346520720671 1.1367315785186816
1224 791 1749 5.467809890623508 1.504031677278161
1224 792 1749 4.505878937565923 2.0375402069068596
1224 793 1749 3.5649607290964864 2.842074298301784
1224 794 1749 2.6673854239685912 4.10467433743089
1224 795 1749 1.876418130375011 6.101258800150063
1224 796 1749 1.3881444449335956 8.450595902839215
1224 797 1749 1.5273981144416637 7.880477519383971
1224 798 1749 2.1769118034499924 5.438777027750598
1224 799 1749 3.0240610112892643 3.6787854208569555
1224 800 1749 3.94346865081996 2.573796277894503
1224 801 1749 4.894583230470165 1.8619573257508057
1224 802 1749 5.861991555776901 1.384512776670074
1224 803 1749 6.838782420869935 1.0526277856731967
1224 804 1749 7.821441363329369 0.8150003280292254
1224 805 1749 8.808004598091417 0.6406612309710151
1224 806 1749 9.797292738302735 0.5101292346552826
1224 783 1750 13.504108448912895 0.23221647070572626
1224 784 1750 12.5206607253771 0.28098010315917105
1224 785 1750 11.540058275416142 0.3424503879708555
1224 786 1750 10.563093533619803 0.42074220320489975
1224 787 1750 9.590878218390662 0.5216159860722972
1224 788 1750 8.625018550704711 0.6532761092057545
1224 789 1750 7.6679166010071045 0.8276206518702263
1224 790 1750 6.723313543186893 1.0622086748866326
1224 791 1750 5.797322226683647 1.3832967128439582
1224 792 1750 4.90050456585852 1.8300770888879496
1224 793 1750 4.0522765206733045 2.4581486126742944
1224 794 1750 3.290432342413393 3.3286316133454417
1224 795 1750 2.689413504837075 4.419332300067889
1224 796 1750 2.3746462894502813 5.316361780110286
1224 797 1750 2.458646985640667 5.194215995997663
1224 798 1750 2.907050911146877 4.193237013387603
1224 799 1750 3.585658238036614 3.132697517231207
1224 800 1750 4.388957165432329 2.3143863966752614
1224 801 1750 5.2601278501572315 1.7278776681873893
1224 802 1750 6.17048985089512 1.310247111595731
1224 803 1750 7.104994370159601 1.0091820207613762
1224 804 1750 8.055243323450856 0.7884590793561925
1224 805 1750 9.01626003396084 0.6238731924682815
1224 806 1750 9.984935903650031 0.4992056149065132
1224 783 1751 13.71396897327687 0.22374896792917995
1224 784 1751 12.746722912184158 0.26972693401839865
1224 785 1751 11.784945693553304 0.3272654886754806
1224 786 1751 10.83009441325423 0.39989424612601576
1224 787 1751 9.88417649579369 0.4924209899458841
1224 788 1751 8.95002486030069 0.6114500418038884
1224 789 1751 8.031746074173432 0.7660974850798146
1224 790 1751 7.135470902470297 0.968902116980694
1224 791 1751 6.270641514231238 1.236717102805682
1224 792 1751 5.452242199315818 1.5905890482098564
1224 793 1751 4.704566398723705 2.051126396417312
1224 794 1751 4.066810175063508 2.619126967885961
1224 795 1751 3.597908420179706 3.221978322519019
1224 796 1751 3.3691163529922767 3.6416386976955963
1224 797 1751 3.428840182918989 3.612902837384758
1224 798 1751 3.7633688365611837 3.1572331796351545
1224 799 1751 4.309169873653141 2.550421834517554
1224 800 1751 4.997493871932188 1.9930508406242797
1224 801 1751 5.777624511856039 1.5453461966178494
1224 802 1751 6.617170467805682 1.2023827314879796
1224 803 1751 7.496195368318492 0.94294730312648
1224 804 1751 8.402317834978607 0.7463751089971267
1224 805 1751 9.327644129146412 0.596332373700129
1224 806 1751 10.266983247283472 0.48071850423892404
1224 783 1752 13.992317356320955 0.21364344891218473
1224 784 1752 13.045725161906507 0.25635132010355477
1224 785 1752 12.107722535638176 0.3093174850612415
1224 786 1752 11.180471591127114 0.3754410639193116
1224 787 1752 10.266885847227504 0.45853470568924826
1224 788 1752 9.370962864081811 0.5635976928380497
1224 789 1752 8.498290710489982 0.6971032748082308
1224 790 1752 7.656823427505709 0.8671663711530584
1224 791 1752 6.8580569405627 1.0831986125185908
1224 792 1752 6.118737206319632 1.3540320082610209
1224 793 1752 5.463052718032302 1.6822154346557792
1224 794 1752 4.92452485017591 2.0506891586967524
1224 795 1752 4.544991199111394 2.401229644915122
1224 796 1752 4.366113260097586 2.625967953070025
1224 797 1752 4.412362745740644 2.622661747205419
1224 798 1752 4.677065853716395 2.393021216354931
1224 799 1752 5.12649441626535 2.0407929855531735
1224 800 1752 5.7172497758974785 1.6728662106208856
1224 801 1752 6.410377913976657 1.346109455930147
1224 802 1752 7.17627654149418 1.0768074838892523
1224 803 1752 7.99405685493915 0.8621158814833979
1224 804 1752 8.849347151061458 0.6931379657497488
1224 805 1752 9.73226309755339 0.5604825310799644
1224 806 1752 10.635927087000901 0.45607735591038245
1224 784 1753 13.412790351004542 0.24143478353672684
1224 785 1753 12.502357577673122 0.2894725769722218
1224 786 1753 11.606676742289348 0.3486972600820331
1224 787 1753 10.729442902592865 0.42199091847630943
1224 788 1753 9.875573147924143 0.5129241697698537
1224 789 1753 9.051681887914551 0.6257661467624858
1224 790 1753 8.266737264483508 0.7652547091165038
1224 791 1753 7.532924067053923 0.9357900010918725
1224 792 1753 6.86665457118677 1.1394077100935454
1224 793 1753 6.28943121434682 1.3715685821967214
1224 794 1753 5.827773588601402 1.6142316669143957
1224 795 1753 5.510802573128529 1.829032823552119
1224 796 1753 5.364228276276091 1.9610948859411572
1224 797 1753 5.40193900372819 1.9652709789028082
1224 798 1753 5.620226418926541 1.8399801709543235
1224 799 1753 5.999412054526661 1.6285556565197559
1224 800 1753 6.5114472277674 1.3862673113145023
1224 801 1753 7.127758764155792 1.1527769661701055
1224 802 1753 7.823742390953299 0.9472013509936298
1224 803 1753 8.580031759847955 0.7746770619868366
1224 804 1753 9.382054412547369 0.6334199693055268
1224 805 1753 10.219048145497677 0.5190987710537797
1224 786 1754 12.100700186352872 0.3208689039273318
1224 787 1754 11.262013363515443 0.38457048485216205
1224 788 1754 10.451743634437287 0.4620671782307343
1224 789 1754 9.677031827993556 0.5559609798838466
1224 790 1754 8.94711936882482 0.6686770928571184
1224 791 1754 8.273871222106385 0.8016425797362323
1224 792 1754 7.672219040147391 0.9537180128236591
1224 793 1754 7.160233585575271 1.118661525164161
1224 794 1754 6.758324126586416 1.2820551949872836
1224 795 1754 6.486982734677193 1.4198667390369968
1224 796 1754 6.362935250338475 1.502844302227473
1224 797 1754 6.394759182330472 1.508896017716683
1224 798 1754 6.580193386215928 1.4362702589147927
1224 799 1754 6.906876645778452 1.3047223200116738
1224 800 1754 7.356014206076531 1.14338159601895
1224 801 1754 7.906765773690258 0.9775265774582034
1224 802 1754 8.539493251944148 0.8229931684662054
1224 803 1754 9.237366778470994 0.687041750404962
1224 804 1754 9.986738456573274 0.5713829095794809
1224 805 1754 10.776870835265656 0.4748480533835545
1224 787 1755 11.8551653299311 0.3476873066990981
1224 788 1755 11.088324715663784 0.41296539391241904
1224 789 1755 10.361319655333498 0.4902402032705532
1224 790 1755 9.683126819369878 0.5804899892908825
1224 791 1755 9.064708765316192 0.6835772643636308
1224 792 1755 8.51909296815102 0.7972098049391435
1224 793 1755 8.061075920744084 0.9155843573073884
1224 794 1755 7.7062925586821605 1.0282102396214645
1224 795 1755 7.469467517835524 1.1201150873106602
1224 796 1755 7.361993276280543 1.1749465751675803
1224 797 1755 7.38951588400755 1.1809992648640557
1224 798 1755 7.550559250810488 1.1368869591494388
1224 799 1755 7.836896388239402 1.0522814018645146
1224 800 1755 8.235468717686913 0.943050392485671
1224 801 1755 8.730918909255754 0.8248978986421265
1224 802 1755 9.307789479785177 0.7094708056715652
1224 803 1755 9.951931722032642 0.6035938519727667
1224 804 1755 10.651147590752815 0.510256152677574
1224 805 1755 11.395303637902742 0.4299932376518477
1224 787 1756 12.50027779691317 0.3123638578056927
1224 788 1756 11.775523130629923 0.3668873854800006
1224 789 1756 11.093644351609631 0.43003201632054333
1224 790 1756 10.463027525530086 0.5019456997684271
1224 791 1756 9.89347992366691 0.5817849195670598
1224 792 1756 9.39611329220759 0.6670883635155718
1224 793 1756 8.9829251917179 0.7531155574137876
1224 794 1756 8.66596474721655 0.8325011015458257
1224 795 1756 8.456059661568146 0.8958100789706872
1224 796 1756 8.3612765173746 0.933493559051946
1224 797 1756 8.385519960026324 0.9389456627389452
1224 798 1756 8.52777491494703 0.9111511660153409
1224 799 1756 8.782308637254772 0.8551276292918943
1224 800 1756 9.13974534656189 0.7798305451162674
1224 801 1756 9.58858409776958 0.6950155907154647
1224 802 1756 10.116666694124088 0.6088365961128414
1224 803 1756 10.712280102760548 0.5268717067280845
1224 804 1756 11.364811701035768 0.45224956674033645
1224 788 1757 12.504996801279091 0.3245453872467381
1224 789 1757 11.86511462228664 0.3759306266547768
1224 790 1757 11.277718962627159 0.43313969263176444
1224 791 1757 10.751415953259373 0.4950973603464256
1224 792 1757 10.295578905530283 0.5595827287234127
1224 793 1757 9.91992666303537 0.6229384081279858
1224 794 1757 9.633843729270266 0.6800508623028987
1224 795 1757 9.445472195713668 0.7248680162450487
1224 796 1757 9.360712846786825 0.7515939242570893
1224 797 1757 9.382374166488985 0.7563053614882094
1224 798 1757 9.509728965643543 0.7382732324851561
1224 799 1757 9.738631577382922 0.7002268554167539
1224 800 1757 10.06215409343346 0.6473943611332654
1224 801 1757 10.471530212915383 0.585902830938562
1224 802 1757 10.957141278636486 0.5213507647288658
1224 803 1757 11.509341640597848 0.45801364545824985
1224 804 1757 12.11903234585994 0.398674570223641
1224 788 1758 13.269775619806097 0.28623453775196384
1224 789 1758 12.668581017619939 0.3279734282615088
1224 790 1758 12.12018749854969 0.3735127388947318
1224 791 1758 11.632065379802512 0.4217830431627063
1224 792 1758 11.212089234393387 0.4709295633417651
1224 793 1758 10.868161988119246 0.5182052104123006
1224 794 1758 10.607683300325288 0.5600582448063622
1224 795 1758 10.436903036820835 0.5925291923371879
1224 796 1758 10.360257960108903 0.6119787227997371
1224 797 1758 10.37983357284691 0.6159766792421763
1224 798 1758 10.495091471730953 0.6039995926575654
1224 799 1758 10.702940950972296 0.5775911225904232
1224 800 1758 10.99813370531563 0.539899180234909
1224 801 1758 11.373871152778179 0.49483197884243457
1224 802 1758 11.822476263456805 0.44621523162503457
1224 803 1758 12.33600198605689 0.3972234576961916
1224 788 1759 14.06410128660912 0.25196268161196667
1224 789 1759 13.498331193151257 0.28586175210595494
1224 790 1759 12.985027724267676 0.3221906508552222
1224 791 1759 12.530640247010531 0.3599893821740646
1224 794 1759 11.585980536838475 0.464672519566263
1224 795 1759 11.429826989066804 0.4886713173495254
1224 796 1759 11.359883142004582 0.5031335093319476
1224 797 1759 11.37773901089315 0.5064997654642611
1224 798 1759 11.482985021326108 0.49839155881326175
1224 799 1759 11.673257685839019 0.4797106016286009
1224 800 1759 11.944494338397071 0.4524056019915351
1224 801 1759 12.291336176347942 0.41901230169238424
1224 802 1759 12.707593989422215 0.38215250022214686
1224 787 1760 15.463018625093884 0.196009180394068
1224 788 1760 14.883243766061224 0.2215557853447186
1224 789 1760 14.349806444687685 0.24911853294079145
1224 790 1760 13.868054838368652 0.27819316723346693
1224 795 1760 12.423886066766707 0.40619025378830353
1224 796 1760 12.359568964976079 0.41714213252276566
1224 797 1760 12.375982587253418 0.4199691902216438
1224 798 1760 12.472808224293347 0.41439496385630226
1224 799 1760 12.648199278948752 0.40096048265828443
1224 800 1760 12.89895131396346 0.38090230961578053
1224 801 1760 13.220777019524972 0.3558941367440146
1224 802 1760 13.608634942564944 0.32774513344567374
1224 788 1761 15.723324871031581 0.19473626135966526
1224 789 1761 15.219360860430381 0.21719233380534705
1224 790 1761 14.766006399836083 0.24055180582583666
1224 796 1761 13.359301815589012 0.34842188755369374
1224 797 1761 13.374488588353568 0.35079650410695534
1224 798 1761 13.464135508824908 0.346916820298225
1224 799 1761 13.626773095637855 0.33711474364182387
1224 800 1761 13.859832069689721 0.32219242035335044
1224 801 1761 14.159835627577024 0.3032729756636354
1224 802 1761 14.522635607905322 0.28161603907336863
1224 797 1762 14.373202322377564 0.294947801601245
1224 798 1762 14.456657462913055 0.292221395028336
1224 799 1762 14.60824921063437 0.28497804537793525
1224 800 1762 14.825887663138408 0.2737484148892729
1224 801 1762 15.106718538451677 0.2592980381841717
1224 802 1762 15.447295718021312 0.2425126396698335
1224 800 1763 15.796168681044136 0.23357620509399032
1224 801 1763 16.060041874167066 0.22244033856699003
1224 802 1763 16.3808102668946 0.20933701004020297
2173 2001 2436 12.45841290052621 0.27649816641574954
2173 2002 2436 12.542888503052156 0.28512452793410004
2173 2003 2436 12.705748777620233 0.2894968919687755
2173 2004 2436 12.944035383140688 0.28928837184912554
2173 1997 2437 11.952909771264808 0.25826064276801913
2173 1998 2437 11.704018626095817 0.281915877593132
2173 1999 2437 11.536726225407184 0.3041713610902397
2173 2000 2437 11.454608330274674 0.3237797948223425
2173 2001 2437 11.459496149482229 0.3394418977258527
2173 2002 2437 11.551279236517406 0.3499784322330453
2173 2003 2437 11.727917632725692 0.3545227869456766
2173 2004 2437 11.985660265500533 0.35268256976038426
2173 2005 2437 12.319417681043141 0.3446180441294638
2173 2006 2437 12.723209186364832 0.3310097063975934
2173 2007 2437 13.190604686669923 0.31292662888997197
2173 1996 2438 11.352006518673155 0.2824241684383614
2173 1997 2438 10.999093235353444 0.31381098570080934
2173 1998 2438 10.72809638286299 0.34501893450716564
2173 1999 2438 10.545333185821967 0.3744800525804022
2173 2000 2438 10.455431698404334 0.40032343095178136
2173 2001 2438 10.460786394913063 0.42057331601605175
2173 2002 2438 10.5612523878562 0.43345059418759346
2173 2003 2438 10.754164402685984 0.4377139150180271
2173 2004 2438 11.034674983885953 0.4329329854069463
2173 2005 2438 11.396317475395222 0.4195896808389839
2173 2006 2438 11.83165466027464 0.39896502951589524
2173 2007 2438 12.332884982841554 0.37285884075052184
2173 2008 2438 12.892325313922186 0.34324821155131807
2173 1995 2439 10.902479167602106 0.30249705899701557
2173 1996 2439 10.439159544714219 0.342268897893159
2173 1997 2439 10.054255417483589 0.3838923187247325
2173 1998 2439 9.757051398860117 0.4257100629878519
2173 1999 2439 9.55573398541411 0.46539662855507774
2173 2000 2439 9.456429135778384 0.5000718066650085
2173 2001 2439 9.462349179775517 0.5266370984839981
2173 2002 2439 9.573298908944526 0.5423269000512779
2173 2003 2439 9.785706515116757 0.5453405792237876
2173 2004 2439 10.093168580777725 0.5353176782041889
2173 2005 2439 10.487328163073697 0.5134387287356577
2173 2006 2439 10.958834427072926 0.48210206480644185
2173 2007 2439 11.498176029266507 0.4443315507959738
2173 2008 2439 12.096282569450787 0.40316366645006924
2173 2009 2439 12.74488336549217 0.3612047317478218
2173 1993 2440 11.258243735147945 0.273637677278191
2173 1994 2440 10.623561173165898 0.31643041550370327
2173 1995 2440 10.048485059947996 0.36440515642809834
2173 1996 2440 9.543796519205456 0.41703684498972293
2173 1997 2440 9.121186984159367 0.47303226027605366
2173 1998 2440 8.792499758316648 0.5300676457848064
2173 1999 2440 8.56855016907752 0.5846335863181745
2173 2000 2440 8.457662324779731 0.6321625354512476
2173 2001 2440 8.464280949968435 0.6676134331303243
2173 2002 2440 8.588134372493169 0.6865309894497234
2173 2003 2440 8.824287619972432 0.6862815249780457
2173 2004 2440 9.164063072676814 0.6669009613539958
2173 2005 2440 9.59646038912259 0.6310827012316153
2173 2006 2440 10.109601970404125 0.583312544276355
2173 2007 2440 10.691868499004233 0.5286309428485069
2173 2008 2440 11.332610114179307 0.4715835986072644
2173 2009 2440 12.022481108323657 0.4156497520819082
2173 2010 2440 12.753511359621681 0.3631242630709886
2173 1992 2441 11.258066086144549 0.27524760444815216
2173 1993 2441 10.528820066845007 0.32260914727614154
2173 1994 2441 9.847235754261101 0.37754754228713777
2173 1995 2441 9.223884864849422 0.44040292293485617
2173 1996 2441 8.671335075984455 0.5108344251097204
2173 1997 2441 8.203904680089744 0.5873454632139719
2173 1998 2441 7.836839413947341 0.666723656312741
2173 1999 2441 7.584724912612097 0.7435906419382504
2173 2000 2441 7.459225965205683 0.8104536100640297
2173 2001 2441 7.466729672353134 0.8587378128373006
2173 2002 2441 7.6068424461138155 0.8809477299324715
2173 2003 2441 7.87248702761706 0.8732458981023078
2173 2004 2441 8.251548460743534 0.8369915923465236
2173 2005 2441 8.729264115605568 0.7781798011580444
2173 2006 2441 9.290427977224684 0.7051803489054852
2173 2007 2441 9.920889677846398 0.6262206291314094
2173 2008 2441 10.608301089241355 0.5477737686989678
2173 2009 2441 11.342312462632979 0.4740785607975561
2173 2010 2441 12.114456322922605 0.40740362397839597
2173 2011 2441 12.917896578003694 0.3485898650721069
2173 1991 2442 11.434161622086602 0.2702566258466337
2173 1992 2442 10.6231846449169 0.32026488370515294
2173 1993 2442 9.847032649483715 0.3799239144725192
2173 1994 2442 9.114606519208515 0.4506354487600368
2173 1995 2442 8.437301227288168 0.5334938356876809
2173 1996 2442 7.8294349732275395 0.6287677995352298
2173 1997 2442 7.308354944855825 0.7350542455577337
2173 1998 2442 6.893769070689754 0.8481006343824001
2173 1999 2442 6.605759002567287 0.9595892607069048
2173 2000 2442 6.461273249135872 1.0567495644743017
2173 2001 2442 6.469934466437733 1.1241712228520777
2173 2002 2442 6.631142586311879 1.1485458777283344
2173 2003 2442 6.9342665077136365 1.1244980057752754
2173 2004 2442 7.36179679154479 1.057333090074603
2173 2005 2442 7.893544957748657 0.960323872536238
2173 2006 2442 8.509997179787977 0.8488854847289172
2173 2007 2442 9.194131389098123 0.7358161692001044
2173 2008 2442 9.931971204146711 0.629464638872096
2173 2009 2442 10.712425122258711 0.5341075538622634
2173 2010 2442 11.526840503798065 0.4511632835095156
2173 2011 2442 12.368510500460422 0.3803713023853431
2173 1991 2443 10.901745364848617 0.30969297401050067
2173 1992 2443 10.047887937273105 0.37119869415719453
2173 1993 2443 9.223451197897589 0.44612939772689547
2173 1994 2443 8.437064181336925 0.5371238514635114
2173 1995 2443 7.700392976984916 0.646762181338646
2173 1996 2443 7.029086142593409 0.7768503002921516
2173 1997 2443 6.443605512444005 0.9270012558582511
2173 1998 2443 5.9692589154767655 1.0922315689353985
2173 1999 2443 5.6341860104188015 1.259786119155878
2173 2000 2443 5.464069179649816 1.4069726954582429
2173 2001 2443 5.474308358139783 1.504099688101399
2173 2002 2443 5.66392549386017 1.5258593986810227
2173 2003 2443 6.015983045188812 1.4659099963562812
2173 2004 2443 6.504156517181865 1.3411194236345891
2173 2005 2443 7.100426184391991 1.180780356504007
2173 2006 2443 7.779977634929261 1.0121293724451452
2173 2007 2443 8.52291335166559 0.8530543904371273
2173 2008 2443 9.314078161578829 0.7122021019181919
2173 2009 2443 10.142191676358701 0.5919980385089149
2173 2010 2443 10.998911400679606 0.49154837464395446
2173 2011 2443 11.87804916642459 0.4085519974552376
2173 1990 2444 11.350949387606237 0.29216756704301905
2173 1991 2444 10.438201569235884 0.352581160068478
2173 1992 2444 9.542958241551649 0.4276019331755558
2173 1993 2444 8.670643113402756 0.5210646188634493
2173 1994 2444 7.828924064007691 0.6376368015316858
2173 1995 2444 7.028801604825589 0.782645980159269
2173 1996 2444 6.286179443827456 0.9613210670081727
2173 1997 2444 5.6238822889529745 1.1767227301251018
2173 1998 2444 5.073465482291077 1.4251730699766245
2173 1999 2444 4.674617845342987 1.6882336015395465
2173 2000 2444 4.468115038805423 1.9239196207589484
2173 2001 2444 4.480630759167649 2.0696009835103846
2173 2002 2444 4.710419514225814 2.072618123248173
2173 2003 2444 5.128357631834916 1.9317582151777781
2173 2004 2444 5.693158350160261 1.6983463892477428
2173 2005 2444 6.365850453788526 1.4353961079167623
2173 2006 2444 7.115901348388668 1.1858969648547693
2173 2007 2444 7.921366801253414 0.9690649258011451
2173 2008 2444 8.766986483393243 0.7889831031196799
2173 2009 2444 9.642201615813677 0.6427479442877313
2173 2010 2444 10.539641929401586 0.5251645867335519
2173 2011 2444 11.454084511649112 0.43088949092326
2173 1989 2445 11.951571110109269 0.2695971765222353
2173 1990 2445 10.997820329501595 0.3264450888747396
2173 1991 2445 10.053061822151431 0.39783165614885624
2173 1992 2445 9.12009056972565 0.4881570789912257
2173 1993 2445 8.202929476717376 0.6032950230573786
2173 1994 2445 7.307533920550686 0.7510249071592937
2173 1995 2445 6.442984712072422 0.9413929091032791
2173 1996 2445 5.623526651488285 1.1865459791952588
2173 1997 2445 4.8719659276311775 1.4987145030414741
2173 1998 2445 4.224695491985098 1.8830057378032465
2173 1999 2445 3.736315297187763 2.3186856865725223
2173 2000 2445 3.4744858612461447 2.7264672627503312
2173 2001 2445 3.4905661431921677 2.957160785253815
2173 2002 2445 3.7810120338342648 2.8870298524314277
2173 2003 2445 4.290460581336181 2.556943826663174
2173 2004 2445 4.951772611903709 2.1219069613230084
2173 2005 2445 5.712447111352521 1.7036154073500909
2173 2006 2445 6.53789354456004 1.3509928089956933
2173 2007 2445 7.406487156540536 1.0699430101111032
2173 2008 2445 8.304700596650068 0.8507405881535071
2173 2009 2445 9.223884864849522 0.6807229420746614
2173 2010 2445 10.158348881585047 0.5485854245796387
2173 2011 2445 11.104235768390378 0.4453175957789106
2173 1989 2446 11.702480591737746 0.29566559097335426
2173 1990 2446 10.726604868270236 0.3607280668113228
2173 1991 2446 9.755616433624214 0.4436058478072958
2173 1992 2446 8.791134852793403 0.5503317360365683
2173 1993 2446 7.835563285431301 0.689405585669171
2173 1994 2446 6.892608504767919 0.8729379011511288
2173 1995 2446 5.968253680935415 1.118275499052772
2173 1996 2446 5.072677005290128 1.4500088172195629
2173 1997 2446 4.224222058556972 1.9011558791911298
2173 1998 2446 3.457752449207343 2.507753997472607
2173 1999 2446 2.8404316573365143 3.2753636561102306
2173 2000 2446 2.4859710376429445 4.066505013996189
2173 2001 2446 2.508396300427749 4.460478676143373
2173 2002 2446 2.8989743013693134 4.114345706204574
2173 2003 2446 3.5378032732191 3.3343676344120152
2173 2004 2446 4.316022706149709 2.557692734816077
2173 2005 2446 5.1710784175063464 1.938981249598526
2173 2006 2446 6.0705890982671535 1.4778595791325582
2173 2007 2446 6.997431814601704 1.1387807614095817
2173 2008 2446 7.942043313908592 0.8881809409869579
2173 2009 2446 8.89876688086615 0.7008797851359928
2173 2010 2446 9.864078872352975 0.559081033195901
2173 2011 2446 10.835684196210243 0.4503598796973516
2173 1989 2447 11.53499250108117 0.3202571602386362
2173 1990 2447 10.543626131459655 0.39320332299468086
2173 1991 2447 9.554059451353597 0.4872371865739535
2173 1992 2447 8.566916131257447 0.610143824305316
2173 1993 2447 7.583142620312449 0.7733754313275797
2173 1994 2447 6.604244998483871 0.9942330454385748
2173 1995 2447 5.632765928032099 1.2996433374002552
2173 1996 2447 4.673334141702195 1.7328539314423772
2173 1997 2447 3.7352445703058685 2.3652073890312617
2173 1998 2447 2.8397274517107363 3.313823437496705
2173 1999 2447 2.043539086976227 4.739311516952243
2173 2000 2447 1.512630820788639 6.575656809750874
2173 2001 2447 1.5492101213198266 7.31497491337627
2173 2002 2447 2.1241591277491128 5.812633683420382
2173 2003 2447 2.936673628444256 4.084554616135974
2173 2004 2447 3.8387565695157115 2.8744432551259336
2173 2005 2447 4.779963598187764 2.074077204917394
2173 2006 2447 5.741084566525752 1.534979559960142
2173 2007 2447 6.713572223488794 1.161165452513883
2173 2008 2447 7.693117183560923 0.8947308766074878
2173 2009 2447 8.677329773611259 0.7002375722528207
2173 2010 2447 9.664784115540321 0.5553331710375412
2173 2011 2447 10.654578921759441 0.4454733848329257
2173 1989 2448 11.452687544851601 0.3418953890023092
2173 1990 2448 10.453518642064934 0.4216657552193635
2173 1991 2448 9.454525477251577 0.5253481294925978
2173 1992 2448 8.455770337467737 0.6622694651248603
2173 1993 2448 7.457348858676207 0.8465361283341739
2173 1994 2448 6.4594157630546905 1.100277227844138
2173 1995 2448 5.462238735170725 1.4598286417010782
2173 1996 2448 4.466324215728138 1.9884660525750415
2173 1997 2448 3.4727585576886346 2.8054066940003395
2173 1998 2448 2.484361487384581 4.16160146469166
2173 1999 2448 1.5113080427231922 6.678925061673096
2173 2000 2448 0.6293266242579338 12.154456724403383
2173 2001 2448 0.7127776651943905 12.98598994893364
2173 2002 2448 1.618657468397822 7.060370430549599
2173 2003 2448 2.59461981800805 4.352103412999557
2173 2004 2448 3.5838599302986447 2.914814041813167
2173 2005 2448 4.577778063646193 2.0570276075787794
2173 2006 2448 5.573872262619621 1.5053939409669697
2173 2007 2448 6.57115301906754 1.1318728689669417
2173 2008 2448 7.569151339483214 0.869164339564081
2173 2009 2448 8.567616471341408 0.6788946199071659
2173 2010 2448 9.566402249539829 0.5378194239874261
2173 1989 2449 11.457401625150407 0.3590291911700976
2173 1990 2449 10.458683091097045 0.44376310902555804
2173 1991 2449 9.46023530362746 0.5542607506932972
2173 1992 2449 8.462154099282252 0.7007450012273448
2173 1993 2449 7.4645865257226065 0.8987829550150388
2173 1994 2449 6.467770249475438 1.1729948641387486
2173 1995 2449 5.472115861346474 1.564207752151973
2173 1996 2449 4.478398374419112 2.1443802875783047
2173 1997 2449 3.4882734984516084 3.051071695348537
2173 1998 2449 2.506003192336335 4.578262779697865
2173 1999 2449 1.5466260052126308 7.450621568958864
2173 2000 2449 0.7099661963784341 12.96711217181035
2173 2001 2449 0.784889801182396 10.597383802310981
2173 2002 2449 1.6516815673731486 6.1184208666520075
2173 2003 2449 2.6153493074540353 3.893743420617896
2173 2004 2449 3.59889594181332 2.6545330040961153
2173 2005 2449 4.589559020211033 1.8949491869343358
2173 2006 2449 5.583551916119393 1.3981102115901243
2173 2007 2449 6.5793656229153745 1.057685048946136
2173 2008 2449 7.576282201713496 0.8161376587425452
2173 2009 2449 8.573916957843759 0.6399932824241885
2173 2010 2449 9.572045340469343 0.5086711867727923
2173 1988 2450 12.54065596370458 0.30237903753933926
2173 1989 2450 11.549028184223959 0.3702543237587523
2173 1990 2450 10.558979685556718 0.45738246077820127
2173 1991 2450 9.571000574652553 0.5707000041991097
2173 1992 2450 8.585805262175446 0.7203111116575059
2173 1993 2450 7.604475787324177 0.9212990362104538
2173 1994 2450 6.628729289992144 1.1967957576077688
2173 1995 2450 5.66145317034415 1.5832817221198694
2173 1996 2450 4.707871281163061 2.1396172557668325
2173 1997 2450 3.778366313633446 2.9602879806396607
2173 1998 2450 2.8962133899283176 4.17696504977967
2173 1999 2450 2.1213326000418125 5.807690274119766
2173 2000 2450 1.6161843954203479 6.932669832708617
2173 2001 2450 1.6504702360237569 6.032661525487438
2173 2002 2450 2.1991025442212546 4.379131077776677
2173 2003 2450 2.9913294703192554 3.0995175715954115
2173 2004 2450 3.8807282821656757 2.233141718758032
2173 2005 2450 4.813735763417082 1.6473450655080908
2173 2006 2450 5.769233224614924 1.2418445943544254
2173 2007 2450 6.737659237450407 0.9537708315696752
2173 2008 2450 7.714146226252188 0.7442314001291304
2173 2009 2450 8.695979070812035 0.5886546316327262
2173 1988 2451 12.703387422258658 0.3066997070198113
2173 1989 2451 11.725529924058849 0.3745631732637013
2173 1990 2451 10.751746462784528 0.4610912538042074
2173 1991 2451 9.783253651009959 0.5726079952358701
2173 1992 2451 8.821794148584502 0.717998262862964
2173 1993 2451 7.869946124339089 0.9098472464303209
2173 1994 2451 6.931670217198733 1.1659718752707409
2173 1995 2451 6.013322875083293 1.5110211417849269
2173 1996 2451 5.125626986037912 1.9762440420333034
2173 1997 2451 4.2876627665897615 2.5896982229004375
2173 1998 2451 3.5349755303255286 3.332168574830309
2173 1999 2451 2.933948193135034 4.019696696606726
2173 2000 2451 2.592306309061568 4.242856449016368
2173 2001 2451 2.6138194275811193 3.8096359257111403
2173 2002 2451 2.990660796546571 3.0655400630882244
2173 2003 2451 3.613315928617459 2.358837192000903
2173 2004 2451 4.3781333922118835 1.7987660853524887
2173 2005 2451 5.22303092083522 1.3790979994582788
2173 2006 2451 6.11490408755533 1.0682338789953167
2173 2007 2451 7.035911596943282 0.8368800291408562
2173 2008 2451 7.9759671513867865 0.6629049191933328
2173 2009 2451 8.929056613103151 0.5305043334480396
2173 1988 2452 12.941562965886293 0.3057436955958071
2173 1989 2452 11.983157013074631 0.37155008905771064
2173 1990 2452 11.032137236274746 0.4544817242119619
2173 1991 2452 10.090592252192131 0.5597364430212859
2173 1992 2452 9.161443772681244 0.6941681159624999
2173 1993 2452 8.248881863622488 0.8666163699279533
2173 1994 2452 7.3590795620104625 1.0878572731468452
2173 1995 2452 6.501388467089178 1.3692117674331195
2173 1996 2452 5.690347265325752 1.7173877184304707
2173 1997 2452 4.948944533938559 2.120723830312734
2173 1998 2452 4.313241472489157 2.522874157024315
2173 1999 2452 3.83615067483024 2.8025914654041917
2173 2000 2452 3.5816270045889183 2.8271074147011395
2173 2001 2452 3.597228377515204 2.5826691796497796
2173 2002 2452 3.879697410881517 2.1910246228101573
2173 2003 2452 4.377676552693315 1.7822532731467842
2173 2004 2452 5.0275294131413 1.4231461047812253
2173 2005 2452 5.778239524284277 1.1307436116211977
2173 2006 2452 6.595456921245189 0.900141735608548
2173 2007 2452 7.457348858676329 0.7202751718077924
2173 2008 2452 8.350092933614645 0.580117430359076
2173 1988 2453 13.251115122886821 0.2995899243011753
2173 1989 2453 12.316819881771426 0.3614998443999785
2173 1990 2453 11.39368474199633 0.43827525594216504
2173 1991 2453 10.48465793433434 0.53372213327256
2173 1992 2453 9.593750674267083 0.6523813667565044
2173 1993 2453 8.726514309849048 0.7992471524331021
2173 1994 2453 7.8907573780975095 0.9788102591449205
2173 1995 2453 7.097608893141433 1.1926777169560148
2173 1996 2453 6.363022237899255 1.434690161542262
2173 1997 2453 5.709645523147695 1.6831612531356615
2173 1998 2453 5.168370342767689 1.8942490007624302
2173 1999 2453 4.777452459208849 2.0092763168831276
2173 2000 2453 4.575593076312705 1.9866853127274622
2173 2001 2453 4.587815602223006 1.8352072710263057
2173 2002 2453 4.812489168819076 1.606283761178079
2173 2003 2453 5.222265025829405 1.356220734952909
2173 2004 2453 5.777893387732338 1.1216562990489958
2173 2005 2453 6.441742931847029 0.9184436881355634
2173 2006 2453 7.183874442109998 0.7495742598433314
2173 2007 2453 7.982484074522248 0.6121450071267961
2173 1989 2454 12.72053662390074 0.3453251949206038
2173 1990 2454 11.828949742052341 0.41413963898518463
2173 1991 2454 10.956096567664973 0.49760516451017944
2173 1992 2454 10.106831946757614 0.5981759806868437
2173 1993 2454 9.287628976224253 0.7177814545862449
2173 1994 2454 8.50717649987353 0.856712884142286
2173 1995 2454 7.777149349215336 1.0116790774715863
2173 1996 2454 7.1130901864098846 1.1730494138575314
2173 1997 2454 6.53513978427399 1.3223858023340023
2173 1998 2454 6.067952867318662 1.433345480674047
2173 1999 2454 5.738645484781304 1.4796619047374773
2173 2000 2454 5.571718944814153 1.448518472400265
2173 2001 2454 5.581760654130649 1.3486576004526658
2173 2002 2454 5.767846391852083 1.2047455604612247
2173 2003 2454 6.113922799643546 1.0440087182363764
2173 2004 2454 6.594850415286252 0.8867282550480043
2173 2005 2454 7.1835960354129975 0.744154482792041
2173 2006 2454 7.8559564662745816 0.6206125421524219
2173 2007 2454 8.592325180066307 0.5163440928562573
2173 1989 2455 13.187875188975676 0.3243777194941041
2173 1990 2455 12.330127817666787 0.38430054842502154
2173 1991 2455 11.495392642271963 0.4550367600260877
2173 1992 2455 10.689062260086263 0.5374746580810773
2173 1993 2455 9.918066948755717 0.631574164542345
2173 1994 2455 9.191303063222353 0.7355150227349642
2173 1995 2455 8.520096947805271 0.844576135015171
2173 1996 2455 7.918589015727536 0.9501036753066366
2173 1997 2455 7.403786328629485 1.0394619659472741
2173 1998 2455 6.994858969271714 1.0981920035053403
2173 1999 2455 6.711188568353673 1.114714178207666
2173 2000 2455 6.569022149452771 1.085455788848755
2173 2001 2455 6.577541485996207 1.0166476295713232
2173 2002 2455 6.7361748789651585 0.921254173365052
2173 2003 2455 7.034774481104661 0.8135996574108311
2173 2004 2455 7.456544239793755 0.7052946873604484
2173 2005 2455 7.981982961645652 0.6038094154456839
2173 2006 2455 8.592092411048753 0.5129234721017986
2173 1989 2456 13.71233211383098 0.30020014191347455
2173 1990 2456 12.889532652505306 0.35110251879642657
2173 1991 2456 12.093471461908717 0.409522699988745
2173 1992 2456 11.329786052701994 0.47535805764722144
2173 1993 2456 10.605472738166872 0.5475650548599135
2173 1994 2456 9.929151625390801 0.6236547887043413
2173 1995 2456 9.31128626989853 0.6992190498881359
2173 1996 2456 8.764248513135678 0.7677867319096796
2173 1997 2456 8.302051071873807 0.8214433116416144
2173 1998 2456 7.939524670910792 0.8524992883050454
2173 1999 2456 7.690777073872392 0.8558605097271313
2173 2000 2456 7.567037200913002 0.8309462463369277
2173 2001 2456 7.574434104274811 0.7819240834707691
2173 2002 2456 7.712590485692952 0.7160972420716242
2173 2003 2456 7.974713286382246 0.6415147180469448
2173 2004 2456 8.349134805475451 0.565076078015176
2173 2005 2456 8.821567434418991 0.49167803998858706
2173 1990 2457 13.499927851659084 0.31665741665422625
2173 1991 2457 12.74205838944402 0.36393192564813265
2173 1992 2457 12.019652740408135 0.4155009839175814
2173 1993 2457 11.339490817492683 0.46997704919682376
2173 1994 2457 10.709624269786545 0.5249684042290511
2173 1995 2457 10.139430556002692 0.5769682963361293
2173 1996 2457 9.63950475906315 0.6215338067960601
2173 1997 2457 9.221282557215195 0.6539009910079058
2173 1998 2457 8.896294284700867 0.6700153172614184
2173 1999 2457 8.675024610916177 0.6676623908787782
2173 2000 2457 8.565515279304652 0.6471738503999179
2173 2001 2457 8.572050629808572 0.6113178689713961
2173 2002 2457 8.69436898227822 0.5644374955663661
2173 2003 2457 8.927712584979519 0.5112996326953567
2173 1993 2458 12.111649433500007 0.4008183035376074
2173 1994 2458 11.524064040085909 0.4403001887813583
2173 1995 2458 10.996183519749078 0.4760286914084122
2173 1996 2458 10.536984957757191 0.5050818651492409
2173 1997 2458 10.15578908800303 0.5246391697967306
2173 1998 2458 9.861645501639241 0.5325652511450868
2173 1999 2458 9.662507542041121 0.5279386162340545
2173 1996 2459 11.451465059109314 0.4124578858444163
2173 1997 2459 11.101713921733056 0.424223610455775
1319 1420 1800 9.645877305875342 0.21552001986919436
1319 1421 1800 9.808514107651634 0.21259091537969552
1319 1422 1800 10.068314109124792 0.20301342013569165
1319 1417 1801 8.796644189689623 0.24169469888309747
1319 1418 1801 8.633941683842927 0.26452786499616326
1319 1419 1801 8.585391604347507 0.2797835476711712
1319 1420 1801 8.652915635784325 0.2849297887010261
1319 1421 1801 8.833852443866213 0.27904305922401773
1319 1422 1801 9.121455421148605 0.2631768621108832
1319 1423 1801 9.506048022180485 0.23994280414468
1319 1415 1802 8.537151105608926 0.2377603418000814
1319 1416 1802 8.126927402161282 0.2792333002451511
1319 1417 1802 7.823742646585465 0.31971798699721493
1319 1418 1802 7.640350057425403 0.3541183220967987
1319 1419 1802 7.585443230293176 0.37666656832831924
1319 1420 1802 7.661784974795416 0.3828169104107196
1319 1421 1802 7.86555458947435 0.37122013162510525
1319 1422 1802 8.187243064670866 0.34438075632855203
1319 1423 1802 8.613648994473913 0.30746215199508065
1319 1424 1802 9.130112211796833 0.26618846721331774
1319 1414 1803 8.218816763987345 0.24983301606824435
1319 1415 1803 7.662437536450111 0.3056170276493592
1319 1416 1803 7.202565445728339 0.36717578434553455
1319 1417 1803 6.858640462948912 0.42923316675212253
1319 1418 1803 6.648680244980976 0.48296386820404863
1319 1419 1803 6.585510534499242 0.5175292216010421
1319 1420 1803 6.67330120704893 0.5242533553591716
1319 1421 1803 6.906297778115343 0.501286385034348
1319 1422 1803 7.270553555266693 0.45472713520411484
1319 1423 1803 7.7475769760617 0.39508751015391264
1319 1424 1803 8.317989480637829 0.33244104332388924
1319 1412 1804 8.891060060532654 0.19497936132456636
1319 1413 1804 8.137256847365649 0.24768778359821295
1319 1414 1804 7.441703366837417 0.31382460620564395
1319 1415 1804 6.822239295128805 0.39443005027785283
1319 1416 1804 6.301345015153493 0.48765005801052086
1319 1417 1804 5.9051629105385395 0.5859376336636128
1319 1418 1804 5.659942490873932 0.6736886752160285
1319 1419 1804 5.585601937123735 0.7292329889444474
1319 1420 1804 5.68884425872256 0.7346653328036805
1319 1421 1804 5.960448724718707 0.6880506712297775
1319 1422 1804 6.3789457592929155 0.604922787046942
1319 1423 1804 6.917727155648833 0.5072235708087535
1319 1424 1804 7.551089259173242 0.4121546664015143
1319 1411 1805 9.149696661638496 0.17924394287520481
1319 1412 1805 8.299454741126 0.2318885995077502
1319 1413 1805 7.486317452526246 0.3013930446054238
1319 1414 1805 6.723760034385469 0.39248561475528004
1319 1415 1805 6.030999005139986 0.5094739823789168
1319 1416 1805 5.434790612341906 0.6532054027014779
1319 1417 1805 4.970004929575012 0.8146589886965461
1319 1418 1805 4.675997112916146 0.9662568026815436
1319 1419 1805 4.585733202008197 1.06136458788239
1319 1420 1805 4.710939290629902 1.0590022210266679
1319 1421 1805 5.035568388970681 0.9603039069315884
1319 1422 1805 5.524576816372544 0.8073681785623275
1319 1423 1805 6.138806805886728 0.6462831870168044
1319 1424 1805 6.844629208364864 0.5036590102677038
1319 1425 1805 7.616623201918396 0.3878889254453612
1319 1411 1806 8.69177478999534 0.20629024188863623
1319 1412 1806 7.7917231085298955 0.2720007314463744
1319 1413 1806 6.9191725661381644 0.36203002132100076
1319 1414 1806 6.085963276261138 0.48576482804038307
1319 1415 1806 5.310644876095503 0.654673398652586
1319 1416 1806 4.622439723782197 0.8787606817463498
1319 1417 1806 4.065826976151327 1.1541870557164056
1319 1418 1806 3.7006687233525866 1.4356050630494133
1319 1419 1806 3.585937673747311 1.613887562906966
1319 1420 1806 3.7447228201831564 1.5808735773262244
1319 1421 1806 4.145714534311391 1.3590194423827895
1319 1422 1806 4.72767902886828 1.0708716436097845
1319 1423 1806 5.43276623829897 0.8081205475855379
1319 1424 1806 6.219240226908859 0.6005632124882327
1319 1425 1806 7.059953895033704 0.44591955909833
1319 1411 1807 8.32928262217092 0.23314503941308426
1319 1412 1807 7.385184425591463 0.31291611282759024
1319 1413 1807 6.457936899660674 0.42619576273575116
1319 1414 1807 5.555983171320728 0.5896021851995297
1319 1415 1807 4.693926820903725 0.8280706586073531
1319 1416 1807 3.898326435792616 1.1753250231145087
1319 1417 1807 3.218842804487317 1.6595307215039632
1319 1418 1807 2.7431640490499274 2.231813341728925
1319 1419 1807 2.5863002532575767 2.616108979298332
1319 1420 1807 2.8023113674251867 2.46153000402572
1319 1421 1807 3.3191789647442387 1.9257249037478286
1319 1422 1807 4.022555033806356 1.3841092660562746
1319 1423 1807 4.8316611015261675 0.9744944163826473
1319 1424 1807 5.701661950694839 0.6897572932155126
1319 1425 1807 6.608551202797894 0.4949832402503857
1319 1411 1808 8.075081981007896 0.2575386798209468
1319 1412 1808 7.097249396773276 0.3508074040904075
1319 1413 1808 6.126577266304477 0.4873735520519881
1319 1414 1808 5.167102573009274 0.6931021312056865
1319 1415 1808 4.226458209896234 1.0132900606557624
1319 1416 1808 3.3206850196908904 1.5288770954459334
1319 1417 1808 2.4881617712680386 2.3756858666798273
1319 1418 1808 1.8316519865956846 3.664837089608358
1319 1419 1808 1.5871197182317827 4.719580720312407
1319 1420 1808 1.919101091657328 3.9808920109764276
1319 1421 1808 2.616667537154952 2.6259096763935488
1319 1422 1808 3.465681606841687 1.683077754823153
1319 1423 1808 4.378920985813855 1.1074681591323312
1319 1424 1808 5.323433948120442 0.7524191767035275
1319 1425 1808 6.2851371504527584 0.5260377191685394
1319 1411 1809 7.939581160237506 0.27677378953685944
1319 1412 1809 6.942690328683727 0.3807545667263074
1319 1413 1809 5.946843616574996 0.5361545410668557
1319 1414 1809 4.952670895587449 0.7773559057714524
1319 1415 1809 3.9614326953766614 1.1707366004297117
1319 1416 1809 2.9760626673508432 1.8574819660727468
1319 1417 1809 2.0052304107008827 3.1813675762310742
1319 1418 1809 1.0885536275259229 6.1269781147221645
1319 1419 1809 0.5907190533579056 10.866088537862899
1319 1420 1809 1.230019918538019 6.033818690886005
1319 1421 1809 2.162625487688631 3.1420131377507174
1319 1422 1809 3.137028689699969 1.8381537962361456
1319 1423 1809 4.123705736349396 1.1600698893827077
1319 1424 1809 5.115559500191659 0.7709874071424471
1319 1425 1809 6.110069475873523 0.5321328006128933
1319 1411 1810 7.928868078105365 0.2882692547699682
1319 1412 1810 6.930436422044321 0.3978553843694049
1319 1413 1810 5.932533101466751 0.5625546215488252
1319 1414 1810 4.935478598879638 0.8201410516800619
1319 1415 1810 3.939917384920543 1.2448921295319297
1319 1416 1810 2.947363058735612 1.9995596067999646
1319 1417 1810 1.9623834997266865 3.503487563439996
1319 1418 1810 1.0074467727874128 7.1466482446918365
1319 1419 1810 0.42302364000134485 12.903216577308928
1319 1420 1810 1.1588567642293857 5.794261572929554
1319 1421 1810 2.1229576067365117 2.985479648786429
1319 1422 1810 3.1098149462629814 1.7513002576452579
1319 1423 1810 4.103041432888637 1.109206249724881
1319 1424 1810 5.098916453522362 0.7395240894186831
1319 1425 1810 6.096142140731405 0.5117878175008747
1319 1411 1811 8.043441365485187 0.290282732919225
1319 1412 1811 7.06122857582152 0.39888625987153276
1319 1413 1811 6.084812979870345 0.5601853344481544
1319 1414 1811 5.117513947220744 0.8076049265184685
1319 1415 1811 4.165687098186692 1.2017964871296594
1319 1416 1811 3.2429845821402346 1.855848028429416
1319 1417 1811 2.383474145024335 2.9639733693864265
1319 1418 1811 1.6866976611117062 4.595875622229068
1319 1419 1811 1.4173739802888703 5.221336323765103
1319 1420 1811 1.7812773506672477 3.7269349646218504
1319 1421 1811 2.517329736049758 2.328128196661669
1319 1422 1811 3.3913049110925666 1.4801439567305712
1319 1423 1811 4.320295013075007 0.9772497159595539
1319 1424 1811 5.275315061681244 0.6678899158220203
1319 1425 1811 6.244433441073834 0.46979472835241215
1319 1411 1812 8.278100567158997 0.2824932804111912
1319 1412 1812 7.3274107978192635 0.3836427221747688
1319 1413 1812 6.3917876216281275 0.5296492451972953
1319 1414 1812 5.478955101111778 0.7439926014895981
1319 1415 1812 4.602493780549734 1.0618203636535608
1319 1416 1812 3.787736659272817 1.5266438574516819
1319 1417 1812 3.083982652350595 2.148215407336113
1319 1418 1812 2.5835922665930915 2.7423494704725955
1319 1419 1812 2.4163917314872276 2.8293900043985043
1319 1420 1812 2.6463085609958745 2.312134328574677
1319 1421 1812 3.18856535137674 1.6671845301859842
1319 1422 1812 3.915475577755592 1.1611258992955846
1319 1423 1812 4.742884038219857 0.8110779371428171
1319 1424 1812 5.626628564247058 0.5749860236350515
1319 1411 1813 8.623047547126134 0.26611633135846186
1319 1412 1813 7.714982112746489 0.35503048874765103
1319 1413 1813 6.832638509389947 0.4781980501368999
1319 1414 1813 5.987399184954908 0.648491930410074
1319 1415 1813 5.197398291453034 0.8792573582795901
1319 1416 1813 4.491875888757294 1.17328671966404
1319 1417 1813 3.9167523536725346 1.4931718347258667
1319 1418 1813 3.5362337309628664 1.7241460608482255
1319 1419 1813 3.415984338371558 1.7244523179366686
1319 1420 1813 3.5823105672177538 1.4938673032256053
1319 1421 1813 3.99961860681743 1.1740226333640207
1319 1422 1813 4.6001031510174215 0.8798666657139838
1319 1423 1813 5.322118844971486 0.6489504708237253
1319 1424 1813 6.122821980100421 0.47853144426287314
1319 1412 1814 8.206762394513332 0.3178385884658373
1319 1413 1814 7.383423934733695 0.4159749451813183
1319 1414 1814 6.609005144497818 0.5429662440743278
1319 1415 1814 5.902791627696072 0.7000867124989532
1319 1416 1814 5.292159200175204 0.8771602900761992
1319 1417 1814 4.813621194069935 1.0419046255826914
1319 1418 1814 4.509428899539218 1.1396813282363514
1319 1419 1814 4.415761429244077 1.1252485745710707
1319 1420 1814 4.545651658453374 1.0059195380052552
1319 1421 1814 4.881285588858751 0.8337937834017404
1319 1422 1814 5.384324377301236 0.6595871088567161
1319 1423 1814 6.012898552279138 0.5094272432526628
1319 1413 1815 8.021530340277867 0.35202090821177406
1319 1414 1815 7.314981134630393 0.4429148457228177
1319 1415 1815 6.683782536857312 0.5464806720169606
1319 1416 1815 6.15117460327692 0.6520184173523297
1319 1417 1815 5.744645245791875 0.7393294779235843
1319 1418 1815 5.492262648490093 0.783500261821147
1319 1419 1815 5.415620832369972 0.7688272803340656
1319 1420 1815 5.5220421041495 0.7007669865860465
1319 1421 1815 5.801460936695174 0.6015447880647813
1319 1422 1815 6.230645953671278 0.4950290932145712
1319 1414 1816 8.0832511404755 0.35588978751741657
1319 1415 1816 7.516844351188782 0.4233648954225716
1319 1416 1816 7.047478201456101 0.4867851818888297
1319 1417 1816 6.695591758761814 0.5346515224491112
1319 1418 1816 6.480350993580466 0.5554370437151643
1319 1419 1816 6.415524062771454 0.5433232472662559
1319 1420 1816 6.505609041434919 0.5017624960085598
