# %ECSV 0.9
# ---
# datatype:
# - name: sexcat_id
#   datatype: int32
# - name: x
#   datatype: int32
# - name: y
#   datatype: int32
# - name: sep
#   datatype: float64
# - name: weight
#   datatype: float64
# schema: astropy-2.0
sexcat_id x y sep weight
2056 1999 2437 11.82042723424173 0.20445399162508443
2056 2003 2437 12.041034008755345 0.2395791821150038
2056 2004 2437 12.30050811958606 0.23869691726380213
2056 2005 2437 12.634021529188654 0.23359756987474412
2056 2006 2437 13.03589275807385 0.22469972848227146
2056 1997 2438 11.251777637333742 0.21298773957199088
2056 1998 2438 10.99629483053285 0.23451275206346822
2056 1999 2438 10.827488166698835 0.2548504422147413
2056 2000 2438 10.749441845975218 0.2727413350083279
2056 2001 2438 10.764130248190186 0.28686100808478737
2056 2002 2438 10.87117748912245 0.2960142368379756
2056 2003 2438 11.067904047289284 0.29935299880962074
2056 2004 2438 11.349647571620995 0.29655331871878554
2056 2005 2438 11.710273267520368 0.28788739645030614
2056 2006 2438 12.142755041587636 0.27416284014270226
2056 2007 2438 12.639719142449398 0.25655282466413876
2056 1996 2439 10.667637976609612 0.23501244329764454
2056 1997 2439 10.30118925173222 0.2640354392306216
2056 1998 2439 10.021501883450565 0.29316433279176135
2056 1999 2439 9.835979869845353 0.3208020657313455
2056 2000 2439 9.750000000000146 0.3449939791844888
2056 2001 2439 9.766191683558265 0.36365289278264074
2056 2002 2439 9.884052812485496 0.37491545124898096
2056 2003 2439 10.100024752445027 0.37754573387747853
2056 2004 2439 10.408001729438848 0.3712427641117809
2056 2005 2439 10.800115740120651 0.35671991849745566
2056 2006 2439 11.267586254384817 0.3355195486784794
2056 2007 2439 11.801461773865196 0.3096468710400064
2056 2008 2439 12.393163437960514 0.2811708963729193
2056 1995 2440 10.246682389925216 0.25321493484321045
2056 1996 2440 9.762709664842202 0.29041455621629886
2056 1997 2440 9.360902734245407 0.3299082263034832
2056 1998 2440 9.052209674991126 0.37004162220902587
2056 1999 2440 8.84638344183671 0.4083706988415207
2056 2000 2440 8.75068568741916 0.4417695729828289
2056 2001 2440 8.768722826044986 0.4668293352665224
2056 2002 2440 8.899803368614508 0.4805450641385487
2056 2003 2440 9.139064503547502 0.4811022650429402
2056 2004 2440 9.478317361219858 0.4684246240770722
2056 2005 2440 9.90729529185446 0.44419817869442796
2056 2006 2440 10.414917186420704 0.41135857042225016
2056 2007 2440 10.990291169937272 0.3733105363824147
2056 2008 2440 11.623360099386106 0.3332227830141085
2056 2009 2440 12.3052224685294 0.293603139118087
2056 1994 2441 10.009520468034593 0.2654980530598964
2056 1995 2441 9.407789325872644 0.3106298637755494
2056 1996 2441 8.878203647135104 0.3610870838432895
2056 1997 2441 8.434364232116305 0.4157148527814701
2056 1998 2441 8.090395540392489 0.47216010239844114
2056 1999 2441 7.859421098274507 0.5266118746969644
2056 2000 2441 7.7515482324502285 0.5738956004249833
2056 2001 2441 7.77190452849249 0.6081980254434295
2056 2002 2441 7.919501246922175 0.6244720747216796
2056 2003 2441 8.187459923566141 0.6200663670563713
2056 2004 2441 8.564490644515965 0.5957153848671181
2056 2005 2441 9.036951919757087 0.5552564300178731
2056 2006 2441 9.590750752678389 0.5042615034854435
2056 2007 2441 10.212663707378251 0.4484111293747324
2056 2008 2441 10.89102841792274 0.3923531597872317
2056 2009 2441 11.615958849789392 0.33926969025951914
2056 2010 2441 12.379277038664265 0.2909677783459281
2056 1992 2442 10.727091870586527 0.2266787683728144
2056 1993 2442 9.969277807344088 0.2702464677750119
2056 1994 2442 9.257564474525855 0.32189735301991546
2056 1995 2442 8.603400490503914 0.38233860646847756
2056 1996 2442 8.020879004199152 0.4516195641648986
2056 1997 2442 7.5266526424435565 0.5285305435811288
2056 1998 2442 7.139082574112893 0.6098169437127333
2056 1999 2442 6.876227163205283 0.6894454551245458
2056 2000 2442 6.752666140125838 0.758502853505441
2056 2001 2442 6.776023907868226 0.8065340616197938
2056 2002 2442 6.944818212163771 0.8246287135621884
2056 2003 2442 7.2488964677391685 0.8090605595760201
2056 2004 2442 7.672190039356507 0.7630479632301833
2056 2005 2442 8.19624914213819 0.6952254812526807
2056 2006 2442 8.80309604627831 0.6160580439788328
2056 2007 2442 9.476840190696507 0.5346469246760207
2056 2008 2442 10.204239315108227 0.45725526205635264
2056 2009 2442 10.974629834304217 0.3873276482226454
2056 2010 2442 11.779579788770057 0.32620080052720746
2056 1991 2443 10.966608409166595 0.22117696753942806
2056 1992 2443 10.128301930728728 0.2667912429449446
2056 1993 2443 9.321936494098374 0.3224806443538535
2056 1994 2443 8.556547200828316 0.3901448739296433
2056 1995 2443 7.844137938613948 0.47155233164936944
2056 1996 2443 7.200451374740509 0.5677667712642326
2056 1997 2443 6.645487190567919 0.6780836633055084
2056 1998 2443 6.203104061677677 0.7983554427623288
2056 1999 2443 5.898686294421996 0.9189909956498642
2056 2000 2443 5.754172399224905 1.0239291556586887
2056 2001 2443 5.781565531930042 1.093060341050245
2056 2002 2443 5.978503157145717 1.1096411824383738
2056 2003 2443 6.329178461696361 1.069215344449367
2056 2004 2443 6.809882524684322 0.9823446920528213
2056 2005 2443 7.395302563114015 0.868371006189564
2056 2006 2443 8.06266085110868 0.7462989615266742
2056 2007 2443 8.79332132928169 0.6294613353582756
2056 2008 2443 9.572800008357019 0.5248987680881548
2056 2009 2443 10.39011549502699 0.43504905630748497
2056 2010 2443 11.23701472812062 0.359693496595925
2056 1990 2444 11.378158902036981 0.21019043626954825
2056 1991 2444 10.477523562369267 0.2556216194233785
2056 1992 2444 9.596587935302994 0.31228616913669455
2056 1993 2444 8.741309970479412 0.383098430050193
2056 1994 2444 7.92000631312896 0.47153364724984476
2056 1995 2444 7.144403404064079 0.581416428921004
2056 1996 2444 6.431057455815661 0.7162204614073883
2056 1997 2444 5.802973375779179 0.8773681129218449
2056 1998 2444 5.290604880351755 1.0608246420271117
2056 1999 2444 4.9301622691349225 1.2517645746700223
2056 2000 2444 4.756311596184738 1.419805661626422
2056 2001 2444 4.789415413179485 1.5227393858422065
2056 2002 2444 5.025385557347915 1.5264894761691328
2056 2003 2444 5.437876423752274 1.429687992731641
2056 2004 2444 5.990534199885735 1.2647915805262928
2056 2005 2444 6.648496070541098 1.0742772034691161
2056 2006 2444 7.383664401907784 0.8896466428499864
2056 2007 2444 8.175236999622705 0.7267049292559767
2056 2008 2444 9.008357230927281 0.5900538845044005
2056 2009 2444 9.872512344889707 0.4785197360789434
2056 2010 2444 10.760227692758153 0.3887017784624934
2056 1990 2445 10.998840848016808 0.2382290463073488
2056 1991 2445 10.064318158723069 0.2928970462821459
2056 1992 2445 9.143659005015591 0.36247249274265764
2056 1993 2445 8.24151078383099 0.4515674258159928
2056 1994 2445 7.364679219083633 0.5661960409598518
2056 1995 2445 6.523381025204806 0.7139131659334509
2056 1996 2445 5.733280038512152 0.9033904497036224
2056 1997 2445 5.018615346886202 1.1423386553463997
2056 1998 2445 4.4161634933504805 1.4314053226629964
2056 1999 2445 3.9772477921297944 1.7506031707493588
2056 2000 2445 3.7595877433571263 2.039948168017495
2056 2001 2445 3.8013813278860793 2.1997839641633616
2056 2002 2445 4.094691685585221 2.153176193132008
2056 2003 2445 4.591568359504249 1.9242812995551706
2056 2004 2445 5.234357649225007 1.6115237794002877
2056 2005 2445 5.976160975074228 1.3007703929537555
2056 2006 2445 6.784578100368508 1.032564156640962
2056 2007 2445 7.6384880702924285 0.8157252046079962
2056 2008 2445 8.524230170519774 0.6453982877691041
2056 2009 2445 9.43284156550927 0.5130176027548783
2056 2010 2445 10.358305846034822 0.4102735992660776
2056 1989 2446 11.669211627183861 0.2166688450416416
2056 1990 2446 10.699836447348286 0.26702466419282794
2056 1991 2446 9.7366575373689 0.331703624785496
2056 1992 2446 8.78171395571516 0.41563915828559683
2056 1993 2446 7.838016330679735 0.5257553706769522
2056 1994 2446 6.910173659178329 0.6718245848393519
2056 1995 2446 6.005539109855319 0.8675829362318659
2056 1996 2446 5.136389782717199 1.1318133679414686
2056 1997 2446 4.324176222126179 1.4879499698545589
2056 1998 2446 3.607561503287399 1.9568826069152623
2056 1999 2446 3.0545867150894637 2.5274769426346158
2056 2000 2446 2.7652305509669253 3.0818963716019625
2056 2001 2446 2.821790211904607 3.342430662266157
2056 2002 2446 3.2060099812696237 3.111004677969653
2056 2003 2446 3.820274859221553 2.56581263152646
2056 2004 2446 4.572800017494758 1.9910112894548566
2056 2005 2446 5.406153900879984 1.51456472320516
2056 2006 2446 6.288282754456868 1.1516870284054934
2056 2007 2446 7.2012846076237995 0.8822857115354352
2056 2008 2446 8.134771047792265 0.6827467047398996
2056 2009 2446 9.082428089448277 0.5339441885388105
2056 2010 2446 10.040244020938877 0.42184584832252575
2056 1989 2447 11.475299560360188 0.23770012052534414
2056 1990 2447 10.488016971763658 0.2951434331931777
2056 1991 2447 9.503394130520018 0.36995418020397636
2056 1992 2447 8.522352961477372 0.4687243551702495
2056 1993 2447 7.546290479434378 0.6011705398763464
2056 1994 2447 6.5774235077271515 0.7819473529139674
2056 1995 2447 5.619475064452332 1.0336817810839718
2056 1996 2447 4.6791559067850415 1.3920128024166862
2056 1997 2447 3.7696816841745604 1.9132526246127801
2056 1998 2447 2.920017123237628 2.680978103436779
2056 1999 2447 2.2005681084667112 3.777011683326054
2056 2000 2447 1.77721692542035 5.036455347946341
2056 2001 2447 1.8640010729611627 5.469096667763266
2056 2002 2447 2.4063457773146752 4.503601558419305
2056 2003 2447 3.1790721916936664 3.254422929491379
2056 2004 2447 4.052468383590399 2.3075075223907584
2056 2005 2447 4.973781257755469 1.6598010671314953
2056 2006 2447 5.920684082097218 1.2186577297079682
2056 2007 2447 6.882623046484472 0.9125993217019854
2056 2008 2447 7.854075375243033 0.6954684852011813
2056 2009 2447 8.831902399822972 0.5381210704920908
2056 2010 2447 9.81419889751571 0.42190873945920243
2056 1988 2448 12.364404555012047 0.2075954686629079
2056 1989 2448 11.366375851607339 0.2568280942659972
2056 1990 2448 10.36872701926337 0.320713029718436
2056 1991 2448 9.37157937596444 0.4047787014733141
2056 1992 2448 8.37511193955053 0.517217199153749
2056 1993 2448 7.379600260176811 0.6705312701062364
2056 1994 2448 6.38549136715425 0.884493107155551
2056 1995 2448 5.3935609758304635 1.1917651200223434
2056 1996 2448 4.405280921802952 1.649331148004082
2056 1997 2448 3.423813663154125 2.3637518513172604
2056 1998 2448 2.457335955867791 3.552361428392557
2056 1999 2448 1.5344380078714404 5.696001779864881
2056 2000 2448 0.8188406438375407 9.51252953473373
2056 2001 2448 0.9932270636667538 9.754366688629194
2056 2002 2448 1.8172781845385932 5.868021080592376
2056 2003 2448 2.760163038662696 3.6443041499681925
2056 2004 2448 3.7328943194255437 2.4170043737626097
2056 2005 2448 4.717043565624478 1.6824966196230273
2056 2006 2448 5.70670658085722 1.2135695676004024
2056 2007 2448 6.699440275127386 0.8994270182042037
2056 2008 2448 7.694056147442564 0.6810910130876163
2056 2009 2448 8.689907939673382 0.524877504937442
2056 1988 2449 12.34465471368083 0.2197708269716845
2056 1989 2449 11.344888716951003 0.2726575869294414
2056 1990 2449 10.345167954170776 0.3415943577909198
2056 1991 2449 9.345506941841183 0.4327970357084836
2056 1992 2449 8.345927150413042 0.5555831142033613
2056 1993 2449 7.346461733378958 0.7243825514079164
2056 1994 2449 6.347164721354029 0.9624584387833005
2056 1995 2449 5.348130514488308 1.3092689937761635
2056 1996 2449 4.349540205585043 1.836360967831339
2056 1997 2449 3.3517905662497145 2.6859978920167737
2056 1998 2449 2.355949914578064 4.18267998732333
2056 1999 2449 1.3661991070119286 7.257441483373278
2056 2000 2449 0.42720018726587017 15.802386103939346
2056 2001 2449 0.7060453243240111 10.75538352463077
2056 2002 2449 1.6776471619502122 5.5763452457412885
2056 2003 2449 2.670299608658063 3.401534184368657
2056 2004 2449 3.6669469589836186 2.2540492444643743
2056 2005 2449 4.665029474719213 1.572935852341051
2056 2006 2449 5.66378848475107 1.1380406419901912
2056 2007 2449 6.662919780396476 0.8459905309146516
2056 2008 2449 7.662277729239421 0.6424005771779121
2056 2009 2449 8.66178388093343 0.4962983256958392
2056 1988 2450 12.405744637062384 0.22867874980631128
2056 1989 2450 11.411332087009031 0.2838376900681047
2056 1990 2450 10.417989249370613 0.35571253948776466
2056 1991 2450 9.426054317687836 0.45071894967775755
2056 1992 2450 8.436023944963722 0.5784007509959559
2056 1993 2450 7.448657597178238 0.7533623932262776
2056 1994 2450 6.465175945015023 0.9986964194963599
2056 1995 2450 5.48766799287281 1.3523074246395481
2056 1996 2450 4.520011061933421 1.878951264155076
2056 1997 2450 3.570224082603261 2.692765483009076
2056 1998 2450 2.6575364531836816 3.9875649200016894
2056 1999 2450 1.8380696395947318 5.934690001843894
2056 2000 2450 1.3017296186227425 7.418587294921488
2056 2001 2450 1.4179210133147455 6.0473173980278165
2056 2002 2450 2.0800240383224704 4.072960155541639
2056 2003 2450 2.9398129192176703 2.7463684924964076
2056 2004 2450 3.8676220084179533 1.913028031663817
2056 2005 2450 4.82436524322099 1.3747851495255474
2056 2006 2450 5.7957311876931055 1.0140545455153114
2056 2007 2450 6.775433565462681 0.7641752389946046
2056 2008 2450 7.760315715226936 0.5862066944611554
2056 1988 2451 12.546493534051727 0.23358532520467834
2056 1989 2451 11.564190416972629 0.28930272101967297
2056 1990 2451 10.585201934776746 0.36148971163554744
2056 1991 2451 9.61054108778487 0.45615842305698306
2056 1992 2451 8.641672291865794 0.5819814964700911
2056 1993 2451 7.680787720019399 0.7516479012715837
2056 1994 2451 6.731307451008355 0.983890966610823
2056 1995 2451 5.798836090113292 1.3062010573669423
2056 1996 2451 4.893107397145521 1.756934276766027
2056 1997 2451 4.032183031559954 2.379356065488367
2056 1998 2451 3.251845629792383 3.1766926553120083
2056 1999 2451 2.624976190368138 3.9545397180834327
2056 2000 2451 2.2817756243766447 4.184051399845226
2056 2001 2451 2.349999999999836 3.6341293673931405
2056 2002 2451 2.7997321300437 2.8004349516914235
2056 2003 2451 3.4863304490536806 2.0752615101311744
2056 2004 2451 4.297731959999209 1.5349712145158985
2056 2005 2451 5.175567601722389 1.1475471774195418
2056 2006 2451 6.091182151273942 0.869921961366673
2056 2007 2451 7.029829300914642 0.6687010646703929
2056 2008 2451 7.983389004677014 0.5207017303738618
2056 1988 2452 12.764266528085408 0.234059387301632
2056 1989 2452 11.800105931727957 0.2884972262920338
2056 1990 2452 10.842439762341366 0.35823828420028303
2056 1991 2452 9.893154198737676 0.448346435693591
2056 1992 2452 8.954914851633191 0.5657139797192644
2056 1993 2452 8.031593864233955 0.7195993932439219
2056 1994 2452 7.128990110808144 0.9219550955642244
2056 1995 2452 6.25607704556139 1.1866278029084425
2056 1996 2452 5.427200014740559 1.5247716606441728
2056 1997 2452 4.665886839605064 1.93022186059801
2056 1998 2452 4.010797925600284 2.346996867919534
2056 1999 2452 3.521718330587973 2.6374627286556307
2056 2000 2452 3.2739120330270244 2.6448861289750205
2056 2001 2452 3.3218217893196718 2.3645366501449314
2056 2002 2452 3.6538336032171403 1.9499310712008804
2056 2003 2452 4.203153577969588 1.5421740888537425
2056 2004 2452 4.897193073588007 1.2005597740928344
2056 2005 2452 5.683176928443998 0.9326871394178847
2056 2006 2452 6.527978247512622 0.7277667545167774
2056 2007 2452 7.4115113168636375 0.5719286006988662
2056 1989 2453 12.114227173039188 0.28150451759991796
2056 1990 2453 11.183492298919905 0.34634826787020073
2056 1991 2453 10.265792711719861 0.4283808267653884
2056 1992 2453 9.364961291964875 0.5323043203301472
2056 1993 2453 8.486371427176648 0.6635865822710931
2056 1994 2453 7.637702534139441 0.8276799526042503
2056 1995 2453 6.830117129303116 1.0277591397314303
2056 1996 2453 6.080008223678619 1.2595812803266322
2056 1997 2453 5.411330705103824 1.5024965198770517
2056 1998 2453 4.857828733086341 1.7105962795957512
2056 1999 2453 4.462566526114659 1.819840259128161
2056 2000 2453 4.26971896030627 1.7860909102408848
2056 2001 2453 4.306564756276011 1.6238042588085762
2056 2002 2453 4.567548576643544 1.3924259185366632
2056 2003 2453 5.017818250992982 1.1505323928735445
2056 2004 2453 5.611996079827397 0.9318897075754289
2056 2005 2453 6.30955624430101 0.7483375041168312
2056 2006 2453 7.080007062143206 0.5998451474127212
2056 2007 2453 7.902056694304179 0.4817704977176912
2056 1989 2454 12.50065998257695 0.2690269189460815
2056 1990 2454 11.600969787048001 0.3271798676459947
2056 1991 2454 10.719071788172721 0.3988725228420708
2056 1992 2454 9.859741375918546 0.4867497540265504
2056 1993 2454 9.029424123386825 0.5931391245114462
2056 1994 2454 8.236898688219963 0.7189815220958532
2056 1995 2454 7.494164396381998 0.8618309357244022
2056 1996 2454 6.8175142097394525 1.0128245471963302
2056 1997 2454 6.228523099419249 1.1537123570989454
2056 1998 2454 5.754172399224667 1.257470754803848
2056 1999 2454 5.424619802345485 1.2970666035096536
2056 2000 2454 5.267114959823696 1.260441389718229
2056 2001 2454 5.297027468306954 1.1587833693446383
2056 2002 2454 5.511306560154151 1.018822137248213
2056 2003 2454 5.889864175004207 0.8678137341852905
2056 2004 2454 6.403631782043513 0.7244129137238646
2056 2005 2454 7.022997935354786 0.5978101585018483
2056 2006 2454 7.722596713541203 0.4906446792358918
2056 1990 2455 12.086955778855165 0.30271293692344503
2056 1991 2455 11.243242414890824 0.36318537815935964
2056 1992 2455 10.427200007672235 0.43471047932481366
2056 1993 2455 9.645854031655242 0.5175549189970652
2056 1994 2455 8.908338790144853 0.610331305878351
2056 1995 2455 8.22645123975091 0.7088201155684123
2056 1996 2455 7.6151493747660055 0.8048165923344359
2056 1997 2455 7.09270752251909 0.8859690886055118
2056 1998 2455 6.680007485025649 0.9380021314894731
2056 1999 2455 6.398320092024038 0.9497268427613094
2056 2000 2455 6.2653411718755025 0.9183899482940168
2056 2001 2455 6.2905087234657024 0.8511571395826387
2056 2002 2455 6.471978059295156 0.7613862003513322
2056 2003 2455 6.797242087788083 0.6629340163574424
2056 2004 2455 7.246964881934885 0.5663330015343803
2056 2005 2455 7.799647427928862 0.47783189424111583
2056 2006 2455 8.435075577610263 0.4001798456283358
2056 1991 2456 11.828884140103824 0.32464230660883386
2056 1992 2456 11.056152133540836 0.38114532401245804
2056 1993 2456 10.322523916174735 0.4438175779401775
2056 1994 2456 9.63693415978335 0.5104916065208386
2056 1995 2456 9.010355153932558 0.5771318877632942
2056 1996 2456 8.455915089450627 0.6376548818038865
2056 1997 2456 7.988648196034083 0.6845338586447995
2056 1998 2456 7.624598350077098 0.7104995850539874
2056 1999 2456 7.379058205489248 0.7109484265457252
2056 2000 2456 7.264055341198745 0.6857970625915741
2056 2001 2456 7.285773809280509 0.6395182252627908
2056 2002 2456 7.443016861461326 0.5793311770615268
2056 2003 2456 7.727515771578692 0.5127880164416693
2056 2004 2456 8.125915333056161 0.44603712364082887
2056 2005 2456 8.622441649555945 0.38318380004317404
2056 2006 2456 9.201222744831082 0.3264515481847903
2056 1992 2457 11.736715895002286 0.32964030354285034
2056 1993 2457 11.048370920637987 0.3761313361938941
2056 1994 2457 10.410691619676326 0.4233303718005731
2056 1995 2457 9.833539545860315 0.46804696651411
2056 1996 2457 9.328156302292458 0.5061916573633498
2056 1997 2457 8.906767090252126 0.5333801223622029
2056 1998 2457 8.581753899990265 0.5459486864252944
2056 1999 2457 8.364358911476595 0.5420453099431967
2056 2000 2457 8.26308053936289 0.5222561094820982
2056 2001 2457 8.282179664798242 0.4894018901184265
2056 2002 2457 8.42083725053497 0.4476271623916004
2056 2003 2457 8.673321163199086 0.40128331886089424
2056 1994 2458 11.220271832714152 0.3495708504707144
2056 1995 2458 10.686931271417366 0.37951138753312735
2056 1996 2458 10.223820225336429 0.4036192785480242
2056 1997 2458 9.840858702369323 0.4193873063815194
2056 1998 2458 9.547696057164673 0.4249741668777632
531 1156 1108 18.801883363110246 0.18716227063425503
531 1157 1108 18.77702899822018 0.19722752410558686
531 1158 1108 18.805393322129728 0.205681001516094
531 1159 1108 18.886736562995768 0.2121078758347329
531 1160 1108 19.02037901830563 0.2161671364143115
531 1161 1108 19.205228923394817 0.21763176329377587
531 1154 1109 18.022897047922182 0.18780895867408876
531 1155 1109 17.88549182997219 0.20213211857886668
531 1156 1109 17.803281102089066 0.2155692371509964
531 1157 1109 17.777030629438695 0.22755267667267867
531 1158 1109 17.806987898013556 0.2375020882425518
531 1159 1109 17.892870591383627 0.24488055965232683
531 1160 1109 18.03387972678095 0.249256705705148
531 1161 1109 18.22873605053298 0.2503610315327735
531 1162 1109 18.47573592580281 0.24812390536232085
531 1163 1109 18.772821258404406 0.24268570393967667
531 1164 1109 19.117657230947522 0.23437649884753892
531 1152 1110 17.49682308306289 0.18061784036501902
531 1153 1110 17.239629288357747 0.19815016386368922
531 1154 1110 17.0373360006781 0.21582162235955588
531 1155 1110 16.891915758729137 0.23308058475574717
531 1156 1110 16.8048450751562 0.2492604830556069
531 1157 1110 16.777032455115577 0.26361523707028006
531 1158 1110 16.808772055090795 0.2753799201191908
531 1159 1110 16.899728341011905 0.2838524554798889
531 1160 1110 17.04895357492655 0.28848395500549434
531 1161 1110 17.254936047403962 0.2889587150148231
531 1162 1110 17.515673495472573 0.285243741130826
531 1163 1110 17.82876378215832 0.2775940678569223
531 1164 1110 18.19150400599137 0.2665123453769973
531 1165 1110 18.600989704851724 0.2526740465689598
531 1166 1110 19.05420735690676 0.23683764797516946
531 1167 1110 19.548115459041043 0.2197596232074151
531 1150 1111 17.24682051857683 0.16692040155115354
531 1151 1111 16.867685614808053 0.18607112262215808
531 1152 1111 16.540399571957213 0.20638546938726188
531 1153 1111 16.268092020885614 0.2274998404956554
531 1154 1111 16.053560913392456 0.24888248569514007
531 1155 1111 15.899145197148234 0.26982277316373077
531 1156 1111 15.806606783241037 0.289445023009371
531 1157 1111 15.777034512226985 0.30675701821652346
531 1158 1111 15.810781701105142 0.3207379049677187
531 1159 1111 15.9074453637283 0.3304592379018989
531 1160 1111 16.06588989131946 0.3352187689753787
531 1161 1111 16.284312021083377 0.3346553391733557
531 1162 1111 16.560338704265696 0.3288123035699709
531 1163 1111 16.891146142284136 0.31812976600763615
531 1164 1111 17.273587293900476 0.3033680990774155
531 1165 1111 17.704316366355403 0.2854862155475276
531 1166 1111 18.179901484881583 0.2655080966302482
531 1167 1111 18.696920013734868 0.2444074882526565
531 1168 1111 19.252034126294273 0.2230281875152186
531 1148 1112 17.28487251905559 0.14896962940413372
531 1149 1112 16.787877114156004 0.16809992892137807
531 1150 1112 16.337038226067865 0.189147073623737
531 1151 1112 15.936273654778976 0.21201331518176023
531 1152 1112 15.58944572459208 0.23645436762702846
531 1153 1112 15.300222808835239 0.2620343067776345
531 1154 1112 15.071921509880612 0.2880853194781761
531 1155 1112 14.907341077469237 0.3136854705044431
531 1156 1112 14.808606213955501 0.3376720417470107
531 1157 1112 14.777036847758122 0.3587081795577605
531 1158 1112 14.813062411263955 0.3754123592675838
531 1159 1112 14.916193147046632 0.3865414037746804
531 1160 1112 15.085052800703108 0.39119256028583554
531 1161 1112 15.317467741111797 0.38897047019327735
531 1162 1112 15.61059954005612 0.3800653579255637
531 1163 1112 15.961103282668153 0.3652150343354446
531 1164 1112 16.36529309239526 0.3455641994479397
531 1165 1112 16.81929897468975 0.3224681193575
531 1166 1112 17.319203734583166 0.2972975833273909
531 1167 1112 17.861153882098417 0.27128807302696545
531 1168 1112 18.441442947882337 0.24545111026884833
531 1169 1112 19.056568893691196 0.22054378229134436
531 1147 1113 17.00431762817912 0.1470034551000993
531 1148 1113 16.43815129508191 0.16711784881641037
531 1149 1113 15.914735875910816 0.18965344661792718
531 1150 1113 15.438420191198405 0.21466547383621518
531 1151 1113 15.013687688239768 0.24208159481928546
531 1152 1113 14.645027074061769 0.27164163186126694
531 1153 1113 14.336764558295641 0.30282906202548066
531 1154 1113 14.092864080803512 0.33480510457025753
531 1155 1113 13.916710027876618 0.3663653922039201
531 1156 1113 13.810894902214027 0.3959482275162429
531 1157 1113 13.777039522335748 0.4217261063565071
531 1158 1113 13.815672911588527 0.44179984235226705
531 1159 1113 13.926191798190947 0.4544816737244969
531 1160 1113 14.106906748114579 0.45860726515082256
531 1161 1113 14.35516694434448 0.4537810703555491
531 1162 1113 14.667543011697639 0.4404649827528801
531 1163 1113 15.040040491966769 0.419875073521905
531 1164 1113 15.468316585847338 0.3937272918954535
531 1165 1113 15.947878166075876 0.3639245450945905
531 1166 1113 16.474247114815277 0.33227905071372976
531 1167 1113 17.043087102986924 0.3003263698925098
531 1168 1113 17.65029229219729 0.2692414432986591
531 1169 1113 18.292042477536476 0.23983559215865535
531 1170 1113 18.964831082822716 0.21260258400046075
531 1171 1113 19.665472737770592 0.18778534635118194
531 1145 1114 17.50602233518521 0.12528245761141105
531 1146 1114 16.838254600759644 0.14336165402230808
531 1147 1114 16.204715918522087 0.16403215043291233
531 1148 1114 15.609574561787483 0.1875579681639004
531 1149 1114 15.057384168573329 0.2141611257702408
531 1150 1114 14.553034666350607 0.24397607603816834
531 1151 1114 14.101660115036184 0.2769847401479185
531 1152 1114 13.708494373927508 0.31293024246947987
531 1153 1114 13.378670262772825 0.35121280421565965
531 1154 1114 13.11696679876875 0.3907817249272851
531 1155 1114 12.927521726920498 0.43005350982005375
531 1156 1114 12.813540416294058 0.4669044677020927
531 1157 1114 12.77704261556645 0.49879547434051424
531 1158 1114 12.818690182698111 0.5230687932897753
531 1159 1114 12.93772847141262 0.5373974857375422
531 1160 1114 13.132053076347223 0.5402791602562169
531 1161 1114 13.398388634459009 0.5313998351708625
531 1162 1114 13.7325459402108 0.5117142174164182
531 1163 1114 14.129714009844642 0.4832060997095989
531 1164 1114 14.584746072523846 0.44843474625402857
531 1165 1114 15.092409284140142 0.41004494103591643
531 1166 1114 15.647581857910167 0.3703882683554897
531 1167 1114 16.245393747151812 0.3313169709956145
531 1168 1114 16.881315647780507 0.2941340254910041
531 1169 1114 17.551205599616193 0.25964579680404837
531 1170 1114 18.25132373281452 0.22826225626985788
531 1171 1114 18.97832495242924 0.20010560911708394
531 1172 1114 19.72923764365968 0.17510618257949787
531 1145 1115 16.790080940841335 0.13823467641094672
531 1146 1115 16.092632413623424 0.15902057327642366
531 1147 1115 15.4285066678536 0.18299304316546242
531 1148 1115 14.802189635320945 0.21053501895376017
531 1149 1115 14.21867848993016 0.24199670535374138
531 1150 1115 13.68345051512967 0.2776385093186495
531 1151 1115 13.202379255270703 0.3175443162532461
531 1152 1115 12.781581201087839 0.3614989262924519
531 1153 1115 12.427180613477935 0.40883006726189486
531 1154 1115 12.144991477971553 0.4582311510891555
531 1155 1115 11.94013475635855 0.5076089442331421
531 1156 1115 11.816633107615775 0.5540370802389575
531 1157 1115 11.777046234094568 0.5939226004062443
531 1158 1115 11.822217135546143 0.6234695597230363
531 1159 1115 11.951184794822673 0.6394138634833795
531 1160 1115 12.16128356712401 0.6398266658880492
531 1161 1115 12.448406243371087 0.6246564317112042
531 1162 1115 12.807373579309695 0.5957440711051291
531 1163 1115 13.232339853555752 0.5563033174940676
531 1164 1115 13.71717237625888 0.5101223478777924
531 1165 1115 14.255764377963024 0.46081880758783417
531 1166 1115 14.84226458462452 0.41136011398432354
531 1167 1115 15.471225484750684 0.3638830077326192
531 1168 1115 16.13768316704721 0.31973170135908974
531 1169 1115 16.837185572416747 0.279607025798479
531 1170 1115 17.565785436467067 0.24374376424409352
531 1171 1115 18.320011408293343 0.2120702254664962
531 1172 1115 19.09682743284858 0.18433274822286133
531 1144 1116 16.860807157428837 0.13187440840783457
531 1145 1116 16.104434730843654 0.1523575115714109
531 1146 1116 15.375916818193415 0.1762366847539209
531 1147 1116 14.679401145823453 0.20403197725008826
531 1148 1116 14.019658269729783 0.2362908568831483
531 1149 1116 13.40211990694019 0.2735496864057918
531 1150 1116 12.832880346983771 0.31626482870362893
531 1151 1116 12.318637018761537 0.36469950191151473
531 1152 1116 11.866541956273611 0.4187518620433539
531 1153 1116 11.483937390982316 0.47771640046530844
531 1154 1116 11.17796126312851 0.5399929651987709
531 1155 1116 10.955036193459213 0.6028052719235788
531 1156 1116 10.820296576342127 0.6620642140194104
531 1157 1116 10.777050524146249 0.7125791145917051
531 1158 1116 10.826394506020955 0.7487986871912737
531 1159 1116 10.967078827107999 0.7660543841758901
531 1160 1116 11.19566067724457 0.7619094471056065
531 1161 1116 11.506903058599224 0.7369620109819894
531 1162 1116 11.894318727863315 0.6946419742368344
531 1163 1116 12.350741597167344 0.6401223691299472
531 1164 1116 12.868831260063969 0.5789405333774503
531 1165 1116 13.441458923792439 0.5159217321011914
531 1166 1116 14.061963518655537 0.4546538706065952
531 1167 1116 14.724293463524795 0.3974352662448547
531 1168 1116 15.42306123958531 0.34548788187508434
531 1169 1116 16.153538869238485 0.29925400761060894
531 1170 1116 16.91161784099908 0.2586712695685396
531 1171 1116 17.69375081773218 0.22338573530949277
531 1172 1116 18.496886711011612 0.1928998094457397
531 1143 1117 17.04895357492663 0.12456745232396722
531 1144 1117 16.239852770268683 0.14438088330150675
531 1145 1117 15.453116773000948 0.1676745170582367
531 1146 1117 14.692338751880282 0.19506929437019335
531 1147 1117 13.961762711062054 0.2272691855933253
531 1148 1117 13.266379234742335 0.2650468923317066
531 1149 1117 12.61201086266589 0.3092058033893561
531 1150 1117 12.005366216821637 0.36050169117579034
531 1151 1117 11.454030644275493 0.41950042596652654
531 1152 1117 10.966349346979689 0.48634201334351673
531 1153 1117 10.551152448903467 0.560383971186646
531 1154 1117 10.217280362209967 0.6397245467027824
531 1155 1117 9.972904190856404 0.7206836984623443
531 1156 1117 9.824704473926992 0.7974648628778234
531 1157 1117 9.777055691771467 0.8623897113127871
531 1158 1117 9.831419938137149 0.9071117282704741
531 1159 1117 9.986131282934371 0.9248057486167448
531 1160 1117 10.236640952968912 0.9125156990380405
531 1161 1117 10.576143815209779 0.8723105274899098
531 1162 1117 10.9964002291659 0.8104666998692343
531 1163 1117 11.488551605837861 0.7352369466925455
531 1164 1117 12.043787527185934 0.6545452399988886
531 1165 1117 12.653806462879038 0.5745740026699805
531 1166 1117 13.311078769205714 0.49937571778744455
531 1167 1117 14.008954921763397 0.43113974864029214
531 1168 1117 14.741669444130089 0.37070022451428214
531 1169 1117 15.50428385963049 0.3180297216235029
531 1170 1117 16.292600099431592 0.2726193380673556
531 1171 1117 17.103064579191592 0.23373504946103638
531 1143 1118 16.495842445901438 0.13545579896051574
531 1144 1118 15.658186932081355 0.15775187559146958
531 1145 1118 14.840647492613089 0.18417716427856795
531 1146 1118 14.046736916451556 0.21553870626610455
531 1147 1118 13.280693430691137 0.2527800345726459
531 1148 1118 12.547622005782712 0.29697825160559915
531 1149 1118 11.853641550173615 0.34931454950142715
531 1150 1118 11.206017044427611 0.4109944450380101
531 1151 1118 10.613237865986136 0.4830795520435226
531 1152 1118 10.084979821497004 0.5661753497787834
531 1153 1118 9.631864720810896 0.6599085697589733
531 1154 1118 9.264924068766097 0.7621513324710368
531 1155 1118 8.99471055676619 0.868064892819703
531 1156 1118 8.83010860635366 0.9693159823452647
531 1157 1118 8.777062036923333 1.0542339277861723
531 1158 1118 8.83757987234065 1.1098487579418375
531 1159 1118 9.009373896115111 1.1259338132037204
531 1160 1118 9.286270403127414 1.0992605911350786
531 1161 1118 9.659234855825796 1.035115440066507
531 1162 1118 10.117648837551133 0.9448581787047325
531 1163 1118 10.650484402129303 0.8414475612011091
531 1164 1118 11.247169332769886 0.7358186960559848
531 1165 1118 11.898101445188606 0.6353859065154008
531 1166 1118 12.594872686930941 0.544215006621356
531 1167 1118 13.330296995941193 0.46390594228401844
531 1168 1118 14.098326780153686 0.39452256112664663
531 1169 1118 14.893918826151781 0.33530471280811674
531 1170 1118 15.712887003984921 0.2851319170185348
531 1171 1118 16.551761779339323 0.24279323041408624
531 1143 1119 15.986207117387272 0.14692597673010982
531 1144 1119 15.120344506657355 0.1719317437296478
531 1145 1119 14.272029218019526 0.20181317103289664
531 1146 1119 13.44458322150608 0.23760879662090248
531 1147 1119 12.642104967132752 0.28056935483483014
531 1148 1119 11.869659557038796 0.3321768929580354
531 1149 1119 11.133499809134692 0.3941384917835302
531 1150 1119 10.44130346269095 0.4683230604103211
531 1151 1119 9.802388382430165 0.5565839573712262
531 1152 1119 9.227828455276011 0.6603713662194615
531 1153 1119 8.730338939583127 0.7799934071597869
531 1154 1119 8.323750236522072 0.9133738882566333
531 1155 1119 8.021896159886456 1.054295578232089
531 1156 1119 7.8368882855378805 1.1906324235407209
531 1157 1119 7.777070013829158 1.3040818601652737
531 1158 1119 7.845305475250819 1.3736685784997889
531 1159 1119 8.038334280185184 1.3836453740184682
531 1160 1119 8.347503698711375 1.3315638366308156
531 1161 1119 8.760526125752943 1.2296741682508263
531 1162 1119 9.263520820940583 1.098305397289032
531 1163 1119 9.842703795197714 0.957205564147976
531 1164 1119 10.485457453063232 0.8205418710081757
531 1165 1119 11.18082367269957 0.6962242712788581
531 1166 1119 11.91959806369321 0.5874208061888718
531 1167 1119 12.694204110537955 0.4944108071417517
531 1168 1119 13.498474654567401 0.41600175537081113
531 1169 1119 14.327414909885116 0.3504116533608987
531 1170 1119 15.17698316530654 0.2957497973167929
531 1142 1120 16.429814910704366 0.13562608839218193
531 1143 1120 15.524329872815875 0.15889458155919398
531 1144 1120 14.63115914751812 0.18682301710944402
531 1145 1120 13.75270220720288 0.22047317002350147
531 1146 1120 12.891967188912743 0.26116608316702616
531 1147 1120 12.0527514701002 0.31053879867708195
531 1148 1120 11.239876244870418 0.37060144851332494
531 1149 1120 10.459484595332704 0.4437784065037528
531 1150 1120 9.71940419984692 0.5328964107446793
531 1151 1120 9.029552480605101 0.6410417873754808
531 1152 1120 8.402310277536861 0.7711347188137062
531 1153 1120 7.8526949514164475 0.9249515928799988
531 1154 1120 7.398027980482445 1.1012017616694452
531 1155 1120 7.056686049414482 1.2923337204987888
531 1156 1120 6.845642263513394 1.48058650725284
531 1157 1120 6.777080344809303 1.6362022288405227
531 1158 1120 6.855276653790158 1.7235441795927515
531 1159 1120 7.075366986948464 1.7176512610567283
531 1160 1120 7.424743631937738 1.6203268087521565
531 1161 1120 7.886242324453376 1.45886829357103
531 1162 1120 8.441493825147276 1.2689105523274162
531 1163 1120 9.073302485864748 1.0788711589795315
531 1164 1120 9.766822308202356 0.905092927642462
531 1165 1120 10.509843861827777 0.7541612813753098
531 1166 1120 11.292600143456724 0.6268524459228908
531 1167 1120 12.107386918736784 0.5211723835568646
531 1168 1120 12.94815886525951 0.4341430907511301
531 1169 1120 13.810170817191157 0.36269458811540956
531 1170 1120 14.68968406739907 0.30404484355616956
531 1142 1121 16.0432171960615 0.14556744430504215
531 1143 1121 15.114589574315383 0.17124241498177567
531 1144 1121 14.195661943002273 0.20227780957221028
531 1145 1121 13.288446786588825 0.23997648617351136
531 1146 1121 12.395516044118642 0.2859961261441112
531 1147 1121 11.520191751876462 0.34244772471057006
531 1148 1121 10.666809176131457 0.41201280932966217
531 1149 1121 9.841078091347617 0.49806892678303505
531 1150 1121 9.050570037296096 0.6047890016257027
531 1151 1121 8.305348758480987 0.7371244054013
531 1152 1121 7.618714983512737 0.9004594662493033
531 1153 1121 7.0079111010344075 1.099480362142544
531 1154 1121 6.494368175581139 1.335394256400129
531 1155 1121 6.102689407138535 1.6002820418953352
531 1156 1121 5.857372960636935 1.8683286068504867
531 1157 1121 5.777094252303704 2.0891120095670295
531 1158 1121 5.86862999344824 2.198182040833651
531 1159 1121 6.124281019025833 2.154897818993634
531 1160 1121 6.5247849006691325 1.9761259702930067
531 1161 1121 7.045482098479827 1.721461365007258
531 1162 1121 7.661906942791691 1.4505754176033119
531 1163 1121 8.352892792320473 1.1999668667938155
531 1164 1121 9.101473397203286 0.984323372880888
531 1165 1121 9.894585286913188 0.8055875083916628
531 1166 1121 10.722351327950355 0.6601348328896178
531 1167 1121 11.57734071365262 0.5426791170916601
531 1168 1121 12.453947888119588 0.44800157372838284
531 1169 1121 13.347914368919144 0.3715685454190159
531 1170 1121 14.255974817598338 0.30965731052491247
531 1171 1121 15.17559942802912 0.25929209906554423
531 1142 1122 15.71085032708298 0.15564208548218034
531 1143 1122 14.761328463251646 0.18381012498568333
531 1144 1122 13.818929698062835 0.2180900967594997
531 1145 1122 12.885217033484643 0.2600574585977297
531 1146 1122 11.962224625879694 0.3117592599539225
531 1147 1122 11.05263850851924 0.3758700577293787
531 1148 1122 10.160059940768173 0.45589746161757316
531 1149 1122 9.289392768098569 0.5564431353012355
531 1150 1122 8.447414870834852 0.6835061293880439
531 1151 1122 7.643612889203743 0.8447561701148997
531 1152 1122 6.89135821155753 1.0495404411191176
531 1153 1122 6.209413659920009 1.3079675213059128
531 1154 1122 5.6234169327910415 1.6274469739724051
531 1155 1122 5.166122143348994 2.0033510991695254
531 1156 1122 4.873891463707476 2.3998384132950217
531 1157 1122 4.777113982311958 2.7274858550948955
531 1158 1122 4.887414244771995 2.859816764104295
531 1159 1122 5.191610347474088 2.7299672250158618
531 1160 1122 5.658517296960381 2.4036350945316296
531 1161 1122 6.251785185049117 2.0072928880839895
531 1162 1122 6.939079045521778 1.6309345273733244
531 1163 1122 7.6952464547926756 1.310838644773833
531 1164 1122 8.501930251419324 1.0518310737690295
531 1165 1122 9.346058955516964 0.8465625151260058
531 1166 1122 10.218356912928744 0.6849278756508115
531 1167 1122 11.112192312950603 0.5575654500462897
531 1168 1122 12.022762494535032 0.4567880713411855
531 1169 1122 12.946536911467796 0.37658124796228803
531 1170 1122 13.880879583081105 0.3123309475211812
531 1171 1122 14.823792294821109 0.2605200520774067
531 1142 1123 15.436217736220337 0.16569743528244738
531 1143 1123 14.468684045206153 0.1963955421389929
531 1144 1123 13.505880867237165 0.23399025018768202
531 1145 1123 12.54889708301103 0.2803545637178859
531 1146 1123 11.599173160187 0.3379692490370183
531 1147 1123 10.658649914506166 0.4101526100372086
531 1148 1123 9.729995786227356 0.501386147889237
531 1149 1123 8.816961948426561 0.6177738937648846
531 1150 1123 7.924949085010054 0.767676124761227
531 1151 1123 7.06192735731553 0.9625295416477047
531 1152 1123 6.239937339429083 1.2177206048965543
531 1153 1123 5.4774828160388696 1.5528450358810737
531 1154 1123 4.803000936914432 1.9889559258571303
531 1155 1123 4.258499500998059 2.5355210802526016
531 1156 1123 3.898822642798787 3.1506636252588183
531 1157 1123 3.7771441592822907 3.6685631951728874
531 1158 1123 3.9157142388075417 3.8119244501626355
531 1159 1123 4.2893843381072685 3.477822463543888
531 1160 1123 4.844049752015325 2.8880094937272873
531 1161 1123 5.525469934765688 2.290701639921697
531 1162 1123 6.292600257445195 1.7902778849691134
531 1163 1123 7.117781817392209 1.3993861261385485
531 1164 1123 7.983033132838605 1.1008211072568688
531 1165 1123 8.876644523692427 0.87341138163207
531 1166 1123 9.790853793209179 0.6992775467734313
531 1167 1123 10.72039262340696 0.5648043006436378
531 1168 1123 11.661595859915492 0.4599712247374098
531 1169 1123 12.611852282674342 0.37746599366860395
531 1170 1123 13.569260038778747 0.3119399853047883
531 1171 1123 14.532405788443894 0.2594530176439284
531 1172 1123 15.500219933923434 0.21707587718363203
531 1141 1124 16.206690531999534 0.1483975959987367
531 1142 1124 15.222444547443857 0.17555229369220904
531 1143 1124 14.240393885002023 0.2087537345022645
531 1144 1124 13.261026280043442 0.24964360028587002
531 1145 1124 12.284983435072373 0.30040543765586253
531 1146 1124 11.313125916385903 0.36398030735847914
531 1147 1124 10.346633172196752 0.44438435773573737
531 1148 1124 9.387162404049587 0.5471839826909579
531 1149 1124 8.437109576152357 0.6802173264574128
531 1150 1124 7.500054533135183 0.8547017311553616
531 1151 1124 6.581551336881101 1.0869335641498625
531 1152 1124 5.690590303299054 1.4008220555290927
531 1153 1124 4.842397959689086 1.8312297733900817
531 1154 1124 4.063842762706356 2.4262214957819053
531 1155 1124 3.403060093504173 3.237162670854443
531 1156 1124 2.940547227983328 4.249593198990357
531 1157 1124 2.777196067979399 5.149894142018687
531 1158 1124 2.9629070184533366 5.226179697043669
531 1159 1124 3.441630137013541 4.396802863587854
531 1160 1124 4.112276498485923 3.369946990176269
531 1161 1124 4.896612910982392 2.526382268339444
531 1162 1124 5.748288266953846 1.9037971191304266
531 1163 1124 6.64144698089197 1.4534141162142153
531 1164 1124 7.561403176659664 1.12552310304328
531 1165 1124 8.499459865191357 0.8834534961717088
531 1166 1124 9.45022846284673 0.7019673734442784
531 1167 1124 10.410226606563292 0.5638713674366883
531 1168 1124 11.377118176409967 0.4573524857829835
531 1169 1124 12.349284108805575 0.3741748588637488
531 1170 1124 13.325570081613684 0.3085029648979101
531 1171 1124 14.305132575407944 0.2561356424606413
531 1172 1124 15.287341757153115 0.21400257294438402
531 1141 1125 16.065578669939136 0.15600174173434758
531 1142 1125 15.072120554188887 0.18499987832737178
531 1143 1125 14.079588701379132 0.22060085556440956
531 1144 1125 13.088193840251707 0.26465500057121044
531 1145 1125 12.09821548824464 0.31965148986086767
531 1146 1125 11.110032313184437 0.38898952219490013
531 1147 1125 10.124169990670945 0.4773903081141742
531 1148 1125 9.141379436387155 0.5915386500745934
531 1149 1125 8.162770240549573 0.7411100260213728
531 1150 1125 7.190049930285708 0.9404658428498118
531 1151 1125 6.225979280402507 1.2115449669907987
531 1152 1125 5.275302645346628 1.5889574005332463
531 1153 1125 4.346816996378032 2.1291532592741294
531 1154 1125 3.4584415565396993 2.926470256536022
531 1155 1125 2.6508145917812778 4.133683057818395
531 1156 1125 2.02307142731055 5.913392218279054
531 1157 1125 1.777306388893077 7.748088163912088
531 1158 1125 2.055436206745408 7.322736408184661
531 1159 1125 2.7001514772322968 5.33122308977078
531 1160 1125 3.5152265929808224 3.7250924118210986
531 1161 1125 4.407132627911187 2.6578318089906228
531 1162 1125 5.3374917330145975 1.9489538498929697
531 1163 1125 6.289262118881592 1.4642748057943153
531 1164 1125 7.25402081607151 1.1227441456341856
531 1165 1125 8.22719988817572 0.8756287575246606
531 1166 1125 9.20612937123949 0.6927621955236297
531 1167 1125 10.189151976489416 0.5548351463486945
531 1168 1125 11.175187604689148 0.4490954335716526
531 1169 1125 12.163503524889439 0.36688481959248054
531 1170 1125 13.153585746859964 0.30218067515466684
531 1171 1125 14.145063379143885 0.2507042106946704
531 1172 1125 15.1376622369505 0.20935871067050563
531 1140 1126 16.98478195326638 0.1380003542325987
531 1141 1126 15.98589434470287 0.1631149125260156
531 1142 1126 14.987155100285145 0.1938137741321046
531 1143 1126 13.988595998169467 0.23162270662975443
531 1144 1126 12.990258580952213 0.2785811991766529
531 1145 1126 11.992198213838964 0.33745574022858366
531 1146 1126 10.994490347442314 0.41206219278574296
531 1147 1126 9.997240519263405 0.5077659531834823
531 1148 1126 9.00060097993472 0.6322817779123743
531 1149 1126 8.004799685188983 0.7969990938313195
531 1150 1126 7.010193863225284 1.0192730049884704
531 1151 1126 6.01737633857159 1.326593075596551
531 1152 1126 5.02740668734896 1.7646648005516525
531 1153 1126 4.042377765622709 2.4143764228512894
531 1154 1126 3.067053635005532 3.4312353549791146
531 1155 1126 2.114903780317311 5.1492096349908625
531 1156 1126 1.2404910318096853 8.372538029939085
531 1157 1126 0.7777004564741243 13.484968481843595
531 1158 1126 1.2926012532872868 9.698743999478722
531 1159 1126 2.176423212520871 5.822809574919444
531 1160 1126 3.13094522468846 3.8071891474325374
531 1161 1126 4.107166663284955 2.6448895332088314
531 1162 1126 5.092623881654631 1.915553346206585
531 1163 1126 6.0828297691123066 1.430113674876055
531 1164 1126 7.075790980519328 1.0928531834161763
531 1165 1126 8.07049056749331 0.8507659164043783
531 1166 1126 9.066356379494373 0.6724574095292408
531 1167 1126 10.06304218415078 0.5383449403612794
531 1168 1126 11.060326306217096 0.43570157142302957
531 1169 1126 12.058060291771547 0.3559753802387416
531 1170 1126 13.05614100720414 0.29325861282905746
531 1171 1126 14.054494583584189 0.2433736957714682
531 1140 1127 16.96846539908672 0.14327730186469484
531 1141 1127 15.968557167133264 0.1695646355354526
531 1142 1127 14.968661195978848 0.20175701127603057
531 1143 1127 13.96878011853586 0.24148850203186797
531 1144 1127 12.968917379642857 0.29095210660905724
531 1145 1127 11.969077575151827 0.3531363419033546
531 1146 1127 10.969266976421084 0.4321857838279936
531 1147 1127 9.969494370328013 0.5339659296042344
531 1148 1127 8.969772460882258 0.6669773358977317
531 1149 1127 7.970120325315142 0.8438930897732101
531 1150 1127 6.970567982596637 1.0842679697320308
531 1151 1127 5.971165547864265 1.419595526909191
531 1152 1127 4.972003419146145 1.9034673888992066
531 1153 1127 3.9732628908745466 2.6340682457919886
531 1154 1127 2.975368548600419 3.811254653601346
531 1155 1127 1.9796004647403898 5.914853273018812
531 1156 1127 0.9923799675528373 10.510922530225406
531 1157 1127 0.22542848089798692 21.679271787076015
531 1158 1127 1.056796101431008 9.426838995893917
531 1159 1127 2.0451938783400414 5.469900022731726
531 1160 1127 3.0411869393378934 3.5748157785966277
531 1161 1127 4.0391605563531625 2.491805245575752
531 1162 1127 5.0379378717883165 1.811205823931566
531 1163 1127 6.037120008745792 1.3566314411176525
531 1164 1127 7.036534516365183 1.0396629240425934
531 1165 1127 8.036094698297077 0.8113718165081457
531 1166 1127 9.035752209971132 0.6427151584122036
531 1167 1127 10.0354779656974 0.515520646151653
531 1168 1127 11.035253418023432 0.4179390602936056
531 1169 1127 12.035066181787188 0.34198279742423876
531 1170 1127 13.034907671326154 0.28211739636382643
531 1140 1128 17.011020486731628 0.14791669144275266
531 1141 1128 16.01376963740902 0.17517942444821086
531 1142 1128 15.016884430533613 0.20859407732426624
531 1143 1128 14.020442860337996 0.2498695847661961
531 1144 1128 13.024546748351838 0.30130068543567246
531 1145 1128 12.029331569127283 0.3660156733161086
531 1146 1128 11.03498155866162 0.44835318118010514
531 1147 1128 10.041753731296234 0.5544505243565724
531 1148 1128 9.050017569043812 0.6931907560330968
531 1149 1128 8.060323690770828 0.8777819394843743
531 1150 1128 7.073529387795124 1.1285017627421277
531 1151 1128 6.091044081272197 1.4777042889136278
531 1152 1128 5.1153512098389555 1.9794815649328756
531 1153 1128 4.151242946395775 2.7294854226151557
531 1154 1128 3.209177153103343 3.9075110012510823
531 1155 1128 2.316207676353802 5.858892054947966
531 1156 1128 1.5591080783576499 8.950587891135717
531 1157 1128 1.223445135672167 10.111777444062751
531 1158 1128 1.6008803827893232 6.975024351493094
531 1159 1128 2.3725130136628323 4.572872421959048
531 1160 1128 3.270293259021169 3.1376039139890435
531 1161 1128 4.214358551428568 2.2439807682925883
531 1162 1128 5.179461168886094 1.6571993173020636
531 1163 1128 6.155714255876299 1.2548148157289796
531 1164 1128 7.138544529524104 0.9692763028872398
531 1165 1128 8.125565703383261 0.7610373094514087
531 1166 1128 9.11541650172926 0.605747863538654
531 1167 1128 10.107265604504411 0.4877777635703333
531 1168 1128 11.10057737237112 0.39674243321829294
531 1169 1128 12.094991442741808 0.32554069164407756
531 1140 1129 17.112008006075826 0.15179865846333868
531 1141 1129 16.121005489733044 0.17979801756961025
531 1142 1129 15.131186932954162 0.21410514256520724
531 1143 1129 14.142800924852283 0.25646185769081564
531 1144 1129 13.156170339426378 0.30919928880419395
531 1145 1129 12.17172206386599 0.3754810593274473
531 1146 1129 11.190032082170362 0.4596678705829316
531 1147 1129 10.2118959062459 0.5678757223352205
531 1148 1129 9.238442401184388 0.7088500692466169
531 1149 1129 8.271325044997408 0.8953664271550025
531 1150 1129 7.313058047082709 1.1465211618531845
531 1151 1129 6.367638337719957 1.4915188498485723
531 1152 1129 5.441766073619922 1.975795977881536
531 1153 1129 4.547396837752406 2.6695299982438514
531 1154 1129 3.707400436963937 3.669949074411783
531 1155 1129 2.9683022083339483 5.032834553885407
531 1156 1129 2.4242149244652373 6.355628408096421
531 1157 1129 2.223244925778489 6.3266004436323815
531 1158 1129 2.4512890486435097 4.985062613044835
531 1159 1129 3.01244385839793 3.6321303962626597
531 1160 1129 3.7604279011834825 2.643101082904918
531 1161 1129 4.605086101257935 1.9574772850699862
531 1162 1129 5.5020739726033145 1.4785976368167015
531 1163 1129 6.429527043258984 1.13720557715718
531 1164 1129 7.375962174523296 0.8885086778518284
531 1165 1129 8.334915596453166 0.7037066459102772
531 1166 1129 9.302516756233123 0.563954429751693
531 1167 1129 10.276323175143814 0.4566351903730784
531 1168 1129 11.254724252508261 0.37310592546407484
531 1141 1130 16.2890398120946 0.1832792402532719
531 1142 1130 15.3100887652555 0.21810122814414754
531 1143 1130 14.334044021140805 0.26100965797218606
531 1144 1130 13.361542500774462 0.3142982347402721
531 1145 1130 12.393418333938465 0.38104898161210593
531 1146 1130 11.430783787649991 0.46545454252106394
531 1147 1130 10.475152409392509 0.5732914304746941
531 1148 1130 9.528631486210466 0.7126179962322012
531 1149 1130 8.594231670137901 0.8947957814112225
531 1150 1130 7.676380527305892 1.1359279994786626
531 1151 1130 6.781800498392804 1.4586404116890448
531 1152 1130 5.921048724677132 1.8932777998455712
531 1153 1130 5.111244271212294 2.4741577336838247
531 1154 1130 4.380732587136574 3.21472215274288
531 1155 1130 3.7758201758028815 4.019717051912705
531 1156 1130 3.364939523973634 4.539309880586305
531 1157 1130 3.2231689375519412 4.364994773861212
531 1158 1130 3.3844967129544554 3.651169414101667
531 1159 1130 3.8106191098034605 2.8510697306265596
531 1160 1130 4.425699718688461 2.182976999337862
531 1161 1130 5.162636729424115 1.6743245244639058
531 1162 1130 5.97652223287078 1.296152181690517
531 1163 1130 6.839942836018334 1.0148078764629176
531 1164 1130 7.736331042554884 0.8035610009915863
531 1165 1130 8.655450190486809 0.6430552873692493
531 1166 1130 9.590767331136647 0.5196070884938601
531 1167 1130 10.53797029792729 0.4235482544135408
531 1142 1131 15.551360647866238 0.2204386111229701
531 1143 1131 14.591463874471348 0.2633279983050736
531 1144 1131 13.637331777147692 0.31636086419768567
531 1145 1131 12.69026469385103 0.3824215721273026
531 1146 1131 11.751970813442389 0.4653522337984179
531 1147 1131 10.824731774967987 0.570298490479
531 1148 1131 9.91165061934698 0.7041613830475214
531 1149 1131 9.017029333433555 0.8761315866986361
531 1150 1131 8.146951454378565 1.0981447379645
531 1151 1131 7.310185907348787 1.3846733588947522
531 1152 1131 6.519571918462178 1.7500858453200787
531 1153 1131 5.794032965042606 2.198951912528145
531 1154 1131 5.1610869010316245 2.700454185318748
531 1155 1131 4.658628338899769 3.1453488822389453
531 1156 1131 4.332299389469733 3.344439717262873
531 1157 1131 4.22312893480647 3.1792153568961754
531 1158 1131 4.347507101776768 2.749591768693171
531 1159 1131 4.686877211960991 2.2471821612126024
531 1160 1131 5.199309377215308 1.7908278407114107
531 1161 1131 5.83941932044607 1.4170642298605416
531 1162 1131 6.569993759509871 1.1233316508683167
531 1163 1131 7.3641576571932825 0.8956201206552242
531 1164 1131 8.203463780623295 0.7192837448841314
531 1165 1131 9.075396299886746 0.5821069029291066
531 1166 1131 9.971400002005629 0.4746438649298499
531 1167 1131 10.885532508793387 0.38979184362892705
531 1144 1132 13.979371158961412 0.3152889781203506
531 1145 1132 13.057136669270255 0.37952385212691714
531 1146 1132 12.147214413189621 0.45936741893217614
531 1147 1132 11.252591612602028 0.5591186333729881
531 1148 1132 10.37722592989096 0.6842217508961157
531 1149 1132 9.526427347122379 0.8413317889335621
531 1150 1132 8.7074001860487 1.0379546741112133
531 1151 1132 7.929994829758764 1.280944276879623
531 1152 1132 7.207691586076677 1.5723561781246875
531 1153 1132 6.5587207594164525 1.9003119314780215
531 1154 1132 6.006897535333871 2.224234228972691
531 1155 1132 5.581112613090685 2.4654771921870475
531 1156 1132 5.311762231124407 2.534341352181976
531 1157 1132 5.22310424939035 2.399703916637032
531 1158 1132 5.324172987422492 2.1200567830763712
531 1159 1132 5.604713908844871 1.7878573332591787
531 1160 1132 6.0397696975960065 1.4694118902859927
531 1161 1132 6.5988497482514905 1.193885816518346
531 1162 1132 7.253331510416339 0.9670616540983272
531 1163 1132 7.97977556075347 0.7845540427690141
531 1164 1132 8.76029782598732 0.6390012523734735
531 1165 1132 9.581691813035837 0.5230939037580823
531 1166 1132 10.434309656129521 0.4305739785633267
531 1144 1133 14.382934957789457 0.3111337857451427
531 1145 1133 13.488321541244552 0.3725133908602451
531 1146 1133 12.609552648686693 0.44787303803589856
531 1147 1133 11.750183743244248 0.5405553335972916
531 1148 1133 10.914798119983768 0.6544601148365303
531 1149 1133 10.1093431042774 0.7937622272241824
531 1150 1133 9.34156400181473 0.9620799775050892
531 1151 1133 8.621532230410127 1.1605511229933838
531 1152 1133 7.962211878617676 1.384079446697906
531 1153 1133 7.379892817649877 1.6155202585150432
531 1154 1133 6.894114736498083 1.820382389501918
531 1155 1133 6.526470562256436 1.9504006393461875
531 1156 1133 6.2976835423828375 1.9648511011698155
531 1157 1133 6.223087497376158 1.8586824639806692
531 1158 1133 6.30815488078719 1.6665368160294194
531 1159 1133 6.546664646978571 1.4374827382347886
531 1160 1133 6.922775310523869 1.2100508945811228
531 1161 1133 7.415579410942793 1.0050427338128818
531 1162 1133 8.003550337194017 0.8297506932746141
531 1163 1133 8.667342037787494 0.6840564068735748
531 1164 1133 9.390890160149786 0.5646869398106259
531 1165 1133 10.161437791966149 0.46749278042029097
531 1145 1134 13.977868864744787 0.3617601394419496
531 1146 1134 13.131900776353799 0.431553724623106
531 1147 1134 12.309054309734819 0.5158580124434035
531 1148 1134 11.514287559376008 0.6171342505511286
531 1149 1134 10.75382806260175 0.7374515487449333
531 1150 1134 10.035477965697535 0.8775305148019971
531 1151 1134 9.36892832718879 1.0350330528021132
531 1152 1134 8.766003536389906 1.2020083968510296
531 1153 1134 8.240680675769456 1.3622143212760383
531 1154 1134 7.808637397139142 1.4907798726174055
531 1155 1134 7.486041544100577 1.560006623898005
531 1156 1134 7.287442486908528 1.5517933887674153
531 1157 1134 7.223075383795974 1.4684106861803274
531 1158 1134 7.2964935414210546 1.3310467738266532
531 1159 1134 7.503653643392595 1.1676754763956916
531 1160 1134 7.8339528974840515 1.0016205095389477
531 1161 1134 8.272654833848598 0.8472671962771072
531 1162 1134 8.803568481019408 0.7111797223298085
531 1163 1134 9.411100785774115 0.5948864465181998
531 1164 1134 10.081409524466208 0.49727942555480975
531 1165 1134 10.802815281212476 0.41615115899543115
531 1145 1135 14.5198766523687 0.34780108726393355
531 1146 1135 13.70740011818439 0.41131166289836596
531 1147 1135 12.921254505658545 0.4865304299556681
531 1148 1135 12.166545031355493 0.5747182988408155
531 1149 1135 11.44948985763125 0.6763702256867234
531 1150 1135 10.777607248364577 0.7903713526377149
531 1151 1135 10.159863089628741 0.9127746330427714
531 1152 1135 9.606706927974864 1.0354294907293913
531 1153 1135 9.129885979572805 1.1452705067604891
531 1154 1135 8.741900136697963 1.225725538040741
531 1155 1135 8.454987758713768 1.261359467117728
531 1156 1135 8.279662915843826 1.2443726217776006
531 1157 1135 8.223066216442579 1.1785593240414491
531 1158 1135 8.287630421296493 1.0773292647246941
531 1159 1135 8.470585457924315 0.9575436586327639
531 1160 1135 8.764520409012617 0.833854486763143
531 1161 1135 9.15875635662389 0.7161774263796219
531 1162 1135 9.640996732703435 0.6098264742729793
531 1163 1135 10.198765513531434 0.5167795335640363
531 1164 1135 10.820388994855865 0.43700428517131795
531 1144 1136 15.912473660622403 0.2826965539441142
531 1145 1136 15.108700076446073 0.3312796185557081
531 1146 1136 14.329648216198517 0.38815581103593577
531 1147 1136 13.579573557369214 0.45413377079325046
531 1148 1136 12.863546089628667 0.529570346110362
531 1149 1136 12.18756817416833 0.61392696899521
531 1150 1136 11.558668521936278 0.7051430693000696
531 1151 1136 10.98493595793805 0.7989078315378711
531 1152 1136 10.475438797491979 0.8881222748084261
531 1153 1136 10.03996105570136 0.9631220728485973
531 1154 1136 9.688488943070523 1.0133028131507353
531 1155 1136 9.430419820983559 1.030184127575869
531 1156 1136 9.273554766107729 1.0106492134126601
531 1157 1136 9.223059037000642 0.9582925060638378
531 1158 1136 9.280669049157986 0.8818726760834227
531 1159 1136 9.444406704499695 0.792015830485043
531 1160 1136 9.708904057616317 0.6982320380635048
531 1161 1136 10.066221634754443 0.6074079260812546
531 1162 1136 10.506893832146503 0.5236641758369104
531 1163 1136 11.020926367597145 0.4489238612658206
531 1143 1137 17.308576429042393 0.2315495251424472
531 1144 1137 16.512202094209048 0.2692122949090832
531 1145 1137 15.739085678653684 0.3128813803549638
531 1146 1137 14.992825550909384 0.3630972521220337
531 1147 1137 14.277633487381621 0.4201251040371303
531 1148 1137 13.598412333798416 0.4837092657300484
531 1149 1137 12.960818569828092 0.5527335715358584
531 1150 1137 12.371290070158427 0.624818880840698
531 1151 1137 11.837010517863042 0.6959721123080883
531 1152 1137 11.365773972765783 0.7605203433505913
531 1153 1137 10.965711012059359 0.8116435785031961
531 1154 1137 10.644849364833666 0.8426978087161963
531 1155 1137 10.410514780739687 0.8490730344188298
531 1156 1137 10.268632723006471 0.829767032318698
531 1157 1137 10.223053262112993 0.7877559657646354
531 1158 1137 10.275058053363928 0.7289231057050538
531 1159 1137 10.423186556902774 0.6602137221724735
531 1160 1137 10.663433687138422 0.5879791787263727
531 1161 1137 10.989759688000385 0.5170595537359867
531 1162 1137 11.394771520306941 0.4505939703416773
531 1163 1137 11.870417768553807 0.39026811363174074
531 1142 1138 18.7074000865968 0.19097966528930205
531 1143 1138 17.917388704830895 0.2205207893100577
531 1144 1138 17.149309548783634 0.25449535708703375
531 1145 1138 16.406243262855803 0.2932770070931753
531 1146 1138 15.691743625231748 0.33706687641996735
531 1147 1138 15.009890672486625 0.3857516733754686
531 1148 1138 14.365333897964252 0.43871086679863996
531 1149 1138 13.763314208431071 0.4945857204959072
531 1150 1138 13.209648670574111 0.5510581586326434
531 1151 1138 12.710657654110593 0.604740177233188
531 1152 1138 12.273011773806786 0.6513229061313645
531 1153 1138 11.903479239281253 0.6861228632048739
531 1154 1138 11.60856657817836 0.7050243687232205
531 1155 1138 11.394069422291556 0.7055592245041712
531 1156 1138 11.26458246008254 0.6876551394188961
531 1157 1138 11.223048516334545 0.6536587291434048
531 1158 1138 11.270440009156644 0.6076202400947945
531 1159 1138 11.40564851290792 0.5542191717409158
531 1160 1138 11.62561043558567 0.49780445663118905
531 1161 1138 11.925637006047024 0.4418236370183647
531 1142 1139 19.323892413279523 0.18192997353849308
531 1143 1139 18.560140570588405 0.2086690490033501
531 1144 1139 17.8197872602341 0.2390002404241518
531 1145 1139 17.105870863536918 0.27307837770211585
531 1146 1139 16.421839665518633 0.3108624619061649
531 1147 1139 15.771582609237441 0.35200185729795386
531 1148 1139 15.159446493853286 0.395699172214569
531 1149 1139 14.59023022436591 0.4405711612886068
531 1150 1139 14.069144181505864 0.4845532936463691
531 1151 1139 13.601721141090936 0.5249197006928535
531 1142 1140 19.971450072541096 0.17232325113040545
531 1143 1140 19.233429699354236 0.196308332961782
531 1144 1140 18.52001128509379 0.22313910250878893
531 1145 1140 17.834147526585095 0.2528108694301538
531 1146 1140 17.179139035469763 0.2851242371498725
531 1147 1140 16.55864783126934 0.3196011991640249
531 1148 1140 15.976696091495283 0.3553967339068757
531 1149 1140 15.437642890026975 0.39122754171559804
531 1150 1140 14.946130536028388 0.4253532792911847
531 1142 1141 20.647150360279788 0.1623802626461416
531 1143 1141 19.934162084221185 0.1837222402924681
531 1144 1141 19.24673525562196 0.20726663102355883
531 1145 1141 18.587706098386672 0.23290063503670472
531 1146 1141 17.96020094542377 0.2603331144666509
531 1147 1141 17.367637087410618 0.28903756831087296
531 1148 1141 16.813709227889024 0.3182015054882098
531 1149 1141 16.302356210069767 0.3467001538942038
531 1150 1141 15.837702421752978 0.3731184560459208
531 1141 1142 22.060934205060352 0.13516887893955587
531 1142 1142 21.348321198632966 0.15229982697466635
531 1143 1142 20.659545445144754 0.17115541330305403
531 1144 1142 19.997070235412018 0.19167317689646243
531 1145 1142 19.363595172384727 0.21367386852952733
531 1146 1142 18.7620579361647 0.23682406781257057
531 1147 1142 18.195626342613235 0.2606008335829334
531 1148 1142 17.66767721009189 0.2842677554764638
531 1149 1142 17.18175829186292 0.3068755150235234
531 1150 1142 16.741529738945605 0.3273014603621458
531 1142 1143 22.072535377704156 0.14225387122308095
531 1143 1143 21.407074017716695 0.15880971950593453
531 1144 1143 20.768457285027242 0.17658450243375207
531 1145 1143 20.15923654308369 0.19536430118266082
531 1146 1143 19.58215560146535 0.2148076571517227
531 1147 1143 19.04013702681786 0.23442630710753587
531 1148 1143 18.536256849752604 0.25357853017513676
531 1149 1143 18.073705154173567 0.2714837907921478
531 1150 1143 17.655730457842857 0.287266466582581
531 1142 1144 22.817598865787815 0.13238525536745777
531 1143 1144 22.17450829218094 0.1468442194032098
531 1144 1144 21.558636737975828 0.16216617577971057
531 1145 1144 20.972382268116345 0.17812539725215645
531 1146 1144 20.418296158102923 0.19439432326594502
531 1147 1144 19.899065756964582 0.21053539085817408
531 1148 1144 19.41748742757415 0.22600459100849596
531 1149 1144 18.976427956809996 0.2401719934432798
531 1143 1145 22.959852307887374 0.13537784556630872
531 1144 1145 22.365616870544862 0.1485307484043031
531 1145 1145 21.801073780894388 0.16204444174419885
531 1146 1145 21.268587588272066 0.17561792027423084
531 1147 1145 20.77062391937229 0.18887021352857722
531 1148 1145 20.309722253147633 0.20134923417897171
1253 793 1734 13.515603131196263 0.3107735968587869
1253 794 1734 13.305469852658428 0.3245946158797762
1253 795 1734 13.168125455052527 0.3338042116708489
1253 791 1735 13.218907973051405 0.32075221723233927
1253 792 1735 12.849261768677687 0.3468884484078316
1253 793 1735 12.548606615875807 0.3700135742441943
1253 794 1735 12.321993669857248 0.38854049621494907
1253 795 1735 12.173558559435369 0.4010139464738301
1253 796 1735 12.106177266172924 0.40635834346709104
1253 797 1735 12.121201590601578 0.4040886348131153
1253 798 1735 12.218327545126716 0.3944126102541178
1253 790 1736 12.773861123403597 0.3416815412613211
1253 791 1736 12.309976766834364 0.37750546638532695
1253 792 1736 11.912158830371673 0.41197272228668175
1253 793 1736 11.587213987840299 0.44297233546302217
1253 794 1736 11.341407672771574 0.46816987939910615
1253 795 1736 11.179961001720978 0.4853437655603592
1253 796 1736 11.106553380774882 0.4928050386485181
1253 797 1736 11.122928031773018 0.48977436872984925
1253 798 1736 11.22869217674089 0.47657168152113255
1253 799 1736 11.42136279084077 0.4545371496838384
1253 788 1737 13.085852207632545 0.3108901856414618
1253 789 1737 12.47411431725722 0.3533748964626231
1253 790 1737 11.915012715058326 0.39870399475866425
1253 791 1737 11.416283458288937 0.44542279547789904
1253 792 1737 10.98615164650487 0.49131478299159476
1253 793 1737 10.632945405672018 0.5334138881830647
1253 794 1737 10.364532213274352 0.5682441881368855
1253 795 1737 10.187616404243034 0.5923396146357371
1253 796 1737 10.107003908181781 0.6029704440661073
1253 797 1737 10.1249952098755 0.5988426287482858
1253 798 1737 10.241070647154126 0.5804652616949973
1253 799 1737 10.451962877852269 0.5500033494227093
1253 800 1737 10.752094121611934 0.5106908021094043
1253 801 1737 11.134250221725841 0.4660791904290737
1253 787 1738 13.025802393710775 0.3065536545286748
1253 788 1738 12.330268772415359 0.3541358029552114
1253 789 1738 11.67902084936924 0.4072968126316126
1253 790 1738 11.079870396353986 0.4653216498731114
1253 791 1738 10.541704226547122 0.5265865555765238
1253 792 1738 10.074300372730677 0.5882749838704653
1253 793 1738 9.687906275351837 0.6462476927219606
1253 794 1738 9.39252511308868 0.6952774408659916
1253 795 1738 9.196930357461754 0.7298298461538868
1253 796 1738 9.107553348732118 0.7453448318576382
1253 797 1738 9.127514886320462 0.7395885298308185
1253 798 1738 9.256107605251879 0.7134034925207245
1253 799 1738 9.48891606033069 0.6704192297946678
1253 800 1738 9.818529828849213 0.6158967762186168
1253 801 1738 10.235601008245768 0.5553382919600441
1253 802 1738 10.729936066911202 0.4934467100783599
1253 786 1739 13.118823422853175 0.2937780357495336
1253 787 1739 12.347774212383428 0.3438494722061276
1253 788 1739 11.611697894795627 0.4018774571676416
1253 789 1739 10.917670447490217 0.4682160008888066
1253 790 1739 10.274216661137785 0.5425051166561045
1253 791 1739 9.691415170139047 0.6231714991699633
1253 792 1739 9.180823928166866 0.7068370226679419
1253 793 1739 8.755085836244058 0.7878395042685349
1253 794 1739 8.427071140081907 0.8582801393433662
1253 795 1739 8.208503395869517 0.909109289525955
1253 796 1739 8.10823827967589 0.9324140027309258
1253 797 1739 8.130653602263564 0.924154259917347
1253 798 1739 8.274752443427024 0.8857923690913434
1253 799 1739 8.534373322043132 0.8236860288211891
1253 800 1739 8.899411665947449 0.7466803716526592
1253 801 1739 9.35753856524255 0.6634435871119203
1253 802 1739 9.895833870877262 0.580775636832704
1253 803 1739 10.501977337625599 0.5031168784747075
1253 786 1740 12.525954175231558 0.3240221604260413
1253 787 1740 11.715951860604454 0.383340772685142
1253 788 1740 10.937436994104285 0.4535744350868039
1253 789 1740 10.197623644751802 0.5358885174018527
1253 790 1740 9.505552482628302 0.6307419560265511
1253 791 1740 8.8724026058335 0.7371210522251818
1253 792 1740 8.311650137006557 0.8514367774898226
1253 793 1740 7.838847364249489 0.9662906457700265
1253 794 1740 7.470711344979217 1.0698180348592012
1253 795 1740 7.223262974584355 1.1468846025372972
1253 796 1740 7.1091158381335475 1.183145184969298
1253 797 1740 7.134670840340239 1.1708669130883367
1253 798 1740 7.298460659618665 1.1127411440212833
1253 799 1740 7.591543189628927 1.0205070108095882
1253 800 1740 7.9997204951174 0.9095838029732668
1253 801 1740 8.506440383615312 0.7937949798859487
1253 802 1740 9.095247550232013 0.6827776006041862
1253 803 1740 9.751283402711742 0.5818879413329213
1253 804 1740 10.461908430109753 0.49327528977055846
1253 786 1741 11.98730695360725 0.35454776114619446
1253 787 1741 11.138201291052374 0.42400892776813703
1253 788 1741 10.316177974424482 0.5080861168154518
1253 789 1741 9.5282489472096 0.6092532848998699
1253 790 1741 8.783594252924077 0.7295374244644613
1253 791 1741 8.094166294313512 0.8694902368110579
1253 792 1741 7.475261065675295 1.0263647312973905
1253 793 1741 6.945756114347882 1.191446904712533
1253 794 1741 6.527444216536899 1.3474255788405738
1253 795 1741 6.242717997795595 1.4685654477092869
1253 796 1741 6.110280517292236 1.527530447083001
1253 797 1741 6.139994136805108 1.5084389829872817
1253 798 1741 6.329575657182805 1.4166262013298547
1253 799 1741 6.6653978125841205 1.2752031057110202
1253 800 1741 7.126817522569327 1.1120982994675128
1253 801 1741 7.691263095227028 0.949369972370174
1253 802 1741 8.337837129615886 0.7999633402919372
1253 803 1741 9.048951762497207 0.6693602157824884
1253 804 1741 9.810582449579705 0.5584390983549631
1253 805 1741 10.611857895769306 0.46576778506624966
1253 786 1742 11.510496427174658 0.38422755118712687
1253 787 1742 10.623348248080763 0.4643553870783998
1253 788 1742 9.758049395242915 0.5634970145281726
1253 789 1742 8.920960038022852 0.6860522717837174
1253 790 1742 8.120808334150038 0.8366905659460975
1253 791 1742 7.36963554051357 1.0192641130877629
1253 792 1742 6.6839754637491575 1.234276281291317
1253 793 1742 6.0860108445516925 1.4739755260399863
1253 794 1742 5.603885080905999 1.715121609364388
1253 795 1742 5.269490297932132 1.9139675980058142
1253 796 1742 5.111900625012276 2.0154757222029667
1253 797 1742 5.147380693129364 1.9839762901141749
1253 798 1742 5.372106476979115 1.8311189413514273
1253 799 1742 5.763985426768617 1.6061418570219852
1253 800 1742 6.2918620455315954 1.3614907593358203
1253 801 1742 6.924704181407395 1.1313988203148957
1253 802 1742 7.6364604366159785 0.9310175512310721
1253 803 1742 8.407111751368667 0.7635066442646764
1253 804 1742 9.22190479239518 0.6263742052901976
1253 805 1742 10.070130485748493 0.5151854729702836
1253 786 1743 11.103491703063519 0.4116714771492106
1253 787 1743 10.180939445846853 0.5023963960406597
1253 788 1743 9.274455671358856 0.6170133235737836
1253 789 1743 8.389250741276035 0.7624825568074085
1253 790 1743 7.532830012684511 0.9474171526420105
1253 791 1743 6.716213814345145 1.1815142461645536
1253 792 1743 5.95579784747607 1.473068143005225
1253 793 1743 5.2759385894834505 1.8218680869930322
1253 794 1743 4.711637507279253 2.2035402321987454
1253 795 1743 4.308541284472122 2.5471890134084125
1253 796 1743 4.1143077181952155 2.7358022905250268
1253 797 1743 4.158308309878039 2.679385066222767
1253 798 1743 4.433455537162946 2.4069203002643094
1253 799 1743 4.90097214846206 2.034089641711816
1253 800 1743 5.512125542837432 1.6614519937779162
1253 801 1743 6.224751240009587 1.3368560901259312
1253 802 1743 7.007961757886591 1.071410906434291
1253 803 1743 7.840633137700102 0.8602343058401156
1253 804 1743 8.70858932319127 0.6938942320511797
1253 805 1743 9.602266815705603 0.5630217697521511
1253 785 1744 11.735396371661256 0.3564796740410614
1253 786 1744 10.774206606520975 0.43531728433994693
1253 787 1744 9.82077023455901 0.5357665186079137
1253 788 1744 8.87758570783748 0.6650323551218786
1253 789 1744 7.948303466778324 0.8330789764750745
1253 790 1744 7.038432211792648 1.0536323253767443
1253 791 1744 6.156584117836804 1.3451328706074475
1253 792 1744 5.316721546216278 1.7304299530946787
1253 793 1744 4.542194183431664 2.2309299920195858
1253 794 1744 3.8724059704530567 2.8426683840973572
1253 795 1744 3.370389888425449 3.4719616433092892
1253 796 1744 3.1182572055557802 3.8620538987104003
1253 797 1744 3.1760869005744436 3.747964288555867
1253 798 1744 3.5286722715492593 3.2163318284766214
1253 799 1744 4.100674090927081 2.573273148426682
1253 800 1744 4.814512228668723 2.0044087285492758
1253 801 1744 5.61636252391178 1.554513277411948
1253 802 1744 6.473602397429173 1.2118287383115043
1253 803 1744 7.366921202239153 0.9528995154385287
1253 804 1744 8.28465617874398 0.7565085629363534
1253 805 1744 9.219518859463374 0.6062923863123338
1253 784 1745 12.49606049921334 0.3034522555328023
1253 785 1745 11.51153890667968 0.3694927354280938
1253 786 1745 10.529934852599993 0.4535921422903918
1253 787 1745 9.552147821301766 0.5619640401676985
1253 788 1745 8.579482968104786 0.7034892808303056
1253 789 1745 7.613903598023824 0.8911101739324464
1253 790 1745 6.658492922576412 1.144058867252488
1253 791 1745 5.7183501117018185 1.491378498654816
1253 792 1745 4.802450207966786 1.9770511136007514
1253 793 1745 3.9277892000462886 2.6648456003370486
1253 794 1745 3.1291417353645548 3.6273517613504307
1253 795 1745 2.4810336555557506 4.839066781416988
1253 796 1745 2.125918154586475 5.783710481730412
1253 797 1745 2.2098705844461564 5.502520434811058
1253 798 1745 2.692123325555579 4.334725886889165
1253 799 1745 3.407569221600709 3.202217228091353
1253 800 1745 4.239755653336698 2.3578555989892327
1253 801 1745 5.132204984214926 1.7606329593733123
1253 802 1745 6.058343668033414 1.3373348730000643
1253 803 1745 7.0048217678967815 1.032449297220078
1253 804 1745 7.964391251062483 0.8087302407767104
1253 805 1745 8.932834264666543 0.6416240462413212
1253 806 1745 9.907549041009117 0.514778417900907
1253 784 1746 12.367195640079435 0.3092858397387678
1253 785 1746 11.371522677284684 0.3776166320226691
1253 786 1746 10.376681935956206 0.4651294011549847
1253 787 1746 9.38293813258938 0.5787277669545634
1253 788 1746 8.390681021228248 0.7285148728903986
1253 789 1746 7.400508631168533 0.9297035147754165
1253 790 1746 6.413386624865211 1.2059899011340756
1253 791 1746 5.430978549027792 1.59581580392562
1253 792 1746 4.456403033837947 2.164652763554638
1253 793 1746 3.496216240451967 3.0303787845019543
1253 794 1746 2.5666180081968024 4.415396064176163
1253 795 1746 1.718001164144004 6.702738418032449
1253 796 1746 1.146964689953525 9.591675705593966
1253 797 1746 1.2959660489380957 8.590786166828071
1253 798 1746 2.0108525555097896 5.688367521369014
1253 799 1746 2.8995737617795285 3.799889299405523
1253 800 1746 3.8433745589000714 2.6510102178120936
1253 801 1746 4.809940540173065 1.9185972092708046
1253 802 1746 5.787877676661833 1.4289621934747696
1253 803 1746 6.772261660627151 1.0887353599204348
1253 804 1746 7.7606396643576 0.8449119362375178
1253 805 1746 8.751658585662518 0.6657507371180383
1253 806 1746 9.74451271229098 0.5313596325331386
1253 783 1747 13.318390593461343 0.2566477130771516
1253 784 1747 12.318422301577407 0.31116281304268045
1253 785 1747 11.3184596125091 0.3802838020057147
1253 786 1747 10.318504155157358 0.4689959402597622
1253 787 1747 9.318558257584684 0.5844672113131605
1253 788 1747 8.318625367210604 0.7372804348218407
1253 789 1747 7.31871081543736 0.9435666115713538
1253 790 1747 6.318823308180077 1.2289000152478242
1253 791 1747 5.318978097341617 1.6359015350629704
1253 792 1747 4.319204556396915 2.2404333715623004
1253 793 1747 3.319567441700787 3.1904736818338257
1253 794 1747 2.3202430907126828 4.817458678632644
1253 795 1747 1.3219409971704392 8.06570518486676
1253 796 1747 0.3339580812018295 17.806630074631524
1253 797 1747 0.6895853826757354 12.51942568895091
1253 798 1747 1.68508990858057 6.565542278470705
1253 799 1747 2.6839388964728883 4.107182663004311
1253 800 1747 3.6834125481678184 2.7880296486406553
1253 801 1747 4.683110931848633 1.9892305701184303
1253 802 1747 5.682915448957534 1.4690583321022816
1253 803 1747 6.682778464082154 1.1131180252882804
1253 804 1747 7.682677137560856 0.8605263485154346
1253 805 1747 8.682599150024162 0.6761624265381321
1253 806 1747 9.682537270777756 0.5385316402939171
1253 783 1748 13.348240633132122 0.2550002164479946
1253 784 1748 12.350689373472214 0.30896539845390486
1253 785 1748 11.353568954298005 0.3773017276185479
1253 786 1748 10.357003813844981 0.46486658765572025
1253 787 1748 9.361171294234474 0.5786113583177137
1253 788 1748 8.366333007955133 0.7287351030708488
1253 789 1748 7.372891427384483 0.9306508468040365
1253 790 1748 6.381498883491216 1.2084956885307883
1253 791 1748 5.393285455082056 1.6017547925501487
1253 792 1748 4.410388645006209 2.1786221726885713
1253 793 1748 3.437372252171669 3.0651008849423507
1253 794 1748 2.4858656439960236 4.5128296826523036
1253 795 1748 1.594844193016922 7.037641678555568
1253 796 1748 0.952642640238106 10.7990087934192
1253 797 1748 1.1276205035382525 9.523739272980375
1253 798 1748 1.9067060601990793 5.992896367425858
1253 799 1748 2.8283436849152417 3.9222289209147863
1253 800 1748 3.7899245375073054 2.7105805062473065
1253 801 1748 4.767339719382288 1.9515216632924777
1253 802 1748 5.752523620116655 1.4488013068411891
1253 803 1748 6.742071491759789 1.1014552920596836
1253 804 1748 7.73430850173434 0.8534567655185752
1253 805 1748 8.72831759275521 0.6717031507439514
1253 806 1748 9.723555316858137 0.5356285384006718
1253 783 1749 13.4525658519109 0.25045228794366003
1253 784 1749 12.463367442228416 0.3028313231575648
1253 785 1749 11.476041477791865 0.36888545377390064
1253 786 1749 10.491116623124505 0.45308838911264376
1253 787 1749 9.509338988594283 0.5617426632904069
1253 788 1749 8.531795121778265 0.703903725185533
1253 789 1749 7.560127512152121 0.8928673693727939
1253 790 1749 6.596933226886525 1.1486115927536706
1253 791 1749 5.64655009718319 1.5018368762052052
1253 792 1749 4.7167285272739115 2.0004398510439247
1253 793 1749 3.8225028449956127 2.7180286369735107
1253 794 1749 2.995918556970397 3.7525580211853065
1253 795 1749 2.310741872213255 5.132022561442642
1253 796 1749 1.9244552475959662 6.3244455416432555
1253 797 1749 2.0168113446724965 6.035645706263762
1253 798 1749 2.536045740912359 4.652976529730531
1253 799 1749 3.285654881450538 3.372530296783647
1253 800 1749 4.142406064112955 2.4527603488299348
1253 801 1749 5.052081551202416 1.8169688576959675
1253 802 1749 5.990620001302022 1.3727344350940047
1253 803 1749 6.946331981700837 1.0557592635954933
1253 804 1749 7.912997409325995 0.8246739615807631
1253 805 1749 8.887042702721752 0.6528734592372214
1253 806 1749 9.866282379903788 0.522922449623595
1253 783 1750 13.629656195223673 0.24324791552156078
1253 784 1750 12.654308673333327 0.29313372001207394
1253 785 1750 11.683130060048082 0.3556213127388547
1253 786 1750 10.717253752711052 0.4346120795611341
1253 787 1750 9.758254352085682 0.5354604161521286
1253 788 1750 8.808378284338112 0.6655962030495759
1253 789 1750 7.870929297103312 0.8354179228110609
1253 790 1750 6.95093720299639 1.0595104767722248
1253 791 1750 6.056362604732259 1.3580536480748753
1253 792 1750 5.200339219704744 1.7574650243539462
1253 793 1750 4.405397598401236 2.2862902155524223
1253 794 1750 3.7110009431418107 2.9528322436095884
1253 795 1750 3.1836344011207443 3.673035553517531
1253 796 1750 2.915394998966602 4.158205496252931
1253 797 1750 2.977167781633999 4.058676139482595
1253 798 1750 3.3507503637244507 3.4573726900801125
1253 799 1750 3.948610894985675 2.73412736708438
1253 800 1750 4.685672630476825 2.1076790087307407
1253 801 1750 5.506317099477621 1.6214761599586287
1253 802 1750 6.378364053579857 1.2563701549100412
1253 803 1750 7.283373394245259 0.9833742514905017
1253 804 1750 8.210452362689875 0.7779201551206442
1253 805 1750 9.152897246227544 0.6216974238556973
1253 806 1750 10.106410243009126 0.5015633444173586
1253 784 1751 12.920043653176986 0.2804289559952362
1253 785 1751 11.970443934959093 0.33837278112926883
1253 786 1751 11.029756479632674 0.4108148767973842
1253 787 1751 10.100471672154672 0.5020304123974069
1253 788 1751 9.186050729230654 0.617673891959889
1253 789 1751 8.291412907339682 0.7651504276438591
1253 790 1751 7.423713895349086 0.9538855156402278
1253 791 1751 6.593597500606109 1.1950489840489817
1253 792 1751 5.8171752595223705 1.4995068265170501
1253 793 1751 5.118938171144402 1.871055238741112
1253 794 1751 4.535143658143502 2.2896669112858294
1253 795 1751 4.114793797992709 2.6832218960569016
1253 796 1751 3.9109497567725535 2.9173941435388753
1253 797 1751 3.957212149986317 2.874629024434044
1253 798 1751 4.245412583012323 2.5786792716904543
1253 799 1751 4.731546047540845 2.1663336489406415
1253 800 1751 5.362045132223285 1.7568386443777748
1253 801 1751 6.0922514721570264 1.404200908786153
1253 802 1751 6.890539021005504 1.1190125634110095
1253 803 1751 7.735859874635755 0.8942595339197291
1253 804 1751 8.614379141876654 0.7185810033983178
1253 805 1751 9.516907480899432 0.5812168597129277
1253 806 1751 10.437218403386968 0.47333709546961555
1253 785 1752 12.332377224201291 0.3181550794062738
1253 786 1752 11.421537899950199 0.3832725165707634
1253 787 1752 10.526895458776002 0.46395469434490505
1253 788 1752 9.652954366410258 0.5642038938183185
1253 789 1752 8.805880308066813 0.6888252797297038
1253 790 1752 7.994218410826597 0.8431663230753303
1253 791 1752 7.229905116943026 1.0321707987189717
1253 792 1752 6.529588654731551 1.2579530343792766
1253 793 1752 5.9160398916842185 1.5146874955240774
1253 794 1752 5.418812416018758 1.780199311026096
1253 795 1752 5.072231067291699 2.008182003818769
1253 796 1752 4.908312133513833 2.1349716519110364
1253 797 1752 4.9452530774470125 2.114031142075231
1253 798 1752 5.1787573799125965 1.9536344149826146
1253 799 1752 5.584221342317943 1.7095248731329409
1253 800 1752 6.127603773091015 1.442898736569545
1253 801 1752 6.775804601669035 1.193226354663946
1253 802 1752 7.501701673620413 0.9772980395631399
1253 803 1752 8.284897585365757 0.7980834918527167
1253 804 1752 9.110627201241382 0.6523325073730546
1253 805 1752 9.968326238642042 0.534833323315959
1253 806 1752 10.850416028890296 0.44033125028656517
1253 785 1753 12.7625831241171 0.2960094095316179
1253 786 1753 11.884760325728012 0.35354375987503867
1253 787 1753 11.02776169492244 0.4235958124153457
1253 788 1753 10.196839118079614 0.5087977190439182
1253 789 1753 9.398911000748901 0.6119638041425918
1253 790 1753 8.643120269902457 0.7356409365416906
1253 791 1753 7.941506658059211 0.8811226323127954
1253 792 1753 7.30968727101227 1.046584266841628
1253 793 1753 6.767239318954136 1.2241270826888269
1253 794 1753 6.33715456652265 1.3963984849574709
1253 795 1753 6.043469864241809 1.535640893435901
1253 796 1753 5.906566515328422 1.610090020323056
1253 797 1753 5.937299722937943 1.598923354259265
1253 798 1753 6.133149924793866 1.5054440800720605
1253 799 1753 6.479161056803499 1.3548316510719154
1253 800 1753 6.952951028160566 1.1789885275054084
1253 801 1753 7.530440093380937 1.003278604013404
1253 802 1753 8.189720874364347 0.8424090926779517
1253 803 1753 8.912661106538224 0.7024180591023238
1253 804 1753 9.685015642733841 0.5841076124203368
1253 805 1753 10.495881477989318 0.485733154521055
1253 786 1754 12.411427315180088 0.3230110201432921
1253 787 1754 11.593426068250853 0.3829329066850569
1253 788 1754 10.806087543602379 0.4542605042222801
1253 789 1754 10.056616130687226 0.5384286423088972
1253 790 1754 9.354118237439517 0.6362720498043404
1253 791 1754 8.70996716411713 0.7472525440631991
1253 792 1754 8.138029736981713 0.8682756066788331
1253 793 1754 7.654510304389084 0.9922301557425861
1253 794 1754 7.277054898789667 1.1069242890138304
1253 795 1754 7.022786341616746 1.1958511475525333
1253 796 1754 6.905326060368095 1.2422719036440637
1253 797 1754 6.931632419567471 1.2359547260768387
1253 798 1754 7.100107604818311 1.178354859900297
1253 799 1754 7.401049114821415 1.0818330316458988
1253 800 1754 7.819176938783192 0.9636235138125442
1253 801 1754 8.336877592960024 0.8394560997231633
1253 802 1754 8.936863431875803 0.720310235677393
1253 803 1754 9.603724694096504 0.6122329356607291
1253 804 1754 10.324511029583872 0.5175965814365907
1253 805 1754 11.088711737618533 0.4365287913966085
1253 786 1755 12.99382653416607 0.29279212159430235
1253 787 1755 12.214889602448245 0.3434594971626396
1253 788 1755 11.470288923998309 0.4025186217541834
1253 789 1755 10.767150412249212 0.47052783246216956
1253 790 1755 10.114125172252832 0.547387722858601
1253 791 1755 9.52152970903302 0.631817338735167
1253 792 1755 9.00130701620595 0.7206876311825159
1253 793 1755 8.566652088184654 0.8083933320410808
1253 794 1755 8.231131635443484 0.8866929471148443
1253 795 1755 8.007217244461309 0.9456376216390454
1253 796 1755 7.904399281412761 0.9759513121775371
1253 797 1755 7.927390995781564 0.9722231189486963
1253 798 1755 8.07511783195754 0.935142772073391
1253 799 1755 8.340954861405178 0.8712014055521589
1253 800 1755 8.714099379740784 0.7900814462958821
1253 801 1755 9.181477441022155 0.701517701598669
1253 802 1755 9.729518384791653 0.6132185949576958
1253 803 1755 10.345410963320829 0.5302207389985272
1253 804 1755 11.017782353994784 0.4551985048656764
1253 787 1756 12.884080409559626 0.306189632320267
1253 788 1756 12.180456805883685 0.3547216071596286
1253 789 1756 11.520743378792803 0.4093585870103028
1253 790 1756 10.912906487274515 0.46956085819973525
1253 791 1756 10.366075824534482 0.5338784465838339
1253 792 1756 9.89037552370982 0.5996100399760995
1253 793 1756 9.496500829252756 0.662582457650393
1253 794 1756 9.194972974402825 0.7172829919419084
1253 795 1756 8.995083546026594 0.7575879874316468
1253 796 1756 8.903680587262686 0.7781237485326062
1253 797 1756 8.924098161719112 0.7758552245153895
1253 798 1756 9.055579937254072 0.7511278096831818
1253 799 1756 9.293413151259257 0.7075438105959447
1253 800 1756 9.629721075918997 0.6507506576495389
1253 801 1756 10.054627193486517 0.5868424032497357
1253 802 1756 10.55743946229381 0.5211062045539799
1253 803 1756 11.127602077716414 0.45742341989165786
1253 789 1757 12.309489347653622 0.35518814646075053
1253 790 1757 11.742552022452276 0.4023457086045605
1253 791 1757 11.236170522023865 0.4515346425663152
1253 792 1757 10.798866977604552 0.5005835151951137
1253 793 1757 10.439326031885303 0.546463442755853
1253 794 1757 10.165801886717947 0.5854782099297611
1253 795 1757 9.98536569185116 0.6137705231516042
1253 796 1757 9.903106987203472 0.6281046892826182
1253 797 1757 9.921468036535634 0.6266942419792448
1253 798 1757 10.039896812218654 0.6097194503419971
1253 799 1757 10.254927010954214 0.5792732321611371
1253 800 1757 10.560659449106309 0.5387640047275202
1253 801 1757 10.94949898397175 0.4920715054499486
1253 802 1757 11.412954394020788 0.4428016147748191
1253 792 1758 11.72226633377684 0.4195641783119818
1253 793 1758 11.391906249614152 0.45346210053367064
1253 794 1758 11.141791956413384 0.4818087464499579
1253 795 1758 10.977409894870375 0.5021182138744446
1253 796 1758 10.902638579719959 0.5123755781670033
1253 797 1758 10.919319026386127 0.5114862425442642
1253 798 1758 11.027036229195863 0.4995471923972635
1253 799 1758 11.223169249369723 0.4778222193590434
1253 800 1758 11.50319642534188 0.44843230157739306
1253 801 1758 11.86117734459772 0.4138938248858018
1253 794 1759 12.121696580924546 0.3994386656913508
1253 795 1759 11.970778086657436 0.41430173867460957
1253 796 1759 11.902248863134979 0.42179784098338136
1253 797 1759 11.917530281060666 0.42123315075675366
1253 798 1759 12.016302592727845 0.4126609338537856
1253 794 1760 13.10463765237321 0.3333799667941016
1253 795 1760 12.96516594571769 0.3444414837233314
1253 796 1760 12.90191954710607 0.350019425172947
1253 797 1760 12.916018271897796 0.34966103904189316
1253 798 1760 13.007210615654602 0.34339590575755335
1253 794 1761 14.089979701901541 0.2799498002783788
1253 795 1761 13.960355582863837 0.288304492080698
1253 796 1761 13.901637601376232 0.2925206764853778
1253 797 1761 13.914723425206754 0.2922953814402715
1253 795 1762 14.956186947213428 0.24278990910808726
1253 796 1762 14.901393491885159 0.246020919299342
1357 1416 1801 9.084275039869677 0.24274896058668097
1357 1417 1801 8.819186640501442 0.2703952336569128
1357 1418 1801 8.66210442098218 0.29189532631854076
1357 1419 1801 8.61893572316205 0.30393799627059004
1357 1420 1801 8.691378084055419 0.30441919578599264
1357 1421 1801 8.876601432980909 0.2932510420076853
1357 1422 1801 9.167772521174303 0.2723976893295835
1357 1415 1802 8.545996314064231 0.2702919667666265
1357 1416 1802 8.141747539687001 0.3146651755902345
1357 1417 1802 7.844874313843354 0.35613806338677967
1357 1418 1802 7.667858436356212 0.3887974548630433
1357 1419 1802 7.619058537640924 0.40666527232708527
1357 1420 1802 7.7009124784014364 0.40594908428853593
1357 1421 1802 7.909364892328515 0.38680820581094705
1357 1422 1802 8.234807405155191 0.3532747289249226
1357 1423 1802 8.66406677028742 0.3113949399192392
1357 1414 1803 8.218518905496273 0.2842181567822669
1357 1415 1803 7.667988849757123 0.3457195127369824
1357 1416 1803 7.214710874317796 0.41192657662198934
1357 1417 1803 6.87793958973175 0.47598735370686235
1357 1418 1803 6.675331677152774 0.5274805157438678
1357 1419 1803 6.619218458398179 0.5550142256070071
1357 1420 1803 6.713274387361139 0.5513121592668292
1357 1421 1803 6.951406548318044 0.5174023633042125
1357 1422 1803 7.319566448909313 0.46198605384849184
1357 1423 1803 7.799362345730502 0.3966223389254509
1357 1413 1804 8.127364455959869 0.2807266244083939
1357 1414 1804 7.436938415772969 0.354665158594553
1357 1415 1804 6.823639278273704 0.4436699253345021
1357 1416 1804 6.309996275751641 0.5444262534264903
1357 1417 1804 5.921997382640377 0.6467300449194221
1357 1418 1804 5.685424610352281 0.7317412380651915
1357 1419 1804 5.619435291913174 0.7762988721237902
1357 1420 1804 5.729926090273696 0.7652806447617161
1357 1421 1804 6.007166803077729 0.7026247085426769
1357 1422 1804 6.429623083820623 0.6082667859644265
1357 1423 1804 6.970943479902768 0.5047938111245851
1357 1424 1804 7.605790754418559 0.4077904621776001
1357 1412 1805 8.280341357697765 0.2608073430638236
1357 1413 1805 7.471148037617779 0.338601364956513
1357 1414 1805 6.713572297964765 0.440077734742571
1357 1415 1805 6.0271098380566945 0.5692387066135971
1357 1416 1805 5.438754728795894 0.7252359853345712
1357 1417 1805 4.983377669813879 0.8947662148305292
1357 1418 1805 4.699792867776144 1.0434856252241607
1357 1419 1805 4.619745988688059 1.1205115450994334
1357 1420 1805 4.753530582630065 1.0909148521924057
1357 1421 1805 5.084294739686049 0.968841312276688
1357 1422 1805 5.577100770113369 0.8032354577857874
1357 1423 1805 6.193387845113452 0.638225898550802
1357 1424 1805 6.900148766512135 0.49605494014539125
1357 1411 1806 8.664528434946721 0.2296368184783166
1357 1412 1806 7.767113556527946 0.30262748049186866
1357 1413 1806 6.897974557795941 0.4025187758434141
1357 1414 1806 6.069271208308294 0.5394718147022952
1357 1415 1806 5.3000049999976335 0.7254203759588307
1357 1416 1806 4.619962445734795 0.9691966228705046
1357 1417 1806 4.074070814308427 1.2609550793773212
1357 1418 1806 3.721834628244468 1.5411209667018129
1357 1419 1806 3.620228307717559 1.687397608188678
1357 1420 1806 3.789466057375293 1.6065080720256468
1357 1421 1806 4.196909934701882 1.352644124419616
1357 1422 1806 4.782055311265153 1.0548796911294107
1357 1423 1806 5.488356129115453 0.7937872461750904
1357 1424 1806 6.27503410349291 0.5906533423369689
1357 1411 1807 8.29687007250327 0.25640661209353977
1357 1412 1807 7.354729974648989 0.34391695213872964
1357 1413 1807 6.4300896572287565 0.4681398302666047
1357 1414 1807 5.531731464921281 0.6471833774685759
1357 1415 1807 4.674831868634427 0.9078886958602962
1357 1416 1807 3.8869078970307425 1.2851573243756573
1357 1417 1807 3.2190142901204792 1.8019414470663806
1357 1418 1807 2.759719732146683 2.381663255552243
1357 1419 1807 2.6210785947772846 2.7026829195855298
1357 1420 1807 2.850272443118301 2.45810786453255
1357 1421 1807 3.3731369672753395 1.89025315357604
1357 1422 1807 4.078241410215852 1.3544543117252588
1357 1423 1807 4.887335981902543 0.9566035993337586
1357 1424 1807 5.756739789151425 0.6806056952313685
1357 1411 1808 8.03754023318083 0.27958583944176424
1357 1412 1808 7.060881885430492 0.3804254075852865
1357 1413 1808 6.09180211431727 0.5280135637695933
1357 1414 1808 5.134593752187242 0.7502794848620894
1357 1415 1808 4.197386448732136 1.0960616033307082
1357 1416 1808 3.2972796363062797 1.6519802251476554
1357 1417 1808 2.4750864631361824 2.558396590125685
1357 1418 1808 1.8384920451282574 3.8910999232598056
1357 1419 1808 1.6229765863991348 4.794314239400154
1357 1420 1808 1.9718146464613995 3.8861583336324745
1357 1421 1808 2.672461973536686 2.554454814573391
1357 1422 1808 3.520802891387063 1.6495342644875397
1357 1423 1808 4.4328380299757635 1.0945593662156219
1357 1424 1808 5.376248971169334 0.7493288941063139
1357 1425 1808 6.337038188302104 0.5273914306893406
1357 1411 1809 7.897218054479733 0.29648691855992826
1357 1412 1809 6.900728439809856 0.4071479504337233
1357 1413 1809 5.905425725551078 0.5723349523544344
1357 1414 1809 4.912031453482396 0.8284870838921238
1357 1415 1809 3.921996047932773 1.246027071684896
1357 1416 1809 2.9387162163094613 1.974988623840359
1357 1417 1809 1.9723217283192163 3.380961544074237
1357 1418 1809 1.0696041323779588 6.490503647682029
1357 1419 1809 0.6309144157490075 10.643554700216523
1357 1420 1809 1.285322138609546 5.804625638668918
1357 1421 1809 2.2149611734745425 3.0846915102541748
1357 1422 1809 3.187483803880363 1.8281681749807632
1357 1423 1809 4.173014857390222 1.16451872894783
1357 1424 1809 5.164112024346435 0.7795941438150147
1357 1425 1809 6.158088420930585 0.541334530087306
1357 1411 1810 7.882261921555309 0.3048055965470344
1357 1412 1810 6.883607557088122 0.4196240464828567
1357 1413 1810 5.885410181117422 0.591812420518009
1357 1414 1810 4.887949774701098 0.8605600070508529
1357 1415 1810 3.891793031495947 1.3029520425800043
1357 1416 1810 2.8982844925921816 2.0882818031308714
1357 1417 1810 1.9115577417384555 3.656016809938474
1357 1418 1810 0.9529181496855487 7.503587498817128
1357 1419 1810 0.40255807034518043 13.478476163917295
1357 1420 1810 1.1899802519369558 5.846864302151247
1357 1421 1810 2.1610305412001574 3.02970222661244
1357 1422 1810 3.150246498291801 1.7879270196298371
1357 1423 1810 4.144641480273012 1.1383516509886837
1357 1424 1810 5.141211238609007 0.7624618035113578
1357 1425 1810 6.138896724982386 0.529845814768322
1357 1411 1811 7.993375569807847 0.30329696968360975
1357 1412 1811 7.010567238105689 0.415529319982671
1357 1413 1811 6.033411389918702 0.5817812102657496
1357 1414 1811 5.065180450882341 0.8362004767867811
1357 1415 1811 4.11218348326051 1.2409096049564727
1357 1416 1811 3.188111196304239 1.912800104999759
1357 1417 1811 2.3276711537501056 3.0590971358434578
1357 1418 1811 1.634641550921869 4.793654550992372
1357 1419 1811 1.387823115530275 5.5308732638579325
1357 1420 1811 1.7832703104128842 3.9343141476745997
1357 1421 1811 2.536543514312335 2.4469740080363485
1357 1422 1811 3.418779460567744 1.5543193857063728
1357 1423 1811 4.352246890974796 1.0270956199357852
1357 1424 1811 5.309995574386074 0.7030969774102935
1357 1411 1812 8.225451537757731 0.2921923246110084
1357 1412 1812 7.27406715668758 0.3956439697185722
1357 1413 1812 6.337669366573239 0.5446891830497687
1357 1414 1812 5.424025534600732 0.7633163211866806
1357 1415 1812 4.546872881442878 1.0880152062747508
1357 1416 1812 3.7320306804741796 1.5662624492785
1357 1417 1812 3.0301902580531923 2.2187154502218007
1357 1418 1812 2.536937720954217 2.8757227410706774
1357 1419 1812 2.385383197727418 3.0203044411726574
1357 1420 1812 2.6351571110657117 2.487591662170204
1357 1421 1812 3.1934390553132674 1.7940229406496313
1357 1422 1812 3.9309099455469596 1.2478110408715692
1357 1423 1812 4.765086882733609 0.8709070127968698
1357 1424 1812 5.653322297552105 0.6173202794858833
1357 1411 1813 8.568666932493127 0.2731191084388367
1357 1412 1813 7.660029569133599 0.3635177673016919
1357 1413 1813 6.7771714601300275 0.4887599154955037
1357 1414 1813 5.931614704277485 0.6623699006406438
1357 1415 1813 5.141794725579852 0.8993313813268304
1357 1416 1813 4.437572872641157 1.2061813083923687
1357 1417 1813 3.8660125452461473 1.5516050265541603
1357 1418 1813 3.4928574262343575 1.821557493707533
1357 1419 1813 3.384383695741428 1.8537128986475846
1357 1420 1813 3.56483562033375 1.624056322443018
1357 1421 1813 3.9952538092091494 1.2821070599650923
1357 1422 1813 4.606088687813134 0.9617216759694455
1357 1423 1813 5.3357335952987786 0.709097971535089
1357 1424 1813 6.1419909638487695 0.5226459073004962
1357 1412 1814 8.151076800030852 0.3240754072345817
1357 1413 1814 7.327622602181494 0.4240473373850214
1357 1414 1814 6.553476405694996 0.5543364500821468
1357 1415 1814 5.848252132047738 0.7177618585253505
1357 1416 1814 5.239852383416999 0.9066413879545128
1357 1417 1814 4.7655065837747745 1.090823733509975
1357 1418 1814 4.468115150709595 1.2129904189033642
1357 1419 1814 4.383839983393615 1.2174068394318205
1357 1420 1814 4.524605286652133 1.1017744910783345
1357 1421 1814 4.870939642409906 0.9197346856935427
1357 1422 1814 5.383312456099891 0.7299005877042765
1357 1423 1814 6.019472817448398 0.5643336386433914
1357 1413 1815 7.96605630158369 0.3589494628436995
1357 1414 1815 7.260306673963651 0.45328684209773384
1357 1415 1815 6.630690235563793 0.5629455011312323
1357 1416 1815 6.100823960745052 0.6784733990667345
1357 1417 1815 5.698600968658961 0.7798946296731385
1357 1418 1815 5.452343807941751 0.8396960265252964
1357 1419 1815 5.383498212129419 0.836790311685835
1357 1420 1815 5.498731944730581 0.7722898296778287
1357 1421 1815 5.787059097676511 0.6685843255841415
1357 1422 1815 6.224472106130798 0.5529328728008601
1357 1415 1816 7.465256392114149 0.4387111101714344
1357 1416 1816 6.998860835879013 0.5101116470125531
1357 1417 1816 6.65116929569538 0.5680524257665053
1357 1418 1816 6.441432527008327 0.5991336938514151
1357 1419 1816 6.383263507015888 0.5946810308776386
1357 1420 1816 6.480744787445397 0.5560031331029998
