# %ECSV 0.9
# ---
# datatype:
# - name: sexcat_id
#   datatype: int32
# - name: x
#   datatype: int32
# - name: y
#   datatype: int32
# - name: sep
#   datatype: float64
# - name: weight
#   datatype: float64
# schema: astropy-2.0
sexcat_id x y sep weight
1912 2002 2439 9.853269355904327 0.3439587879394619
1912 2003 2439 10.014934697740333 0.3490164681189921
1912 2004 2439 10.271850709585067 0.3456151347326294
1912 2005 2439 10.61710492554365 0.334149354851473
1912 2006 2439 11.042414455181586 0.3158868330992897
1912 2007 2439 11.538930496367643 0.2926528810140481
1912 1997 2440 9.614827975580374 0.29078778715238734
1912 1998 2440 9.255102214454629 0.3284919463932431
1912 1999 2440 8.992714662436642 0.36544250219247365
1912 2000 2440 8.836340701897079 0.3988599327129277
1912 2001 2440 8.79163903945123 0.42552018891171967
1912 2002 2440 8.860300051352828 0.4423322536628926
1912 2003 2440 9.039740980802653 0.44709774002369296
1912 2004 2440 9.323567825677191 0.439157365937136
1912 2005 2440 9.70262423264979 0.4196007106656738
1912 2006 2440 10.16626366960856 0.39092342341814845
1912 2007 2440 10.703500221890168 0.35631861533522097
1912 2008 2440 11.303845230716973 0.3189412242304161
1912 1995 2441 9.769284364783465 0.26895380140096364
1912 1996 2441 9.200593296087089 0.31442507749826754
1912 1997 2441 8.709932089287646 0.36445228565007043
1912 1998 2441 8.31113211301581 0.4172825255044106
1912 1999 2441 8.017912259435285 0.4698292096531255
1912 2000 2441 7.8421245208172135 0.5175971357128157
1912 2001 2441 7.79172105506881 0.5551284256064916
1912 2002 2441 7.8691115762837285 0.5771375609857444
1912 2003 2441 8.070620608107074 0.5800915931269373
1912 2004 2441 8.38730689792633 0.5634911347882693
1912 2005 2441 8.806754055837063 0.5300647923508246
1912 2006 2441 9.315090820813426 0.48474673780393274
1912 2007 2441 9.898632077211605 0.4330918597888306
1912 2008 2441 10.544900046942244 0.3799580600492781
1912 1994 2442 9.677030381268954 0.2752935662628864
1912 1995 2442 8.992047430924858 0.3285085814112431
1912 1996 2442 8.370717830628525 0.390267152849679
1912 1997 2442 7.828212886732342 0.46001823010073845
1912 1998 2442 7.381931793236937 0.5355674542372058
1912 1999 2442 7.050171416355938 0.6122967481983052
1912 2000 2442 6.8495924696292905 0.682727102088786
1912 2001 2442 6.791827221006308 0.7371687301607313
1912 2002 2442 6.880473602885361 0.7660758693404479
1912 2003 2442 7.110057454057755 0.763598074406975
1912 2004 2442 7.467591110927421 0.7302588170141597
1912 2005 2442 7.935799707654058 0.6727015710389315
1912 2006 2442 8.496406122591022 0.6007123413321797
1912 2007 2442 9.13241025140692 0.5237497144022649
1912 2008 2442 9.829186995881308 0.4488590325679853
1912 2009 2442 10.574730114759534 0.38024215586908267
1912 1993 2443 9.790348155198672 0.2724270696508562
1912 1994 2443 9.003494710388962 0.3306737529290104
1912 1995 2443 8.262863728756635 0.4013319705803721
1912 1996 2443 7.582012727501978 0.48584363595307384
1912 1997 2443 6.978460933472507 0.5844717214999294
1912 1998 2443 6.4738641474780705 0.6949344994964255
1912 1999 2443 6.092857868028923 0.8105205283835267
1912 2000 2443 5.859600412997626 0.9184543899111454
1912 2001 2443 5.791970044812208 1.0005121325385407
1912 2002 2443 5.895669342831391 1.038208015904505
1912 2003 2443 6.162054608651396 1.0215923954071708
1912 2004 2443 6.571371013723232 0.9551679535272039
1912 2005 2443 7.098937737436629 0.8551188272341481
1912 2006 2443 7.72055159946502 0.740678604915252
1912 2007 2443 8.415397613898103 0.6270705089708527
1912 2008 2443 9.166837895370566 0.5232798861544061
1912 2009 2443 9.962073930663326 0.4331028195663007
1912 1992 2444 10.102322356765384 0.26080279977222826
1912 1993 2444 9.234117012470747 0.3205369113312419
1912 1994 2444 8.395291358851203 0.3954510468211482
1912 1995 2444 7.59558536256434 0.48913478214500083
1912 1996 2444 6.848716449087497 0.6052485047364587
1912 1997 2444 6.173889940710123 0.7464001517009329
1912 1998 2444 5.5972240441134415 0.9116820695855024
1912 1999 2444 5.151787747957171 1.0922854724501252
1912 2000 2444 4.873696441101108 1.2660581340227537
1912 2001 2444 4.79217247185466 1.3962304550481346
1912 2002 2444 4.917002847263929 1.4435459349246624
1912 2003 2444 5.233442175089124 1.3909935679414895
1912 2004 2444 5.709721271656049 1.257374464310155
1912 2005 2444 6.309747776258696 1.0823990266478487
1912 2006 2444 7.001779559512107 0.9021993971968973
1912 2007 2444 7.761244552261031 0.7380953664138682
1912 2008 2444 8.570234360856272 0.5983251483202319
1912 2009 2444 9.415992618943662 0.48351161394673214
1912 1991 2445 10.59541962359214 0.24213898915267412
1912 1992 2445 9.668242704856006 0.2998478698048419
1912 1993 2445 8.757106656881676 0.37380828048016407
1912 1994 2445 7.867586478711329 0.4691240170308023
1912 1995 2445 7.007918164476618 0.5923672782851528
1912 1996 2445 6.190550621713817 0.7515148675323763
1912 1997 2445 5.434603665402042 0.9548990608009948
1912 1998 2445 4.769372809919696 1.2075343708533708
1912 1999 2445 4.237796243332292 1.5017870058428349
1912 2000 2445 3.894986136047377 1.8002597196846732
1912 2001 2445 3.792481641353227 2.022211389165329
1912 2002 2445 3.9490400099266223 2.0729505208376002
1912 2003 2445 4.336694247926783 1.9261947092112806
1912 2004 2445 4.900909813493943 1.6531439419114122
1912 2005 2445 5.588462847689088 1.3494963359936356
1912 2006 2445 6.35947458521545 1.0739137396718983
1912 2007 2445 7.187135521193489 0.8462796656966506
1912 2008 2445 8.054000062081027 0.6661861579483367
1912 2009 2445 8.948682416981908 0.5262191181565804
1912 1991 2446 10.280122421450098 0.2718180197958452
1912 1992 2446 9.32163703434118 0.3404336462528908
1912 1993 2446 8.372867907712449 0.4303001275598283
1912 1994 2446 7.437534336055263 0.5493095950090023
1912 1995 2446 6.521419860735927 0.7086254154222782
1912 1996 2446 5.633907791222802 0.9238210775940509
1912 1997 2446 4.790920266504232 1.2155103033600385
1912 1998 2446 4.0205617766676545 1.6066714185212227
1912 1999 2446 3.3729685738235027 2.1074743747887887
1912 2000 2446 2.9306854147111974 2.666527409843852
1912 2001 2446 2.793012173264007 3.089119838186975
1912 2002 2446 3.0021520614387476 3.1000670983828966
1912 2003 2446 3.4964148781288684 2.6906129937859045
1912 2004 2446 4.175753464945087 2.1322044741706305
1912 2005 2446 4.9647675675706004 1.6269081592575667
1912 2006 2446 5.819013404349648 1.230818677408237
1912 2007 2446 6.71363664491912 0.9351355322516768
1912 2008 2446 7.634455907266794 0.7169757586289365
1912 2009 2446 8.573034293644278 0.5555163715289658
1912 1991 2447 10.054795721445599 0.30057037409336584
1912 1992 2447 9.072536414917314 0.3801863012901426
1912 1993 2447 8.09462272128854 0.4864828983048634
1912 1994 2447 7.1228447266524535 0.6307807715911669
1912 1995 2447 6.160106898423164 0.8303916542329982
1912 1996 2447 5.211421782968699 1.112374937525597
1912 1997 2447 4.286130772620061 1.5195868933503511
1912 1998 2447 3.4033684784343627 2.118508731383791
1912 1999 2447 2.6067061591212424 2.9967045602672813
1912 2000 2447 2.001728503069437 4.169748013310336
1912 2001 2447 1.7941340529627652 5.14325510794614
1912 2002 2447 2.1049743466371713 4.84609962094529
1912 2003 2447 2.7645826086410543 3.6701006768997972
1912 2004 2447 3.5853754336192694 2.6017860619597455
1912 2005 2447 4.47961125545516 1.847217537219583
1912 2006 2447 5.410999630382592 1.3357830103981205
1912 2007 2447 6.363247362785807 0.9858405516772613
1912 2008 2447 7.328227411864381 0.7413539577633341
1912 2009 2447 8.301500888393647 0.5667681755907832
1912 1991 2448 9.925568850196969 0.32631623988661645
1912 1992 2448 8.929105050339611 0.4158545734188047
1912 1993 2448 7.933531181006371 0.5371367622543526
1912 1994 2448 6.939230288728019 0.7049203718844258
1912 1995 2448 5.946840926071617 0.943061590364767
1912 1996 2448 4.957511169931977 1.2920141220528254
1912 1997 2448 3.973527022684042 1.8246144726988993
1912 1998 2448 3.000152829440576 2.6822385076578494
1912 1999 2448 2.0525391591880253 4.163706024174094
1912 2000 2448 1.193698873250819 6.8961174606425315
1912 2001 2448 0.7980707988645265 10.241147650078917
1912 2002 2448 1.3597488738735006 7.4357438804435825
1912 2003 2448 2.249648194718508 4.460722342984636
1912 2004 2448 3.2051391545454355 2.8471785744542295
1912 2005 2448 4.181496980747472 1.9235782105458572
1912 2006 2448 5.166905940696057 1.3551780993791862
1912 2007 2448 6.157021763807579 0.985303860343845
1912 2008 2448 7.1498892998423536 0.7342077511489942
1912 1991 2449 9.896207202762078 0.3467225885982762
1912 1992 2449 8.896455305344935 0.4436676661674612
1912 1993 2449 7.896766236884565 0.5759243863539494
1912 1994 2449 6.897167317094751 0.7605669806814872
1912 1995 2449 5.897704383910742 1.025827048820387
1912 1996 2449 4.898460676579938 1.4211431287313951
1912 1997 2449 3.8996047235585265 2.040026744842907
1912 1998 2449 2.9015370064846597 3.079917518345101
1912 1999 2449 1.9054965232190666 5.036260120974193
1912 2000 2449 0.918105113807749 9.620238688336151
1912 2001 2449 0.23434376458512587 18.246432133057795
1912 2002 2449 1.1255740757497563 7.690564201972687
1912 2003 2449 2.1163451986856745 4.283271014999194
1912 2004 2449 3.1130237711909454 2.6969439811812888
1912 2005 2449 4.111315726139247 1.8181158402583728
1912 2006 2449 5.110275628574243 1.28195680183132
1912 2007 2449 6.109575844524713 0.933673403444048
1912 2008 2449 7.109072865008478 0.6970795440649963
1912 1991 2450 9.96759334042073 0.35960464455923374
1912 1992 2450 8.975796176384561 0.46008330662953156
1912 1993 2450 7.986045141370019 0.5968531729925176
1912 1994 2450 6.9992083123735975 0.7870351662857086
1912 1995 2450 6.016719787392434 1.0583175648694605
1912 1996 2450 5.041122593232548 1.457363862744838
1912 1997 2450 4.077366429449239 2.0663018565110254
1912 1998 2450 3.1363859775224774 3.033687206190175
1912 1999 2450 2.24697952816656 4.603050921019003
1912 2000 2450 1.5036345965691282 6.767374822392628
1912 2001 2450 1.2136379196447327 7.191280092470614
1912 2002 2450 1.6385716340763328 5.100784312240511
1912 2003 2450 2.428356851864975 3.349585427564848
1912 2004 2450 3.3330042004173293 2.261144944324073
1912 2005 2450 4.2802940319561635 1.5820503693728012
1912 2006 2450 5.247181815031717 1.1413445345034219
1912 2007 2450 6.224541509219737 0.8442434617501992
1912 1991 2451 10.137599173374303 0.3634235122978428
1912 1992 2451 9.16421938846945 0.46275034400220594
1912 1993 2451 8.19725057565031 0.5962540226445837
1912 1994 2451 7.239262186162298 0.7784983722826552
1912 1995 2451 6.294355963877426 1.0312613314834296
1912 1996 2451 5.369442894751682 1.3867266427608407
1912 1997 2451 4.476931650137101 1.8890764312305501
1912 1998 2451 3.6407302838852664 2.5816042443855416
1912 1999 2451 2.9097967282955146 3.4287751351204974
1912 2000 2451 2.3830478383782543 4.096682597502087
1912 2001 2451 2.2115417698970234 4.004562038845206
1912 2002 2451 2.470408265853895 3.250456547201358
1912 2003 2451 3.052034894951111 2.421947429855359
1912 2004 2451 3.811419289451008 1.770658965121897
1912 2005 2451 4.662501152814787 1.3027481389381692
1912 2006 2451 5.563354833191858 0.971782895732927
1912 2007 2451 6.493297852401289 0.7358581336164103
1912 1991 2452 10.401390147475434 0.357698603487648
1912 1992 2452 9.455205814787906 0.45126800795075683
1912 1993 2452 8.521321317729956 0.5742363483341458
1912 1994 2452 7.604269655923506 0.7368898444201558
1912 1995 2452 6.710954999104001 0.9524308779450877
1912 1996 2452 5.852257427693948 1.2355821309952286
1912 1997 2452 5.0458811916254005 1.5957688953797946
1912 1998 2452 4.321217073927085 2.0165773872162194
1912 1999 2452 3.7262470395827147 2.415372013507469
1912 2000 2452 3.331203536261172 2.625711207874534
1912 2001 2452 3.210750223857179 2.518157119598997
1912 2002 2452 3.3942476338651124 2.16271858867
1912 2003 2452 3.838348212447498 1.7354724477514998
1912 2004 2452 4.465973242194683 1.3503231171105115
1912 2005 2452 5.211229893220878 1.0411539888572259
1912 2006 2452 6.030664722897375 0.8040623802338067
1912 1992 2453 9.839660410806802 0.42732420730587156
1912 1993 2453 8.946000055890828 0.534642211581949
1912 1994 2453 8.077308772109598 0.6709031501271439
1912 1995 2453 7.242576682369242 0.8416159361071304
1912 1996 2453 6.454991634386419 1.049056734623541
1912 1997 2453 5.734014039047919 1.2857978775250485
1912 1998 2453 5.107926878881355 1.5242508400550034
1912 1999 2453 4.615508314367835 1.7094674432292034
1912 2000 2453 4.302896350134244 1.7757771476881863
1912 2001 2453 4.210334547277519 1.6941878744202348
1912 2002 2453 4.351886602382762 1.4999484662384617
1912 2003 2453 4.706476070267283 1.259514046257363
1912 2004 2453 5.2309575605235565 1.0250572958835824
1912 2005 2453 5.880043962420566 0.821462428945507
1912 1993 2454 9.457743758423483 0.4835324925008452
1912 1994 2454 8.640654894161573 0.5919626470880833
1912 1995 2454 7.8659339559901165 0.7199648519244986
1912 1996 2454 7.147371334973321 0.8639893270934697
1912 1997 2454 6.503607998641853 1.0130074032424352
1912 1998 2454 5.958935894939489 1.1457824446410203
1912 1999 2454 5.542645307071189 1.2332877144100616
1912 2000 2454 5.285160073261572 1.2504665309498544
1912 2001 2454 5.210078406319646 1.1918059391947393
1912 2002 2454 5.325121313171959 1.0753170609430973
1912 2003 2454 5.618622340040148 0.9302448063864266
1912 2004 2454 6.064727281584739 0.7820814708616656
1912 2005 2454 6.632715658009034 0.6462020521349682
1912 1993 2455 10.04325231187577 0.4272137312859247
1912 1994 2455 9.277872439304067 0.5102440050226222
1912 1995 2455 8.561011447253064 0.602772937251972
1912 1996 2455 7.9058786355469675 0.6998284958001467
1912 1997 2455 7.329046118015492 0.7921441171369911
1912 1998 2455 6.85032240117193 0.8663940690781121
1912 1999 2455 6.491449529958462 0.9082417167568851
1912 2000 2455 6.273030926115216 0.9080571061659798
1912 2001 2455 6.2099047496719235 0.8658852827900192
1912 2002 2455 6.306735843524597 0.7914211658672013
1912 2003 2455 6.556440879013391 0.6990144741287682
1912 2004 2455 6.9425439861766725 0.6019648144560931
1912 1994 2456 9.974814133606584 0.4327301077076152
1912 1995 2456 9.311762292928103 0.49815757929104315
1912 1996 2456 8.713260985417437 0.5626729360615796
1912 1997 2456 8.193467947090392 0.6197743982467401
1912 1998 2456 7.768199083442546 0.6617258834794472
1912 1999 2456 7.453651252909382 0.6815486917603759
1912 2000 2456 7.264221706418217 0.6755407460850298
1912 2001 2456 7.2097792615306595 0.6448522136082038
1912 2002 2456 7.293347448188491 0.5949793455934096
1912 1998 2457 8.704189623393857 0.5110198000132857
1912 1999 2457 8.424661239480034 0.5199345877667662
1179 790 1737 11.91745077606779 0.34305105466270497
1179 791 1737 11.419265869573175 0.37847046684098334
1179 792 1737 10.989705774041397 0.4123739072883941
1179 793 1737 10.637087618328565 0.4426589167172374
1179 794 1737 10.369263860081817 0.46702866535676857
1179 795 1737 10.19292072960439 0.48332965015949686
1179 796 1737 10.112844950853292 0.4899621617933968
1179 797 1737 10.131319410619673 0.486237677980949
1179 789 1738 11.680566467427804 0.36052235044474357
1179 790 1738 11.081950775923834 0.4067294182644498
1179 791 1738 10.54436498799235 0.45427553975993173
1179 792 1738 10.077580711658872 0.5008561088070487
1179 793 1738 9.69183331470362 0.5434008790123617
1179 794 1738 9.397107693327717 0.5783339324602902
1179 795 1738 9.202153715299424 0.6021238793210624
1179 796 1738 9.113376597068676 0.6120399559255497
1179 797 1738 9.133872836863837 0.6068629800356604
1179 798 1738 9.262917089124736 0.58723549442981
1179 799 1738 9.496085140730315 0.5554747939814425
1179 800 1738 9.82596728062938 0.5149445076006633
1179 788 1739 11.612305240562657 0.3659716695323869
1179 789 1739 10.918774335977412 0.42152028168212524
1179 790 1739 10.275876264338676 0.48227266094715066
1179 791 1739 9.693690370545111 0.5465210021315535
1179 792 1739 9.183770086407817 0.6112640689587381
1179 793 1739 8.758746086055872 0.6720565165032659
1179 794 1739 8.431466835610461 0.7232630452624275
1179 795 1739 8.213624839253319 0.7589253558522715
1179 796 1739 8.114039253047716 0.774188419067128
1179 797 1739 8.137053090646463 0.766788556498075
1179 798 1739 8.28164434155435 0.7378374349070165
1179 799 1739 8.541641118660934 0.6914301798488768
1179 800 1739 8.906942966023708 0.6333185286517564
1179 801 1739 9.365235341410234 0.5693837650620363
1179 788 1740 10.937533222806643 0.4201761681717261
1179 789 1740 10.198217148109716 0.4910732952489613
1179 790 1740 9.506715152985235 0.5709177412086354
1179 791 1740 8.874211683298924 0.6581239828670881
1179 792 1740 8.314182641727276 0.7490732725638809
1179 793 1740 7.84217017157873 0.8375030747881179
1179 794 1740 7.474866754665209 0.9144907113356763
1179 795 1740 7.2282524167324995 0.96968511670316
1179 796 1740 7.114888122802722 0.9940342966625497
1179 797 1740 7.141122670840998 0.9830836415125276
1179 798 1740 7.305452278948874 0.9388724187689895
1179 799 1740 7.598923147393933 0.8690443951189059
1179 800 1740 8.007348687299643 0.78384037820314
1179 801 1740 8.51420184162904 0.6929642341631999
1179 802 1740 9.103056245020097 0.603754715601623
1179 787 1741 11.137308157719222 0.4029483080755784
1179 788 1741 10.315698376745956 0.47886029563606924
1179 789 1741 9.528254457139523 0.5686030210887391
1179 790 1741 8.784169454194243 0.6730497341604406
1179 791 1741 8.095408142891822 0.7914994521060792
1179 792 1741 7.477274436584446 0.9203109895880668
1179 793 1741 6.9486425293001854 1.0512398334906616
1179 794 1741 6.531281114758367 1.1703294340554184
1179 795 1741 6.24753015198801 1.2591119550057441
1179 796 1741 6.116014470224817 1.2997472349600523
1179 797 1741 6.146513890002964 1.2828075928939588
1179 798 1741 6.336689435343931 1.2123229745744648
1179 799 1741 6.672902891545734 1.103551343159415
1179 800 1741 7.134538036901859 0.9755562866860604
1179 801 1741 7.699067021399377 0.8445358128804756
1179 802 1741 8.345635565970964 0.7210764431561499
1179 803 1741 9.05668995825735 0.6105470594771762
1179 787 1742 10.621846967453411 0.448135360769129
1179 788 1742 9.756927436442236 0.5401172624589855
1179 789 1742 8.920293324773535 0.6521412316748942
1179 790 1742 8.120691657734538 0.7872874084216036
1179 791 1742 7.370185411507592 0.947285831041251
1179 792 1742 6.685329685213689 1.1302779912934895
1179 793 1742 6.088319390439318 1.327137265207516
1179 794 1742 5.6072839236121625 1.5171442273927782
1179 795 1742 5.274052805954774 1.6668365401356782
1179 796 1742 5.117580776108908 1.7387401596154055
1179 797 1742 5.153991947995212 1.7109512152587103
1179 798 1742 5.3793710598916205 1.5922501519707593
1179 799 1742 5.771623081941468 1.4157529691720923
1179 800 1742 6.2996534031643 1.2186127854480706
1179 801 1742 6.932505535518855 1.027609198473642
1179 802 1742 7.6441894926800185 0.8566363698766597
1179 803 1742 8.414727149468343 0.7103059496747335
1179 786 1743 11.101064498506407 0.40456933297138076
1179 787 1743 10.178783473480479 0.4917008508934839
1179 788 1743 9.27262816034372 0.6008041428589297
1179 789 1743 8.38782647650745 0.7377059889638319
1179 790 1743 7.531907660081835 0.9091825284359836
1179 791 1743 6.715923838162508 1.122026554815248
1179 792 1743 5.9563103512157145 1.3802831276124004
1179 793 1743 5.277464637493982 1.6787901503564326
1179 794 1743 4.714406961644222 1.9914327987654945
1179 795 1743 4.312729182315942 2.2587646138185447
1179 796 1743 4.119906916424151 2.396470982612241
1179 797 1743 4.165048979303795 2.3470019367721577
1179 798 1743 4.440904524981325 2.1322106187044394
1179 799 1743 4.908730283892122 1.8319850296603388
1179 800 1743 5.519930524925079 1.5214769818741085
1179 801 1743 6.232466044833271 1.2420263308802904
1179 802 1743 7.015527991534187 1.0072277692672975
1179 803 1743 7.848033702781845 0.8163952743717019
1179 804 1743 8.715826581569859 0.6635514810760176
1179 786 1744 10.771148174637624 0.43228463650815396
1179 787 1744 9.81792406774464 0.5306399883155115
1179 788 1744 8.875000450704183 0.6564903411644945
1179 789 1744 7.946045116911903 0.8188704622992975
1179 790 1744 7.0365924281572205 1.0298305561124517
1179 791 1744 6.155293088066526 1.304739750346981
1179 792 1744 5.316167134317691 1.6608494666229325
1179 793 1744 4.542646035076868 2.110046267671201
1179 794 1744 3.87422676156154 2.6362350552281857
1179 795 1744 3.373963989137946 3.1472754120906683
1179 796 1744 3.123721018272865 3.4423724239946782
1179 797 1744 3.1830226200892273 3.3428979854382117
1179 798 1744 3.5363304427046565 2.9146304600928397
1179 799 1744 4.108483053390842 2.3776802665758137
1179 800 1744 4.822202090331736 1.8829968427710386
1179 801 1744 5.62384503698313 1.4789493572241064
1179 802 1744 6.480866685868473 1.16387049967711
1179 803 1744 7.373983523171165 0.9217296649824682
1179 804 1744 8.291539844926264 0.7357768254393512
1179 786 1745 10.526235461930325 0.4539019568945316
1179 787 1745 9.548593247175186 0.5615923459111017
1179 788 1745 8.576108266574039 0.7018231684149476
1179 789 1745 7.610757715234378 0.8870110565534605
1179 790 1745 6.655646700358999 1.1353410844311822
1179 791 1745 5.715910513645193 1.4736670013218371
1179 792 1745 4.800586734973098 1.9411491270363872
1179 793 1745 3.9267840531406484 2.590493038628556
1179 794 1745 3.129478071500058 3.469555890504765
1179 795 1745 2.4834719648105046 4.514829673858177
1179 796 1745 2.131110743250986 5.263928013427051
1179 797 1745 2.2171226849229146 5.019342273920087
1179 798 1745 2.6999320361816177 4.044795735455362
1179 799 1745 3.4152061431193053 3.048545685958687
1179 800 1745 4.2470734629859965 2.275024176012643
1179 801 1745 5.139224941564621 1.713827296356234
1179 802 1745 6.065116074734259 1.3096442371193253
1179 803 1745 7.011393085542982 1.0154317087740452
1179 804 1745 7.970798768003114 0.7979537572881475
1179 785 1746 11.367129496931035 0.37969265739388797
1179 786 1746 10.37234944455689 0.4674989939434927
1179 787 1746 9.378679704521296 0.5813988592876435
1179 788 1746 8.386514949608072 0.7314497065954138
1179 789 1746 7.3964608428625995 0.9327542421285049
1179 790 1746 6.409495533971432 1.2087444684555597
1179 791 1746 5.427304395369745 1.5972042393905985
1179 792 1746 4.453047608099399 2.1618437882811232
1179 793 1746 3.493369863040529 3.0152703881005443
1179 794 1746 2.564689649840664 4.3614639590193525
1179 795 1746 1.7180317226407236 6.508227414526885
1179 796 1746 1.1513613681203116 8.983208468779386
1179 797 1746 1.303699735368501 8.098971262370897
1179 798 1746 2.0183243049618964 5.51079193228918
1179 799 1746 2.9064812058569975 3.7292398330243515
1179 800 1746 3.849887400950834 2.6186790307985137
1179 801 1746 4.816184485669127 1.9023879071279843
1179 802 1746 5.793930703762345 1.4203972729210714
1179 803 1746 6.778173278988967 1.0841083203688362
1179 804 1746 7.766442750706404 0.8424326019316198
1179 785 1747 11.31351550138151 0.38258026621034524
1179 786 1747 10.313565484351168 0.4717495568684391
1179 787 1747 9.313626200358256 0.5877990550517928
1179 788 1747 8.313701522186118 0.741355503457383
1179 789 1747 7.31379744045457 0.9486160679042724
1179 790 1747 6.313923740432714 1.235259259490691
1179 791 1747 5.314097571554353 1.6440799428769106
1179 792 1747 4.314351979150506 2.2512538276330822
1179 793 1747 3.3147598706391856 3.205386911453042
1179 794 1747 2.3155200279850603 4.839376499610785
1179 795 1747 1.317434248833678 8.101672963350136
1179 796 1747 0.3311087434665252 17.8390300961868
1179 797 1747 0.695437272512773 12.4510528976046
1179 798 1747 1.6904534894518772 6.55423259243079
1179 799 1747 2.6891695744225674 4.105761644363828
1179 800 1747 3.6885814346439574 2.7894541787186324
1179 801 1747 4.688244127602583 1.9915139331918033
1179 802 1747 5.688025404303335 1.4715028262774272
1179 803 1747 6.687872083106864 1.1154596524211104
1179 804 1747 7.68775864605544 0.8626694241969172
1179 785 1748 11.348111428779672 0.37855613434090474
1179 786 1748 10.351503900400166 0.4662200403886025
1179 787 1748 9.355620396317919 0.5800213296784043
1179 788 1748 8.360719646059177 0.7301034876752039
1179 789 1748 7.367199807253765 0.9317656780838149
1179 790 1748 6.375706470658757 1.2089018269594658
1179 791 1748 5.387358629235663 1.6004436698421594
1179 792 1748 4.404274401079023 2.173204950413175
1179 793 1748 3.4309813464954915 3.049265411683615
1179 794 1748 2.4790387249899988 4.466810613736481
1179 795 1748 1.58733518829517 6.882706136584426
1179 796 1748 0.9453216383856273 10.25300637732802
1179 797 1748 1.1258920907440955 9.162916142955913
1179 798 1748 1.90830631713049 5.902027802378977
1179 799 1748 2.831189326060721 3.895643101905754
1179 800 1748 3.793366974074639 2.7025536513938047
1179 801 1748 4.771124919764751 1.9499052469273932
1179 802 1748 5.756529596901264 1.449586172202762
1179 803 1748 6.746231021837323 1.1031196092119628
1179 804 1748 7.738580813043195 0.8553738886598355
1179 785 1749 11.47011913626009 0.3679716658771228
1179 786 1749 10.485114830081736 0.4514727301110762
1179 787 1749 9.503243288477885 0.5590007048141638
1179 788 1749 8.52558695926562 0.6993223151104055
1179 789 1749 7.553782694782795 0.8852062670848149
1179 790 1749 6.590419789360921 1.1356213231398697
1179 791 1749 5.639825617871538 1.4792249865639964
1179 792 1749 4.709738103122094 1.9595133771912925
1179 793 1749 3.815184530268506 2.6400432950283492
1179 794 1749 2.9882491529322226 3.595575694221542
1179 795 1749 2.302961788653943 4.81360165897833
1179 796 1749 1.9177155680653457 5.808402098764515
1179 797 1749 2.012866860972234 5.5881300233693985
1179 798 1749 2.5348832320247494 4.42152488725017
1179 799 1749 3.286279507284836 3.2667478781369335
1179 800 1749 4.144108227351246 2.403155954714718
1179 801 1749 5.054466638528769 1.7926953675701058
1179 802 1749 5.993465858749872 1.3605449273371286
1179 803 1749 6.9495059536632064 1.0496518765019858
1179 804 1749 7.9164154135568445 0.8217553082290453
1179 786 1750 10.710818502803605 0.4289324330773778
1179 787 1750 9.751698980177766 0.5271159931470041
1179 788 1750 8.80168353214316 0.6531546556660514
1179 789 1750 7.864072291122465 0.8165245473768036
1179 790 1750 6.943891776230398 1.0301820618314483
1179 791 1750 6.049101834156884 1.3113651694718476
1179 792 1750 5.192844403600035 1.681152183615459
1179 793 1750 4.397684959157514 2.1588819078774835
1179 794 1750 3.7031922715409 2.740481185696468
1179 795 1750 3.1761034303058007 3.341873553137712
1179 796 1750 2.9088886193871875 3.7334075400886513
1179 797 1750 2.97247926822044 3.663899327715097
1179 798 1750 3.3480790014574544 3.1843891236874664
1179 799 1750 3.94761104973633 2.5721747364571446
1179 800 1750 4.685897245992532 2.015706917663147
1179 801 1750 5.507416181840665 1.5690176812503085
1179 802 1750 6.3800966293623205 1.2258814061208028
1179 803 1750 7.285577053329439 0.9653056771820664
1179 804 1750 8.213016072065152 0.7670523983184491
1179 786 1751 11.022959357631695 0.40057228941120754
1179 787 1751 10.093544124835448 0.4875761816625056
1179 788 1751 9.178977775329898 0.5969912347547405
1179 789 1751 8.284179681779014 0.7351057045266164
1179 790 1751 7.416308583116014 0.9095566043042727
1179 791 1751 6.586017992687257 1.1287018313953276
1179 792 1751 5.8094434328944375 1.399275633426013
1179 793 1751 5.1111283490047805 1.7201504382623987
1179 794 1751 4.527431170100806 2.069319851497671
1179 795 1751 4.107509342655276 2.3861516174507145
1179 796 1751 3.9045656608642663 2.5715999601896837
1179 797 1751 3.9521681391358374 2.544305135780859
1179 798 1751 4.241890262607043 2.317418121512384
1179 799 1751 4.729443201900248 1.984713183373413
1179 800 1751 5.361122363833948 1.6385641470760794
1179 801 1751 6.0922600896547845 1.3289258094190455
1179 802 1751 6.891272233775164 1.0711488743671302
1179 803 1751 7.737159233207016 0.8635625476681082
1179 804 1751 8.616126333799928 0.6986639982771857
1179 787 1752 10.519678369608089 0.4437277082637169
1179 788 1752 9.64560174380014 0.536147076977611
1179 789 1752 8.798388091008508 0.6495204071885224
1179 790 1752 7.98659082462601 0.7876492433253384
1179 791 1752 7.222162626249868 0.9534154169494131
1179 792 1752 6.521781428413591 1.1466214960946106
1179 793 1752 5.908268189579789 1.3600590184898391
1179 794 1752 5.411250594825605 1.574054942728745
1179 795 1752 5.065138991182817 1.752987752414118
1179 796 1752 4.902002957975496 1.852150127929072
1179 797 1752 4.940003340079897 1.8400727619881723
1179 798 1752 5.17471090979975 1.7208603624501135
1179 799 1752 5.581364797251706 1.5310120917071062
1179 800 1752 6.125816925112977 1.3147243259931947
1179 801 1752 6.774926789272385 1.1043726111431795
1179 802 1752 7.501575367881113 0.9165890960441453
1179 803 1752 8.285386713968194 0.7567039384404952
1179 788 1753 10.189290112662434 0.47497529089988244
1179 789 1753 9.391253004791237 0.5661191750121315
1179 790 1753 8.635371040088577 0.6733796551548248
1179 791 1753 7.933702351361594 0.7968362244848803
1179 792 1753 7.30189242594004 0.9337968107363283
1179 793 1753 6.759558639437973 1.0768447221121547
1179 794 1753 6.329741937867654 1.2120586866071374
1179 795 1753 6.036524910906985 1.3192956889759144
1179 796 1753 5.900307873323274 1.3769918454686032
1179 797 1753 5.9319164694051985 1.371285045904107
1179 798 1753 6.128754604322208 1.3036203721209338
1179 799 1753 6.475772772418801 1.1899000139359992
1179 800 1753 6.950513146523838 1.0520176174207472
1179 801 1753 7.5288533655531324 0.9092264564481839
1179 802 1753 8.188872510913866 0.7742440994226397
1179 803 1753 8.912442594485576 0.653514889988657
1179 789 1754 10.048862273909448 0.4888137154714394
1179 790 1754 9.34631654717518 0.5712076194842483
1179 791 1754 8.702162547321246 0.6626313833792232
1179 792 1754 8.130291077200164 0.7599802895493728
1179 793 1754 7.646936183858255 0.8573060758910988
1179 794 1754 7.269775306018795 0.9454489784504937
1179 795 1754 7.0159556013418936 1.012921608467546
1179 796 1754 6.899103782376427 1.0486395045221697
1179 797 1754 6.926155715835498 1.0458671990732817
1179 798 1754 7.095465664774989 1.0051497980462305
1179 799 1754 7.3972719971622505 0.9340618481779758
1179 800 1754 7.816241616019864 0.8439721475538005
1179 801 1754 8.334724530540937 0.7461628152820221
1179 802 1754 8.935414539908088 0.6493587502854323
1179 790 1755 10.106316490195658 0.48252154362927496
1179 791 1755 9.513760192479138 0.5502645871194334
1179 792 1755 8.993644033427202 0.6200135240343145
1179 793 1755 8.559184131679885 0.6874095357184893
1179 794 1755 8.223966986801491 0.7465498460640569
1179 795 1755 8.00047704827661 0.7907269714760919
1179 796 1755 7.898204416194913 0.8139148445817596
1179 797 1755 7.921845302705731 0.8125817540151766
1179 798 1755 8.070293241264588 0.7869378226642423
1179 799 1755 8.336883890279443 0.7408571900144595
1179 800 1755 8.710776831029532 0.6805250906373647
1179 801 1755 9.178868830090172 0.6126223347574351
1179 802 1755 9.727570765612603 0.5429091436396665
1179 794 1756 9.18790688894924 0.596091687109884
1179 795 1756 8.988416601382076 0.6259837651741842
1179 796 1756 8.8975071227845 0.6416142462196147
1179 797 1756 8.918499481415074 0.6410154335539576
1255 1417 1803 7.276705435841127 0.29877422148026256
1255 1418 1803 7.064873813452 0.33282883538291275
1255 1419 1803 6.991025818862336 0.35507898587971776
1255 1420 1803 7.059493041288431 0.3607593716790713
1255 1421 1803 7.266253642696474 0.34854399617467013
1255 1422 1803 7.600029078891723 0.3212287878483946
1255 1415 1804 7.214183391070668 0.2863152151615041
1255 1416 1804 6.708684073646624 0.34832546156008326
1255 1417 1804 6.322059949098858 0.41189555566415775
1255 1418 1804 6.077042208179884 0.4676613432474782
1255 1419 1804 5.99103012845035 0.5036530052872946
1255 1420 1804 6.0707859458228155 0.5101172326765951
1255 1421 1804 6.310027099783313 0.48512589131817724
1255 1422 1804 6.6916695973426386 0.4358334621712709
1255 1423 1804 7.193082927368471 0.37405064113883096
1255 1413 1805 7.819107493825617 0.22881468790406576
1255 1414 1805 7.078166570518097 0.2943944364321935
1255 1415 1805 6.407998283395518 0.37622216019955
1255 1416 1805 5.833047402516105 0.47334737405826527
1255 1417 1805 5.383905831271557 0.5785580711594521
1255 1418 1805 5.093961326904619 0.674811074565492
1255 1419 1805 4.991036164966134 0.7365910691355758
1255 1420 1805 5.08649604344679 0.741943350159183
1255 1421 1805 5.3697711310632075 0.6887490634564777
1255 1422 1805 5.813470736143755 0.5965244969127078
1255 1423 1805 6.384233861631309 0.4913411117400863
1255 1413 1806 7.221941705663371 0.2804410501531151
1255 1414 1806 6.412366333889537 0.3720218079887719
1255 1415 1806 5.663959922174585 0.493295347835901
1255 1416 1806 5.004242400204043 0.647860298787409
1255 1417 1806 4.472632558125014 0.8289674417248137
1255 1418 1806 4.119034110079679 1.0065422125103907
1255 1419 1806 3.99104522650394 1.1216675699748513
1255 1420 1806 4.109798291887312 1.1181398053214433
1255 1421 1806 4.455607927095905 0.997904967867821
1255 1422 1806 4.981409639850938 0.8188431015963604
1255 1423 1806 5.6370596945570695 0.6386737477333733
1255 1424 1806 6.3826673107721845 0.4858820286035534
1255 1412 1807 7.629707858103086 0.24907688294147046
1255 1413 1807 6.721193495206039 0.33740456430639754
1255 1414 1807 5.84263998548601 0.46237103116957384
1255 1415 1807 5.009834528205493 0.6394454566076757
1255 1416 1807 4.249757875455959 0.88616632969905
1255 1417 1807 3.6086620789428228 1.2093958957982953
1255 1418 1807 3.1598167668394828 1.565826309018363
1255 1419 1807 2.991060347100993 1.808051869944506
1255 1420 1807 3.1477677805073077 1.7634611108685403
1255 1421 1807 3.587539825562901 1.4684828500035045
1255 1422 1807 4.222847617425933 1.1115738800140171
1255 1423 1807 4.979401771297418 0.808784399660851
1255 1424 1807 5.81002943193921 0.5832671671553301
1255 1412 1808 7.295919544512537 0.2847674720520194
1255 1413 1808 6.339750941480273 0.3947555289870529
1255 1414 1808 5.399485345845473 0.5581767589806345
1255 1415 1808 4.485135672418393 0.8065153782685318
1255 1416 1808 3.6164128635983994 1.1900298509430935
1255 1417 1808 2.8355673153709406 1.7749760450977445
1255 1418 1808 2.2366139586437246 2.565606535361932
1255 1419 1808 1.9910906558968986 3.1860745706243048
1255 1420 1808 2.2195589652000534 2.940631568291278
1255 1421 1808 2.808637036001612 2.1460827944274223
1255 1422 1808 3.5847513163397973 1.4481913969141462
1255 1423 1808 4.451116938477341 0.9739227170008903
1255 1424 1808 5.364181391414713 0.6668644755797752
1255 1412 1809 7.088613545680146 0.31489214247454117
1255 1413 1809 6.100036229400612 0.4442611048718945
1255 1414 1809 5.115900898180107 0.644030728500936
1255 1415 1809 4.139377006265558 0.9660097752740352
1255 1416 1809 3.1774898898344275 1.5138316361068729
1255 1417 1809 2.2490980414379433 2.5085784180195945
1255 1418 1809 1.4214225269074576 4.385522933648335
1255 1419 1809 0.9911821225183449 6.671151529444062
1255 1420 1809 1.3944325010555227 5.067325068295319
1255 1421 1809 2.215048983657009 2.8951362944836987
1255 1422 1809 3.141407646263047 1.7190910048543793
1255 1423 1809 4.1024921694014145 1.0822444678762122
1255 1424 1809 5.0786259952865125 0.7140108210044662
1255 1412 1810 7.019005770050348 0.3344431880208077
1255 1413 1810 6.019006728688718 0.4758800598146147
1255 1414 1810 5.01900806933004 0.6982698652460526
1255 1415 1810 4.019010077120988 1.0669678176392983
1255 1416 1810 3.0190134150082923 1.7259332263944713
1255 1417 1810 2.019020059335722 3.0515461936935715
1255 1418 1810 1.0190397440728263 6.400305419399858
1255 1419 1810 0.021023796041639797 30.496654533659374
1255 1420 1810 0.9810412835349945 6.6107363577430975
1255 1421 1810 1.9810204441145929 3.122153969269359
1255 1422 1810 2.9810135860139866 1.7584717110914763
1255 1423 1810 3.981010173310281 1.084366273650528
1255 1424 1810 4.9810081308907685 0.7084453731335861
1255 1412 1811 7.091152374614446 0.3395393507930294
1255 1413 1811 6.102986318188834 0.4816595120955409
1255 1414 1811 5.119418130998882 0.7029652242850073
1255 1415 1811 4.1437232050415815 1.0633763253785358
1255 1416 1811 3.183149698019253 1.6842987500571702
1255 1417 1811 2.257087060793192 2.8245274635288626
1255 1418 1811 1.4340299857395036 4.921754685352657
1255 1419 1811 1.0091788741348233 6.591576999061397
1255 1420 1811 1.4072817770439645 4.436403008580884
1255 1421 1811 2.2231603630867496 2.5463854822807095
1255 1422 1811 3.14713234548533 1.5359444350477722
1255 1423 1811 4.106877402601639 0.9791910936583398
1255 1413 1812 6.345426857194094 0.46001036187151534
1255 1414 1812 5.406148536620143 0.6564019550538296
1255 1415 1812 4.493155016244165 0.9570664734375253
1255 1416 1812 3.626353816163019 1.4205010911715605
1255 1417 1812 2.8482348919989167 2.102303225563497
1255 1418 1812 2.252652214612826 2.8870899754084136
1255 1419 1812 2.0090898436854583 3.1591490108765266
1255 1420 1812 2.235719570965922 2.5723237627057967
1255 1421 1812 2.8214255262189782 1.7895140871175377
1255 1422 1812 3.5947798263593316 1.2021022257772445
1255 1423 1812 4.459197461427338 0.8150916620502109
1255 1413 1813 6.729222986348435 0.4166683274311314
1255 1414 1813 5.851875084107669 0.5744344894546548
1255 1415 1813 5.020601756761845 0.7957621935010077
1255 1416 1813 4.262445542174131 1.0930242029357236
1255 1417 1813 3.6235951760648026 1.4448788743099386
1255 1418 1813 3.176860399828752 1.7406772277252647
1255 1419 1813 3.009059986108633 1.795565729006138
1255 1420 1813 3.164876300900254 1.565144600889835
1255 1421 1813 3.6025604783265006 1.2143982712673718
1255 1422 1813 4.235615893822297 0.8920882754642498
1255 1414 1814 6.423584824690974 0.4790139718383996
1255 1415 1814 5.676657643367281 0.6294332366974594
1255 1416 1814 5.018609568396425 0.8071929877664422
1255 1417 1814 4.488701594002451 0.9850225154008735
1255 1418 1814 4.136477003441471 1.1068651122576632
1255 1419 1814 4.0090450234438775 1.1149560748227656
1255 1420 1814 4.127280218255129 1.0048628263768247
1255 1421 1814 4.47173814081282 0.8305016147252304
1255 1415 1815 6.422027872876308 0.4850325727359467
1255 1416 1815 5.848456377541016 0.5892623795405053
1255 1417 1815 5.400596448541602 0.6813712741661304
1255 1418 1815 5.111598771421732 0.7357419281438502
1255 1419 1815 5.00903603500715 0.7326477068792918
1255 1420 1815 5.104159284348416 0.6733074310690284
