# %ECSV 0.9
# ---
# datatype:
# - name: sexcat_id
#   datatype: int32
# - name: x
#   datatype: int32
# - name: y
#   datatype: int32
# - name: sep
#   datatype: float64
# - name: weight
#   datatype: float64
# schema: astropy-2.0
sexcat_id x y sep weight
685 1726 1511 7.200726768875455 0.37722323912847916
685 1727 1511 6.796503954239978 0.435807783740905
685 1728 1511 6.52184529102 0.48784140717659885
685 1729 1511 6.393470575516858 0.52466956259067
685 1730 1511 6.42016090141049 0.5386398536110419
685 1731 1511 6.60003530293589 0.5265003817779289
685 1732 1511 6.921160740800646 0.4910880173013066
685 1725 1512 6.909302859189158 0.4132340028892343
685 1726 1512 6.330913520180131 0.5022965959740449
685 1727 1512 5.867066217454825 0.5961831804861767
685 1728 1512 5.546572455129363 0.6826270026664771
685 1729 1512 5.39504087102219 0.7442023298215394
685 1730 1512 5.4266440826720865 0.7644835044608771
685 1731 1512 5.638303468242913 0.7372793089208275
685 1732 1512 6.011028697319633 0.6708039819031021
685 1733 1512 6.517243742564817 0.5822199664678043
685 1724 1513 6.9011930852570265 0.42048024881376456
685 1725 1513 6.161855726970528 0.5349593319439733
685 1726 1513 5.505494164922854 0.6735769909517887
685 1727 1513 4.965124973250894 0.8293583085558222
685 1728 1513 4.581971846268786 0.9812014595355207
685 1729 1513 4.3973248685990765 1.0917384095396032
685 1730 1513 4.436041704042015 1.1216181996021632
685 1731 1513 4.692596935599742 1.0582943362248376
685 1732 1513 5.1344392098845795 0.9273741675009378
685 1733 1513 5.7187818632992355 0.7704895485747218
685 1734 1513 6.406751594997295 0.6195097961590126
685 1723 1514 7.177357870414385 0.3964251655979551
685 1724 1514 6.313197763415891 0.5208743827942686
685 1725 1514 5.495313093900975 0.6872248323223841
685 1726 1514 4.747680065042253 0.9044612685465865
685 1727 1514 4.108827813379348 1.1715630924692886
685 1728 1514 3.636545888614608 1.4571047686128005
685 1729 1514 3.400950749422859 1.6763863489484956
685 1730 1514 3.450864529360723 1.719966540482097
685 1731 1514 3.7749789403386216 1.5610226672287446
685 1732 1514 4.31189818989273 1.289144145725909
685 1733 1514 4.9934422996566505 1.0080559366033455
685 1734 1514 5.76857573409593 0.7692602653161467
685 1723 1515 6.763465531811287 0.46583183368462555
685 1724 1515 5.838361585239427 0.6303751692288648
685 1725 1515 4.9425161608233035 0.8650850211674439
685 1726 1515 4.095175942496199 1.2004278610742598
685 1727 1515 3.3335365604714355 1.6666019636213296
685 1728 1515 2.7302867981220995 2.246995420318894
685 1729 1515 2.407585097146085 2.7520895302929302
685 1730 1515 2.477592783328209 2.8064059094427662
685 1731 1515 2.9121239671415298 2.356768551494077
685 1732 1515 3.580847106481959 1.768245074238442
685 1733 1515 4.377723837795198 1.2766089074539162
685 1734 1515 5.244660713525748 0.9188274639393782
685 1722 1516 7.458717450071377 0.38932717708459436
685 1723 1516 6.478770408032635 0.5292220703173602
685 1724 1516 5.50603904817242 0.7347381687649092
685 1725 1516 4.5451585230880065 1.046035720447443
685 1726 1516 3.6056158974576933 1.533867700469577
685 1727 1516 2.709698507214363 2.32131098581068
685 1728 1516 1.9194962880922286 3.5711914660697515
685 1729 1516 1.4235399537771822 5.047970792184335
685 1730 1516 1.5389821311503395 5.008023801229599
685 1731 1516 2.170360799498585 3.518430350412169
685 1732 1516 3.0087316264499626 2.2864421480589456
685 1733 1516 3.9235782138247655 1.5124151380178579
685 1734 1516 4.872008415427916 1.0325520237152013
685 1722 1517 7.339105258817268 0.4182976734475597
685 1723 1517 6.340699172804162 0.5751153404299338
685 1724 1517 5.342889293256924 0.811395876992681
685 1725 1517 4.346086285383617 1.1834376956176398
685 1726 1517 3.351188744311437 1.8055359961674713
685 1727 1517 2.3606071252963217 2.941452805959881
685 1728 1517 1.383642294814618 5.332290986003601
685 1729 1517 0.506424722935167 11.460678827814977
685 1730 1517 0.7736058427907967 9.303108954820605
685 1731 1517 1.7147787029235455 4.513567988431563
685 1732 1517 2.6986044541577883 2.5743544344367906
685 1733 1517 3.691133430262357 1.6115215333011506
685 1734 1517 4.6868396601548525 1.0701458950415437
685 1722 1518 7.35475805176481 0.4305798725425904
685 1723 1518 6.358810108817482 0.5927659862924429
685 1724 1518 5.364370046892691 0.8374187219803881
685 1725 1518 4.372466809479471 1.2228747673860316
685 1726 1518 3.3853310030187127 1.8666027106094787
685 1727 1518 2.4088308367338254 3.0329075931318483
685 1728 1518 1.4643995356458839 5.394455242935872
685 1729 1518 0.6974711463565922 9.848405793546625
685 1730 1518 0.910201076685848 7.5520758944834485
685 1731 1518 1.7805802425052837 4.042506281334944
685 1732 1518 2.740887812370341 2.3823012273109865
685 1733 1518 3.7221587822123294 1.5150355814770453
685 1734 1518 4.711312555965744 1.0155585849445838
685 1723 1519 6.531804191798726 0.5774634033331308
685 1724 1519 5.568344996495773 0.8037053056771027
685 1725 1519 4.620440022335492 1.1454101805011823
685 1726 1519 3.7000629724370504 1.6742859559412357
685 1727 1519 2.8341605459112227 2.4949695861960026
685 1728 1519 2.091522412024289 3.643956063485937
685 1729 1519 1.6481705008887875 4.525605865958216
685 1730 1519 1.7488470487724463 3.9971564885142206
685 1731 1519 2.323890272796931 2.811893978038477
685 1732 1519 3.1212923605455947 1.8850386665059995
685 1733 1519 4.01054435207995 1.2804126300227325
685 1734 1519 4.942313830585881 0.8916394354229834
685 1723 1520 6.847953416897593 0.5333104450963603
685 1724 1520 5.93603116568634 0.7219160936835253
685 1725 1520 5.057515793351477 0.9868092292552
685 1726 1520 4.2332571384218705 1.351553789798985
685 1727 1520 3.5017804043086165 1.8171810585873247
685 1728 1520 2.933337007573442 2.2918120712993333
685 1729 1520 2.6356149187618465 2.5243834053120215
685 1730 1520 2.6997159109802857 2.323086025349285
685 1731 1520 3.103299212128958 1.8566605630186441
685 1732 1520 3.737976190400403 1.3850476422455753
685 1733 1520 4.507157197169898 1.0117469541927155
685 1724 1521 6.439446094191607 0.615712939858711
685 1725 1521 5.639899467189077 0.8028766508570454
685 1726 1521 4.91431236288453 1.0316191211277588
685 1727 1521 4.300286734625941 1.2791789399470759
685 1728 1521 3.851553712464612 1.483686578644726
685 1729 1521 3.62994021989344 1.5577317021870567
685 1730 1521 3.6767466597523595 1.460582991605213
685 1731 1521 3.9825200564467003 1.2446618720094633
685 1732 1521 4.494715341375951 0.9970237244896605
685 1725 1522 6.327595593904501 0.6322711826509453
685 1726 1522 5.6903836426026455 0.7706254395022804
685 1727 1522 5.169377718836171 0.9028423396395112
685 1728 1522 4.802547865456414 0.9975455256705358
685 1729 1522 4.626712223598962 1.02314018910295
685 1730 1522 4.663525061581652 0.9696752919098441
797 1561 1700 14.750799300376817 0.20477285466708767
797 1562 1700 14.345524737701208 0.21351908745316994
797 1563 1700 14.000074285517108 0.22142720426668502
797 1564 1700 13.71896789120805 0.22829517213773828
797 1561 1701 13.856481515882644 0.24485686200878445
797 1562 1701 13.42423480128374 0.25640084863614
797 1563 1701 13.05442760139247 0.26689759877002184
797 1564 1701 12.752493089588311 0.2760505489935358
797 1565 1701 12.523341407148402 0.2835781315722855
797 1571 1701 12.809452759583378 0.2850710464393352
797 1572 1701 13.125931585986509 0.277959393731098
797 1561 1702 12.97759916163223 0.2942114778826843
797 1562 1702 12.515034158962479 0.30963584850598574
797 1563 1702 12.117511295641435 0.32376098784354096
797 1564 1702 11.791610577016094 0.3361438192617334
797 1565 1702 11.54339984579924 0.34635591797011944
797 1566 1702 11.377964668603871 0.35401495391675203
797 1567 1702 11.298941543348123 0.3588165385002478
797 1568 1702 11.308142199318072 0.36056199110154025
797 1569 1702 11.405353129123107 0.35917757102982134
797 1570 1702 11.588359676848071 0.3547218329461891
797 1571 1702 11.85318860054114 0.34737977665945513
797 1572 1702 12.194510240267894 0.3374448506366006
797 1573 1702 12.606112802922183 0.3252919568792143
797 1574 1702 13.081363843269504 0.3113458382494296
797 1575 1702 13.613599083269595 0.29604938122356744
797 1561 1703 12.117511295641435 0.3552822757456346
797 1562 1703 11.620760732413254 0.376167549489344
797 1563 1703 11.191518216935444 0.3954670321542053
797 1564 1703 10.837807896433576 0.4125063592262489
797 1565 1703 10.567217230661916 0.42661795895691046
797 1566 1703 10.386244749667618 0.4371957212439104
797 1567 1703 10.299615526804786 0.443752705777276
797 1568 1703 10.309708046302685 0.44597271918161957
797 1569 1703 10.416241164642763 0.4437461849336864
797 1570 1703 10.616311977329909 0.43718299952781087
797 1571 1703 10.904773266785448 0.42659963908743875
797 1572 1703 11.274842792695544 0.41248326005877484
797 1573 1703 11.718791746592256 0.3954401057805252
797 1574 1703 12.228576368490277 0.3761377964719044
797 1575 1703 12.796330724078638 0.35525067055683024
797 1576 1703 13.414696418480704 0.3334149034878913
797 1577 1703 14.077005363357616 0.3111968276586415
797 1578 1703 14.777350236087631 0.2890748175288216
797 1560 1704 11.876113842499063 0.4015759701219369
797 1561 1704 11.280517718615485 0.43118460173146905
797 1562 1704 10.745142158203306 0.45987385801486547
797 1563 1704 10.279400760744668 0.48669324223789184
797 1564 1704 9.893132971915325 0.5105968369642763
797 1565 1704 9.595940808487631 0.5305168812026657
797 1566 1704 9.396280115024155 0.5454612059698706
797 1567 1704 9.300434398456796 0.554622014528436
797 1568 1704 9.311609957466995 0.5574764820459781
797 1569 1704 9.429426281593095 0.5538573323885884
797 1570 1704 9.649978238317361 0.5439762990981358
797 1571 1704 9.966447712199104 0.5283945002488613
797 1572 1704 10.37005689473297 0.5079472430662941
797 1573 1704 10.851086581536382 0.4836412957890469
797 1574 1704 11.399740347920167 0.45654653995357225
797 1575 1704 12.006751434089034 0.42770087447284505
797 1576 1704 12.663730887854463 0.3980399094954411
797 1577 1704 13.363310966972191 0.3683549040249823
797 1578 1704 14.099151747534295 0.33927618875772353
797 1579 1704 14.865869634838031 0.3112759681364706
797 1580 1704 15.658929720769537 0.2846835956035121
797 1581 1704 16.474528217827654 0.2597072486954122
797 1551 1705 18.37351572236509 0.20126974094814523
797 1552 1705 17.486968862555834 0.22320375526797795
797 1553 1705 16.613310326361734 0.24744945044058478
797 1554 1705 15.754684382747802 0.2741489453754107
797 1555 1705 14.913687672738677 0.30340454777338144
797 1556 1705 14.09347650510681 0.3352546603482767
797 1560 1705 11.111169155403854 0.4851972599445829
797 1561 1705 10.472157370857166 0.5258314323015345
797 1562 1705 9.893132971915325 0.565849730451747
797 1563 1705 9.385205378679693 0.603824460956258
797 1564 1705 8.960473201790089 0.6381042659191661
797 1565 1705 8.631227027485629 0.6669323087327746
797 1566 1705 8.408690742321214 0.6886235515067803
797 1567 1705 8.301450475669814 0.7017788928296618
797 1568 1705 8.31396896794778 0.7054929593679005
797 1569 1705 8.445713705779918 0.6995022113601617
797 1570 1705 8.691264580025097 0.6842299989880795
797 1571 1705 9.04135388091844 0.6607146069911994
797 1572 1705 9.484412475214214 0.6304424206516805
797 1573 1705 10.008100718917605 0.5951339212834409
797 1574 1705 10.600475461034716 0.5565350410374597
797 1575 1705 11.250692423135531 0.5162526644716571
797 1576 1705 11.949312950960794 0.4756512659845563
797 1577 1705 12.688344257624768 0.4358084277970561
797 1578 1705 13.461132196067295 0.3975157185055668
797 1579 1705 14.262190575083464 0.36130815803525723
797 1580 1705 15.087016935100182 0.32750747197845015
797 1581 1705 15.931920160482846 0.2962684867662963
797 1582 1705 16.793870310324532 0.26762224260275314
797 1550 1706 18.862504605698504 0.20141858945840935
797 1551 1706 17.9444164017668 0.2247543652688398
797 1552 1706 17.035553410441278 0.25091373291077906
797 1553 1706 16.13747439966978 0.28018564485526704
797 1554 1706 15.252084447707391 0.3128532314177646
797 1555 1706 14.381727295425879 0.3491729824484128
797 1556 1706 13.529304490623227 0.3893437652681638
797 1557 1706 12.698428249196745 0.4334627201665272
797 1558 1706 11.893615093822316 0.4814653202260098
797 1559 1706 11.120525167454911 0.5330482855247832
797 1560 1706 10.386244749667618 0.5875775024717439
797 1561 1706 9.699591743985838 0.6439896587852745
797 1562 1706 9.071387986410807 0.7007065769082979
797 1563 1706 8.514580435934493 0.7555941402482014
797 1564 1706 8.044008950765686 0.8060086465976543
797 1565 1706 7.675550794568333 0.84897303655531
797 1566 1706 7.424424556825846 0.8815020092791412
797 1567 1706 7.302744689498514 0.9010433872289488
797 1568 1706 7.316972051333723 0.9059374334631168
797 1569 1706 7.466329754303577 0.895753206327836
797 1570 1706 7.743002001807761 0.8713805471354711
797 1571 1706 8.134007622322411 0.8348422256219268
797 1572 1706 8.623808903263056 0.7888976905278086
797 1573 1706 9.196634166911243 0.7365751904643195
797 1574 1706 9.83799166496899 0.6807635803882844
797 1575 1706 10.535372798339859 0.6239392708031256
797 1576 1706 11.278389956017635 0.5680398507685803
797 1577 1706 12.058610201843312 0.5144538535344509
797 1578 1706 12.869268821498745 0.4640820337455862
797 1579 1706 13.704965523488184 0.41743047211514067
797 1580 1706 14.56139004353636 0.37470828197361333
797 1581 1706 15.435092484335813 0.3359149746456297
797 1582 1706 16.323298686233738 0.3009115019765062
797 1550 1707 18.498921049617934 0.22193985085226778
797 1551 1707 17.561835894917067 0.2491838572672761
797 1552 1707 16.632079845888118 0.28007423094648054
797 1553 1707 15.710954140344175 0.3150792082937516
797 1554 1707 14.800070270103376 0.35469562290074336
797 1555 1707 13.901441651857477 0.3994298274223637
797 1556 1707 13.017606538838006 0.4497643233022483
797 1557 1707 12.151793283297659 0.506103529445238
797 1558 1707 11.308142199318072 0.5686905291520888
797 1559 1707 10.492000762485592 0.6374860464480558
797 1560 1707 9.710307925086532 0.712003200639331
797 1561 1707 8.972072224408272 0.791100044604157
797 1562 1707 8.288913077116836 0.8727509986490356
797 1563 1707 7.675550794568333 0.953851618699006
797 1564 1707 7.149970629310212 1.0301552453250042
797 1565 1707 6.732761691906134 1.0964743640755366
797 1566 1707 6.445004266872042 1.1472601804050635
797 1567 1707 6.30444922257281 1.177553229192052
797 1568 1707 6.320923983089735 1.184083877268689
797 1569 1707 6.493233401010554 1.1661157013458074
797 1570 1707 6.809557988592149 1.1256477122673434
797 1571 1707 7.251074403148767 1.0668758039828734
797 1572 1707 7.796542823585293 0.9951725420998835
797 1573 1707 8.425798478482584 0.916014941635513
797 1574 1707 9.121517417622986 0.8341952499341845
797 1575 1707 9.869654502564899 0.7534284902782487
797 1576 1707 10.659178204721021 0.6762928387737932
797 1577 1707 11.481553901802654 0.6043701029798476
797 1578 1707 12.330210054982837 0.538466096864003
797 1579 1707 13.200078787643653 0.47883367851611736
797 1580 1707 14.087231097699789 0.42536151200101313
797 1581 1707 14.988598333399962 0.3777180517522986
797 1582 1707 15.901763424224377 0.3354537568754569
797 1549 1708 19.142050046951542 0.2150135116634085
797 1550 1708 18.183126243855803 0.2424279435080294
797 1551 1708 17.228873439665108 0.2738263907697134
797 1552 1708 16.280113021720638 0.3098307569046612
797 1553 1708 15.337864258103144 0.35115082263053027
797 1554 1708 14.403405152949007 0.39858584135819275
797 1555 1708 13.478355982834037 0.4530172834836167
797 1556 1708 12.564795262955867 0.5153857130208559
797 1557 1708 11.665422409840042 0.5866407535938131
797 1558 1708 10.783787831740678 0.6676475181025401
797 1559 1708 9.924619891965555 0.7590260706926033
797 1560 1708 9.09428831740002 0.860894457997427
797 1561 1708 8.301450475669814 0.9724864051604235
797 1562 1708 7.557915056415934 1.091634799673952
797 1563 1708 6.879686039347925 1.2141735681471628
797 1564 1708 6.287931297334508 1.3334367207317264
797 1565 1708 5.809137629631348 1.4402133395023442
797 1566 1708 5.473032066414283 1.5236359679680085
797 1567 1708 5.30679564332367 1.5732843974450157
797 1568 1708 5.326357104062698 1.5820852789585618
797 1569 1708 5.5297450212463914 1.5487136890950262
797 1570 1708 5.8979725329980415 1.4780793391599667
797 1571 1708 6.402661946409432 1.3795817004466948
797 1572 1708 7.014419434279611 1.264224096645394
797 1573 1708 7.707793458571628 1.1420763996719012
797 1574 1708 8.462746599065794 1.0208910054302271
797 1575 1708 9.26423661183153 0.9058200465914757
797 1576 1708 10.101192008867065 0.7997821635792145
797 1577 1708 10.965494972868298 0.7040518452410506
797 1578 1708 11.851163655945353 0.6188215303550687
797 1579 1708 12.75374768450435 0.5436404609043134
797 1580 1708 13.669896854036617 0.47772033788735213
797 1581 1708 14.597057237676376 0.42013183908053486
797 1582 1708 15.533257224420137 0.36992256596466916
797 1549 1709 18.89005240860908 0.23127914578286732
797 1550 1709 17.917647166969157 0.2620816309897997
797 1551 1709 16.94845361677572 0.297695186943526
797 1552 1709 15.983056028181782 0.3389724448456903
797 1553 1709 15.022186258996994 0.38692476109639157
797 1554 1709 14.066772195496668 0.4427461853464399
797 1555 1709 13.118005946026944 0.5078346247854919
797 1556 1709 12.177441438988666 0.5838032427021448
797 1557 1709 11.247136524466946 0.6724688492328966
797 1558 1709 10.329863503454366 0.7757931903071345
797 1559 1709 9.429426281593095 0.895735140693556
797 1560 1709 8.551144952577909 1.0339445343921183
797 1561 1709 7.7026021577125965 1.1911930577849903
797 1562 1709 6.894786436141357 1.3664096988550831
797 1563 1709 6.143783850364441 1.5552207985612052
797 1564 1709 5.473032066414283 1.7481125771444648
797 1565 1709 4.915493871423204 1.9289188813089193
797 1566 1709 4.5133225012178295 2.0752704905370445
797 1567 1709 4.310229692255303 2.163048074981997
797 1568 1709 4.334291176190097 2.1748862342289503
797 1569 1709 4.58192972447193 2.1082656111866305
797 1570 1709 5.020167327888534 1.9768106791174316
797 1571 1709 5.604469644845941 1.8036404137045972
797 1572 1709 6.294289475389551 1.6123190438155883
797 1573 1709 7.0587590977451375 1.4210352491591154
797 1574 1709 7.876171658870814 1.2411570957271487
797 1575 1709 8.731671088629021 1.0783780003268433
797 1576 1709 9.615096463374666 0.9345693288426276
797 1577 1709 10.519414432372178 0.8093817445527288
797 1578 1709 11.439671323949835 0.7013502895751219
797 1579 1709 12.37231102098554 0.6085659768586941
797 1580 1709 13.31473169087535 0.5290470359423686
797 1581 1709 14.264994917629673 0.4609247741258539
797 1582 1709 15.221631975580033 0.4025231844664702
797 1549 1710 18.688233731415014 0.24595888837496294
797 1550 1710 17.704747385941378 0.27994892570830054
797 1551 1710 16.723219785675187 0.319578292691686
797 1552 1710 15.744017276413226 0.3659527250291312
797 1553 1710 14.767602378179006 0.42042560989845157
797 1554 1710 13.79456704648603 0.4846567452560185
797 1555 1710 12.825680488769335 0.560682645246782
797 1556 1710 11.861959365973165 0.6509968926174377
797 1557 1710 10.904773266785448 0.7586336238398341
797 1558 1710 9.956007231817313 0.8872351216105752
797 1559 1710 9.01831913385187 1.04105865357379
797 1560 1710 8.095559276541605 1.2248246995963359
797 1561 1710 7.193474820974833 1.4432053221084282
797 1562 1710 6.320923983089735 1.6995672038843974
797 1563 1710 5.492001456663962 1.993318347258471
797 1564 1710 4.7297018933542905 2.3150521741345482
797 1565 1710 4.071618842671701 2.6394629564488032
797 1566 1710 3.5757628556714067 2.9195885807888358
797 1567 1710 3.3157321966647753 3.0927139924932674
797 1568 1710 3.346950851147877 3.107850741069294
797 1569 1710 3.661977607796037 2.960053761705149
797 1570 1710 4.19738966501797 2.694230962371845
797 1571 1710 4.881196574611573 2.3736260447581383
797 1572 1710 5.659865722788822 2.048988947126669
797 1573 1710 6.499390740677153 1.7492162974554413
797 1574 1710 7.379029746518169 1.4859839504016872
797 1575 1710 8.286017137322375 1.261023381772489
797 1576 1710 9.212278762608097 1.071425204448592
797 1577 1710 10.152540568744369 0.9126277503902969
797 1578 1710 11.103246372120198 0.7798667213338053
797 1579 1710 12.061926877576418 0.6687844305630603
797 1580 1710 13.02682156168574 0.5756268215115322
797 1581 1710 13.996645312359693 0.4972555492204782
797 1582 1710 14.970440207288517 0.4310868523649917
797 1549 1711 18.53823292549746 0.2582590928541831
797 1550 1711 17.54634092909397 0.29499937120656294
797 1551 1711 16.555424488668308 0.3381282334678289
797 1552 1711 15.565669918124254 0.38899704648199374
797 1553 1711 14.577313881507745 0.4493003312893834
797 1554 1711 13.590661499720992 0.5211778231512862
797 1555 1711 12.606112802922182 0.6073504925412498
797 1556 1711 11.624202338225134 0.7113018708875617
797 1557 1711 10.645660148623886 0.83751829442692
797 1558 1711 9.671508672383995 0.9918013378260123
797 1559 1711 8.703222391735082 1.1816560598188257
797 1560 1711 7.743002001807761 1.4167211759616682
797 1561 1711 6.794268172511229 1.709091823662874
797 1562 1711 5.862600105755053 2.0730605294396804
797 1563 1711 4.957628465304681 2.5229425618715573
797 1564 1711 4.097081888368761 3.065603664862271
797 1565 1711 3.3157321966647753 3.680698635814548
797 1566 1711 2.6836691301275386 4.282094890902867
797 1567 1711 2.3259578672021517 4.687261378634561
797 1568 1711 2.370248932074365 4.700605685077887
797 1569 1711 2.797513181380876 4.31455109312782
797 1570 1711 3.469017151874553 3.7189494097852593
797 1571 1711 4.271074806181685 3.101319665811204
797 1572 1711 5.142964125871383 2.5532463102315694
797 1573 1711 6.05459164601545 2.097785858420497
797 1574 1711 6.990427740846776 1.728988547157992
797 1575 1711 7.941919163527179 1.4326969129783023
797 1576 1711 8.90404851738805 1.194524061814184
797 1577 1711 9.87370649756212 1.0022239132612156
797 1578 1711 10.848874596012275 0.8460153265556283
797 1579 1711 11.828190055963786 0.7182760226279786
797 1580 1711 12.810701776249443 0.6131128194040315
797 1581 1711 13.795726874652193 0.5259692461238685
797 1582 1711 14.782762935256752 0.45330842710754765
797 1549 1712 18.441314486771226 0.26742590945353817
797 1550 1712 17.44391240519163 0.30623699343406596
797 1551 1712 16.446825833576472 0.35201571403476906
797 1552 1712 15.450115857170731 0.40631191667073063
797 1553 1712 14.453860383994256 0.4711011084655236
797 1554 1712 13.458160349765441 0.5489276760589784
797 1555 1712 12.463148879797542 0.6431064491930865
797 1556 1712 11.469005187896586 0.7580109357970805
797 1557 1712 10.475976326815507 0.8994925637867132
797 1558 1712 9.484412475214214 1.0755013772325166
797 1559 1712 8.494826660974258 1.297021257288254
797 1560 1712 7.50800106552997 1.5795006137931076
797 1561 1712 6.525188119893499 1.9450573132068338
797 1562 1712 5.54852052352691 2.4258254395205365
797 1563 1712 4.58192972447193 3.0686055254485245
797 1564 1712 3.6334666642202045 3.938928546441304
797 1565 1712 2.72214621209067 5.110892749520592
797 1566 1712 1.902125127324611 6.573348429467523
797 1567 1712 1.3513252754240004 7.849436858893294
797 1568 1712 1.426211765482193 7.802138115469735
797 1569 1712 2.0596310349186133 6.487259954975471
797 1570 1712 2.9069021311354812 5.035772885065113
797 1571 1712 3.828587206790526 3.8823103782757973
797 1572 1712 4.781849014764076 3.026896914971059
797 1573 1712 5.751006868366638 2.394842672328174
797 1574 1712 6.729196088686994 1.9216751480201164
797 1575 1712 7.712981265373359 1.5615595778823916
797 1576 1712 8.700464355423824 1.2830413193132904
797 1577 1712 9.690514950197466 1.0644564032648869
797 1578 1712 10.682419201660299 0.8906588031952087
797 1579 1712 11.67570468965367 0.7508686097342433
797 1580 1712 12.670046566607434 0.6372757520512276
797 1581 1712 13.665214231763837 0.5441266087301302
797 1582 1712 14.661039526582043 0.4671172195324981
797 1549 1713 18.398317314363247 0.27284302580161723
797 1550 1713 17.398450505720287 0.3128388423877497
797 1551 1713 16.398599940238757 0.36012818765891297
797 1552 1713 15.398768781951324 0.4163727209928945
797 1553 1713 14.398961073633012 0.4837071519199825
797 1554 1713 13.399182064588825 0.5649070401552004
797 1555 1713 12.399438696973299 0.6636304311344199
797 1556 1713 11.399740347920165 0.7847734427646978
797 1557 1713 10.400099999519192 0.9350067311141308
797 1558 1713 9.400536154922184 1.1236085761448016
797 1559 1713 8.401076121545337 1.3638033161943557
797 1560 1713 7.401761952400207 1.6750007259507593
797 1561 1713 6.402661946409432 2.0867323098730974
797 1562 1713 5.403894891649864 2.646008180279948
797 1563 1713 4.405687233565223 3.432188514671594
797 1564 1713 3.408530475146095 4.590327767522915
797 1565 1713 2.4137274079729365 6.417349863754446
797 1566 1713 1.426211765482193 9.632199627805509
797 1567 1713 0.49201625989383524 16.130075900518456
797 1568 1713 0.6708800190794191 14.677892041084071
797 1569 1713 1.6303619230097608 8.913239136972987
797 1570 1713 2.6203205910728116 6.029662510424162
797 1571 1713 3.615809729507383 4.352457366064345
797 1572 1713 4.613250480951618 3.274186013762798
797 1573 1713 5.611602266732775 2.535345004843973
797 1574 1713 6.610452329455262 2.0062175664148416
797 1575 1713 7.609604457526067 1.6147070572086453
797 1576 1713 8.608953478791756 1.317614749844662
797 1577 1713 9.608437958378081 1.0875668353195118
797 1578 1713 10.608019607825055 0.9064484933295226
797 1579 1713 11.607673324142134 0.7618494020916939
797 1580 1713 12.607381964547635 0.6450226199549017
797 1581 1713 13.607133423318855 0.5496553295754881
797 1582 1713 14.606918908517331 0.4710988502250139
797 1550 1714 17.410401488765235 0.31428896494938724
797 1551 1714 16.411279048264298 0.3617677848495238
797 1552 1714 15.41227043624653 0.4182212884816447
797 1553 1714 14.413399321464693 0.4857806451553172
797 1554 1714 13.414696418480702 0.5672123694500656
797 1555 1714 12.416202317939213 0.6661551142000627
797 1556 1714 11.417971798879131 0.7874661012794444
797 1557 1714 10.420080613891585 0.9377398044674133
797 1558 1714 9.422636573698432 1.1261052792613737
797 1559 1714 8.425798478482584 1.3654894924841066
797 1560 1714 7.429810226378565 1.6746900654850023
797 1561 1714 6.435066433223482 2.0819154593578566
797 1562 1714 5.4422495348890125 2.6311135721897014
797 1563 1714 4.452648649961026 3.39384858970258
797 1564 1714 3.469017151874553 4.492465653217937
797 1565 1714 2.498415497870584 6.143353977904791
797 1566 1714 1.565273139103844 8.683373391470587
797 1567 1714 0.81122130149552 11.748698938873158
797 1568 1714 0.9306341923657055 10.973867322509728
797 1569 1714 1.7533054497149811 7.833950509937911
797 1570 1714 2.6985329347629494 5.5878046990699435
797 1571 1714 3.6728844250807047 4.127784717805856
797 1572 1714 4.658119792362633 3.143986886458144
797 1573 1714 5.648546715749157 2.4531466732906204
797 1574 1714 6.641843117689597 1.9511089687030785
797 1575 1714 7.636889419128757 1.5760818205912261
797 1576 1714 8.633080562580245 1.2896013265443973
797 1577 1714 9.630061266679508 1.0666911684564375
797 1578 1714 10.627609326654843 0.8905448122482913
797 1579 1714 11.62557869527367 0.7495095062707702
797 1580 1714 12.623869454331391 0.6352986463710736
797 1581 1714 13.62241094667171 0.5418905290360093
797 1582 1714 14.621151801414324 0.4648268586942654
797 1551 1715 16.484722624296683 0.3567890869320679
797 1552 1715 15.490451252303755 0.41167567057582294
797 1553 1715 14.496967958852604 0.4770935355131225
797 1554 1715 13.504446675077034 0.5555581174363727
797 1555 1715 12.513116318487542 0.6503251608696748
797 1556 1715 11.523284254065736 0.7656538220940515
797 1557 1715 10.535372798339859 0.9071786680459003
797 1558 1715 9.549978010445862 1.082439137530721
797 1559 1715 8.567968253909417 1.3016327994315073
797 1560 1715 7.590657415533892 1.5786693111833734
797 1561 1715 6.620126887001468 1.9325621410642597
797 1562 1715 5.659865722788822 2.3889426315682787
797 1563 1715 4.716150972986331 2.9804319447934295
797 1564 1715 3.801326084407914 3.740749998338247
797 1565 1715 2.9424615545491983 4.674951067226376
797 1566 1715 2.2059193094943814 5.662445919821491
797 1567 1715 1.7533054497149811 6.3012848364151095
797 1568 1715 1.811651180553347 6.119921542623662
797 1569 1715 2.343091974293886 5.271085504442563
797 1570 1715 3.11417404780152 4.275602938145373
797 1571 1715 3.988242720798295 3.408328600501343
797 1572 1715 4.910608923545091 2.720350036398992
797 1573 1715 5.858504928734016 2.18830574973228
797 1574 1715 6.8212960645320795 1.7773319005810138
797 1575 1715 7.793463928190142 1.4575033832463609
797 1576 1715 8.771891472196918 1.2060521643644981
797 1577 1715 9.754695279710232 1.0062351320304335
797 1578 1715 10.740674094301585 0.8458073794052896
797 1579 1715 11.729027240142349 0.7157650215052478
797 1580 1715 12.719201232781929 0.6094228357979347
797 1581 1715 13.710801581235192 0.5217614627435819
797 1582 1715 14.703539709879438 0.44896921214402585
797 1552 1716 15.632340835588224 0.39737186965336835
797 1553 1716 14.648483880593215 0.45858611096519125
797 1554 1716 13.666970403128827 0.5313594838144617
797 1555 1716 12.688344257624767 0.6183143485467378
797 1556 1716 11.7133291595515 0.7227543647929299
797 1557 1716 10.742908358540511 0.8488433358495526
797 1558 1716 9.778449774887616 1.0018077218342072
797 1559 1716 8.821909090440672 1.1881259570449585
797 1560 1716 7.876171658870814 1.4155967849098492
797 1561 1716 6.945651877253849 1.6930100001069126
797 1562 1716 6.037390164632397 2.028763555625308
797 1563 1716 5.163146327579733 2.4270072378471217
797 1564 1716 4.343510101289068 2.878761324205175
797 1565 1716 3.615809729507383 3.3455706799978064
797 1566 1716 3.0466506199432084 3.7414923442460783
797 1567 1716 2.7368010523237563 3.9439752921038234
797 1568 1716 2.7745414035477114 3.8689913604633523
797 1569 1716 3.1473925716377655 3.549482030982532
797 1570 1716 3.7568710385107273 3.1024285839593806
797 1571 1716 4.508001774622627 2.6361411331699274
797 1572 1716 5.3413556331703695 2.2100491411525187
797 1573 1716 6.223992287913034 1.8446414636798265
797 1574 1716 7.137652275083243 1.5404629641024339
797 1575 1716 8.071807728136312 1.2904157322500562
797 1576 1716 9.02009312590514 1.0856172562908843
797 1577 1716 9.978480846301267 0.9177147201786239
797 1578 1716 10.944317246863841 0.7795967552968839
797 1579 1716 11.915791203273134 0.6654627767530061
797 1580 1716 12.891628291259467 0.5706705309881177
797 1581 1716 13.870907684791272 0.49153233367069166
797 1554 1717 13.89971510499404 0.49733347676164696
797 1555 1717 12.93870472651724 0.5741330741656925
797 1556 1717 11.98407610122698 0.6647985590666187
797 1557 1717 11.037485220828145 0.7719881198614001
797 1558 1717 10.101192008867065 0.8987222287979845
797 1559 1717 9.178348435312309 1.048241214777776
797 1560 1717 8.273456351489383 1.2236281598952765
797 1561 1717 7.393110306224308 1.426989422023265
797 1562 1717 6.547219257058692 1.6578747973807244
797 1563 1717 5.751006868366638 1.91058229544735
797 1564 1717 5.028128876629987 2.1703497619360794
797 1565 1717 4.414757071459359 2.4098395474022722
797 1566 1717 3.9620802616807884 2.5900655967792754
797 1567 1717 3.729085678822704 2.6712401509837935
797 1568 1717 3.7568710385107273 2.6321448982404316
797 1569 1717 4.0400594055039285 2.483267333393192
797 1570 1717 4.531013131740057 2.2600833563232943
797 1571 1717 5.170887738096904 2.0037188549213756
797 1572 1717 5.911520954881325 1.7461959854059623
797 1573 1717 6.719678563741058 1.5064771965639905
797 1574 1717 7.573775808670413 1.2930270052115387
797 1575 1717 8.459910165007738 1.1077970205358496
797 1576 1717 9.368995677232503 0.9493618399526078
797 1577 1717 10.294954103831712 0.8148616408066338
797 1578 1717 11.233613844173277 0.7010515180003944
797 1579 1717 12.182039238157197 0.6048071724803741
797 1580 1717 13.138115542192558 0.5233336608765399
797 1555 1718 13.259942684642334 0.5225092071940317
797 1556 1718 12.330210054982837 0.5985605375677322
797 1557 1718 11.412365223738677 0.6864099845088376
797 1558 1718 10.509523300321476 0.7874464617068704
797 1559 1718 9.625906710539017 0.9027756024484476
797 1560 1718 8.767330266392396 1.032819050213853
797 1561 1718 7.941919163527179 1.1766740098808277
797 1562 1718 7.161150745515719 1.331190864236968
797 1563 1718 6.441279376024643 1.4898497372673547
797 1564 1718 5.805004737293546 1.641810882213795
797 1565 1718 5.282620561804585 1.7719666689125517
797 1566 1718 4.910608923545091 1.8630894813456205
797 1567 1718 4.724624852832313 1.900468464107286
797 1568 1718 4.746586141639151 1.8773881861851125
797 1569 1718 4.9737390361780065 1.798043397077094
797 1570 1718 5.380156131563563 1.6756892778119137
797 1571 1718 5.929087619524701 1.5274499955598524
797 1572 1718 6.5849889901199665 1.3692366200444437
797 1573 1718 7.319158421567418 1.212979607957235
797 1574 1718 8.110368672261535 1.0661697804574992
797 1575 1718 8.943493724490526 0.932660735847783
797 1576 1718 9.807858074013994 0.8138001373198533
797 1577 1718 10.695890799741814 0.7094154946601486
797 1578 1718 11.602158419880402 0.6185209430467375
797 1555 1719 13.647053894522434 0.4678627928335204
797 1556 1719 12.745590610089437 0.5300077781539454
797 1557 1719 11.859935918882535 0.6001260464975238
797 1558 1719 10.993911042026863 0.6786106793867018
797 1559 1719 10.152540568744369 0.7654405410149885
797 1560 1719 9.342487891348874 0.8599060391687336
797 1561 1719 8.572635534070045 0.960254469966896
797 1562 1719 7.854812537546679 1.063295584343893
797 1563 1719 7.2045874274659605 1.1640819860635563
797 1564 1719 6.641843117689597 1.255877454812069
797 1565 1719 6.190483018311314 1.330689303325518
797 1566 1719 5.876230083990997 1.3805459337944022
797 1567 1719 5.721720021112613 1.3993467188949025
797 1568 1719 5.7398675942917885 1.384618895934003
797 1569 1719 5.929087619524701 1.3383076881215383
797 1570 1719 6.273920624298746 1.2661510750532328
797 1571 1719 6.750561458130816 1.1759967313860313
797 1572 1719 7.33335393936508 1.0759187358806224
797 1573 1719 7.999129952688694 0.9728505572323755
797 1574 1719 8.72892204112292 0.8719663603054374
797 1575 1719 9.508000841396765 0.7766584311603122
797 1576 1719 10.325215736245015 0.688834880629363
797 1556 1720 13.223693886354152 0.4635291286271776
797 1557 1720 12.37231102098554 0.5185127224698067
797 1558 1720 11.544785836038724 0.5785247575623299
797 1559 1720 10.746631100023878 0.6430788794841076
797 1560 1720 9.98489258830562 0.7111678936716517
797 1561 1720 9.26855328516811 0.7811057161797542
797 1562 1720 8.608953478791756 0.8504014792574879
797 1563 1720 8.02010473747075 0.9157315858633794
797 1564 1720 7.5186488147805415 0.97309316180317
797 1565 1720 7.12306675526777 1.0182069658494612
797 1566 1720 6.851720951702645 1.0471648600430652
797 1567 1720 6.719678563741058 1.0571916406385893
797 1568 1720 6.735137712029441 1.0472760412287245
797 1569 1720 6.8971066397440355 1.0184182585659443
797 1570 1720 7.195698715204893 0.9733850862904099
797 1571 1720 7.614859158251151 0.9160804284637808
797 1572 1720 8.135974434571528 0.8507834440069105
797 1573 1720 8.740828336033239 0.7814999391618571
797 1574 1720 9.413292728902128 0.7115579695878831
797 1575 1720 10.139925049032747 0.6434531374990219
797 1558 1721 12.153109890065197 0.49002438428228745
797 1559 1721 11.397634842369737 0.5377984887688513
797 1560 1721 10.682419201660299 0.5868862250254572
797 1561 1721 10.016091053899258 0.635939007505707
797 1562 1721 9.409042459251676 0.68318770562999
797 1563 1721 8.87344803331833 0.7264913131588546
797 1564 1721 8.422949602128758 0.7634786576476071
797 1565 1721 8.071807728136312 0.7917920045779575
797 1566 1721 7.833395177060913 0.8094073962604906
797 1567 1721 7.718165585163437 0.8149656075832061
797 1568 1721 7.731628547725332 0.8080214308585187
797 1569 1721 7.873123903508786 0.7891298585450657
797 1570 1721 8.135974434571528 0.7597389878667912
797 1571 1721 8.508941179723925 0.7219269963091841
797 1572 1721 8.978311645292877 0.6780680184142633
797 1573 1721 9.529852045021567 0.6305178121171606
797 1574 1721 10.150176353147852 0.5813810243681168
797 1559 1722 12.096366396567225 0.4490675373063423
797 1560 1722 11.42497614877164 0.4846312168442106
797 1561 1722 10.804539786589752 0.5193801605571329
797 1562 1722 10.244319401502523 0.5521051953807703
797 1563 1722 9.754695279710232 0.5814410338333875
797 1564 1722 9.346768425504141 0.6059646931330354
797 1565 1722 9.031615580836093 0.6243341310975608
797 1566 1722 8.819188171254844 0.6354491032034797
797 1567 1722 8.716999483767417 0.6386031069012139
797 1568 1722 8.72892204112292 0.6335899605970311
797 1569 1722 8.854494903719894 0.6207361933464094
797 1570 1722 9.08900874683272 0.600850015651954
797 1571 1722 9.424334459260333 0.5751013163646126
797 1572 1722 9.850181724212089 0.5448644692346174
797 1573 1722 10.355388935235698 0.5115602144324995
797 1560 1723 12.204346766623809 0.4011145273260455
797 1561 1723 11.625578695273672 0.42601606562667266
797 1562 1723 11.106848337849994 0.44904381086754425
797 1563 1723 10.6569263861585 0.46932353208398053
797 1564 1723 10.284847106301646 0.48598479270298645
797 1565 1723 9.999303975777584 0.49823897750318585
797 1566 1723 9.807858074013994 0.5054623231613125
797 1567 1723 9.716073280909402 0.5072693568256493
797 1568 1723 9.726771303983746 0.5035615543258667
797 1569 1723 9.839617878759407 0.4945401680375302
797 1570 1723 10.051173065866582 0.48068019231131875
797 1571 1723 10.355388935235698 0.46267156952567423
797 1572 1723 10.744397609917552 0.44134064821177227
797 1561 1724 12.472773548814285 0.3511308761760921
797 1562 1724 11.990749768050426 0.367583244325863
797 1563 1724 11.575235634750657 0.38186286060480074
797 1564 1724 11.233613844173277 0.3934260335305944
797 1565 1724 10.972788159807042 0.40179547116251974
797 1566 1724 10.798614725973035 0.40660448940049226
797 1567 1724 10.715319873900254 0.40763418245946986
797 1568 1724 10.725021212100321 0.40483689165795456
