# %ECSV 0.9
# ---
# datatype:
# - name: sexcat_id
#   datatype: int32
# - name: x
#   datatype: int32
# - name: y
#   datatype: int32
# - name: sep
#   datatype: float64
# - name: weight
#   datatype: float64
# schema: astropy-2.0
sexcat_id x y sep weight
905 701 1266 12.757785544521516 0.24201331391144282
905 702 1266 12.317186854148238 0.2585858730368954
905 700 1267 12.422443076947545 0.25454046788226836
905 701 1267 11.88566750334208 0.2891921081141134
905 702 1267 11.411445657759668 0.3165305202755278
905 703 1267 11.007865006439802 0.33148618212748954
905 704 1267 10.682934615544642 0.33084480908468616
905 705 1267 10.443997893527264 0.3147508140498542
905 700 1268 11.611420757168426 0.29313924077411296
905 701 1268 11.035265832774568 0.34293521993561055
905 702 1268 10.522789173978625 0.38644891124935327
905 703 1268 10.083704279678265 0.41531515308223943
905 704 1268 9.727954152852579 0.42263627110515856
905 705 1268 9.464940147724219 0.40648436773880714
905 706 1268 9.302531483419003 0.37101571098006897
905 707 1268 9.24603114855243 0.3241391302945775
905 700 1269 10.832040066395692 0.3324064306133619
905 701 1269 10.212007246374318 0.40181920750592365
905 702 1269 9.65593558387801 0.46879484111660946
905 703 1269 9.17546140529192 0.5206548106936505
905 704 1269 8.783000170784558 0.5439425080372915
905 705 1269 8.49076510097892 0.5315100529067611
905 706 1269 8.30933763906616 0.4872609262991424
905 707 1269 8.24603492595087 0.42348441569308115
905 708 1269 8.30355899599693 0.3537198797287133
905 700 1270 10.091634753596733 0.3694355307539309
905 701 1270 9.4230086490463 0.4626354788454935
905 702 1270 8.817317732734903 0.5619232430817885
905 703 1270 8.2883708893848 0.6504219580146701
905 704 1270 7.851693575274151 0.704284244878844
905 705 1270 7.523369723734264 0.7044982712079574
905 706 1270 7.317997813610043 0.6509813631622463
905 707 1270 7.246039745957883 0.5626486284913352
905 708 1270 7.311435700325989 0.46336670951243936
905 709 1270 7.510598644582292 0.37008296190287565
905 699 1271 10.168436064607045 0.3057635892185302
905 700 1271 9.399419769326254 0.4005016370465131
905 701 1271 8.677620180671726 0.5199763414315547
905 702 1271 8.015802642281132 0.6604393188564588
905 703 1271 7.4300129205810395 0.8041285353737471
905 704 1271 6.939531108079363 0.9141396439371229
905 705 1271 6.565751442142871 0.9472670955454077
905 706 1271 6.329383224296123 0.8877445350367655
905 707 1271 6.246046109339987 0.7629693986165639
905 708 1271 6.321794998258104 0.6172358649247588
905 709 1271 6.551113798431621 0.4819491132353829
905 710 1271 6.91874930894314 0.3698389134492213
905 699 1272 9.586714348513834 0.31405925700682386
905 700 1272 8.766817666633715 0.42168068033920963
905 701 1272 7.988059338788177 0.5665351686065114
905 702 1272 7.263683087800637 0.7536827262359652
905 703 1272 6.611587706443967 0.9732486634597012
905 704 1272 6.055170682978392 1.1804475521623288
905 705 1272 5.622907788680248 1.2911136023684304
905 706 1272 5.345006267536175 1.2412584739203862
905 707 1272 5.246054898683485 1.061423473025874
905 708 1272 5.336018365785578 0.8388312464612969
905 709 1272 5.6058087730497 0.6361131255266501
905 710 1272 6.031342470793794 0.4745356315301067
905 699 1273 9.078165673747137 0.3138674818047041
905 700 1273 8.207624016729861 0.4298534223676276
905 701 1273 7.370013025768734 0.5946373693479432
905 702 1273 6.577924596709878 0.8260456094159402
905 703 1273 5.849879656881909 1.1353723826874282
905 704 1273 5.212781599108177 1.4939480073245195
905 705 1273 4.703731710036278 1.7746895481749967
905 706 1273 4.367733050450863 1.7897718078676335
905 707 1273 4.246067828002846 1.5267395668983867
905 708 1273 4.356729507325512 1.1681675406448793
905 709 1273 4.683277911890431 0.8518877811869675
905 710 1273 5.185083605883399 0.6133435598889274
905 711 1273 5.816965875781015 0.44304944329273105
905 699 1274 8.65569708342434 0.3052132007238952
905 700 1274 7.73777047992512 0.42371619238281333
905 701 1274 6.84288623316219 0.5988399178505617
905 702 1274 5.981395489348671 0.8612270206108124
905 703 1274 5.170018568632091 1.2530684343737102
905 704 1274 4.436337678761685 1.8048782653597744
905 705 1274 3.8253224700671464 2.4179027090433336
905 706 1274 3.4036879998026577 2.6781691405788597
905 707 1274 3.246088723371654 2.299799325110957
905 708 1274 3.3895563131478745 1.676793096747682
905 709 1274 3.8001436814942418 1.1578402863720958
905 710 1274 4.403758848983514 0.7969151752221147
905 711 1274 5.1327470227939935 0.5560372575267957
905 699 1275 8.332412135750394 0.2891876283109506
905 700 1275 7.374353666593462 0.4042532482476966
905 701 1275 6.4290817384756 0.5782743043962311
905 702 1275 5.503189257149025 0.8498680027524511
905 703 1275 4.608371946794272 1.2877270802457126
905 704 1275 3.7668411169042466 2.007223196666823
905 705 1275 3.0234238869203285 3.116650916519441
905 706 1275 2.468418927167839 4.155146225863761
905 707 1275 2.2461282243007465 3.715789571513137
905 708 1275 2.448896077827808 2.4986208729156205
905 709 1275 2.9915033010178047 1.5929993855734361
905 710 1275 3.728416822191481 1.0358175476577416
905 711 1275 4.566518586406982 0.6946407868773262
905 700 1276 7.13365908913513 0.3743775330070551
905 701 1276 6.151511359007658 0.5370547515710927
905 702 1276 5.176204400910018 0.7950964829855424
905 703 1276 4.212492373880366 1.2259761024374511
905 704 1276 3.2706409157839755 1.9952140371916274
905 705 1276 2.3767818578910935 3.4816711151189113
905 706 1276 1.61279012893812 6.269831624625364
905 707 1276 1.246231118212122 6.814310204696316
905 708 1276 1.582748242772752 3.8804398804694693
905 709 1276 2.336041951678144 2.1948345780626326
905 710 1276 3.2263124461217685 1.3331330473878336
905 711 1276 4.16666437333273 0.8571417004469006
905 712 1276 5.129628836475425 0.5751615688597533
905 700 1277 7.0283064816497625 0.33796479635480425
905 701 1277 6.0290208160198 0.48242688230803293
905 702 1277 5.030019085450875 0.7105889202746255
905 703 1277 4.031512371306834 1.090991750379345
905 704 1277 3.0339894528491778 1.776006152211421
905 705 1277 2.0388947986593253 3.1690849355667132
905 706 1277 1.0531343693945463 6.747077436224146
905 707 1277 0.247167959088646 18.339012049183896
905 708 1277 1.0065247140532838 6.0508328159048785
905 709 1277 1.9912538763301988 2.9307082839379346
905 710 1277 2.98615002972055 1.6658504128282723
905 711 1277 3.9836028918555675 1.0320827945551572
905 712 1277 4.982077076882697 0.6761554481906259
905 700 1278 7.064353615158281 0.2988179432170963
905 701 1278 6.071004200295028 0.4220565163603782
905 702 1278 5.0802649537204125 0.6131318287453426
905 703 1278 4.094031265146843 0.9235506219852244
905 704 1278 3.116583385696565 1.460818698053113
905 705 1278 2.1598824042062708 2.4794909286663955
905 706 1278 1.2716493227300754 4.697519783750356
905 707 1278 0.7543818661658414 9.848340973845824
905 708 1278 1.2333255855611913 7.23384461610283
905 709 1278 2.114968557685871 3.514511385742593
905 710 1278 3.0700312701990273 1.9567178167574062
905 711 1278 4.0468619941875765 1.1923116529790316
905 712 1278 5.032801605467858 0.7712420261266203
905 713 1278 6.0233787860303005 0.5206366613333404
905 700 1279 7.239688667339203 0.25998182746277154
905 701 1279 6.274160660996791 0.3620694395745711
905 702 1279 5.321380647914569 0.5162144182466429
905 703 1279 4.389657389819811 0.7573133690100194
905 704 1279 3.495867846472414 1.1507631551699014
905 705 1279 2.6782628698467357 1.8241993547286726
905 706 1279 2.031032249866966 3.012909939894426
905 707 1279 1.7541641884383765 4.815241162666658
905 708 1279 2.0072598237397337 5.224310442131137
905 709 1279 2.6421756186899583 3.4537830019129245
905 710 1279 3.4544307780008654 2.07992420880204
905 711 1279 4.345698102721778 1.2963520515230436
905 712 1279 5.276086807473855 0.844051293524928
905 713 1279 6.228088952479698 0.5703438098084644
905 701 1280 6.623676622541253 0.3063823963009399
905 702 1280 5.72931863313601 0.4278491866069979
905 703 1280 4.876175960729831 0.6101471932752193
905 704 1280 4.090121269595742 0.8902147704791048
905 705 1280 3.4177612555588905 1.3268834888127006
905 706 1280 2.938212381704134 1.9917230538933537
905 707 1280 2.7541045731779104 2.8413310686498274
905 708 1280 2.921830248320302 3.3150135855298717
905 709 1280 3.3895563131477067 2.8115217729629918
905 710 1280 4.054761645275771 1.963245128268963
905 711 1280 4.836640569651571 1.307469010742171
905 712 1280 5.687274566960827 0.8777630450053049
905 713 1280 6.580052583376479 0.6021162201013724
905 702 1281 6.271610000629766 0.3514120913737464
905 703 1281 5.503189257148922 0.4876419188521188
905 704 1281 4.8204866974195975 0.68584696200282
905 705 1281 4.264867172609165 0.9725048256948243
905 706 1281 3.891155612411214 1.3681057192029906
905 707 1281 3.7540767173832887 1.8334537959607005
905 708 1281 3.878800329998863 2.1645806577103666
905 709 1281 4.242297962189747 2.0871557689457036
905 710 1281 4.790521057254553 1.6753734245053202
905 711 1281 5.468189096949673 1.2212464015143774
905 712 1281 6.23322484754074 0.8632260890418202
905 713 1281 7.05727227758709 0.6098240761696548
905 703 1282 6.228410069993714 0.3889208053489801
905 704 1282 5.6342783033853685 0.5299659973629349
905 705 1282 5.1669228753678045 0.7223716361819047
905 706 1282 4.863033209839215 0.9708329510348185
905 707 1282 4.754060580177654 1.2502311381148685
905 708 1282 4.8531527896820945 1.4728731650961737
905 709 1282 5.148309625498363 1.5131041519154775
905 710 1282 5.608662229088064 1.342461833211739
905 711 1282 6.197506918108208 1.0694349029857064
905 712 1282 6.881939552190144 0.8044958977925827
905 713 1282 7.636300936971977 0.5918587013434762
905 704 1283 6.500237841802323 0.41207243292137963
905 705 1283 6.099597691651386 0.544329082260743
905 706 1283 5.844406898907614 0.7073860854131371
905 707 1283 5.754050051919858 0.8859492788237221
905 708 1283 5.836188139530709 1.0377597565517651
905 709 1283 6.0838385908897115 1.101468076784959
905 710 1283 6.478046927894156 1.0436086381320302
905 711 1283 6.994075492872443 0.8947709637050929
905 712 1283 7.607173719588563 0.7162919986673177
905 713 1283 8.295847877100863 0.551895191021578
905 706 1284 6.83118525586876 0.5266995208824911
905 707 1284 6.754042641262989 0.6461329432696231
905 708 1284 6.8241550392703365 0.7519883707974033
905 709 1284 7.037122423263555 0.8122750825421992
905 710 1284 7.380588865395411 0.8029949669414251
905 711 1284 7.837416155851284 0.7281281341656907
905 712 1284 8.38910555422917 0.6160021768681877
905 713 1284 9.018264356293772 0.49719615421623126
905 708 1285 7.815183427149905 0.5574475490263822
905 709 1285 8.00181804341979 0.6079747621482748
905 710 1285 8.305485657082222 0.6179627812831767
905 711 1285 8.713959605139246 0.5839468409259508
905 712 1285 9.213310588490899 0.5172095197901452
905 713 1285 9.789642077216028 0.4357740193426866
905 709 1286 8.97424604075453 0.4616571643518228
905 710 1286 9.246031148552245 0.47801883248749966
905 711 1286 9.614629062007454 0.46552757490048496
905 712 1286 10.06941368700275 0.42774375335151593
905 713 1286 10.599296769125692 0.37419403353677727
2067 2147 2224 15.665821970136337 0.0711172978172665
2067 2148 2224 16.14385263807888 0.06825876427526327
2067 2149 2224 16.668232599769137 0.06482397110063709
2067 2145 2225 13.93125902422339 0.09324955790362885
2067 2146 2225 14.327804367732195 0.0910353953879554
2067 2147 2225 14.781474148406375 0.08773569123504056
2067 2148 2225 15.28718345543109 0.08353037779730486
2067 2149 2225 15.8399488004225 0.07863028643522588
2067 2150 2225 16.435022908411362 0.07325547121673055
2067 2144 2226 12.647054123391943 0.11925981704737247
2067 2145 2226 13.005920882429098 0.11730821537162038
2067 2146 2226 13.429816752286884 0.11368533810254265
2067 2147 2226 13.912799071358917 0.10862463259325694
2067 2148 2226 14.448943836834777 0.10242829857145361
2067 2149 2226 15.032563919704643 0.09542920306723884
2067 2150 2226 15.658351701248952 0.08795545990482623
2067 2134 2227 12.448372504066684 0.08260832552241715
2067 2135 2227 12.00699704339114 0.0924915919837334
2067 2136 2227 11.635032359216012 0.1027788034341418
2067 2137 2227 11.339311178374277 0.11318164379102232
2067 2138 2227 11.125914703969466 0.12331819158663286
2067 2139 2227 10.999635357592728 0.1327244393709865
2067 2144 2227 11.7056387266994 0.1521292370167262
2067 2145 2227 12.09247609052856 0.14854790184404462
2067 2146 2227 12.547269742856612 0.1426609549897731
2067 2147 2227 13.062923792168625 0.13489173411828187
2067 2148 2227 13.632533807036948 0.12574621747583078
2067 2149 2227 14.249630802235032 0.11574532733606693
2067 2150 2227 14.908319087006609 0.10536952644814909
2067 2133 2228 12.117342035281622 0.09064322910093175
2067 2134 2228 11.57739081140492 0.1030714121128923
2067 2135 2228 11.10144035699887 0.11646978906389226
2067 2136 2228 10.698036174924972 0.13057215418325702
2067 2137 2228 10.37564349811632 0.14496161801973498
2067 2138 2228 10.141990830207035 0.15905833097608577
2067 2139 2228 10.003298356042556 0.17213349802667155
2067 2140 2228 9.963532405728596 0.183361115786719
2067 2141 2228 10.0238704101761 0.1919113368905428
2067 2142 2228 10.182532985461139 0.19707474109223766
2067 2143 2228 10.43503608043615 0.19838962701656812
2067 2144 2228 10.774784359791354 0.19573435473119744
2067 2145 2228 11.193836607705354 0.18935285809407676
2067 2146 2228 11.683662867440358 0.1798039742815933
2067 2147 2228 12.235766342980106 0.16785294397499745
2067 2148 2228 12.842117348786566 0.15434112197816968
2067 2149 2228 13.495405810867824 0.14006990632069313
2067 2150 2228 14.18915000977878 0.125721180284458
2067 2151 2228 14.917706861311 0.11181937479632781
2067 2132 2229 11.945625894025078 0.09740977082532411
2067 2133 2229 11.309464089867502 0.11248019853542847
2067 2134 2229 10.728931820083615 0.1292866416914337
2067 2135 2229 10.213519373849683 0.14767927272038184
2067 2136 2229 9.77353457046134 0.16731022650577898
2067 2137 2229 9.419552961791927 0.1875764130035064
2067 2138 2229 9.161548886514943 0.20758258674266714
2067 2139 2229 9.00777319874359 0.22615229663844988
2067 2140 2229 8.963591802397266 0.2419157337605346
2067 2141 2229 9.030613378946283 0.2534883536954034
2067 2142 2229 9.206409615045581 0.2597184163282706
2067 2143 2229 9.484934264400774 0.2599370358560268
2067 2144 2229 9.857483350227074 0.2541201098438065
2067 2145 2229 10.313873084346351 0.24289437260403082
2067 2146 2229 10.843522398187973 0.227384921705841
2067 2147 2229 11.43625716744794 0.20896841192677348
2067 2148 2229 12.082796778892067 0.18902265612426394
2067 2149 2229 12.774974677078802 0.16874184120295166
2067 2150 2229 13.505775727443602 0.14904236322808526
2067 2151 2229 14.269266904785436 0.13054729563263975
2067 2131 2230 11.940099580824354 0.10227756307136844
2067 2132 2230 11.214810653773965 0.11983305868419995
2067 2133 2230 10.53460858314167 0.1400411891464086
2067 2134 2230 9.908782871776044 0.1629918335487715
2067 2135 2230 9.348260693840455 0.18857420646548098
2067 2136 2230 8.865437270659726 0.21636392514021935
2067 2137 2230 8.473604781909685 0.24549802711106422
2067 2138 2230 8.185840091279747 0.2745735946197197
2067 2139 2230 8.013362465282782 0.3016325549719286
2067 2140 2230 7.963666115552754 0.3243095577004215
2067 2141 2230 8.039028423883275 0.3401910204831522
2067 2142 2230 8.236017119943556 0.34734018472051265
2067 2143 2230 8.54622595067574 0.3448166922515369
2067 2144 2230 8.957900312015289 0.33295739573980715
2067 2145 2230 9.457799849859573 0.31327371105641755
2067 2146 2230 10.032745287308149 0.2880197236150309
2067 2147 2230 10.670612822139317 0.2596416666822862
2067 2148 2230 11.360808862048694 0.23032523705975352
2067 2149 2230 12.094377950105754 0.2017475975482779
2067 2150 2230 12.863902129602993 0.1750231201014332
2067 2151 2230 13.663307725437663 0.1507724887194806
2067 2152 2230 14.487649153675854 0.1292424140979761
2067 2130 2231 12.100990785882013 0.10473644478989835
2067 2131 2231 11.297786420356934 0.12432447106797274
2067 2132 2231 10.528341654790733 0.14752093341347094
2067 2133 2231 9.800611103395633 0.17477231447789504
2067 2134 2231 9.124580976680623 0.20640212939391006
2067 2135 2231 8.512577635475758 0.24246368683395578
2067 2136 2231 7.979346965761182 0.2825248643856771
2067 2137 2231 7.541616404989205 0.3253952255873972
2067 2138 2231 7.216784464011824 0.36885650279735566
2067 2139 2231 7.02053972284201 0.40953833070060375
2067 2140 2231 6.963761770767485 0.44315249267470636
2067 2141 2231 7.049821132482925 0.46525695624683117
2067 2142 2231 7.273649565383457 0.47245929837374445
2067 2143 2231 7.623121276747674 0.46357030974039304
2067 2144 2231 8.081953847925837 0.44005166364091414
2067 2145 2231 8.63272714731581 0.4054687431663522
2067 2146 2231 9.259048439229783 0.3642994019900236
2067 2147 2231 9.946656624213164 0.3207607136907364
2067 2148 2231 10.683724912220631 0.2781035119814374
2067 2149 2231 11.4607145501493 0.23842672582947014
2067 2150 2231 12.270043928201888 0.20282644540761627
2067 2151 2231 13.105723100996913 0.1716709570097682
2067 2152 2231 13.963021807617586 0.1448692199189948
2067 2153 2231 14.838193218852638 0.12207877208726961
2067 2129 2232 12.421834727607708 0.10451035265866442
2067 2130 2232 11.554565244958418 0.1254118847001313
2067 2131 2232 10.710461147868523 0.1507624045745676
2067 2132 2232 9.895452389860772 0.18142431347730373
2067 2133 2232 9.11734489859857 0.21830304225339897
2067 2134 2232 8.386416278721295 0.26222713876963255
2067 2135 2232 7.716085665672826 0.31371639305986654
2067 2136 2232 7.12348075030752 0.3725856949073138
2067 2137 2232 6.629477958331404 0.43735547761352406
2067 2138 2232 6.257473771419425 0.504542407806039
2067 2139 2232 6.030089385739003 0.5681378717442545
2067 2140 2232 5.9638895026653795 0.6198906231719686
2067 2141 2232 6.064155176115008 0.6510413822629426
2067 2142 2232 6.322972244127169 0.6553649768165282
2067 2143 2232 6.722051621343197 0.6319384475510564
2067 2144 2232 7.23823030857701 0.5855897858682286
2067 2145 2232 7.848437933754905 0.5246585310161531
2067 2146 2232 8.532524714291961 0.45780998675878504
2067 2147 2232 9.274156457597813 0.39182368226982267
2067 2148 2232 10.060615189937609 0.33092019233166564
2067 2149 2232 10.88218626931204 0.27711470157805645
2067 2150 2232 11.73149513063035 0.230916052572766
2067 2151 2232 12.6029352930182 0.19196856869894113
2067 2152 2232 13.492219165133802 0.15950670794282265
2067 2153 2232 14.396040358376466 0.13263160671976945
2067 2129 2233 11.973970853480498 0.1229580956805328
2067 2130 2233 11.071674579755342 0.14931673123900596
2067 2131 2233 10.18763848985626 0.1819432674723172
2067 2132 2233 9.32705623441828 0.22233777960050716
2067 2133 2233 8.497057019933491 0.27223871643309344
2067 2134 2233 7.707527359666078 0.33350786128318965
2067 2135 2233 6.972229055330962 0.4078193422078753
2067 2136 2233 6.310148809655871 0.4959905693169262
2067 2137 2233 5.746649284583281 0.5967562223822045
2067 2138 2233 5.313189061194949 0.7049202994647219
2067 2139 2233 5.043409362722978 0.8094310555457894
2067 2140 2233 4.964068694126012 0.8931943333394626
2067 2141 2233 5.084090675824149 0.9372944520395662
2067 2142 2233 5.390174208687711 0.9297317648127214
2067 2143 2233 5.853202371352141 0.8726683577716905
2067 2144 2233 6.43940820262254 0.7810358966787011
2067 2145 2233 7.118425247201981 0.6739815765857555
2067 2146 2233 7.866255653104767 0.5670776070343017
2067 2147 2233 8.665101153477831 0.46956960699917316
2067 2148 2233 9.50210387230128 0.38532451438734916
2067 2149 2233 10.368026716786716 0.3148532666712244
2067 2150 2233 11.256197315257193 0.25699836255836706
2067 2151 2233 12.161742391614919 0.209983635723333
2067 2152 2233 13.081054162413803 0.17196169699043665
2067 2153 2233 14.011423125436032 0.14125563252456647
2067 2128 2234 12.539696088821291 0.1172694666144244
2067 2129 2234 11.595256702634924 0.1433864701648274
2067 2130 2234 10.660955773287883 0.17624762010184677
2067 2131 2234 9.739711392028019 0.2177972501666081
2067 2132 2234 8.835608524600923 0.270544184338744
2067 2133 2234 7.954494201393362 0.337663473682565
2067 2134 2234 7.104926319111322 0.4230127984340243
2067 2135 2234 6.299680785563733 0.5308859437662852
2067 2136 2234 5.558055235421921 0.6651144311479822
2067 2137 2234 4.908969138220483 0.8267874837679975
2067 2138 2234 4.393629251541518 1.0096284297666023
2067 2139 2234 4.063247223588716 1.1931326715574702
2067 2140 2234 3.9643382802179663 1.3384633426122106
2067 2141 2234 4.113633187342021 1.3993202027759537
2067 2142 2234 4.486421513857319 1.3517687707166566
2067 2143 2234 5.033286997579408 1.214748646754625
2067 2144 2234 5.704382350439183 1.0335924586706482
2067 2145 2234 6.461112752460075 0.8491522004775688
2067 2146 2234 7.276810977344563 0.6842102673200494
2067 2147 2234 8.133755467187495 0.5464506226906656
2067 2148 2234 9.020198334848441 0.4354072057517748
2067 2149 2234 9.928241435420611 0.34743139713768717
2067 2150 2234 10.852464144147303 0.2782182823919547
2067 2151 2234 11.789061794731715 0.22383232195287542
2067 2152 2234 12.735304393692484 0.1810093164282133
2067 2153 2234 13.689192014140325 0.14716047162035384
2067 2128 2235 12.260423239023993 0.13376287398696027
2067 2129 2235 11.29265150440762 0.16520719899409794
2067 2130 2235 10.331020181956855 0.20547757432333905
2067 2131 2235 9.377418514708618 0.25748511387491135
2067 2132 2235 8.434570409926051 0.3252218871756796
2067 2133 2235 7.506529024789036 0.41416019610223453
2067 2134 2235 6.59954377211034 0.5317204544849146
2067 2135 2235 5.723633286645861 0.6876325294309468
2067 2136 2235 4.895505898270437 0.8935668096355184
2067 2137 2235 4.143908541461885 1.1602003392641975
2067 2138 2235 3.518235068894757 1.4872810278045254
2067 2139 2235 3.095800058143456 1.8401176054544721
2067 2140 2235 2.9647897058646766 2.120014585842511
2067 2141 2235 3.1616416621750933 2.1908026135577297
2067 2142 2235 3.6334526280111894 2.0089014335672717
2067 2143 2235 4.29045195754498 1.6786889654263222
2067 2144 2235 5.06102539017556 1.3298582818945102
2067 2145 2235 5.900845532633591 1.0291858244888559
2067 2146 2235 6.784244836383924 0.7915530591582501
2067 2147 2235 7.6962314154397715 0.6102089582102922
2067 2148 2235 8.627744664743052 0.47335211379620995
2067 2149 2235 9.573086127263368 0.3700638566244417
2067 2150 2235 10.528531616517208 0.29170186682629046
2067 2151 2235 11.4915611646113 0.23180318178716164
2067 2152 2235 12.460416445689233 0.18563411904886948
2067 2153 2235 13.433837054244885 0.14974508623155974
2067 2127 2236 13.045534791644192 0.12159669609286898
2067 2128 2236 12.057859594471948 0.15035203706483788
2067 2129 2236 11.072397120768354 0.1873721407279878
2067 2130 2236 10.089795736287204 0.23554665698129917
2067 2131 2236 9.110981176580248 0.29898624076286
2067 2132 2236 8.13732007481577 0.38363450877512495
2067 2133 2236 7.1709119364276015 0.4982276401813442
2067 2134 2236 6.215141028166617 0.6557968051974744
2067 2135 2236 5.275791694144123 0.8759435344555851
2067 2136 2236 4.363482324932719 1.1878498949413692
2067 2137 2236 3.4994253814019776 1.6321184430651274
2067 2138 2236 2.72983113030834 2.25059968533375
2067 2139 2236 2.158234926971723 3.0210958531176293
2067 2140 2236 1.965700384087252 3.6643147859697844
2067 2141 2236 2.2516611645629325 3.6438800755545095
2067 2142 2236 2.876799958287165 2.981438775225157
2067 2143 2236 3.671781311570879 2.2151214566008006
2067 2144 2236 4.548403895873946 1.6059303092703063
2067 2145 2236 5.467538568679824 1.169409312461306
2067 2146 2236 6.410926454109543 0.8629885568186044
2067 2147 2236 7.3692589858140884 0.6465878377212863
2067 2148 2236 8.337384362016772 0.491578351103363
2067 2149 2236 9.31224881540447 0.37875630680932953
2067 2150 2236 10.291937524101188 0.29535324977025695
2067 2151 2236 11.275193036041655 0.23280360028885005
2067 2152 2236 12.26115728632507 0.18527510634649458
2067 2127 2237 12.932902922391348 0.13342582479070553
2067 2128 2237 11.93591127647985 0.16598122315895197
2067 2129 2237 10.939468817086091 0.20833235572037961
2067 2130 2237 9.943740644244452 0.26414404742897046
2067 2131 2237 8.948965191573784 0.33879484535256343
2067 2132 2237 7.955499858588355 0.4403808946268514
2067 2133 2237 6.96390536983376 0.5814558742283122
2067 2134 2237 5.975113220684575 0.7821788256309422
2067 2135 2237 4.990789316330607 1.076292222501181
2067 2136 2237 4.014221966956967 1.5230717057093937
2067 2137 2237 3.0528639013228207 2.232143183492773
2067 2138 2237 2.127434605340461 3.411879859013435
2067 2139 2237 1.3160463517673888 5.3838322679238715
2067 2140 2237 0.968492643235035 7.514182107037092
2067 2141 2237 1.4642329049712397 6.2812344760709475
2067 2142 2237 2.3130019455246136 4.016983877818451
2067 2143 2237 3.2489964604475605 2.5884226563941697
2067 2144 2237 4.214496173921731 1.7406562851164549
2067 2145 2237 5.193070190166992 1.2156749563664466
2067 2146 2237 6.178509367153308 0.8751996103206002
2067 2147 2237 7.167982840381337 0.6456465016126812
2067 2148 2237 8.160023161731923 0.485905520386913
2067 2149 2237 9.153795824683964 0.3718225565721342
2067 2150 2237 10.148791947813379 0.2885677654495111
2067 2151 2237 11.144683844775582 0.2266907843934645
2067 2152 2237 12.141251088747072 0.17997685632537141
2067 2127 2238 12.897053074249106 0.1436311528548986
2067 2128 2238 11.897057535373964 0.1793643601982604
2067 2129 2238 10.897062815272681 0.22613884685730934
2067 2130 2238 9.89706916213071 0.28823895169309594
2067 2131 2238 8.897076935713146 0.37205616925716956
2067 2132 2238 7.897086678009742 0.4874138046386913
2067 2133 2238 6.897099245334888 0.6499657084141738
2067 2134 2238 5.897116074828374 0.8858058841607419
2067 2135 2238 4.8971397774618755 1.241024603338666
2067 2136 2238 3.897175643975965 1.8036208026369183
2067 2137 2238 2.8972362692744973 2.7614263293637737
2067 2138 2238 1.8973607985830574 4.593019069402926
2067 2139 2238 0.8977627749020719 9.019920529321011
2067 2140 2238 0.10944404963267405 22.803807876428138
2067 2141 2238 1.1036204057555887 7.548275529345334
2067 2142 2238 2.1033254622146003 4.049582188753928
2067 2143 2238 3.1032205851341588 2.491623925719864
2067 2144 2238 4.103166825757945 1.6499730812056153
2067 2145 2238 5.103134135019444 1.1460262098443001
2067 2146 2238 6.103112156924595 0.8236946671773459
2067 2147 2238 7.103096367078298 0.6076594070488439
2067 2148 2238 8.103084474445582 0.45767321249979587
2067 2149 2238 9.103075194680157 0.35061455074046205
2067 2150 2238 10.103067751925714 0.2724563798200266
2067 2151 2238 11.103061649833412 0.2143174832048702
2067 2127 2239 12.938623497111195 0.15131647324024422
2067 2128 2239 11.942109445152395 0.18916319769198373
2067 2129 2239 10.946231223576367 0.23874225493031853
2067 2130 2239 9.951179729057168 0.30459916565087225
2067 2131 2239 8.957230487153852 0.3934911767827061
2067 2132 2239 7.964796168138803 0.515740173403727
2067 2133 2239 6.974523496268308 0.6876219403387459
2067 2134 2239 5.987485114803946 0.9357726332179525
2067 2135 2239 5.005594669966692 1.30569324487767
2067 2136 2239 4.032614288522904 1.8787581605452695
2067 2137 2239 3.077007962290514 2.8051769290213757
2067 2138 2239 2.161938482010844 4.338464080930613
2067 2139 2239 1.3711228974820173 6.481100902172759
2067 2140 2239 1.042102682080616 6.804393426568056
2067 2141 2239 1.5139280035720801 4.704975814617278
2067 2142 2239 2.3447767484346724 3.0321019612212536
2067 2143 2239 3.2716934452970996 2.01619995078298
2067 2144 2239 4.232018194667899 1.392342425333275
2067 2145 2239 5.207300452249733 0.9927248685644744
2067 2146 2239 6.190474779853352 0.7264067647723087
2067 2147 2239 7.178299102155087 0.542939038389417
2067 2148 2239 8.169086729861586 0.41303525546733033
2067 2149 2239 9.161876336209783 0.3189330682008633
2067 2150 2239 10.156080838591278 0.24943961285640098
2067 2127 2240 13.056874740917044 0.1557135032937873
2067 2128 2240 12.070127505540182 0.19425341946901276
2067 2129 2240 11.085755635047969 0.2444629106642663
2067 2130 2240 10.104453374626354 0.3106564546317167
2067 2131 2240 9.127210855458422 0.39906956617047024
2067 2132 2240 8.155487600382836 0.5188506751515782
2067 2133 2240 7.19152125770329 0.6835846205956106
2067 2134 2240 6.238908398109275 0.9135029612166583
2067 2135 2240 5.3037701684743634 1.2380542629758482
2067 2136 2240 4.39726937996738 1.695889744589729
2067 2137 2240 3.5414655158562303 2.3182152792443427
2067 2138 2240 2.783518995803507 3.048507170845835
2067 2139 2240 2.225753355607736 3.5637479024535277
2067 2140 2240 2.039602412236078 3.4151519379198647
2067 2141 2240 2.3164580721436248 2.7520413929855305
2067 2142 2240 2.927794050133904 2.0460208260509254
2067 2143 2240 3.711869879184832 1.4916213944941155
2067 2144 2240 4.580827217872308 1.092771635370796
2067 2145 2240 5.494540745139659 0.8107978979937673
2067 2146 2240 6.433970624738662 0.6102768425214267
2067 2147 2240 7.389315123879895 0.4657694065746281
2067 2148 2240 8.355116875304635 0.36004807013484696
2067 2149 2240 9.328128322444991 0.28155208722804087
2067 2150 2240 10.30630768025099 0.22246289326268198
2067 2128 2241 12.27851692998781 0.19400140626603063
2067 2129 2241 11.312293224629451 0.24247378576275166
2067 2130 2241 10.352486561208256 0.30538066125952906
2067 2131 2241 9.40106259951489 0.38765870551201687
2067 2132 2241 8.46084972092034 0.4959784676440302
2067 2133 2241 7.536045249333228 0.6390856089796861
2067 2134 2241 6.6330971649749 0.8275829121313314
2067 2135 2241 5.762289302004732 1.071735441662737
2067 2136 2241 4.940645504384859 1.3738380526900529
2067 2137 2241 4.197139263831788 1.709484086212075
2067 2138 2241 3.5807789655323017 2.000150908188423
2067 2139 2241 3.166698280543745 2.120767401527919
2067 2140 2241 3.0387461229919888 2.001479757977226
2067 2141 2241 3.2310954798642166 1.7114319991061748
2067 2142 2241 3.694046290992995 1.3757568557865605
2067 2143 2241 4.341886456368848 1.0733464432926385
2067 2144 2241 5.104701558367479 0.8288459939494943
2067 2145 2241 5.938348086799855 0.6400492578366908
2067 2146 2241 6.816889173222609 0.4967078249709866
2067 2147 2241 7.725022847862636 0.38821138773757
2067 2148 2241 8.653437351711739 0.3058017668449807
2067 2149 2241 9.596248121010628 0.24279701564743772
2067 2128 2242 12.563278950974418 0.18843933668095647
2067 2129 2242 11.620756343715199 0.2330670833102995
2067 2130 2242 10.688684577626807 0.28967147070776844
2067 2131 2242 9.770055168728438 0.36153811865394087
2067 2132 2242 8.869046059187955 0.45252070857357346
2067 2133 2242 7.991619235173654 0.5665985206687479
2067 2134 2242 7.14646611969844 0.7065899884920046
2067 2135 2242 6.346493362479614 0.871240534981055
2067 2136 2242 5.611058545408159 1.0499978038629336
2067 2137 2242 4.968901085753073 1.2168709226592649
2067 2138 2242 4.460490780171863 1.330649834842548
2067 2139 2242 4.1354537840481695 1.352329206255847
2067 2140 2242 4.038313757002848 1.2733899223707814
2067 2141 2242 4.184970489740469 1.1231559156732638
2067 2142 2242 4.551920254134371 0.9451710947019846
2067 2143 2242 5.091755885743036 0.7725897893841972
2067 2144 2242 5.756038394590413 0.6217714780036377
2067 2145 2242 6.506764019080384 0.4970838593579149
2067 2146 2242 7.3173750758041125 0.39692822989607335
2067 2147 2242 8.170065972805812 0.3175805077123438
2067 2148 2242 9.052954103495694 0.2550465447138276
2067 2129 2243 12.00483144404771 0.21755797859209539
2067 2130 2243 11.105042908516687 0.26601501319532483
2067 2131 2243 10.223892507259498 0.3253861894182525
2067 2132 2243 9.366641767463781 0.39723803666131496
2067 2133 2243 8.540490501136171 0.48231230710255607
2067 2134 2243 7.755383807394531 0.5793818244883655
2067 2135 2243 7.025096298272175 0.6835430440539482
2067 2136 2243 6.3685145834800085 0.7844461794976585
2067 2137 2243 5.810677929467239 0.8660963105017554
2067 2138 2243 5.3823766126124815 0.9106305433322935
2067 2139 2243 5.116246475688787 0.9062752292847117
2067 2140 2243 5.038052996942179 0.8542478431362488
2067 2141 2243 5.156353168664672 0.7679893413631502
2067 2142 2243 5.45838602519081 0.6655259701032155
2067 2143 2243 5.9160779237598335 0.562015000275106
2067 2144 2243 6.496612809764685 0.4667831002030157
2067 2145 2243 7.170214641138627 0.3839652550298634
2067 2146 2243 7.913152216405221 0.31434309654204917
2067 2147 2243 8.70769648070022 0.2569682001525407
2067 2130 2244 11.592927930423633 0.23762787505701358
2067 2131 2244 10.751836029255491 0.2844943849436969
2067 2132 2244 9.940220218888344 0.3386242441197953
2067 2133 2244 9.165913920608068 0.39918568873144467
2067 2134 2244 8.439192970894604 0.46373562604083074
2067 2135 2244 7.773414822328539 0.5276091029507369
2067 2136 2244 7.185539506536524 0.5837838374725883
2067 2137 2244 6.6961166357820625 0.6238634562536792
2067 2138 2244 6.328031131402359 0.6404712643478578
2067 2139 2244 6.10327600555616 0.6301930982007172
2067 2140 2244 6.0378786009655485 0.5951671373792882
2067 2141 2244 6.136935554492797 0.5420723478725532
2067 2142 2244 6.392806738827473 0.47932464406315
2067 2143 2244 6.78778152270667 0.4144193460942855
2067 2144 2244 7.299313529366868 0.352605017746845
2067 2145 2244 7.904807271527772 0.2968095070554604
2067 2146 2244 8.584403182516445 0.24818894955834025
2067 2130 2245 12.143721752411654 0.20757671254555213
2067 2131 2245 11.343543449910003 0.2433065470256945
2067 2132 2245 10.577427759148074 0.2827457172356652
2067 2133 2245 9.853323195754637 0.32460281600568874
2067 2134 2245 9.181175197108294 0.36657874650934325
2067 2135 2245 8.573212816674776 0.4052918614716223
2067 2136 2245 8.044002610640847 0.4365698222227121
2067 2137 2245 7.60999198422685 0.4562424678884908
2067 2138 2245 7.2882081474116145 0.46129942401976726
2067 2139 2245 7.0939395261023455 0.4509168671971713
2067 2140 2245 7.037753760966442 0.4267639214963691
2067 2141 2245 7.122919204932583 0.39239297067258005
2067 2142 2245 7.344520270242132 0.35209501476974814
2067 2143 2245 7.690772262913374 0.3098300167211304
2067 2144 2245 8.14579511158965 0.26861166063215935
2067 2145 2245 8.69252425938507 0.23036615974505595
2067 2131 2246 11.989577890818165 0.20479511385022306
2067 2132 2246 11.267474339886284 0.2329049904074076
2067 2133 2246 10.590655220523232 0.261348026109332
2067 2134 2246 9.96834881010873 0.2883755673466089
2067 2135 2246 9.41137492611979 0.31179753548650474
2067 2136 2246 8.931963837812846 0.3292693093647428
2067 2137 2246 8.543183130426065 0.338756566217682
2067 2138 2246 8.257843423073403 0.3390485736808738
2067 2139 2246 8.086901631650825 0.33010685888104796
2067 2140 2246 8.037659982855514 0.3130767866274394
2067 2141 2246 8.112334928982964 0.28995600105832214
2067 2142 2246 8.307585569826962 0.2630847990954919
2067 2143 2246 8.615217815006032 0.2346732886355544
2067 2144 2246 9.023745231332578 0.2065020071892825
2067 2133 2247 11.3682002973204 0.2094568064083189
2067 2134 2247 10.790828420468733 0.2268121234943477
2067 2135 2247 10.278520224234414 0.241013100611204
2067 2136 2247 9.841441865905422 0.2507722089269236
2067 2137 2247 9.489993572178863 0.2551030627368791
2067 2138 2247 9.233957872981458 0.253540752762889
2067 2139 2247 9.081408370951964 0.24625493706935359
2067 2140 2247 9.037586956704567 0.23400790753605452
2067 2141 2247 9.104063817878073 0.21797570189039916
2067 2142 2247 9.27846851587032 0.19950449877539617
2067 2143 2247 9.554892882706584 0.17988541148003934
2067 2144 2247 9.92481627033957 0.1602017752684515
2067 2134 2248 11.641133020457904 0.17884519906789448
2067 2135 2248 11.167899444389509 0.1874756897676326
2067 2136 2248 10.76698555771278 0.1928815570771814
2067 2137 2248 10.446720920939534 0.19458801003077095
2067 2138 2248 10.214694219603242 0.19243935630145687
2067 2139 2248 10.07700243127866 0.18663117584753106
2067 2140 2248 10.037528480656787 0.17767003517123614
2067 2141 2248 10.097424325044297 0.16627522838459183
2067 2142 2248 10.25494895160363 0.15325527244624748
