# %ECSV 0.9
# ---
# datatype:
# - name: sexcat_id
#   datatype: int32
# - name: x
#   datatype: int32
# - name: y
#   datatype: int32
# - name: sep
#   datatype: float64
# - name: weight
#   datatype: float64
# schema: astropy-2.0
sexcat_id x y sep weight
258 2463 1032 8.47833385754539 0.2901147926116967
258 2464 1032 8.300490648148465 0.30078505686028995
258 2465 1032 8.241003883022975 0.3084345754344074
258 2466 1032 8.30241802127545 0.31265262187219645
258 2461 1033 8.268503189816238 0.34710001369506954
258 2462 1033 7.83480344360986 0.3700623931666108
258 2463 1033 7.510002996004765 0.39023214480262913
258 2464 1033 7.308634961468535 0.406504331469237
258 2465 1033 7.241004419277742 0.4178812962115199
258 2466 1033 7.310823824987127 0.4236071440549162
258 2467 1033 7.514262771556437 0.42328283839868974
258 2468 1033 7.840927559925461 0.4169313169840598
258 2459 1034 8.651828997385588 0.38937095984766235
258 2460 1034 7.991879941540771 0.42819538917916267
258 2461 1034 7.408518407887054 0.4666354385813316
258 2462 1034 6.921137551010018 0.5029685879509163
258 2463 1034 6.551194165951775 0.5351595418558523
258 2464 1034 6.319346880809772 0.5610493708733126
258 2465 1034 6.241005127381311 0.5786442041480447
258 2466 1034 6.321878281017393 0.5864518110037085
258 2467 1034 6.5560769519583175 0.5837733799736065
258 2468 1034 6.9280693558883115 0.5708512124746383
258 2469 1034 7.4171520814931595 0.548816733862805
258 2470 1034 8.001883840696385 0.5194587659845239
258 2471 1034 8.662917810991718 0.48489586547386143
258 2457 1035 9.557203827480237 0.4030893850484244
258 2458 1035 8.738200329587466 0.4564713561928144
258 2459 1035 7.960662346815252 0.5142553502011488
258 2460 1035 7.237965529069736 0.5752022070477211
258 2461 1035 6.588182222738026 0.6372190731371602
258 2462 1035 6.034910521292009 0.6972359018091241
258 2463 1035 5.60679453877174 0.7512681170537578
258 2464 1035 5.334055211562796 0.7947855354984488
258 2465 1035 5.241006105701447 0.8234339883445991
258 2466 1035 5.337053962627647 0.8339814599859067
258 2467 1035 5.612498997772658 0.8251620371016596
258 2468 1035 6.042859008780423 0.7980370718783036
258 2469 1035 6.597889435266276 0.7556912418307105
258 2470 1035 7.249009932397525 0.7024176454072877
258 2471 1035 7.972712524605259 0.6427650972896236
258 2472 1035 8.7510082276271 0.5807878002863143
258 2473 1035 9.570587495028548 0.519644596043942
258 2453 1036 12.719832742611217 0.28617177957714696
258 2454 1036 11.781771725848538 0.330898248947346
258 2455 1036 10.854775216465962 0.38300645881036127
258 2456 1036 9.94193869423883 0.4434861785480225
258 2457 1036 9.047549115644685 0.5132306781734688
258 2458 1036 8.177661340505765 0.5928356472177085
258 2459 1036 7.340990736951119 0.6822706389973574
258 2460 1036 6.550278238365281 0.7803897320689261
258 2461 1036 5.82427205751941 0.8842914797691586
258 2462 1036 5.1901970097483785 0.9886549343498268
258 2463 1036 4.685525050621396 1.085388727689416
258 2464 1036 4.355472993832042 1.1641520294334238
258 2465 1036 4.241007545383511 1.214252167480953
258 2466 1036 4.359144984971192 1.2277294730457797
258 2467 1036 4.692349624654915 1.2022808970054542
258 2468 1036 5.199436988751642 1.1421968657480874
258 2469 1036 5.835250208859803 1.05664801257897
258 2470 1036 6.562480095207755 0.9565084819931514
258 2471 1036 7.354056363667442 0.8515511844687795
258 2472 1036 8.191345738033357 0.7490063852536851
258 2473 1036 9.061685549609237 0.6533791275773858
258 2474 1036 9.95641225542597 0.5669491471137689
258 2475 1036 10.86950527853021 0.4904520120648333
258 2452 1037 13.390151044704643 0.28811419948947875
258 2453 1037 12.42224395992948 0.33667824439510424
258 2454 1037 11.45984925729846 0.39466903564436717
258 2455 1037 10.504482138592254 0.46403327934535527
258 2456 1037 9.558250101352407 0.5470389910938063
258 2457 1037 8.62416053885843 0.646217373248986
258 2458 1037 7.706629937917257 0.7641673888180015
258 2459 1037 6.812352383721953 0.9030933704450842
258 2460 1037 5.9518186296292495 1.0638678158604058
258 2461 1037 5.141998152469662 1.2443534774635052
258 2462 1037 4.4109120372096555 1.4368402707202974
258 2463 1037 3.8042272539900477 1.6251287759698865
258 2464 1037 3.389416616469607 1.783420192065468
258 2465 1037 3.24100987348078 1.880896086551748
258 2466 1037 3.3941339101454915 1.8938562512886605
258 2467 1037 3.8126296699258826 1.8188586621015388
258 2468 1037 4.421780749878805 1.6748674736152993
258 2469 1037 5.154429648370263 1.4921604518154623
258 2470 1037 5.965244756084868 1.2987888252712338
258 2471 1037 6.826429886844047 1.1137573230614208
258 2472 1037 7.721149202029271 0.9469296690172784
258 2473 1037 8.638989813629651 0.8017420095232392
258 2474 1037 9.573303766202997 0.6779736502164427
258 2475 1037 10.519702704924512 0.5736786171815468
258 2476 1037 11.475196948200747 0.48630754559553907
258 2477 1037 12.437690501053456 0.4132811983316289
258 2451 1038 14.170326213605854 0.27852086833821643
258 2452 1038 13.183859260474714 0.3275455863537708
258 2453 1038 12.199596099871687 0.3870177823482516
258 2454 1038 11.218116820572163 0.4595793328491204
258 2455 1038 10.240221921423563 0.5486265550661457
258 2456 1038 9.267046185274104 0.6585222778708496
258 2457 1038 8.300249695039478 0.7948311915821579
258 2458 1038 7.342352824538097 0.964514848525669
258 2459 1038 6.397354531367024 1.1758998829570602
258 2460 1038 5.471941611530758 1.4379371118620432
258 2461 1038 4.578006662293257 1.7576179596460575
258 2462 1038 3.7382007704243314 2.133253534231469
258 2463 1038 2.9983570501193966 2.5404905871594816
258 2464 1038 2.4507437646560097 2.912746258598041
258 2465 1038 2.2410142792940726 3.1393645746145675
258 2466 1038 2.4572637221103384 3.1243829173966806
258 2467 1038 3.0090106347434493 2.8748803542648096
258 2468 1038 3.751019194832092 2.493540053056757
258 2469 1038 4.591965265547903 2.0875143216275913
258 2470 1038 5.486542171531906 1.717694341876211
258 2471 1038 6.412343175470077 1.4048382749037578
258 2472 1038 7.3575909780306 1.1490808312546534
258 2473 1038 8.31565661869205 0.9429676421709015
258 2474 1038 9.28257211121985 0.7775382480597091
258 2475 1038 10.255834680804686 0.6446060133402411
258 2476 1038 11.23379477291604 0.5373760402097009
258 2477 1038 12.215324187265576 0.4504340880017709
258 2478 1038 13.199626699266727 0.3795407688157161
258 2450 1039 15.043275740343447 0.2591498224451791
258 2451 1039 14.046926532163727 0.30537455749094156
258 2452 1039 13.051135774330328 0.36181885320843105
258 2453 1039 12.056041846311107 0.43128537526896105
258 2454 1039 11.061832804739192 0.5175244562975431
258 2455 1039 10.068770778997987 0.6256235693145378
258 2456 1039 9.077232232349427 0.7625861690854813
258 2457 1039 8.087777506831094 0.9382028207510066
258 2458 1039 7.1012777019352376 1.1663702007094339
258 2459 1039 6.119162115845782 1.4670667576387773
258 2460 1039 5.143942554111764 1.8691437263590045
258 2461 1039 4.180447942505859 2.41343188026885
258 2462 1039 3.2391580696225826 3.152145743695978
258 2463 1039 2.346943757315185 4.125008626381651
258 2464 1039 1.5887558025072133 5.241034264235103
258 2465 1039 1.2410257853888293 5.995296442197079
258 2466 1039 1.5987948586355858 5.702091564121431
258 2467 1039 2.3605391333335706 4.66362705473511
258 2468 1039 3.253942992739551 3.5924955295794443
258 2469 1039 4.195729376401491 2.7423723071889685
258 2470 1039 5.1594713876518465 2.111090700392964
258 2471 1039 6.13483047850531 1.646287036712798
258 2472 1039 7.117032035897921 1.3009289390990322
258 2473 1039 8.103588402676738 1.0407181584690528
258 2474 1039 9.093082260707671 0.8417896960638037
258 2475 1039 10.084648977529966 0.6876067820104735
258 2476 1039 11.077731942956364 0.5665966872907424
258 2477 1039 12.071956966457238 0.4705426457788447
258 2478 1039 13.067063365576638 0.39351968031989176
258 2450 1040 14.993936941310833 0.2742626486641455
258 2451 1040 13.994075353520335 0.3243648951313893
258 2452 1040 12.994235067906263 0.38595653475530617
258 2453 1040 11.994421411639852 0.4623689007280429
258 2454 1040 10.994641649458346 0.5581588530798669
258 2455 1040 9.994905952534209 0.6796812420298517
258 2456 1040 8.995229013204911 0.8360008046069134
258 2457 1040 7.99563287051144 1.0403990367454192
258 2458 1040 6.9961521567217675 1.3129764451530366
258 2459 1040 5.996844586947561 1.6853958643760296
258 2460 1040 4.997814022150273 2.210135381170669
258 2461 1040 3.9992680580328073 2.9801956001011747
258 2462 1040 3.0016903571156575 4.176333923701102
258 2463 1040 2.0065256041228943 6.200564926356054
258 2464 1040 1.0208550337831364 10.143080755743537
258 2465 1040 0.24113274352520017 17.180404680919988
258 2466 1040 1.0364096680365402 10.619443915207967
258 2467 1040 2.022410690240544 6.424294228842898
258 2468 1040 3.0176389777438346 4.301170506790391
258 2469 1040 4.015239096243022 3.0576776051581867
258 2470 1040 5.013795468504684 2.2616111834781782
258 2471 1040 6.012831695632077 1.7212510291697816
258 2472 1040 7.012142682518471 1.3388413903664025
258 2473 1040 8.011625615316591 1.0595705259122385
258 2474 1040 9.011223279888062 0.8505234328907967
258 2475 1040 10.010901308073924 0.690880929053689
258 2476 1040 11.010637810771719 0.5669267428518029
258 2477 1040 12.010418185891591 0.4693217390743788
258 2478 1040 13.010232319216867 0.39153175152432856
258 2450 1041 15.011200651513713 0.2810971710553454
258 2451 1041 14.012570963246015 0.33252126574692725
258 2452 1041 13.014151720339092 0.3957274044125067
258 2453 1041 12.015995381157758 0.4741135702918668
258 2454 1041 11.018173396711642 0.5723116132165861
258 2455 1041 10.020785647842379 0.6967490631766874
258 2456 1041 9.023976119206178 0.8565291901401227
258 2457 1041 8.027960201695262 1.0648507802297225
258 2458 1041 7.033075074247584 1.341374265322968
258 2459 1041 6.0398795517793475 1.7163026433362427
258 2460 1041 5.049370752876235 2.2376437491555548
258 2461 1041 4.063513873484565 2.984270575741577
258 2462 1041 3.086769346744449 4.087369205382671
258 2463 1041 2.1317000258011856 5.741433656608731
258 2464 1041 1.2490576447868198 7.95854996189699
258 2465 1041 0.7590421595669236 9.026088386201817
258 2466 1041 1.261802282451431 7.2259558136232425
258 2467 1041 2.1466590320773493 5.138185314950852
258 2468 1041 3.102280612710411 3.683529745157519
258 2469 1041 4.079233383860074 2.71337643400015
258 2470 1041 5.065189532485248 2.050336596791511
258 2471 1041 6.055753049786438 1.58276156262477
258 2472 1041 7.048981841372368 1.2436049284453161
258 2473 1041 8.04388867401812 0.9916524401232581
258 2474 1041 9.039919523977888 0.8006839527919349
258 2475 1041 10.036739759503392 0.6534545971858811
258 2476 1041 11.03413544415673 0.5382816658000863
258 2453 1042 12.120319508990042 0.46393221284449415
258 2454 1042 11.13185272090878 0.5563969003630039
258 2455 1042 10.145646603346867 0.6717933651564156
258 2456 1042 9.162431173002254 0.8170254128172325
258 2457 1042 8.183284487295005 1.0013469962395225
258 2458 1042 7.209864423136034 1.2370634383232335
258 2459 1042 6.244849477769846 1.5400583530350143
258 2460 1042 5.29283903023717 1.9291581301777863
258 2461 1042 4.362355441731171 2.4212673707783314
258 2462 1042 3.470755681404438 3.0141515028226356
258 2463 1042 2.6574696611628146 3.6425571546162936
258 2464 1042 2.019441754545158 4.117953725568783
258 2465 1042 1.7590181920605734 4.185912133744301
258 2466 1042 2.0273492545685534 3.800968652509307
258 2467 1042 2.669484032542486 3.1901337290882337
258 2468 1042 3.4845580781497834 2.576575068599419
258 2469 1042 4.377001827735343 2.054723464722247
258 2470 1042 5.307932271609931 1.6384323042581816
258 2471 1042 6.260203271459943 1.3135281347990055
258 2472 1042 7.225381996821857 1.0609130532937965
258 2473 1042 8.198911208203015 0.8637279045884064
258 2474 1042 9.178134069624209 0.7087069784765649
258 2455 1043 10.365912646747697 0.6120755222013896
258 2456 1043 9.40575063458539 0.7308737576071475
258 2457 1043 8.454829684860783 0.8752176923951296
258 2458 1043 7.516657834436973 1.0495835260204402
258 2459 1043 6.596676814882047 1.2573873666961335
258 2460 1043 5.703695731716583 1.4984821275064442
258 2461 1043 4.85264309423242 1.7645078575503064
258 2462 1043 4.069907247100505 2.0321798348762914
258 2463 1043 3.4029612104754934 2.2583831682869824
258 2464 1043 2.9319183140054323 2.3874379210264545
258 2465 1043 2.7590115983808547 2.3783828146487194
258 2466 1043 2.937370422673943 2.2343264690212337
258 2467 1043 3.412351828284903 1.9999850418328782
258 2468 1043 4.081684088706393 1.7305770045525466
258 2469 1043 4.865813909306291 1.466764272322991
258 2470 1043 5.717704521921204 1.22959221369411
258 2471 1043 6.611213579971366 1.0260585628610377
258 2472 1043 7.531543334536251 0.8556625223536777
258 2456 1044 9.746083572389654 0.6221407396783761
258 2457 1044 8.83188230220507 0.7257917810883426
258 2458 1044 7.938396878463734 0.8436213423994477
258 2459 1044 7.073481815909501 0.9739865737692932
258 2460 1044 6.249011521833033 1.1122194325115196
258 2461 1044 5.4832604351792025 1.249331290157491
258 2462 1044 4.8043880983951786 1.3714442761241583
258 2463 1044 4.254191462546187 1.4613122134520464
258 2464 1044 3.8876914743843143 1.5029113752288614
258 2465 1044 3.759008512892742 1.4877861210700096
258 2466 1044 3.891804851222595 1.4190896602244707
258 2467 1044 4.261706817696326 1.3100248311309746
258 2468 1044 4.814368598269037 1.1780079229429399
258 2469 1044 5.494919926623007 1.0388826180132305
258 2457 1045 9.301620557730958 0.5827029168142632
258 2458 1045 8.457904291253406 0.6587748529550272
258 2459 1045 7.65193733638759 0.7378261037319271
258 2460 1045 6.8969663621045765 0.8159612986351872
258 2461 1045 6.211613719477544 0.8877178186689164
258 2462 1045 5.62140062617861 0.9464858647307179
258 2463 1045 5.159083736478881 0.9855966873586077
258 2464 1045 4.8612904665325765 0.9999369131756104
258 2465 1045 4.759006724096966 0.9874900108441641
258 2466 1045 4.864580660241924 0.9500107002328523
258 2467 1045 5.165282664094907 0.8924360405455916
258 2468 1045 5.629932948090857 0.8213806994810722
258 2458 1046 9.058374302268748 0.5082019159665517
258 2459 1046 8.310845023221312 0.5559762556932664
258 2460 1046 7.621426703708569 0.6007385765042629
258 2461 1046 7.007292273053956 0.6395722386371606
258 2462 1046 6.489849381919529 0.6694247527755697
258 2463 1046 6.093779205058296 0.6875977239917666
258 2464 1046 5.843812539772348 0.6922915113044761
258 2465 1046 5.759005556517563 0.6830214542600364
258 2466 1046 5.8465498372971885 0.660736842092709
714 917 1860 5.451799702850537 1.8761597656232607
714 918 1860 5.225908533451497 2.009534844560815
714 919 1860 5.186339749765835 2.0273013578498293
714 915 1861 5.584811545611997 1.7501523582406118
714 916 1861 4.977762549579984 2.111783734062297
714 917 1861 4.512883778694172 2.4601918627360564
714 918 1861 4.237230227401026 2.7010847583416586
714 919 1861 4.188331410000995 2.736902312533798
714 920 1861 4.37379926379811 2.550612259595339
714 921 1861 4.766352903426355 2.2235530360753377
714 914 1862 5.678566720573147 1.6601680165939678
714 915 1862 4.882020073699087 2.1141633323012936
714 916 1862 4.173981312847579 2.6729472728942225
714 917 1862 3.606954393945225 3.2809297346757536
714 918 1862 3.2554753877123277 3.756709199896156
714 919 1862 3.1915701464954043 3.837522547560595
714 920 1862 3.4313437601034176 3.4665753142155555
714 921 1862 3.9194540436138077 2.8749567131528457
714 914 1863 5.185568435572001 1.8818010415901008
714 915 1863 4.298618382690026 2.4908215511087533
714 916 1863 3.4736321048724457 3.3317933812820915
714 917 1863 2.766608031507272 4.418601927953584
714 918 1863 2.289567644774993 5.475614965851978
714 919 1863 2.1977533983594415 5.695328314518676
714 920 1863 2.533400876292664 4.831619980267332
714 921 1863 3.1632451691262258 3.695583257236121
714 914 1864 4.851197790237007 2.0503368686761627
714 915 1864 3.888717012074855 2.803569265677451
714 916 1864 2.951291242829205 3.964126984806589
714 917 1864 2.073190777521529 5.813910827038989
714 918 1864 1.373360841148562 8.47760074859894
714 919 1864 1.214133435829955 9.324431191302876
714 920 1864 1.7498914252033515 6.7660100324497705
714 921 1864 2.5787826585426274 4.570699929800915
714 914 1865 4.7093651376804715 2.1224020633686043
714 915 1865 3.710272227209234 2.9473681199475785
714 916 1865 2.7118480783406973 4.293920541523129
714 917 1865 1.7152609130975083 6.7622426600462395
714 918 1865 0.7280934006019172 12.5243464218926
714 919 1865 0.34368590311508174 17.950156473052676
714 920 1865 1.3061852854782872 8.445639872737503
714 921 1865 2.3008954778520385 5.104785170379563
714 914 1866 4.777250255115382 2.0757592494363033
714 915 1866 3.7960663850886416 2.8590599134781853
714 916 1866 2.8280947650317363 4.100055380283898
714 917 1866 1.893705362510197 6.212651242987953
714 918 1866 1.0835681796729921 9.9007173115743
714 919 1866 0.8729948453454965 11.634054661588243
714 920 1866 1.5330101108602554 7.583679760549472
714 921 1866 2.4368258041968733 4.870308965777749
714 915 1867 4.129663424541971 2.578608655728104
714 916 1867 3.262226233724401 3.5194114140812336
714 917 1867 2.49602083324632 4.832595739095222
714 918 1867 1.954001023541088 6.296937604985046
714 919 1867 1.8455676633490263 6.71574411865494
714 920 1867 2.2347527827479152 5.529156752858053
714 921 1867 2.9295255588575286 4.07379624005575
714 916 1868 3.909746794870413 2.8488360864736046
714 917 1868 3.297593061613187 3.5935005021683377
714 918 1868 2.9089723271284997 4.237535158393552
714 919 1868 2.837273338964606 4.396033889332723
714 920 1868 3.10453217087524 3.939450212014378
73 2128 720 12.484283119186314 0.25373171449282517
73 2129 720 12.671358451247462 0.265458622867684
73 2130 720 12.93326428246174 0.27187965094740923
73 2131 720 13.265569154770583 0.27233853100443883
73 2132 720 13.66313745082003 0.26678706804107966
73 2133 720 14.12045767671859 0.25579671136356136
73 2134 720 14.631928273471038 0.2404251278387388
73 2126 721 11.346952233970146 0.2711756545157926
73 2127 721 11.378019379487812 0.2953049198695943
73 2128 721 11.496317888785102 0.31521539217173633
73 2129 721 11.699201895855992 0.3289451488263228
73 2130 721 11.982375599187359 0.334966793927033
73 2131 721 12.340313002513378 0.3325641361047343
73 2132 721 12.766727262693475 0.3220263663713149
73 2133 721 13.255011316479552 0.3045683495491
73 2134 721 13.798598660733674 0.2820153088074289
73 2135 721 14.391223888189678 0.2563923818854065
73 2124 722 10.566424418884555 0.26885226337880885
73 2125 722 10.409386389216222 0.3042451372244485
73 2126 722 10.347044263943209 0.3389576447928824
73 2127 722 10.38110422835645 0.37035083251050327
73 2128 722 10.510629143871471 0.39536226364930743
73 2129 722 10.732163109084787 0.41106018786231185
73 2130 722 11.040168703421184 0.4153704076274277
73 2131 722 11.427656146384555 0.4076908698458066
73 2132 722 11.886855134980019 0.3890844171437485
73 2133 722 12.40980761333555 0.36194278581829237
73 2134 722 12.988815380934518 0.3293053834265168
73 2135 722 13.616729600017813 0.2941586853424187
73 2136 722 14.287103450314952 0.2589601660771251
73 2121 723 10.66955130265558 0.21063772645558812
73 2122 723 10.224740828011218 0.2475439630717926
73 2123 723 9.861608641595936 0.2890868580120472
73 2124 723 9.589438200436968 0.33445177164708784
73 2125 723 9.416120485635256 0.3818681134979142
73 2126 723 9.347155984576274 0.4283662822556387
73 2127 723 9.384845496863557 0.4697881886339505
73 2128 723 9.52792343588047 0.5012842671470191
73 2129 723 9.77176161191013 0.518387273636163
73 2130 723 10.109071421253317 0.5183739225902191
73 2131 723 10.53087484495 0.5012464237570241
73 2132 723 11.027480446593447 0.46973164238379406
73 2133 723 11.58927629319454 0.4282984323945954
73 2134 723 12.207265254757148 0.38179599057625174
73 2135 723 12.873357176743028 0.33438083206660707
73 2136 723 13.580475875314582 0.28902065327705645
73 2119 724 10.98796273200811 0.17894070285811087
73 2120 724 10.365390730696033 0.21380808487664096
73 2121 724 9.805474236364063 0.2551303915727647
73 2122 724 9.319513131059987 0.30344013417777477
73 2123 724 8.919603410466165 0.3587390663935674
73 2124 724 8.617733170619742 0.42004049665207915
73 2125 724 8.42444805313677 0.48478810709851233
73 2126 724 8.347294471863325 0.5483327202090311
73 2127 724 8.389477039720662 0.6038809984593088
73 2128 724 8.549229497445971 0.6434677991505671
73 2129 724 8.820165814767908 0.6601597795875604
73 2130 724 9.192460225641478 0.650702308945695
73 2131 724 9.65439407731012 0.6169640672950484
73 2132 724 10.193788549896492 0.5650926943593725
73 2133 724 10.799042781654352 0.5030300311954495
73 2134 724 11.45972621837019 0.4380526759785346
73 2135 724 12.16681244204912 0.3754415914480627
73 2136 724 12.912680782858429 0.3182991645319362
73 2118 725 10.969837054395976 0.17581661210098387
73 2119 725 10.249064591463902 0.21229601325156247
73 2120 725 9.578586795555974 0.2566516271198411
73 2121 725 8.969689236534306 0.31021900984346895
73 2122 725 8.435717219063209 0.3741223507189992
73 2123 725 7.991703510516368 0.448800570281031
73 2124 725 7.653321174496715 0.5332028141934215
73 2125 725 7.435006724946516 0.6236424486559797
73 2126 725 7.347470653224825 0.7126186101949796
73 2127 725 7.39535834155453 0.7885329973118814
73 2128 725 7.576102230038894 0.8377145733435495
73 2129 725 7.880566286758866 0.8492653208167791
73 2130 725 8.295138636575073 0.8203799720192821
73 2131 725 8.804278789316061 0.7578962071914555
73 2132 725 9.392620773777724 0.6746417725081709
73 2133 725 10.046259254070689 0.5838283323639236
73 2134 725 10.75329368147272 0.49534747403648166
73 2135 725 11.503883040086995 0.41491858618328525
73 2136 725 12.290049837165078 0.34492227854800894
73 2137 725 13.105392973886799 0.28563664198617184
73 2117 726 11.132804004382672 0.16943895298362832
73 2118 726 10.326922339206343 0.20625515146979517
73 2119 726 9.55778870869194 0.25193378578031206
73 2120 726 8.83500565930771 0.308560165164489
73 2121 726 8.170882755247401 0.3784556085115742
73 2122 726 7.580852524617499 0.4638768985429134
73 2123 726 7.083454312692335 0.5663053870321546
73 2124 726 6.699352580660296 0.6850380515789805
73 2125 726 6.448823536118809 0.814865585948557
73 2126 726 6.347702340217288 0.9432767177212222
73 2127 726 6.403071528571281 1.0493547698879493
73 2128 726 6.611000302526108 1.1083357848252562
73 2129 726 6.957824731911578 1.103198481533733
73 2130 726 7.4241043230817105 1.0355225865760251
73 2131 726 7.988950181344272 0.9243949055757509
73 2132 726 8.633036835320514 0.7946021213556321
73 2133 726 9.33998527836104 0.6658774208673737
73 2134 726 10.096599675138213 0.5494557859699706
73 2135 726 10.892535287985126 0.4496707778873149
73 2136 726 11.719783487761255 0.3667621128431125
73 2137 726 12.57216469029902 0.2990587830746208
73 2117 727 10.594683808401214 0.19627695217831587
73 2118 727 9.744399673658659 0.24150904394939895
73 2119 727 8.9252072805061 0.2986786934613909
73 2120 727 8.14649157613259 0.37109748182490965
73 2121 727 7.421005659612406 0.4627596870679738
73 2122 727 6.7658942498386345 0.5780653731812169
73 2123 727 6.20349296767552 0.7208599286346791
73 2124 727 5.761017705232276 0.8920420701029725
73 2125 727 5.467661748864855 1.0847720724107242
73 2126 727 5.348020661889782 1.2774405780611686
73 2127 727 5.413624017236527 1.4295859459491054
73 2128 727 5.6580319016421505 1.4932474697901912
73 2129 727 6.059647266962031 1.4436748609886842
73 2130 727 6.589789450354278 1.3003883468540771
73 2131 727 7.22020255948548 1.1103074746665378
73 2132 727 7.926999747697789 0.9159780731106649
73 2133 727 8.691566314537383 0.741393663972767
73 2134 727 9.49996447361784 0.5948825691887257
73 2135 727 10.341920759704225 0.4762156576617669
73 2136 727 11.209876225900148 0.3817519621192859
73 2137 727 12.098236441729904 0.30708780422502324
73 2117 728 10.126960304059597 0.22647991695589445
73 2118 728 9.233705919077073 0.2818046011153734
73 2119 728 8.364647332673334 0.35312735517893606
73 2120 728 7.52816876803378 0.44564146715492914
73 2121 728 6.736417816614358 0.5661279327758018
73 2122 728 6.007106208483373 0.722976624547185
73 2123 728 5.3657548397219585 0.9252368130623305
73 2124 728 4.847403944380925 1.1789439962034247
73 2125 728 4.494810897023354 1.4772950993581493
73 2126 728 4.348485368493265 1.7818310542574052
73 2127 728 4.428919168375073 2.0066391945641775
73 2128 728 4.724544951632938 2.050797312738258
73 2129 728 5.198781107144289 1.890316206644324
73 2130 728 5.808039686503574 1.6057204873410271
73 2131 728 6.514547183035876 1.297579669702602
73 2132 728 7.290084018720278 1.0233830815698834
73 2133 728 8.114882931996059 0.8002602484891915
73 2134 728 8.975373251291618 0.6257714133602821
73 2135 728 9.862217042835814 0.49140904583040745
73 2136 728 10.768905468988079 0.3882977562373957
73 2137 728 11.69082225508546 0.3089652785052256
73 2116 729 10.684443130083977 0.20826259972199976
73 2117 729 9.739780541675405 0.2598396491864374
73 2118 729 8.807344946123035 0.32698609540613244
73 2119 729 7.891471662497375 0.4153414584909966
73 2120 729 6.998665944306759 0.5328825725046197
73 2121 729 6.139000325785897 0.6908757032987293
73 2122 729 5.328538730271132 0.9049152036224583
73 2123 729 4.593400156746592 1.1951585976830414
73 2124 729 3.9755911510113493 1.5823601458983807
73 2125 729 3.5371351401946565 2.0692974538437205
73 2126 729 3.3492275228774777 2.5875611212267735
73 2127 729 3.453016796947292 2.9293641613482646
73 2128 729 3.824830061584471 2.8607125624758742
73 2129 729 4.397195128715622 2.4353020746567635
73 2130 729 5.1030701543287185 1.9117012788100953
73 2131 729 5.894686166370578 1.4528114793614444
73 2132 729 6.741908112693379 1.0970116863502095
73 2133 729 7.626226130924844 0.8324047956880545
73 2134 729 8.536118848750938 0.6374436948723541
73 2135 729 9.464212856862487 0.4932534479593563
73 2136 729 10.405639096182478 0.3856571704106915
73 2116 730 10.414668741731475 0.23489825477227574
73 2117 730 9.443056973247531 0.29574693408111113
73 2118 730 8.478049598816874 0.3762644986957131
73 2119 730 7.522188843681012 0.4843792041425665
73 2120 730 6.579462364053708 0.6319446608058665
73 2121 730 5.656441018873912 0.8370173884266594
73 2122 730 4.764590748427348 1.1274513129943478
73 2123 730 3.925216554535508 1.5458548876423135
73 2124 730 3.1801454369257605 2.152314567014279
73 2125 730 2.611383732812906 3.0009859133228867
73 2126 730 2.3506009869818394 3.9890291639097986
73 2127 730 2.4962622057788977 4.5051625796926995
73 2128 730 2.989535917161769 3.9680038626401846
73 2129 730 3.6936871822070136 2.978772907348455
73 2130 730 4.511022611337757 2.1357138415101375
73 2131 730 5.390299156818724 1.534345059415689
73 2132 730 6.3056581734186 1.1195086268224672
73 2133 730 7.243433232935948 0.8314567432714779
73 2134 730 8.195933442872816 0.6279779207242893
73 2135 730 9.158565662809934 0.48149631626319694
73 2136 730 10.128441390460889 0.3741330851326485
73 2116 731 10.235884182619433 0.2623800450849497
73 2117 731 9.245502960899358 0.3330445293411867
73 2118 731 8.257440584103463 0.4279230900680932
73 2119 731 7.27264222961635 0.557684372699329
73 2120 731 6.292640542729197 0.739072549983065
73 2121 731 5.320086935379847 0.999369136206128
73 2122 731 4.359968463188635 1.3850070341365097
73 2123 731 3.42276569458086 1.9789042023335612
73 2124 731 2.5340333462683025 2.934928497366358
73 2125 731 1.7684244400029818 4.521655138757107
73 2126 731 1.3540033234818851 6.814826549298119
73 2127 731 1.5935259646457354 7.312934292414895
73 2128 731 2.2902674516309776 5.071844795767666
73 2129 731 3.1545720787454488 3.2728064765871228
73 2130 731 4.081338628440492 2.183673996685529
73 2131 731 5.036201445534188 1.5145645790277569
73 2132 731 6.0057743047837535 1.0849137083607945
73 2133 731 6.983933347333787 0.7976131135554518
73 2134 731 7.967516865372865 0.5989389091601292
73 2135 731 8.954737572927593 0.45771008390595863
73 2136 731 9.944512305789626 0.3549933958536472
73 2116 732 10.152897369716621 0.28953503339264647
73 2117 732 9.153541664295782 0.36991535488744987
73 2118 732 8.15434393437013 0.47906629562021597
73 2119 732 7.155370360784903 0.6304936304942056
73 2120 732 6.156730057424899 0.8461507362004966
73 2121 732 5.1586165781146525 1.163597378298556
73 2122 732 4.16140901618664 1.6515560720336866
73 2123 732 3.1659635184252504 2.4479526461848287
73 2124 732 2.1747011288909843 3.87021347262243
73 2125 732 1.1980504997702945 6.833203883111315
73 2126 732 0.3759321747336656 14.913313036327459
73 2127 732 0.9205025801159463 10.108541985741377
73 2128 732 1.885026525012379 5.170080153363573
73 2129 732 2.873904138971997 3.1067538186600543
73 2130 732 3.868504232904561 2.0313153506981014
73 2131 732 4.865318591829382 1.400552949726641
73 2132 732 5.863217973092999 1.0022625229849957
73 2133 732 6.86172900951363 0.7375440161034836
73 2134 732 7.8606186143331644 0.5547805528518192
73 2135 732 8.859758743893716 0.4248097797673197
73 2115 733 11.166168769994412 0.24839134760182813
73 2116 733 10.168054140296395 0.31481373468945373
73 2117 733 9.17035032046207 0.40388222013695446
73 2118 733 8.173207754608892 0.5255817878089719
73 2119 733 7.176860385990455 0.6956598970021685
73 2120 733 6.181692729341956 0.9400278718963879
73 2121 733 5.188383659676616 1.303665484827113
73 2122 733 4.198252612694888 1.8702925741471077
73 2123 733 3.214237856786517 2.8111077077225217
73 2124 733 2.2443985831397493 4.524487958299855
73 2125 733 1.3203503322981538 8.066077523772785
73 2126 733 0.670317089145112 12.441167425215022
73 2127 733 1.0748604560593469 7.229606711909755
73 2128 733 1.9650254451279348 4.136243006649842
73 2129 733 2.9269993167065085 2.606600593517743
73 2130 733 3.908110157096458 1.7505999745471559
73 2131 733 4.896868897571246 1.2284098970244761
73 2132 733 5.889424844583787 0.890228442505144
73 2133 733 6.8841357482258365 0.6614150103926093
73 2134 733 7.880185594261155 0.5013149166143899
73 2135 733 8.877123689574296 0.3862642235521895
73 2115 734 11.269042772125703 0.26510331330548
73 2116 734 10.280920435447337 0.3363977485033119
73 2117 734 9.295338885699584 0.4320091740653774
73 2118 734 8.313201850069497 0.5625362125295219
73 2119 734 7.3358929245183955 0.7444775643909403
73 2120 734 6.365636260421985 1.0043670340774673
73 2121 734 5.406230202275825 1.3863781614894977
73 2122 734 4.46467524014899 1.9662094324523882
73 2123 734 3.55518283636715 2.8722599179878334
73 2124 734 2.7102260053360325 4.274464306274584
73 2125 734 2.012790351725643 5.966986076521219
73 2126 734 1.6605194970249426 6.102650436335633
73 2127 734 1.8610010746907428 4.456955235034559
73 2128 734 2.4838125935746906 2.996460771324047
73 2129 734 3.2977757655729656 2.04505793832172
73 2130 734 4.193009062713852 1.437460708046835
73 2131 734 5.127116636083152 1.0385561396874765
73 2132 734 6.082213823929635 0.7680731569621153
73 2133 734 7.049774819098897 0.5792587676044038
73 2134 734 8.025292829548404 0.4441314507668262
73 2115 735 11.458591754661589 0.2782025008310474
73 2116 735 10.488342338043637 0.35242881581393914
73 2117 735 9.524249314250378 0.45135483176852054
73 2118 735 8.568391039162423 0.5851299345370038
73 2119 735 7.6238654893694875 0.7688530967590972
73 2120 735 6.695470483841982 1.0250777816647665
73 2121 735 5.790969262567304 1.3867561891439648
73 2122 735 4.923548009311927 1.8971891980322722
73 2123 735 4.116712887729671 2.5900043739029504
73 2124 735 3.413696676624873 3.3910841851731983
73 2125 735 2.891249729788112 3.9083620204915652
73 2126 735 2.6580679073341904 3.6608064744061597
73 2127 735 2.7877096333729043 2.9019883223514533
73 2128 735 3.2368696297503585 2.1455798543405065
73 2129 735 3.896578627462861 1.565647167104145
73 2130 735 4.678602889752504 1.1514214391818007
73 2131 735 5.531304095780724 0.8586283735338874
73 2132 735 6.426610693048144 0.6498149880300557
73 2133 735 7.34896761457015 0.4986970636272071
73 2115 736 11.730614860270476 0.28661460147406465
73 2116 736 10.784865553172123 0.36133525621803647
73 2117 736 9.8498388311687 0.4596127074389108
73 2118 736 8.928903908095265 0.5900208548948846
73 2119 736 8.026912544683606 0.7642079476771527
73 2120 736 7.1510366381385 0.9970896433893681
73 2121 736 6.312156921370008 1.3046756523583973
73 2122 736 5.527144380238265 1.6941336888010634
73 2123 736 4.822377525660922 2.134987671285636
73 2124 736 4.238080343740512 2.510193035561479
73 2125 736 3.829794380903474 2.6273402823896337
73 2126 736 3.6569557011262734 2.406230858041749
73 2127 736 3.7522426627285292 1.9899824167151783
73 2128 736 4.096989748583735 1.5582781192801327
73 2129 736 4.635873704060578 1.1949724951960212
73 2130 736 5.31011534714647 0.9134020756233268
73 2131 736 6.074810696639082 0.7015310499824
73 2132 736 6.899951086783206 0.5431622497889903
73 2133 736 7.766294161310198 0.42438873257437104
73 2115 737 12.079541588984183 0.28958805957749784
73 2116 737 11.163392181590623 0.36217085971543667
73 2117 737 10.262910162327193 0.45572538319993633
73 2118 737 9.38260757998537 0.5764433576922459
73 2119 737 8.528735252075716 0.7314430675284412
73 2120 737 7.710079441873421 0.9271916979176171
73 2121 737 6.939115577651037 1.164959683463705
73 2122 737 6.233564389656966 1.4308307286556563
73 2123 737 5.61812468711754 1.6810258366287907
73 2124 737 5.125360962898095 1.8388655177215265
73 2125 737 4.793258286385141 1.8349400043292416
73 2126 737 4.656320972613459 1.6711891712666394
73 2127 737 4.731524595730226 1.4188421920959313
73 2128 737 5.009323806662952 1.1535642947090856
73 2129 737 5.458875800016002 0.9175376011371044
73 2130 737 6.041963670860697 0.7236989087303529
73 2131 737 6.723936718917021 0.5703815791204471
73 2132 737 7.477788777439541 0.4510232062766326
73 2115 738 12.498932954456492 0.2868454477426909
73 2116 738 11.6159082727094 0.3548441261679681
73 2117 738 10.753386675833747 0.44019614050577255
73 2118 738 9.916719467646491 0.5464855982254999
73 2119 738 9.113030505819623 0.676535194755737
73 2120 738 8.351845604415779 0.8302765469843477
73 2121 738 7.645869800094642 1.0008122492359972
73 2122 738 7.011798984568754 1.1691460034406629
73 2123 738 6.470805591269108 1.3018300726003693
73 2124 738 6.047919063611854 1.3602917424214704
73 2125 738 5.769170217630939 1.323739690453586
73 2126 738 5.655910625177872 1.2054563127616513
73 2127 738 5.717982598784301 1.0421067619588018
73 2128 738 5.94990125968492 0.8698179382830457
73 2129 738 6.333034422770836 0.7110893719373702
73 2130 738 6.842026381124269 0.5752185981657885
73 2131 738 7.451129109068007 0.46346815155117965
73 2115 739 12.981961523591051 0.27864287683367395
73 2116 739 12.134138823995654 0.3401413898454674
73 2117 739 11.311203516867636 0.4149383652132534
73 2118 739 10.518998288810533 0.5043513105735418
73 2119 739 9.76500512032631 0.6080742059295307
73 2120 739 9.058770611953873 0.7224610085364939
73 2121 739 8.412331721942452 0.8383666227945391
73 2122 739 7.840492650337694 0.9398679915922822
73 2123 739 7.360660636111377 1.006580498035657
73 2124 739 6.9918041305516905 1.0214402819481567
73 2125 739 6.75213484758708 0.9802245440858535
73 2126 739 6.655623562071396 0.8942627101071823
73 2127 739 6.708451758789063 0.7834694610134773
73 2128 739 6.9071937138030375 0.6667251630426695
73 2129 739 7.239842885035581 0.5566975597031384
73 2130 739 7.689039276788775 0.45963283028319374
73 2115 740 13.521809235453608 0.26571508460087595
73 2116 740 12.710048190309847 0.3195335721032452
73 2117 740 11.926915988636742 0.3827413425642945
73 2118 740 11.17843124056318 0.4550555945156321
73 2119 740 10.472025830754955 0.5344472545106583
73 2120 740 9.81678791662523 0.6161631626518569
73 2121 740 9.223628624353827 0.692052101276689
73 2122 740 8.705246980987926 0.7511355927862413
73 2123 740 8.275706918445065 0.7823294293148227
73 2124 740 7.949422935031175 0.7788166158712779
73 2125 740 7.739465420815562 0.7413993618374731
73 2126 740 7.655411484694989 0.6780807812200724
73 2127 740 7.701384615768782 0.6002436256809093
73 2128 740 7.875107935768258 0.5184510097311342
73 2129 740 8.16843467256734 0.44017546063705965
73 2115 741 14.11195680974111 0.2491268973327888
73 2116 741 13.336166053255283 0.29484935627090947
73 2117 741 12.592034188327109 0.3466082183144413
73 2118 741 11.88550903411372 0.40322607613041694
73 2119 741 11.223694801623884 0.4620826851382044
73 2120 741 10.614957607074986 0.518751893966554
73 2121 741 10.06892869177249 0.5671141219153041
73 2122 741 9.596318304433185 0.6003489168551729
73 2123 741 9.208437706799103 0.6128477882094521
73 2124 741 8.916351552064311 0.6022977314435006
73 2125 741 8.729680692900502 0.5706585650085692
73 2126 741 8.655248407758146 0.5233305626658293
73 2127 741 8.695937269782943 0.4671151867214937
73 2115 742 14.746366501616542 0.2300830089701001
73 2116 742 14.00576042205487 0.2679375371881116
73 2117 742 13.29914752907113 0.3092191677982392
73 2118 742 12.632233571304754 0.3524144406460797
73 2119 742 12.011632903148472 0.3950014131753952
73 2120 742 11.444882043953058 0.4334444870754323
73 2121 742 10.940353056460255 0.46356883671090376
73 2122 742 10.507013134092837 0.4813999838862077
73 2123 742 10.153980746485564 0.48427830288699064
73 2124 742 9.889859705779433 0.47175242532563744
73 2125 742 9.721899248603627 0.4457417084117046
73 2126 742 9.655119108535114 0.4098668696170905
73 2115 743 15.419576031785 0.20975218316006325
73 2116 743 14.712896553704121 0.24041441939752572
73 2117 743 14.041913153128341 0.272639838753149
73 2118 743 13.411984379650868 0.3049331704195085
73 2119 743 12.829159169641594 0.3351826158414874
73 2120 743 12.30013516185896 0.3608031869650741
73 2121 743 11.83213104220872 0.37911227791283675
73 2122 743 11.43264295777662 0.38790005379627457
73 2123 743 11.109064992158409 0.38601595994595156
73 2124 743 10.868179470362074 0.3737116687485609
73 2125 743 10.715564614148887 0.35256396402520696
73 2116 744 15.45242133129946 0.2135323419070313
73 2117 744 14.814969625348501 0.23825823356090695
73 2118 744 14.219329273914395 0.26202110551957014
73 2119 744 13.670966498386242 0.2831924826289118
73 2120 744 13.175785555328348 0.2999864804241896
73 2121 744 12.73998920721675 0.3107494842531208
73 2122 744 12.369855496326519 0.31430701489389673
73 2123 744 12.07142597210452 0.310250683781414
73 2118 745 15.04982807210763 0.22413104187352562
73 2119 745 14.5328360962339 0.23875891135754165
73 2120 745 14.068024914677935 0.24956334264382707
73 2121 745 13.660721979456255 0.25555858288947414
298 1483 1089 4.3600837147926725 0.8425376211461567
298 1484 1089 4.304919279150331 0.9055619363229618
298 1485 1089 4.478206114059528 0.9072961005589727
298 1481 1090 4.286295603431983 0.8961392923372021
298 1482 1090 3.7275098926763803 1.1198570124107576
298 1483 1090 3.378806002125635 1.3280182510141167
298 1484 1090 3.307314620655276 1.4493115833889638
298 1485 1090 3.5299192625327973 1.4251896336957675
298 1486 1090 3.9977906398409635 1.2683549358281003
298 1479 1091 5.266339335819562 0.6991676281271876
298 1480 1091 4.388203504852568 0.9534652848336872
298 1481 1091 3.5746790065683234 1.3042030313589672
298 1482 1091 2.881029329944461 1.7567432710115676
298 1483 1091 2.4129504760769884 2.235368482581034
298 1484 1091 2.3117806989418566 2.50861969404994
298 1485 1091 2.6203682947250058 2.359699446390506
298 1486 1091 3.2230932347668704 1.914743038962676
298 1479 1092 4.913280981177484 0.8724729408544258
298 1480 1092 3.9575661712724792 1.254366517244984
298 1481 1092 3.030565953745314 1.8555928626089813
298 1482 1092 2.169407753282029 2.8079624158160024
298 1483 1092 1.492759190224637 4.145249392783243
298 1484 1092 1.323000377928914 4.980573161527976
298 1485 1092 1.8089582637529211 4.080606618052968
298 1486 1092 2.606593562487239 2.7538474567878555
298 1479 1093 4.748297589663092 1.0133064185895322
298 1480 1093 3.7507772527837826 1.5137384888903325
298 1481 1093 2.755055353345953 2.391037594182135
298 1482 1093 1.7641796960627705 4.120326163853699
298 1483 1093 0.7964483661858209 8.310454388994923
298 1484 1093 0.3953858874567958 13.557280616042014
298 1485 1093 1.2955037630203676 6.056971131525424
298 1486 1093 2.2804232063369 3.245896617884137
298 1479 1094 4.790859004395796 1.0617084414339997
298 1480 1094 3.804514423681452 1.5837846023706095
298 1481 1094 2.8277782798515414 2.483976893961113
298 1482 1094 1.875721194634234 4.160093650461188
298 1483 1094 1.019965685697324 7.224921371047308
298 1484 1094 0.7498866581023743 7.949950314619162
298 1485 1094 1.44372088715232 4.703587196088004
298 1486 1094 2.367768992110467 2.765912038082718
298 1480 1095 4.1085678770102065 1.4118502656558172
298 1481 1095 3.2252643302526525 2.031061993089228
298 1482 1095 2.4339946589916805 2.859143819395039
298 1483 1095 1.856429368438229 3.5895897365141036
298 1484 1095 1.7228842096902206 3.5171114088561524
298 1485 1095 2.1190398769253567 2.730659399705235
530 1101 1550 7.355125695730853 0.9168899302797114
530 1102 1550 7.416998988809455 1.0240188241803045
530 1103 1550 7.610904939624505 1.0793289050585744
530 1104 1550 7.927160525686414 1.065216121701295
530 1099 1551 6.675318269565864 0.8221518744886324
530 1100 1551 6.44002127325679 1.0078908394592325
530 1101 1551 6.355145474338115 1.193920094177555
530 1102 1551 6.426653405933794 1.3389453695969247
530 1103 1551 6.649501785848369 1.3945318597798901
530 1104 1551 7.009270575459395 1.3379273680573431
530 1105 1551 7.486245654532122 1.1922783998845432
530 1097 1552 6.709834126116631 0.6349696087605292
530 1098 1552 6.159210501354824 0.8171475996176623
530 1099 1552 5.731480960449904 1.0461234017429704
530 1100 1552 5.455627736567074 1.315224789144021
530 1101 1552 5.355172639607447 1.5886671011391735
530 1102 1552 5.439841357980984 1.7882939236282815
530 1103 1552 5.701392286100003 1.8244859009634544
530 1104 1552 6.117178598014025 1.6777450731155037
530 1105 1552 6.658368719138423 1.4208585887125302
530 1097 1553 5.942379489732988 0.7718577745469986
530 1098 1553 5.312802838427143 1.0197550750310016
530 1099 1553 4.810392291695109 1.3470094622346478
530 1100 1553 4.478155200526209 1.7517531190027953
530 1101 1553 4.355212279556548 2.1740422602563005
530 1102 1553 4.4589095079402945 2.4520391120372573
530 1103 1553 4.774502487170844 2.410220297236543
530 1104 1553 5.264016907267757 2.078777047185276
530 1105 1553 5.884205468880316 1.6499919734857134
530 1096 1554 6.057051592978142 0.6971958423348741
530 1097 1554 5.253748566499852 0.9370660738442098
530 1098 1554 4.529445219891667 1.2767371743925973
530 1099 1554 3.9280878299752517 1.754681884524903
530 1100 1554 3.513384977482527 2.3921499565210365
530 1101 1554 3.3552755475519613 3.0915378885559957
530 1102 1554 3.488821290923387 3.4730264757645393
530 1103 1554 3.8840538101319533 3.1804921346014203
530 1104 1554 4.472121867749219 2.4967387997518613
530 1105 1554 5.187858324973898 1.8388117962974744
530 1096 1555 5.5657770347004565 0.8206514079418261
530 1097 1555 4.678875292204229 1.131097148516269
530 1098 1555 3.847840173395906 1.5959496746621016
530 1099 1555 3.117671246299014 2.305439135224376
530 1100 1555 2.575630796523419 3.366170544724041
530 1101 1555 2.355392536287758 4.6554298647810235
530 1102 1555 2.542021636414665 5.099332238718522
530 1103 1555 3.062004898755145 4.0629680820639145
530 1104 1555 3.780194968516931 2.8228077212662357
530 1105 1555 4.604766443588745 1.9364054322438766
530 1096 1556 5.221864992509761 0.9539768602005345
530 1097 1556 4.264020872369081 1.3477148858026766
530 1098 1556 3.331046982556595 1.9727704143764324
530 1099 1556 2.4515044360554623 3.0233393032183438
530 1100 1556 1.7099339168517085 4.886335226871372
530 1101 1556 1.355682116131964 7.747185821707748
530 1102 1556 1.6588773312093499 7.527153904958988
530 1103 1556 2.3803096437229483 4.691200286462699
530 1104 1556 3.252671824823507 2.9141907195930816
530 1105 1556 4.182567871535488 1.9094812862146775
530 1096 1557 5.055479601382932 1.087557109705215
530 1097 1557 4.058555654416869 1.5681668135511004
530 1098 1557 3.063637380630965 2.36968620123078
530 1099 1557 2.073613753812309 3.8445071943541493
530 1100 1557 1.10175950188768 7.076367639896635
530 1101 1557 0.3575947426906661 16.742643124979082
530 1102 1557 1.0207222932807034 8.905904616403536
530 1103 1557 1.9889379075276414 4.547894755709434
530 1104 1557 2.9782333689623197 2.720407771907861
530 1096 1558 5.084080447829174 1.2056277087147593
530 1097 1558 4.09412676892144 1.7567677320573336
530 1098 1558 3.1106066932351513 2.692753686099352
530 1099 1558 2.142399122479175 4.457034117009539
530 1100 1558 1.226325405428654 8.373060624539256
530 1101 1558 0.6464317442700098 13.174746961410014
530 1102 1558 1.1540684555086764 6.767260215977972
530 1103 1558 2.060551867825801 3.771527649516309
530 1104 1558 3.0265283742269147 2.3428960944825903
530 1095 1559 6.262896614187292 0.9179324674054576
530 1096 1559 5.304514492392197 1.288235332316314
530 1097 1559 4.364845243533735 1.8666141955636855
530 1098 1559 3.4591724443859815 2.81152061867507
530 1099 1559 2.6229513910859086 4.395624630258623
530 1100 1559 1.9477869493349924 6.6050640084054875
530 1101 1559 1.6455619101084986 6.745343690103634
530 1102 1559 1.9031221715907114 4.548662762758816
530 1103 1559 2.556535546398751 2.904472168846159
530 1095 1560 6.596504680510627 0.9509622621617421
530 1096 1560 5.694547743236404 1.3176227812556567
530 1097 1560 4.8313428775030065 1.8623706537027052
530 1098 1560 4.03185738835084 2.663875865264132
530 1099 1560 3.3421361432472296 3.716872023994004
530 1100 1560 2.843215433272632 4.523951796825333
530 1101 1560 2.645349504318833 4.181904263616132
530 1102 1560 2.812805361200826 3.1292669690290706
530 1103 1560 3.290269593817553 2.1956460953906314
530 1095 1561 7.057185983095427 0.9512499725581233
530 1096 1561 6.222368841526416 1.2866601276233915
530 1097 1561 5.443516694196776 1.7455196421563772
530 1098 1561 4.748249572210713 2.325832804125937
530 1099 1561 4.178501406006635 2.8996105455761167
530 1100 1561 3.7912892266351355 3.1341418847970632
530 1101 1561 3.6452536262926696 2.8235932803034847
530 1102 1561 3.7685373820621804 2.231571787339515
530 1095 1562 7.621933744135968 0.9187427477215067
530 1096 1562 6.8562288468223365 1.2028471230621982
530 1097 1562 6.158073887182498 1.5531847469523168
530 1098 1562 5.55300585268908 1.927642021165773
530 1099 1562 5.074433367381958 2.2076436820691305
530 1100 1562 4.760658987997314 2.241567995781115
530 1101 1562 4.645199026952432 2.006987385809182
530 1096 1563 7.569535917082282 1.084112323941411
530 1097 1563 6.943477082845376 1.3320376216707814
530 1098 1563 6.412945812962959 1.5563519741183882
530 1099 1563 6.003321913740705 1.6818246630490659
530 1100 1563 5.7405464896645135 1.6504306183962725
210 2171 939 4.968798848816366 0.5902432838017462
210 2172 939 4.561903330847678 0.6807843523198801
210 2173 939 4.351202362565942 0.7593192145898796
210 2174 939 4.365198964537555 0.8110978415234911
210 2175 939 4.601843326320448 0.823964639623902
210 2176 939 5.029807352175661 0.7945818021427077
210 2169 940 5.548600003604364 0.5822094901363337
210 2170 940 4.786330744944257 0.725042221682461
210 2171 940 4.1268586115832635 0.8906749131884748
210 2172 940 3.626701255962399 1.0658155303200856
210 2173 940 3.3578210196494305 1.22123185943529
210 2174 940 3.3759386842772843 1.3150259132209472
210 2175 940 3.6768141100686798 1.3136149523590261
210 2176 940 4.200114522248225 1.2175535168578715
210 2177 940 4.874726864143337 1.0610542400763325
210 2178 940 5.6466770759448455 0.8858631491626524
210 2168 941 5.9166681502344 0.6207305735093884
210 2169 941 5.01287961156045 0.8099818004218143
210 2170 941 4.153427741034957 1.0605935288600188
210 2171 941 3.372382244052273 1.3815997300350744
210 2172 941 2.7376928242590224 1.7585484847305304
210 2173 941 2.3700130801326056 2.1167448339205333
210 2174 941 2.395613073933255 2.305831561012766
210 2175 941 2.8037407155441882 2.2092400126762506
210 2176 941 3.4616415181241016 1.8899184578313468
210 2177 941 4.254992596938428 1.506741148091633
210 2178 941 5.121226610881531 1.1627748081545997
210 2167 942 6.574721438965909 0.5980176843167639
210 2168 942 5.599014377548806 0.8015764565056911
210 2169 942 4.633676941695282 1.0946651429994267
210 2170 942 3.6868634365811332 1.5254208026071898
210 2171 942 2.777582041992485 2.165121618641776
210 2172 942 1.9588164794077674 3.0840412374623396
210 2173 942 1.3996292366193765 4.158080434051064
210 2174 942 1.4425539851250062 4.607103129123017
210 2175 942 2.050112679830144 3.865244122403279
210 2176 942 2.8853010241568615 2.7920910831399706
210 2177 942 3.800915942243518 1.9560019084914124
210 2178 942 4.750680161829591 1.3844795177399654
210 2167 943 6.447399630858789 0.7046211532117193
210 2168 943 5.448941365072517 0.9687398610663114
210 2169 943 4.451175350398886 1.3718713589785734
210 2170 943 3.454701434277489 2.0211352311184125
210 2171 943 2.461089596093413 3.150399589883884
210 2172 943 1.4761307530159848 5.362673135138831
210 2173 943 0.5486000364562845 10.458460797332986
210 2174 943 0.6503552875160892 11.099602384777793
210 2175 943 1.5952937033663843 5.6428784154258755
210 2176 943 2.582046087892455 3.2827846421204887
210 2177 943 3.576165823895898 2.093573896856057
210 2167 944 6.473867622989997 0.7638061485465631
210 2168 944 5.480233754138453 1.0538604023633278
210 2169 944 4.489427803183691 1.4972609271052155
210 2170 944 3.5038495972286023 2.208927294194949
210 2171 944 2.5296169670523914 3.4215608878569346
210 2172 944 1.587753759245947 5.58208353521279
210 2173 944 0.8018491129881824 8.402994447033727
210 2174 944 0.874621060803039 6.963509869806126
210 2175 944 1.6991062356428839 4.254812073174629
210 2176 944 2.6474444281232477 2.67850155696566
210 2168 945 5.689899999121121 1.0086556253327934
210 2169 945 4.7430962461243436 1.375673301843559
210 2170 945 3.8234751208814135 1.8903803665540597
210 2171 945 2.9565117960189906 2.5663547343330397
210 2172 945 2.205212461419474 3.267909563221567
210 2173 945 1.7277042570995862 3.561468275767636
210 2174 945 1.7626576525236917 3.1601283242672293
210 2175 945 2.286692371089874 2.4401838011278816
210 2170 946 4.354418675322716 1.3793457060449648
210 2171 946 3.6170377382603482 1.6587289064990018
210 2172 946 3.033968028836137 1.8535309318987132
210 2173 946 2.7068361605387445 1.8732828927480458
210 2174 946 2.729278659279853 1.7072164826950034
245 2298 995 5.343551253614193 0.3960340995438067
245 2299 995 4.775095810557251 0.4958457501383975
245 2300 995 4.364577871913961 0.5968661564074426
245 2301 995 4.159031137176132 0.6765824008829155
245 2302 995 4.188739667250781 0.7086686000384104
245 2303 995 4.448993144521553 0.6802241765173093
245 2304 995 4.903217311113119 0.60275375873889
245 2297 996 5.387164374696777 0.4221105187831079
245 2298 996 4.611891152228304 0.5684893227684499
245 2299 996 3.9392308893997696 0.7536166953077706
245 2300 996 3.4300932931920225 0.9598092485584867
245 2301 996 3.164417797952806 1.131845162147956
245 2302 996 3.2033638569478926 1.1887113238433356
245 2303 996 3.5368828083497013 1.0959397314270485
245 2304 996 4.093597439905304 0.9077515639345985
245 2297 997 4.872118635665803 0.5629594929240634
245 2298 997 3.9981920914335274 0.8065719951170002
245 2299 997 3.1989904657565322 1.1587633800566932
245 2300 997 2.5458868788696773 1.6212240758066685
245 2301 997 2.1747505604092576 2.0640020288242003
245 2302 997 2.2310401161789923 2.168690675769189
245 2303 997 2.6880364580860068 1.829748274497981
245 2304 997 3.387261430713484 1.3468390396320384
245 2305 997 4.209695951015791 0.943148688224661
245 2296 998 5.495956695608355 0.48287360271642105
245 2297 998 4.5225590101182656 0.7133285011093626
245 2298 998 3.563921996901938 1.090595026037168
245 2299 998 2.6361980198765584 1.7341716241765646
245 2300 998 1.7881666588997462 2.842789862258779
245 2301 998 1.2023061174261211 4.366532547648941
245 2302 998 1.301360826212264 4.5055337735890175
245 2303 998 1.9853312066250959 3.0054204045135213
245 2304 998 2.861737234617995 1.8321983490908504
245 2296 999 5.377875045034257 0.5447098367969095
245 2297 999 4.378303324348577 0.825887191183503
245 2298 999 3.3789850547170803 1.3170145767948045
245 2299 999 2.3802394837496883 2.2634407874766715
245 2300 999 1.3833076302835083 4.4239380490486075
245 2301 999 0.40192039012740843 11.74889081324215
245 2302 999 0.6399531232830735 9.191562562676031
245 2303 999 1.6301963071971894 3.802373996051991
245 2304 999 2.6278394167069923 2.0117086907612864
245 2296 1000 5.444037104943545 0.5598131004195368
245 2297 1000 4.459320576052106 0.8436008699927338
245 2298 1000 3.4833231259820394 1.327309030073434
245 2299 1000 2.5261710155887855 2.2060894639066313
245 2300 1000 1.62158564374518 3.8743618604296284
245 2301 1000 0.9367710499369964 6.1563675793656385
245 2302 1000 1.060914699681202 5.0427420131739344
245 2303 1000 1.8367199024345677 2.8773711076599047
245 2304 1000 2.7607136758452224 1.6816251771842374
245 2297 1001 4.754107697560246 0.7557007137952385
245 2298 1001 3.853510088218426 1.112581759733483
245 2299 1001 3.0162128572103084 1.6363254445530147
245 2300 1001 2.312042387154778 2.2788617223598777
245 2301 1001 1.8956634722439416 2.667285562620235
245 2302 1001 1.959984693817671 2.3760115801464248
245 2303 1001 2.467699333387101 1.7382377809145826
245 2299 1002 3.7166571001372546 1.0834668790004716
245 2300 1002 3.171993064305195 1.3120488104721288
245 2301 1002 2.882627273859708 1.3984169974491607
637 2125 1735 8.827855062244796 1.053587524598213
637 2126 1735 8.407914426301017 1.1633235259675099
637 2127 1735 8.09042798620694 1.2342036944338317
637 2124 1736 8.517806349054982 1.0677787195419433
637 2125 1736 7.957073896854363 1.2478379377689761
637 2126 1736 7.488459454387183 1.4137128514911383
637 2127 1736 7.130149016675634 1.5325608137344873
637 2128 1736 6.899349607028203 1.5725565611241465
637 2129 1736 6.809039947011615 1.5212843705043049
637 2124 1737 7.741900606440344 1.2200656055111063
637 2125 1737 7.120324781918384 1.4697653547824188
637 2126 1737 6.592497629882077 1.7204038717860195
637 2127 1737 6.182477254305148 1.9212547928696826
637 2128 1737 5.914814029198233 2.01008842811507
637 2129 1737 5.809218966436018 1.9524131757098349
637 2130 1737 5.874438271017891 1.7711331043203522
637 2131 1737 6.10499999999995 1.5263034060163256
637 2123 1738 7.781967938767267 1.0928322259670549
637 2124 1738 7.022892922435981 1.372852907220841
637 2125 1738 6.3311156204891015 1.7115002904815086
637 2126 1738 5.731057930260417 2.0865683531877006
637 2127 1738 5.254238765035382 2.428563053233551
637 2128 1738 4.936499265674031 2.6186305826267122
637 2129 1738 4.809472424289379 2.5631759179801588
637 2130 1738 4.888049201879998 2.29169683349771
637 2131 1738 5.1628504723649895 1.9230717780249686
637 2132 1738 5.605089205356068 1.5585382120113702
637 2123 1739 7.207150962759257 1.1721921255008316
637 2124 1739 6.380048981003312 1.5113964246460407
637 2125 1739 5.609547664473591 1.9535957122411387
637 2126 1739 4.922298751599788 2.4998370443966857
637 2127 1739 4.3578693188300806 3.0809964206142384
637 2128 1739 3.9690080624760973 3.488971152464459
637 2129 1739 3.809858921272542 3.4683487636039563
637 2130 1739 3.908583503009715 3.0344465084501113
637 2131 1739 4.247237337375839 2.450365508580159
637 2132 1739 4.775041884632964 1.9117706447330944
637 2123 1740 6.7325348123869135 1.2261193895783145
637 2124 1740 5.83858073507607 1.616663720895347
637 2125 1740 4.9850802400764955 2.1618337902785187
637 2126 1740 4.196787461857086 2.9142052262625873
637 2127 1740 3.5178153732111297 3.8724570404781113
637 2128 1740 3.022751230253703 4.763752898038176
637 2129 1740 2.810520414442847 4.900870725741428
637 2130 1740 2.9429619433488616 4.135621228792523
637 2131 1740 3.3797965915124872 3.1494165684195914
637 2132 1740 4.02306164506575 2.3374475304502695
637 2133 1740 4.790305313860366 1.7426184571308219
637 2123 1741 6.380519179502692 1.246851717610608
637 2124 1741 5.428906427633601 1.67006777969817
637 2125 1741 4.498335803383418 2.2921831141770244
637 2126 1741 3.6051386935873713 3.2350447784599363
637 2127 1741 2.785502647638407 4.676823073098827
637 2128 1741 2.126270208604798 6.598275185506779
637 2129 1741 1.8119119735792928 7.424861239459394
637 2130 1741 2.011224751239832 5.8329674826302425
637 2131 1741 2.609027596634317 4.0437329316058435
637 2132 1741 3.401326946942789 2.8185791915086122
637 2133 1741 4.28147462914343 2.0194402959663087
637 2123 1742 6.1721167357723985 1.2311383551649904
637 2124 1742 5.182376385404812 1.6606853694027843
637 2125 1742 4.197502233471848 2.3090861682040265
637 2126 1742 3.221959807322381 3.345819047938527
637 2127 1742 2.2678238467748306 5.144608378259451
637 2128 1742 1.380226430699074 8.606914294879173
637 2129 1742 0.816715984905415 12.970578381730473
637 2130 1742 1.1954183368175921 8.405364996873505
637 2131 1742 2.047199306369425 5.04310653882826
637 2132 1742 2.992160590609931 3.2898036282461716
637 2133 1742 3.9642180817910218 2.2751205181258647
637 2124 1743 5.1225994377856106 1.5905115941542636
637 2125 1743 4.123472444433353 2.2074425738233128
637 2126 1743 3.1249039985255367 3.19610511968491
637 2127 1743 2.1276806621296824 4.936510249572085
637 2128 1743 1.1353523682101168 8.577547687744847
637 2129 1743 0.2258871399616113 20.543996631776487
637 2130 1743 0.9016789894412273 10.60727580839771
637 2131 1743 1.8907736511807725 5.745261166044315
637 2132 1743 2.8873906905715385 3.618421058538409
637 2133 1743 3.885746389047914 2.458082776727132
637 2124 1744 5.255951388664232 1.4734483584151896
637 2125 1744 4.288009444952423 2.016211834851588
637 2126 1744 3.3390155734888243 2.852754417235177
637 2127 1744 2.431259961419309 4.216949928988438
637 2128 1744 1.6349388367765734 6.556770951821406
637 2129 1744 1.197925289824057 9.812148263938393
637 2130 1744 1.482236485854996 8.750032215529044
637 2131 1744 2.2268868404118525 5.595327975703296
637 2132 1744 3.1178558337420283 3.659989109904769
637 2133 1744 4.05992918657443 2.517219325950695
637 2125 1745 4.665943098667321 1.7794251567449946
637 2126 1745 3.812220481556768 2.433586109863956
637 2127 1745 3.048774343896352 3.393376785943015
637 2128 1745 2.4611023952693127 4.733525224261225
637 2129 1745 2.1952277786143437 6.085106731486046
637 2130 1745 2.36241931079133 6.084626941988814
637 2131 1745 2.8884295040730175 4.732758690474631
637 2132 1745 3.620086324937461 3.392785758203279
637 2133 1745 4.457244103703423 2.4331809875719665
637 2125 1746 5.211048359015796 1.535042732778836
637 2126 1746 4.4628494260955 2.0257407185235397
637 2127 1746 3.8313215735566555 2.6788724799891663
637 2128 1746 3.382458425465177 3.468437240388863
637 2129 1746 3.194217431547214 4.164943739834016
637 2130 1746 3.3113479128596253 4.296858924404763
637 2131 1746 3.7049999999999343 3.741975160287244
637 2132 1746 4.299886626412286 2.9427368161538014
637 2126 1747 5.225038277371846 1.6686100025889998
637 2127 1747 4.697129442542611 2.114243004491975
637 2128 1747 4.338781510977521 2.6044556506201784
637 2129 1747 4.193688710431437 3.0122794269888487
637 2130 1747 4.283576192855662 3.1408637886278528
637 2131 1747 4.594673546618902 2.9081030700064576
637 2132 1747 5.086553351730348 2.455334931895996
637 2127 1748 5.607764706190933 1.6802923537632612
637 2128 1748 5.311216903874327 2.0000247006830913
637 2129 1748 5.19336355361341 2.259447577479226
637 2130 1748 5.2662154342563525 2.3648611020631556
637 2131 1748 5.522230074888182 2.267523811422387
637 2129 1749 6.193143386035893 1.740050886121814
637 2130 1749 6.2543604788978895 1.823238913081355
