# %ECSV 0.9
# ---
# datatype:
# - name: sexcat_id
#   datatype: int32
# - name: x
#   datatype: int32
# - name: y
#   datatype: int32
# - name: sep
#   datatype: float64
# - name: weight
#   datatype: float64
# schema: astropy-2.0
sexcat_id x y sep weight
396 1524 991 6.040249167046057 0.1804918498627178
396 1522 992 6.410507780199687 0.20940210138500961
396 1523 992 5.731370691204733 0.25010160031678247
396 1524 992 5.157771805731669 0.2881466070634744
396 1525 992 4.728277699120519 0.31671618967154486
396 1526 992 4.484485477733241 0.32913409475192673
396 1527 992 4.4569731881625945 0.3220619988068854
396 1528 992 4.649581701615764 0.2974341410484489
396 1521 993 6.59231446458683 0.23788938191640183
396 1522 993 5.763038261195274 0.30718602026295055
396 1523 993 4.996659884362809 0.388498781826788
396 1524 993 4.326732023132524 0.4736511929246352
396 1525 993 3.8045512218920603 0.5456332709622067
396 1526 993 3.4969429506356366 0.5823529384790307
396 1527 993 3.4615906748199126 0.5695870639277678
396 1528 993 3.7062932965430684 0.5125142447242208
396 1529 993 4.182177662414641 0.43127164038717125
396 1530 993 4.821266431136107 0.3464913404055343
396 1531 993 5.567639535745808 0.2706741021929131
396 1532 993 6.383777095105977 0.20834663736023828
396 1521 994 6.129976345794549 0.3170603662510947
396 1522 994 5.22786859054439 0.4360874192714982
396 1523 994 4.368593595197486 0.5959615563608661
396 1524 994 3.583100612598033 0.7937966435747628
396 1525 994 2.9313154043876453 0.9960091703645028
396 1526 994 2.5192479036411264 1.1237757044421202
396 1527 994 2.4699412948489514 1.100546312886723
396 1528 994 2.802607714254712 0.9418559419837448
396 1529 994 3.4071410302480767 0.7347372952458231
396 1530 994 4.166846529451239 0.5461012482269909
396 1531 994 5.011647433728728 0.39830011220299766
396 1532 994 5.90513420677292 0.2896522303443906
396 1520 995 6.777950280136371 0.2723210753006576
396 1521 995 5.8047058495672825 0.39035606395021194
396 1522 995 4.842376482678781 0.5716362604460417
396 1523 995 3.899052448993272 0.8546148014524569
396 1524 995 2.992759596091931 1.2928641124805
396 1525 995 2.170393973452802 1.9104218260407697
396 1526 995 1.569907640595506 2.4907154306201953
396 1527 995 1.4894999160792368 2.464480768376397
396 1528 995 1.9931407376299244 1.8651667743530427
396 1529 995 2.7796780389102373 1.257480106140349
396 1530 995 3.6715950212407376 0.8313489998463295
396 1531 995 4.608102646426149 0.5567765143496127
396 1532 995 5.5667414166637545 0.3807641954111304
396 1521 996 5.640266837659417 0.4267104970093927
396 1522 996 4.643986434088763 0.6492005573716018
396 1523 996 3.6497410867074356 1.0342333650015378
396 1524 996 2.6598139032647143 1.756453203786231
396 1525 996 1.6818471987669334 3.275307984387279
396 1526 996 0.7632889361179593 6.777788446509755
396 1527 996 0.5801810062385632 7.491276990908501
396 1528 996 1.4458941869998292 3.63392557016179
396 1529 996 2.4175628223481187 1.9154924774131536
396 1530 996 3.4056732080456147 1.1146359257300873
396 1531 996 4.399160147118949 0.6939321831375684
396 1532 996 5.395054216595003 0.453347504608528
396 1521 997 5.650717653537513 0.40527189675144715
396 1522 997 4.6566737055542555 0.6123147441627961
396 1523 997 3.6658709742706863 0.9654957079934349
396 1524 997 2.68190417427622 1.6121393921419058
396 1525 997 1.7165692528995498 2.908155584603205
396 1526 997 0.8370244918758497 5.586071012488227
396 1527 997 0.6742477289542248 6.758941945246472
396 1528 997 1.4861392936060318 3.691031932476894
396 1529 997 2.441845613465303 1.9824188959430145
396 1530 997 3.4229534031300584 1.1568254851601867
396 1531 997 4.4125514161309844 0.719824283958942
396 1522 998 4.878791858647009 0.4896215365553483
396 1523 998 3.9441868616991576 0.7207434180558395
396 1524 998 3.0513292185538012 1.073051355994349
396 1525 998 2.250468840042016 1.574677368106411
396 1526 998 1.6788716448853267 2.118388059725645
396 1527 998 1.6039357842506874 2.2980029792253265
396 1528 998 2.080050480156617 1.9072840933919184
396 1529 998 2.8426413773108417 1.349524535805814
396 1530 998 3.719490556514371 0.9093022886531497
396 1523 999 4.435607061045893 0.4808507585645988
396 1524 999 3.6645067880957853 0.6444403656415609
396 1525 999 3.0302821650796803 0.8292535517361685
396 1526 999 2.633744482670994 0.9864158199313111
396 1527 999 2.5866213484002265 1.0416746676512143
396 1528 999 2.905961114674405 0.9611052063919345
396 1529 999 3.4926508557254357 0.7927847460100015
396 1526 1000 3.613116383400878 0.5209605816420434
396 1527 1000 3.578911845798908 0.5436235468655781
396 1528 1000 3.8160987932703803 0.5218067330302689
396 1529 1000 4.279790882741767 0.46379305336444293
359 1621 932 5.745442106574602 0.6829658283904075
359 1621 933 5.015386824563027 1.0057322227658243
359 1622 933 4.339597331550508 1.109457319965191
359 1623 933 3.8092131733469805 0.9465041182142925
359 1621 934 4.392960846627297 1.1772086353770894
359 1622 934 3.6022361110843772 1.7646140124452037
359 1623 934 2.9417860221301244 1.9134208324479574
359 1624 934 2.5163674215026837 1.401278035046821
359 1621 935 3.9296443859464456 0.9957621895815585
359 1622 935 3.0199511585454992 1.9097495668138083
359 1623 935 2.1904577147254374 3.499593926902415
359 1624 935 1.5735644251189935 3.502141996429823
359 1625 935 1.4676869557231722 1.911884265622682
359 1622 936 2.695200363609412 1.3030014903820462
359 1623 936 1.7152565405793359 2.9441735123287867
359 1624 936 0.7874674596452063 8.8524187884024
359 1625 936 0.545989926646965 5.6496434236106525
359 1626 936 1.405740018637814 2.118206977564392
359 1623 937 1.756731339733027 1.4752463460076701
359 1624 937 0.8741309970479711 3.405884059860635
359 1625 937 0.664909768314441 8.888349742340257
359 1626 937 1.4560580345576366 4.361092475335497
359 1627 937 2.4079254556567427 1.78709541874309
359 1625 938 1.608137121019215 2.5583568962980396
359 1626 938 2.064970944105474 3.5095457640532475
359 1627 938 2.818174054241458 2.380597393954051
